,Afrikaans,Albanian,Armenian,Bengali,Bosnian,Bulgarian,Catalan,Croatian,Czech,Danish,Dutch,English,French,Galician,German,Greek,Gujarati,Hindi,Icelandic,Irish,Italian,Latvian,Lithuanian,Macedonian,Marathi,Nepali,Norwegian,Pashto,Persian,Polish,Portuguese,Romanian,Russian,Serbian,Sinhala,Slovak,Slovenian,Spanish,Swedish,Ukrainian,Urdu,Welsh
Afrikaans,0,3.7180206522125068,3.056581484565198,4.054609791482657,3.261042227805573,3.8980880422556226,4.108165047504404,3.8090896494929805,3.8172275874290973,3.685732932820459,2.6800694248390897,3.2370225786989613,4.024879922837832,3.710679580514834,3.4828180783819063,4.105246076166803,4.0845645485273465,4.111578730555173,3.2643239372262696,3.981857763150498,3.4350719669303102,3.637624395308863,3.0129900343744636,3.648108298450567,4.06451189509175,3.3120211730969737,3.6233109208218397,3.7078630598723747,3.3560462348660782,3.4973115233905627,3.712599322113441,3.895697474476295,3.5350248296169062,3.636145490016129,3.3492329320668555,3.85861144161795,3.894254861986104,3.7677114459938426,3.3999526933991904,3.5281488704922777,3.84439091074902,3.1177816404057745
Albanian,3.7180206522125068,0,3.171094377105175,3.7467674135413076,3.3863663610395767,3.8125042835024177,3.9553391046152955,3.6823386696284053,3.8719757324126567,3.9815507605322544,3.7716704313971565,3.96412599647926,3.750121828749117,3.425115101817562,3.9455228285379795,3.920416938986901,3.9652724065851923,4.014258551975602,3.656976959560755,3.7702879526844573,3.4353616844117125,3.7860967757838004,3.0237629448294228,3.5812224693362666,3.8066002870602733,3.196222766441295,3.965194733131684,3.501719875735667,3.3365250409347915,3.5852941310448387,3.5762497003544005,3.778994664352318,3.581117593499281,3.6214361385235225,2.885809552701717,3.815155986888917,3.8758148908641146,3.643324947999976,3.750258722672238,3.506329412960694,3.5790263220226235,3.279341191046423
Armenian,3.056581484565198,3.171094377105175,0,3.2783488123795816,3.1334771989518027,3.2420232113023477,3.299408892147949,3.180998844708109,3.3569247067028622,3.2401486299992013,3.19444410957144,3.282932478704391,3.204772128265269,3.0452795976199885,3.2235013564971884,3.169782800587113,3.4100377227289616,3.431736975419201,2.9738491561844618,3.1174726054203292,3.148914225588711,3.3815691828033216,2.9749330935690854,3.1537176607294226,3.2777664757891243,3.0898237824780654,3.175268633980502,3.005519717234853,2.9964205670501745,3.30213052007045,3.167677682203345,3.2054335488356482,3.17539791067256,3.1855625149075513,2.954678091540106,3.189809498153973,3.336965429984332,3.216760560243292,3.1224916877401983,3.158669170988158,3.2110428535825815,2.9850554387390584
Bengali,4.054609791482657,3.7467674135413076,3.2783488123795816,0,3.4694663428455224,3.8837681863892035,4.060515568677332,3.8027318871824853,3.898371630619316,4.246650456482367,3.9549654576719515,3.9596321369414547,4.037940070215474,3.81427974707488,4.091128995722962,3.9268819996456727,3.3368139375472223,3.289963034734607,3.8949578386044785,4.07160846336387,3.46564570733154,3.9253803754842562,3.138106484497937,3.6785405917479443,3.4081262485103436,2.7521565570808546,4.279291779434114,3.7843927036528475,3.567492712679262,3.554884630270514,3.783887573590235,3.926662957508016,3.743715371672477,3.745272378104725,3.2985659131268963,3.8869955147973223,3.953291150673093,3.7072225713052904,3.9002988248756574,3.605732980337507,3.2484009607655002,3.348327425131774
Bosnian,3.261042227805573,3.3863663610395767,3.1334771989518027,3.4694663428455224,0,2.669232295251379,3.5627664269546115,2.097933238929306,2.8530672484327186,3.4957285262432407,3.404516608771295,3.546729321753158,3.4305186019379184,3.2787618967852366,3.5067547851677423,3.51998797947994,3.626115596549124,3.6810170634278747,3.2563499663832602,3.4773931245871648,3.2460747981869154,3.274476894780524,2.7424116397099705,2.2877025836219445,3.563514109105553,3.27031591590674,3.451230609344651,3.33366695327889,3.20574036604909,2.6481702146605257,3.346214985450081,3.4091578452984694,2.5100514803123968,1.669996874657694,3.215872635699185,2.60350504187566,2.7140714093579446,3.369439032806409,3.3959193060097435,2.467704746692877,3.4318618154890372,3.2228157319046273
Bulgarian,3.8980880422556226,3.8125042835024177,3.2420232113023477,3.8837681863892035,2.669232295251379,0,3.939305226386141,2.724832610963715,3.2412443504544157,4.0470869151378395,3.8028598471458492,3.8137192850993746,3.888283632875964,3.7250211929740287,4.036484634297383,3.8106543265685406,4.039494284392195,4.004031565698547,3.7412892980320445,4.011076631945661,3.206423093190536,3.7764994372946075,2.9332515285585266,2.6437029536075842,4.023223882917805,3.430645914466871,4.119163537813761,3.8249753690633557,3.5653941146825914,2.9963001342184374,3.7164875012734897,3.783315562666036,3.0097272018204118,2.850718879350026,3.4210444508930404,3.2100506982391614,3.2395218054555466,3.5832141975784504,3.8368759333767986,2.9716946238687276,3.724148949508329,3.07626491767825
Catalan,4.108165047504404,3.9553391046152955,3.299408892147949,4.060515568677332,3.5627664269546115,3.939305226386141,0,3.7795425090752466,3.977263064774701,4.296750789518719,3.901704482249671,3.851888686036126,3.7203634023163326,3.2162230244972556,4.107736915413964,3.9733390990836597,4.152135373039795,4.157162400885742,3.8579664031235787,4.129451206598923,2.9029628240787484,4.098469559980664,3.153004274584859,3.7974969545258803,4.1070636470891015,3.534467736616248,4.284321236913726,4.046883297728259,3.6338237269395277,3.5920871485651107,3.168038704632606,3.5641394616571818,3.800255127841868,3.863730799575504,3.584756483904651,3.987033966605602,4.049616884469578,2.9820364895587335,3.9297594618354,3.665885366918966,3.9932654220968775,3.2726828220576727
Croatian,3.8090896494929805,3.6823386696284053,3.180998844708109,3.8027318871824853,2.097933238929306,2.724832610963715,3.7795425090752466,0,2.939108555416395,3.7801138216517636,3.7215153248791135,3.793399145650518,3.7347706362856496,3.586763145863149,3.9193841842338504,3.661438917054926,3.956058398976464,3.9610209789574022,3.6392557170674302,3.8716737643897146,3.165795397408859,3.7916551970943413,2.81913048995425,2.6742727996712587,3.866147107181626,3.303739907586822,3.9337294286957665,3.624157553952751,3.4312344617610258,2.8810378542684263,3.652869443876389,3.617905519001663,2.9375168564470924,2.1554683008858473,3.242498897406369,2.8814401444646935,2.7658596378167513,3.4607132019721627,3.683061297898556,2.7027862384648254,3.669435178247274,3.0581825911194422
Czech,3.8172275874290973,3.8719757324126567,3.3569247067028622,3.898371630619316,2.8530672484327186,3.2412443504544157,3.977263064774701,2.939108555416395,0,3.868440128704745,3.773607954275817,3.817135699486903,3.862423294776242,3.819863793031609,4.137793727209613,3.9469558496186155,4.110607890807855,4.155888683697647,3.754727982762793,3.9265564356280356,3.5226688911867647,3.6903209951364153,3.0569405792105946,3.194091489279395,4.0525739449895966,3.4766064368978733,3.964386790298322,3.7825922701620827,3.616665505751788,2.9247446141535223,3.7572437061278348,3.9056645612084457,3.0252786224864683,3.006986317103573,3.4698226663710936,2.5563507022899867,3.228964842945915,3.6486831920133356,3.8267207364447744,2.9002914896680774,3.7481980572422366,3.242210827630367
Danish,3.685732932820459,3.9815507605322544,3.2401486299992013,4.246650456482367,3.4957285262432407,4.0470869151378395,4.296750789518719,3.7801138216517636,3.868440128704745,0,3.573839232104339,3.4058656083658607,4.062602238930625,3.9460953027644714,3.617275200582057,4.061915807422794,4.316079331178017,4.21975240309489,3.2527807398323074,4.123376122357208,3.3867328732190884,3.995456541322148,3.185249157283971,3.8814132922929208,4.345293237711214,3.370329279219767,3.4955571885510137,3.970158785762763,3.571268900678933,3.5962667358095057,3.8316411481845294,4.013278331947271,3.8093943586844414,3.894472229082823,3.4458240438872036,3.9764210372135125,3.998964414345446,3.832903401827532,3.226783482370625,3.682344919701171,3.9518328224608945,3.04681403156868
Dutch,2.6800694248390897,3.7716704313971565,3.19444410957144,3.9549654576719515,3.404516608771295,3.8028598471458492,3.901704482249671,3.7215153248791135,3.773607954275817,3.573839232104339,0,3.2040043028677014,3.8874997018013375,3.7578438949226407,3.206162104891357,3.868039727527671,4.0005397083441885,4.039925465655252,3.3675076926999745,3.8343381065387545,3.433833458018247,3.753911881326776,3.10624179386388,3.6643973486101897,3.9804958605423417,3.40919848443975,3.5159798636402897,3.7755178835807617,3.448190451192845,3.5840977079001837,3.6061537702891466,3.880175202229675,3.6705677985877543,3.6843837569243343,3.469253277308757,3.834544595234801,3.761225977187928,3.6261323402879446,3.329862632460077,3.6123939116893884,3.747663852866545,3.1470488389587348
English,3.2370225786989613,3.96412599647926,3.282932478704391,3.9596321369414547,3.546729321753158,3.8137192850993746,3.851888686036126,3.793399145650518,3.817135699486903,3.4058656083658607,3.2040043028677014,0,3.8155528998045534,3.72978435255505,3.4447737874421387,3.994691101181461,3.9825921957392363,4.001833444704167,3.385956840818904,3.7223877267527468,3.3686590015830107,3.844971619113359,3.1582838137324987,3.7623612693483026,3.9473101537612716,3.4492545364574663,3.4855837044513147,3.8345532516626175,3.5368807660699706,3.553253703826229,3.635379447356097,3.8917990738829227,3.699704348588102,3.7919563780593495,3.5839945189181526,3.816152407319523,3.913163822968995,3.726716628544362,3.4171789644843353,3.683879717629779,3.7740249127281427,3.0979243471887115
French,4.024879922837832,3.750121828749117,3.204772128265269,4.037940070215474,3.4305186019379184,3.888283632875964,3.7203634023163326,3.7347706362856496,3.862423294776242,4.062602238930625,3.8874997018013375,3.8155528998045534,0,3.5222368175250085,4.078385173618924,3.9019782806853756,4.197941841917841,4.147060757693165,3.7981258168648977,4.083138751716187,3.0170827486180207,3.862069208327845,3.147691473799008,3.742372632773685,4.078862262759532,3.348548527016945,4.192098675344711,3.796710120487421,3.5369159653546287,3.5492025800498217,3.4372847390042263,3.6406216994912803,3.6945278767695404,3.763807997370584,3.3897024075078264,3.9668109794393915,3.883203120040818,3.3734196813365958,3.9127191396732495,3.549553524167138,3.8088579835341214,3.085735563893741
Galician,3.710679580514834,3.425115101817562,3.0452795976199885,3.81427974707488,3.2787618967852366,3.7250211929740287,3.2162230244972556,3.586763145863149,3.819863793031609,3.9460953027644714,3.7578438949226407,3.72978435255505,3.5222368175250085,0,3.9015133806225077,3.8169027573724703,3.9422294484896185,3.936975623422311,3.476060624490768,3.8504912752455223,2.755930921628651,3.791350274484173,3.0107841161096793,3.5277073246900272,3.876886198143658,3.1527279332380687,3.985392565144189,3.6369856621285095,3.293791697365484,3.4900026494222676,2.7303609773144744,3.4040185164764525,3.5346581976246823,3.579600285715719,3.0368809241228334,3.8230999354713853,3.8728197575730188,2.437813490129235,3.612536314269987,3.439887508038778,3.6707349732934382,3.0579196068672925
German,3.4828180783819063,3.9455228285379795,3.2235013564971884,4.091128995722962,3.5067547851677423,4.036484634297383,4.107736915413964,3.9193841842338504,4.137793727209613,3.617275200582057,3.206162104891357,3.4447737874421387,4.078385173618924,3.9015133806225077,0,3.9689905569770825,4.168649741398276,4.160418810024151,3.5019916604328256,4.020332378895123,3.4711783689921836,3.910209298741457,3.1715141405768037,3.875028781431988,4.144550866686718,3.544826988991499,3.7623392043601234,3.932907580764645,3.5848955962531712,3.7508928599236437,3.9615901120074786,3.9271551550857158,3.8629131682553406,3.860796996113057,3.621293225442501,4.118882983562289,3.9626076407753197,3.8147788045891744,3.4717661225712035,3.7572149286024055,3.907888173416286,3.2597261550171677
Greek,4.105246076166803,3.920416938986901,3.169782800587113,3.9268819996456727,3.51998797947994,3.8106543265685406,3.9733390990836597,3.661438917054926,3.9469558496186155,4.061915807422794,3.868039727527671,3.994691101181461,3.9019782806853756,3.8169027573724703,3.9689905569770825,0,4.059880686122026,3.902030707137251,3.782605036851507,4.021763490029972,3.2275517366748017,3.9170619259475705,3.0759845010041302,3.7765598492707606,4.003427899031623,3.3194328268893742,4.233652403407157,3.7803933562728615,3.590323597241136,3.6262328279331872,3.7837084233204346,3.7495091489658225,3.7544347581531543,3.8011802969837616,3.376856545042496,3.9880270015384025,3.923085047690758,3.5215401908354957,3.9478672306671516,3.5720659854396004,3.771733500937972,3.119899372224883
Gujarati,4.0845645485273465,3.9652724065851923,3.4100377227289616,3.3368139375472223,3.626115596549124,4.039494284392195,4.152135373039795,3.956058398976464,4.110607890807855,4.316079331178017,4.0005397083441885,3.9825921957392363,4.197941841917841,3.9422294484896185,4.168649741398276,4.059880686122026,0,3.0083392744794377,4.004606651587928,4.1830173927593295,3.5845137521845225,4.120695222670676,3.2093270589366565,3.829226666812935,2.9075513851675057,2.9483976878200027,4.345827482456745,3.8311615972969912,3.6698213488602716,3.735573596896305,4.011334475546199,4.052574614430456,3.9087369619199976,3.9293939822118213,3.454276778298649,4.144904790208367,4.141665397067183,3.800114139172914,4.00822857828466,3.785943021620219,3.3348078579480993,3.4842952387155006
Hindi,4.111578730555173,4.014258551975602,3.431736975419201,3.289963034734607,3.6810170634278747,4.004031565698547,4.157162400885742,3.9610209789574022,4.155888683697647,4.21975240309489,4.039925465655252,4.001833444704167,4.147060757693165,3.936975623422311,4.160418810024151,3.902030707137251,3.0083392744794377,0,3.931376487963408,4.164037301864504,3.570755154013945,4.180039983692765,3.2799156301004206,3.809871160547075,3.151319943869583,2.8849042059422136,4.2705841321384,3.7504383004106012,3.677871927763643,3.781862205074217,4.057040244745055,3.9098803372906255,3.8977212146841786,4.001733566199996,3.4691663196213116,4.141892794027943,4.153803386115422,3.7677703541529817,3.952933091263896,3.7840639719571754,2.742738818337037,3.4455330354615503
Icelandic,3.2643239372262696,3.656976959560755,2.9738491561844618,3.8949578386044785,3.2563499663832602,3.7412892980320445,3.8579664031235787,3.6392557170674302,3.754727982762793,3.2527807398323074,3.3675076926999745,3.385956840818904,3.7981258168648977,3.476060624490768,3.5019916604328256,3.782605036851507,4.004606651587928,3.931376487963408,0,3.750005291634806,3.3364620992360132,3.56606748623124,2.8667295092177936,3.544587370389527,3.909147135705249,3.3754887138598066,3.207799490083261,3.612384689654632,3.278368008078489,3.487832325321213,3.6358458152416886,3.690437335288252,3.448197137127786,3.510937021930437,3.238853025395771,3.739701718375312,3.7431197601577764,3.6145250437923626,3.0349880134703078,3.3586032893021143,3.6987441599114663,3.1294845204031883
Irish,3.981857763150498,3.7702879526844573,3.1174726054203292,4.07160846336387,3.4773931245871648,4.011076631945661,4.129451206598923,3.8716737643897146,3.9265564356280356,4.123376122357208,3.8343381065387545,3.7223877267527468,4.083138751716187,3.8504912752455223,4.020332378895123,4.021763490029972,4.1830173927593295,4.164037301864504,3.750005291634806,0,3.4275073907399034,3.925185526930768,3.1451457989229756,3.7610531040610145,4.071266632627243,3.3038150544399167,4.366640071044168,3.7746310631189743,3.4693261481577284,3.6034680752224166,3.6137326270328547,3.9637237353524233,3.767850986350505,3.89517140878064,3.3131735310805777,3.9813144588612555,3.99800872480409,3.5412953357952195,3.833654356432612,3.677565575968349,3.8009451768327516,2.9529226840580804
Italian,3.4350719669303102,3.4353616844117125,3.148914225588711,3.46564570733154,3.2460747981869154,3.206423093190536,2.9029628240787484,3.165795397408859,3.5226688911867647,3.3867328732190884,3.433833458018247,3.3686590015830107,3.0170827486180207,2.755930921628651,3.4711783689921836,3.2275517366748017,3.5845137521845225,3.570755154013945,3.3364620992360132,3.4275073907399034,0,3.7167145665797467,3.119450684390411,3.2935206240360886,3.467461635482138,3.173123590657348,3.470047859891089,3.3099546445877905,3.354381842645845,3.3991983475080376,2.974132339082712,2.846859532717972,3.3160056791618473,3.3291348811395935,3.2251108691740282,3.3644628607521154,3.3549643812992826,2.6947590034854896,3.3679806751881856,3.2145936528843873,3.4347145574202886,2.945375239043542
Latvian,3.637624395308863,3.7860967757838004,3.3815691828033216,3.9253803754842562,3.274476894780524,3.7764994372946075,4.098469559980664,3.7916551970943413,3.6903209951364153,3.995456541322148,3.753911881326776,3.844971619113359,3.862069208327845,3.791350274484173,3.910209298741457,3.9170619259475705,4.120695222670676,4.180039983692765,3.56606748623124,3.925185526930768,3.7167145665797467,0,2.5939143986210254,3.5867438734187553,4.0773939338865395,3.75029194122113,3.836750984734984,3.8261647071091756,3.643182047304293,3.3720275890242326,3.81626389742838,3.941087437907178,3.329041563229486,3.494207092348595,3.6897626213889803,3.636996387936541,3.76862003893497,4.0352445967399655,3.8282121955898605,3.5164212573726665,3.8754131536495833,3.525618386709832
Lithuanian,3.0129900343744636,3.0237629448294228,2.9749330935690854,3.138106484497937,2.7424116397099705,2.9332515285585266,3.153004274584859,2.81913048995425,3.0569405792105946,3.185249157283971,3.10624179386388,3.1582838137324987,3.147691473799008,3.0107841161096793,3.1715141405768037,3.0759845010041302,3.2093270589366565,3.2799156301004206,2.8667295092177936,3.1451457989229756,3.119450684390411,2.5939143986210254,0,2.8774965145224805,3.210257903663508,3.0562595584377763,3.0328819120636936,3.031414655273576,2.9914655605144405,3.0217114390277273,3.13299227577565,3.0864321292522523,2.834082075528638,2.727882692407421,2.983323216687398,2.9685211488129566,2.976737711785358,3.096126355024124,3.020498590638176,2.7792200556434987,3.1183944876931817,3.1347577190214007
Macedonian,3.648108298450567,3.5812224693362666,3.1537176607294226,3.6785405917479443,2.2877025836219445,2.6437029536075842,3.7974969545258803,2.6742727996712587,3.194091489279395,3.8814132922929208,3.6643973486101897,3.7623612693483026,3.742372632773685,3.5277073246900272,3.875028781431988,3.7765598492707606,3.829226666812935,3.809871160547075,3.544587370389527,3.7610531040610145,3.2935206240360886,3.5867438734187553,2.8774965145224805,0,3.7918349288340445,3.2737005672310557,3.8942123081568396,3.5530896958017064,3.400602258138384,2.909089291674572,3.575180763564778,3.6807069981240645,2.809604293770196,2.3431345803709345,3.2475635538091012,3.002858401104264,3.1709348294767112,3.5067466505404417,3.6469401406711026,2.750760845967948,3.568369123512184,3.208047450226573
Marathi,4.06451189509175,3.8066002870602733,3.2777664757891243,3.4081262485103436,3.563514109105553,4.023223882917805,4.1070636470891015,3.866147107181626,4.0525739449895966,4.345293237711214,3.9804958605423417,3.9473101537612716,4.078862262759532,3.876886198143658,4.144550866686718,4.003427899031623,2.9075513851675057,3.151319943869583,3.909147135705249,4.071266632627243,3.467461635482138,4.0773939338865395,3.210257903663508,3.7918349288340445,0,2.9824943566465048,4.3807824840828316,3.7709887114526994,3.6135664814039927,3.665304444766774,3.8786227668251807,3.982886011255897,3.7948667438889494,3.8965658815535313,3.295369342057602,4.044371100837422,4.13366229980335,3.6815975266622702,3.974014978461725,3.735964011954925,3.3635402074973473,3.285904181630834
Nepali,3.3120211730969737,3.196222766441295,3.0898237824780654,2.7521565570808546,3.27031591590674,3.430645914466871,3.534467736616248,3.303739907586822,3.4766064368978733,3.370329279219767,3.40919848443975,3.4492545364574663,3.348548527016945,3.1527279332380687,3.544826988991499,3.3194328268893742,2.9483976878200027,2.8849042059422136,3.3754887138598066,3.3038150544399167,3.173123590657348,3.75029194122113,3.0562595584377763,3.2737005672310557,2.9824943566465048,0,3.5150834939251143,2.9983084214859845,3.2070705042217877,3.4027490211654805,3.342834945691405,3.420101372671266,3.3927615589033717,3.3754654737112,2.774709807933966,3.359179024141106,3.453210686895794,3.2311169076686945,3.300131553031183,3.295751902306337,2.7482162124588876,3.059942135319306
Norwegian,3.6233109208218397,3.965194733131684,3.175268633980502,4.279291779434114,3.451230609344651,4.119163537813761,4.284321236913726,3.9337294286957665,3.964386790298322,3.4955571885510137,3.5159798636402897,3.4855837044513147,4.192098675344711,3.985392565144189,3.7623392043601234,4.233652403407157,4.345827482456745,4.2705841321384,3.207799490083261,4.366640071044168,3.470047859891089,3.836750984734984,3.0328819120636936,3.8942123081568396,4.3807824840828316,3.5150834939251143,0,4.164479497826516,3.5937432529427253,3.53910236282103,3.804934381452601,4.026929587660004,3.7888311693909396,3.8751622828017767,3.530233243963033,4.070332171635603,4.123780010179264,3.827165779225057,2.7896414111534016,3.7337023139510395,3.977097366491937,3.3128919143232216
Pashto,3.7078630598723747,3.501719875735667,3.005519717234853,3.7843927036528475,3.33366695327889,3.8249753690633557,4.046883297728259,3.624157553952751,3.7825922701620827,3.970158785762763,3.7755178835807617,3.8345532516626175,3.796710120487421,3.6369856621285095,3.932907580764645,3.7803933562728615,3.8311615972969912,3.7504383004106012,3.612384689654632,3.7746310631189743,3.3099546445877905,3.8261647071091756,3.031414655273576,3.5530896958017064,3.7709887114526994,2.9983084214859845,4.164479497826516,0,3.06911024206851,3.5436696318287377,3.639078925218682,3.7318286410101247,3.55414057246279,3.650766292123832,2.9885224025942847,3.859442683001322,3.8085905852663497,3.5484450814787474,3.7742331718042776,3.4755831959805703,3.409187706688449,3.101430445530991
Persian,3.3560462348660782,3.3365250409347915,2.9964205670501745,3.567492712679262,3.20574036604909,3.5653941146825914,3.6338237269395277,3.4312344617610258,3.616665505751788,3.571268900678933,3.448190451192845,3.5368807660699706,3.5369159653546287,3.293791697365484,3.5848955962531712,3.590323597241136,3.6698213488602716,3.677871927763643,3.278368008078489,3.4693261481577284,3.354381842645845,3.643182047304293,2.9914655605144405,3.400602258138384,3.6135664814039927,3.2070705042217877,3.5937432529427253,3.06911024206851,0,3.4813315005865744,3.4375184368903553,3.4925865614389657,3.422408352506577,3.402619161452593,3.16299852491157,3.5349653428435546,3.5619880475903725,3.4176384778596334,3.3856567937076107,3.2726178830188726,3.241672280759586,3.154599646535837
Polish,3.4973115233905627,3.5852941310448387,3.30213052007045,3.554884630270514,2.6481702146605257,2.9963001342184374,3.5920871485651107,2.8810378542684263,2.9247446141535223,3.5962667358095057,3.5840977079001837,3.553253703826229,3.5492025800498217,3.4900026494222676,3.7508928599236437,3.6262328279331872,3.735573596896305,3.781862205074217,3.487832325321213,3.6034680752224166,3.3991983475080376,3.3720275890242326,3.0217114390277273,2.909089291674572,3.665304444766774,3.4027490211654805,3.53910236282103,3.5436696318287377,3.4813315005865744,0,3.4016091199030827,3.547619480707925,2.7522441262614383,2.7481405096465914,3.3900647425199013,2.5213719196841384,3.00252438939356,3.463067481944535,3.4849904881522935,2.677512784697534,3.5401228525332673,3.2901805180020074
Portuguese,3.712599322113441,3.5762497003544005,3.167677682203345,3.783887573590235,3.346214985450081,3.7164875012734897,3.168038704632606,3.652869443876389,3.7572437061278348,3.8316411481845294,3.6061537702891466,3.635379447356097,3.4372847390042263,2.7303609773144744,3.9615901120074786,3.7837084233204346,4.011334475546199,4.057040244745055,3.6358458152416886,3.6137326270328547,2.974132339082712,3.81626389742838,3.13299227577565,3.575180763564778,3.8786227668251807,3.342834945691405,3.804934381452601,3.639078925218682,3.4375184368903553,3.4016091199030827,0,3.5029724718307063,3.5496085080439554,3.610047732501032,3.3320607749680935,3.6685170263448543,3.6932508336935213,2.6548650722336804,3.6410438222726254,3.4804051401836205,3.628222241644733,3.1330539104359514
Romanian,3.895697474476295,3.778994664352318,3.2054335488356482,3.926662957508016,3.4091578452984694,3.783315562666036,3.5641394616571818,3.617905519001663,3.9056645612084457,4.013278331947271,3.880175202229675,3.8917990738829227,3.6406216994912803,3.4040185164764525,3.9271551550857158,3.7495091489658225,4.052574614430456,3.9098803372906255,3.690437335288252,3.9637237353524233,2.846859532717972,3.941087437907178,3.0864321292522523,3.6807069981240645,3.982886011255897,3.420101372671266,4.026929587660004,3.7318286410101247,3.4925865614389657,3.547619480707925,3.5029724718307063,0,3.6477429545753215,3.677291686954809,3.400526092451131,3.865625464598805,3.891611866035571,3.398719814611014,3.7704774888468013,3.5468758591610183,3.8127500251330653,3.212372608571286
Russian,3.5350248296169062,3.581117593499281,3.17539791067256,3.743715371672477,2.5100514803123968,3.0097272018204118,3.800255127841868,2.9375168564470924,3.0252786224864683,3.8093943586844414,3.6705677985877543,3.699704348588102,3.6945278767695404,3.5346581976246823,3.8629131682553406,3.7544347581531543,3.9087369619199976,3.8977212146841786,3.448197137127786,3.767850986350505,3.3160056791618473,3.329041563229486,2.834082075528638,2.809604293770196,3.7948667438889494,3.3927615589033717,3.7888311693909396,3.55414057246279,3.422408352506577,2.7522441262614383,3.5496085080439554,3.6477429545753215,0,2.6590891832978416,3.2518711999512506,2.8257156219173227,3.207608722113943,3.576873779711991,3.655181494221558,2.4498596094122043,3.6772021007710607,3.2588757256047627
Serbian,3.636145490016129,3.6214361385235225,3.1855625149075513,3.745272378104725,1.669996874657694,2.850718879350026,3.863730799575504,2.1554683008858473,3.006986317103573,3.894472229082823,3.6843837569243343,3.7919563780593495,3.763807997370584,3.579600285715719,3.860796996113057,3.8011802969837616,3.9293939822118213,4.001733566199996,3.510937021930437,3.89517140878064,3.3291348811395935,3.494207092348595,2.727882692407421,2.3431345803709345,3.8965658815535313,3.3754654737112,3.8751622828017767,3.650766292123832,3.402619161452593,2.7481405096465914,3.610047732501032,3.677291686954809,2.6590891832978416,0,3.3185224305957126,2.8300670351724535,2.825904329324888,3.55062587408899,3.662875730037854,2.5600809984118493,3.6924902395149894,3.252863926801828
Sinhala,3.3492329320668555,2.885809552701717,2.954678091540106,3.2985659131268963,3.215872635699185,3.4210444508930404,3.584756483904651,3.242498897406369,3.4698226663710936,3.4458240438872036,3.469253277308757,3.5839945189181526,3.3897024075078264,3.0368809241228334,3.621293225442501,3.376856545042496,3.454276778298649,3.4691663196213116,3.238853025395771,3.3131735310805777,3.2251108691740282,3.6897626213889803,2.983323216687398,3.2475635538091012,3.295369342057602,2.774709807933966,3.530233243963033,2.9885224025942847,3.16299852491157,3.3900647425199013,3.3320607749680935,3.400526092451131,3.2518711999512506,3.3185224305957126,0,3.405962886316688,3.545799411295732,3.1945634388142463,3.295667048630749,3.2054046267788103,3.173135369202494,3.047861155917079
Slovak,3.85861144161795,3.815155986888917,3.189809498153973,3.8869955147973223,2.60350504187566,3.2100506982391614,3.987033966605602,2.8814401444646935,2.5563507022899867,3.9764210372135125,3.834544595234801,3.816152407319523,3.9668109794393915,3.8230999354713853,4.118882983562289,3.9880270015384025,4.144904790208367,4.141892794027943,3.739701718375312,3.9813144588612555,3.3644628607521154,3.636996387936541,2.9685211488129566,3.002858401104264,4.044371100837422,3.359179024141106,4.070332171635603,3.859442683001322,3.5349653428435546,2.5213719196841384,3.6685170263448543,3.865625464598805,2.8257156219173227,2.8300670351724535,3.405962886316688,0,3.163840070573143,3.63045009090987,3.8113429415373745,2.7886262005590483,3.7749597433365976,3.1249933692639806
Slovenian,3.894254861986104,3.8758148908641146,3.336965429984332,3.953291150673093,2.7140714093579446,3.2395218054555466,4.049616884469578,2.7658596378167513,3.228964842945915,3.998964414345446,3.761225977187928,3.913163822968995,3.883203120040818,3.8728197575730188,3.9626076407753197,3.923085047690758,4.141665397067183,4.153803386115422,3.7431197601577764,3.99800872480409,3.3549643812992826,3.76862003893497,2.976737711785358,3.1709348294767112,4.13366229980335,3.453210686895794,4.123780010179264,3.8085905852663497,3.5619880475903725,3.00252438939356,3.6932508336935213,3.891611866035571,3.207608722113943,2.825904329324888,3.545799411295732,3.163840070573143,0,3.658880176905856,3.850104703449677,3.0913427280112105,3.849848106420448,3.1955672652489957
Spanish,3.7677114459938426,3.643324947999976,3.216760560243292,3.7072225713052904,3.369439032806409,3.5832141975784504,2.9820364895587335,3.4607132019721627,3.6486831920133356,3.832903401827532,3.6261323402879446,3.726716628544362,3.3734196813365958,2.437813490129235,3.8147788045891744,3.5215401908354957,3.800114139172914,3.7677703541529817,3.6145250437923626,3.5412953357952195,2.6947590034854896,4.0352445967399655,3.096126355024124,3.5067466505404417,3.6815975266622702,3.2311169076686945,3.827165779225057,3.5484450814787474,3.4176384778596334,3.463067481944535,2.6548650722336804,3.398719814611014,3.576873779711991,3.55062587408899,3.1945634388142463,3.63045009090987,3.658880176905856,0,3.6636990316179157,3.403570984388912,3.5857108322891325,3.0970156341849653
Swedish,3.3999526933991904,3.750258722672238,3.1224916877401983,3.9002988248756574,3.3959193060097435,3.8368759333767986,3.9297594618354,3.683061297898556,3.8267207364447744,3.226783482370625,3.329862632460077,3.4171789644843353,3.9127191396732495,3.612536314269987,3.4717661225712035,3.9478672306671516,4.00822857828466,3.952933091263896,3.0349880134703078,3.833654356432612,3.3679806751881856,3.8282121955898605,3.020498590638176,3.6469401406711026,3.974014978461725,3.300131553031183,2.7896414111534016,3.7742331718042776,3.3856567937076107,3.4849904881522935,3.6410438222726254,3.7704774888468013,3.655181494221558,3.662875730037854,3.295667048630749,3.8113429415373745,3.850104703449677,3.6636990316179157,0,3.5632529866462117,3.6946852112961217,3.1506619514277894
Ukrainian,3.5281488704922777,3.506329412960694,3.158669170988158,3.605732980337507,2.467704746692877,2.9716946238687276,3.665885366918966,2.7027862384648254,2.9002914896680774,3.682344919701171,3.6123939116893884,3.683879717629779,3.549553524167138,3.439887508038778,3.7572149286024055,3.5720659854396004,3.785943021620219,3.7840639719571754,3.3586032893021143,3.677565575968349,3.2145936528843873,3.5164212573726665,2.7792200556434987,2.750760845967948,3.735964011954925,3.295751902306337,3.7337023139510395,3.4755831959805703,3.2726178830188726,2.677512784697534,3.4804051401836205,3.5468758591610183,2.4498596094122043,2.5600809984118493,3.2054046267788103,2.7886262005590483,3.0913427280112105,3.403570984388912,3.5632529866462117,0,3.5874149571464993,3.1094359858665
Urdu,3.84439091074902,3.5790263220226235,3.2110428535825815,3.2484009607655002,3.4318618154890372,3.724148949508329,3.9932654220968775,3.669435178247274,3.7481980572422366,3.9518328224608945,3.747663852866545,3.7740249127281427,3.8088579835341214,3.6707349732934382,3.907888173416286,3.771733500937972,3.3348078579480993,2.742738818337037,3.6987441599114663,3.8009451768327516,3.4347145574202886,3.8754131536495833,3.1183944876931817,3.568369123512184,3.3635402074973473,2.7482162124588876,3.977097366491937,3.409187706688449,3.241672280759586,3.5401228525332673,3.628222241644733,3.8127500251330653,3.6772021007710607,3.6924902395149894,3.173135369202494,3.7749597433365976,3.849848106420448,3.5857108322891325,3.6946852112961217,3.5874149571464993,0,3.192743712454767
Welsh,3.1177816404057745,3.279341191046423,2.9850554387390584,3.348327425131774,3.2228157319046273,3.07626491767825,3.2726828220576727,3.0581825911194422,3.242210827630367,3.04681403156868,3.1470488389587348,3.0979243471887115,3.085735563893741,3.0579196068672925,3.2597261550171677,3.119899372224883,3.4842952387155006,3.4455330354615503,3.1294845204031883,2.9529226840580804,2.945375239043542,3.525618386709832,3.1347577190214007,3.208047450226573,3.285904181630834,3.059942135319306,3.3128919143232216,3.101430445530991,3.154599646535837,3.2901805180020074,3.1330539104359514,3.212372608571286,3.2588757256047627,3.252863926801828,3.047861155917079,3.1249933692639806,3.1955672652489957,3.0970156341849653,3.1506619514277894,3.1094359858665,3.192743712454767,0
