,Afrikaans,Albanian,Armenian,Bengali,Bosnian,Bulgarian,Catalan,Croatian,Czech,Danish,Dutch,English,French,Galician,German,Greek,Gujarati,Hindi,Icelandic,Irish,Italian,Latvian,Lithuanian,Macedonian,Marathi,Nepali,Norwegian,Pashto,Persian,Polish,Portuguese,Romanian,Russian,Serbian,Sinhala,Slovak,Slovenian,Spanish,Swedish,Ukrainian,Urdu,Welsh
Afrikaans,0,515.940539470854,676.3536106916462,562.9823985388437,629.9911193096729,539.1564968755501,554.1825962416704,549.2019726118896,572.1388492141123,447.8846732857106,443.7838470698894,485.1524747717499,523.3262117492421,486.5761001982788,519.7527106491243,603.3139098501811,549.2905394810822,567.9142722264611,489.96198691163164,503.0467377418861,618.3726830664904,774.2698473200151,887.9978105851616,554.0245705334613,519.7404637161742,545.6682778633897,428.6733400168072,502.9852436945597,622.2882555924074,751.1616233720187,573.0476380324427,572.5523894930897,601.1747942616742,552.1556055753913,544.2996075619686,549.3086501576879,577.8257842983461,534.3019554450856,465.3907243255815,583.6506088428463,541.3777170365411,626.6191813125158
Albanian,515.940539470854,0,661.5174160063812,560.3991117728855,663.4193637888936,568.5030715280656,573.3606230186953,577.084647005137,607.0655643378507,569.6954677860588,613.4971823419821,627.2907311385308,557.0589244464061,496.34445249791037,641.178123092222,607.1444329733628,565.4800441912928,574.3241970136172,587.6501642200677,507.74152324157455,637.6640441165086,809.7050833321852,919.978765207773,592.3543951690791,528.3621760100104,546.492930641859,535.9862171077633,513.7930989774928,630.7267877939147,794.7478154804194,599.7897830444449,593.4561455016176,620.2393259046819,584.6070399266675,506.54659255667804,573.2511912578251,607.55144981748,532.4452822111208,570.511837427416,591.2090520480742,537.8623254678579,634.3718230585608
Armenian,676.3536106916462,661.5174160063812,0,741.6165923542455,792.7879621819467,722.6782857741202,749.501272892734,714.2050419323531,741.5006863272745,733.8810871040045,751.9653581242604,770.5043819076848,718.2631510847617,677.4365562082453,757.53265993422,741.5722365582998,733.4765703326599,748.6914844653329,703.7994949119965,677.7171213813643,789.7810458338183,916.6080766265374,987.7398483096698,730.6847668767364,710.911849704252,726.4031358338727,697.6019419803307,668.6409641296428,756.7181055226632,938.6023073208188,758.0937603979371,748.2840691960956,764.0850032369096,729.1453919076737,688.5206443162202,731.8902899079969,760.2738363521626,722.419342464226,724.4801133613325,747.1355910501468,705.9435728876281,787.0567847102957
Bengali,562.9823985388437,560.3991117728855,741.6165923542455,0,686.8237172140523,602.636073262693,606.0793653061555,599.4182734089518,623.5062597047423,575.3343507570363,636.0194220893816,630.8094354151857,582.3996476203406,551.7362000512413,654.2776198580555,634.2589535863661,488.74594226689,498.4637960326425,623.7373927951483,558.8637849462294,661.5815999463506,840.7743835707134,959.2350216145712,611.5899327647612,500.2045292138056,489.0928551609648,567.9890565241815,549.5960035491563,675.5526680483972,799.0204412656103,637.6166630076746,619.1786875980533,662.7756662926546,617.6550058612557,571.9974209484899,603.597100046237,629.03576386794,578.7969097612355,586.761757256403,642.9208552477089,498.16861527551316,678.9667583236635
Bosnian,629.9911193096729,663.4193637888936,792.7879621819467,686.8237172140523,0,561.8049227543241,708.7102195810643,478.1997677236978,593.3586678708787,658.2963036407323,707.1138718903022,704.4491753641995,667.3047321081499,658.6225680393811,718.496583754912,736.1811407432388,700.9785627104413,701.4116899656079,681.0738862690492,676.6114958601516,746.4352686001153,837.4217724941346,930.0100155286091,529.3411571110718,678.9878590750747,656.6388968370636,627.8166703463553,662.154406932138,743.8517098057096,700.1362608842621,715.0807707164404,686.4104626936437,598.5910167032915,437.0701226633269,690.6446924483901,543.6596776562291,567.2390446848618,681.393982709989,672.987264466959,592.4168015069739,661.730530921546,761.3614025257156
Bulgarian,539.1564968755501,568.5030715280656,722.6782857741202,602.636073262693,561.8049227543241,0,588.9241496536171,473.489340430576,532.2890909460478,561.8697020510285,612.0476197256671,613.9817883060244,574.6577220735983,528.1057789102853,635.4589037683381,628.7917234710658,588.7063407145831,586.4283307815841,596.335669640106,565.1353896704202,640.780355079024,815.4052745096124,896.7464233714295,453.1226662861679,549.3749808530445,593.9004920489089,546.4341439830204,567.1444352317046,665.0173157795829,706.9886355277598,619.618261201281,600.3917669413042,555.7593468332598,485.69360919863664,588.960134559032,504.8885344787587,532.8882094037784,555.0785385095606,576.6846513655562,533.998512291302,566.252918869912,650.8090451283904
Catalan,554.1825962416704,573.3606230186953,749.501272892734,606.0793653061555,708.7102195810643,588.9241496536171,0,586.8791964032727,632.875511940225,546.0470923766198,624.1650535029088,606.5741897021077,520.5451154132755,438.00299395133607,642.5696199155961,612.9319645917326,573.5051249665146,590.6896803780496,610.2853746559899,548.2778540834433,558.6047395019352,843.946490249114,936.1163676384614,613.9538606176876,554.5981703025868,607.3684596140597,532.309609017115,565.3857368937073,692.1322649518985,817.246563044391,540.5655162556836,545.6020195256086,660.4973509543961,615.2407424787954,594.6686592939728,600.39532022762,608.7361468902692,459.51919884027524,572.8093071600715,633.1313594670687,580.4924406088099,663.9744686986427
Croatian,549.2019726118896,577.084647005137,714.2050419323531,599.4182734089518,478.1997677236978,473.489340430576,586.8791964032727,0,508.3620404891095,558.3400495440604,622.1053009995967,622.6313091239417,581.686681278266,549.5685855168742,639.5065257249128,620.1502190464873,586.1811462230918,583.6899055666677,609.4843416218114,561.970596744588,646.3541865704741,823.8868195626488,894.6048490046659,476.4847733341082,559.6732212402214,584.380115630085,547.461728404295,552.0978218975462,665.2083771530982,689.2343688529193,637.9042169226916,605.1519013034022,564.6898303960312,412.8397565958784,584.4396891941897,483.48569169013325,492.2346552340517,559.6083877002987,579.4999251709189,524.5785681773502,559.0267982961342,658.1398689149298
Czech,572.1388492141123,607.0655643378507,741.5006863272745,623.5062597047423,593.3586678708787,532.2890909460478,632.875511940225,508.3620404891095,0,574.7598964925197,634.9463416544684,647.1825136925521,598.9707482542537,576.1900069629851,659.8866323163405,666.8573468453402,614.9796858184802,614.7475569587084,635.8415908843567,581.2977769918708,663.5930727728468,825.6280042939497,924.935862167827,543.2720600964924,590.9595149558593,589.1564943610512,577.746386083321,581.2379640716779,697.2961478776093,672.56962538669,650.2146825521444,642.6714591007104,572.5638138639092,512.7820011853998,630.2994868552953,438.46088996272886,539.5444013245213,597.6386252937008,606.7622357181051,534.6913555076842,588.7385083256859,676.9251577712687
Danish,447.8846732857106,569.6954677860588,733.8810871040045,575.3343507570363,658.2963036407323,561.8697020510285,546.0470923766198,558.3400495440604,574.7598964925197,0,515.3693128154888,479.50111021291366,524.213187379027,504.03340653258454,509.6151456421183,607.3998279903334,537.0626763383027,548.7660933428009,500.84357649816917,505.4162194039003,602.3986828521976,812.2002721779653,927.0756506319759,585.8443468646279,518.6193688943135,542.7444113236872,371.2604785277857,530.6456926980956,658.0712667475171,761.0835360315904,585.0411325028211,561.0358019781464,636.5934891354808,586.694386852509,584.5428691063439,545.7769159929594,561.1560674923561,534.8947721937631,429.58818202302973,602.6255255007726,543.5831911611887,617.0357315648757
Dutch,443.7838470698894,613.4971823419821,751.9653581242604,636.0194220893816,707.1138718903022,612.0476197256671,624.1650535029088,622.1053009995967,634.9463416544684,515.3693128154888,0,539.2361549268063,592.8127312178981,580.3471920618675,512.7967592485204,648.9786176223288,614.4559653498266,622.9985676175686,561.0043970930947,582.9266990177279,686.2518855032438,831.9282053080309,941.6851405679687,626.9082602221728,586.5527591992554,628.2496859473771,508.74203164527665,598.8206520259992,692.7693028786646,807.7186427448162,638.3700153496065,628.8375465791175,670.1485250194544,629.4897574969201,647.5823571587081,611.8079906760131,623.4467883240555,609.8540275546978,542.4717920031826,657.0937821131004,617.7680491742918,699.1462091156576
English,485.1524747717499,627.2907311385308,770.5043819076848,630.8094354151857,704.4491753641995,613.9817883060244,606.5741897021077,622.6313091239417,647.1825136925521,479.50111021291366,539.2361549268063,0,572.876256735292,574.3333174782805,579.5945687233635,669.9602868034899,598.4556002819633,615.5538639121615,563.744298903793,573.0183518036039,659.5677735817732,843.2579324065557,951.8605869234858,637.5432556642305,578.6152732873998,618.6677684394394,481.7350997493531,598.7869529103847,714.2798529967761,798.9957607515622,624.2675313842301,618.6745904205359,671.8622209765308,633.582350515735,657.0260248387527,609.7892456083173,634.6634696507844,598.990950384372,515.6580657494471,656.3953238706542,604.4132776000042,676.9841318197442
French,523.3262117492421,557.0589244464061,718.2631510847617,582.3996476203406,667.3047321081499,574.6577220735983,520.5451154132755,581.686681278266,598.9707482542537,524.213187379027,592.8127312178981,572.876256735292,0,495.4693990591319,600.2541854890554,588.6618690287755,559.6161083977842,569.0714578108134,578.1464188448654,522.9678460289115,565.5144751655511,788.8091558359608,903.2579501040028,583.3079462854623,529.0086467586168,566.9450452155639,523.132838250367,527.761953628463,654.3765992887325,767.0530366273254,561.6333625616983,542.9334101008162,634.451296517659,590.877935116984,570.8475187404563,568.8806839116291,588.497481693168,519.3682921485176,564.4870877027398,613.4182131885291,558.6060476491075,645.102585522703
Galician,486.5761001982788,496.34445249791037,677.4365562082453,551.7362000512413,658.6225680393811,528.1057789102853,438.00299395133607,549.5685855168742,576.1900069629851,504.03340653258454,580.3471920618675,574.3333174782805,495.4693990591319,0,602.2127922045373,582.0294248627378,531.4029622440909,548.1982716818591,538.9979649618382,489.40633224004927,518.2045217917014,798.4992594091918,901.0799717074159,559.5337235042692,504.4882620715604,541.0640171220492,496.7366101666338,514.4785848244927,623.3504436773401,777.6647845031723,475.2801779836985,523.8274374282452,612.5144711347834,565.3833273260517,517.092326580642,555.1178388031528,581.8899633401059,381.74637347538317,517.3043924950957,577.9698062231253,530.9587992613091,595.5995221069887
German,519.7527106491243,641.178123092222,757.53265993422,654.2776198580555,718.496583754912,635.4589037683381,642.5696199155961,639.5065257249128,659.8866323163405,509.6151456421183,512.7967592485204,579.5945687233635,600.2541854890554,602.2127922045373,0,652.5110931943977,637.5816490193843,639.6344169662602,579.0744308169236,592.2288362725919,689.6245066495602,812.3757903250444,935.0684055048769,648.3961873694944,618.0292975426344,649.987094317063,530.1527594054154,610.6479658880954,708.2853181543416,826.3697764608424,671.1784008167236,631.4003404367203,696.0812205265521,650.7397660714295,677.2357049396796,633.2008259456293,638.2766306151253,642.0663600734798,544.9763647497916,679.7137759136714,623.9653634179424,707.0052024400345
Greek,603.3139098501811,607.1444329733628,741.5722365582998,634.2589535863661,736.1811407432388,628.7917234710658,612.9319645917326,620.1502190464873,666.8573468453402,607.3998279903334,648.9786176223288,669.9602868034899,588.6618690287755,582.0294248627378,652.5110931943977,0,615.6220088461375,612.0895451396506,618.8268451610018,588.140689479633,668.1185171402539,770.8687246810379,856.8435578107819,653.3009379066223,597.8088273690614,630.8648455536089,598.0293191006522,587.5355786577912,708.947515485415,853.4789677426148,644.6974104309264,628.447426738082,678.686641715279,654.0367790533819,633.4517160719154,643.8784063391548,654.5254238643577,590.0539799015002,638.5817897043811,665.7564085606768,602.9965028926285,689.6106303709289
Gujarati,549.2905394810822,565.4800441912928,733.4765703326599,488.74594226689,700.9785627104413,588.7063407145831,573.5051249665146,586.1811462230918,614.9796858184802,537.0626763383027,614.4559653498266,598.4556002819633,559.6161083977842,531.4029622440909,637.5816490193843,615.6220088461375,0,441.17497229129793,611.8784824746151,545.6520656749547,634.2716105066562,848.4212662253841,951.2243566083143,598.046116223535,399.44095253277146,487.60761677674,536.086178358185,530.711509689902,675.535405220387,810.1658199429257,625.2156777533655,597.9681591427881,662.7570247338241,619.4786537279549,578.3634248517423,585.813082765169,612.1567035545397,549.0323100550073,564.1156004686089,629.2648954395313,483.6185489640962,651.360619043049
Hindi,567.9142722264611,574.3241970136172,748.6914844653329,498.4637960326425,701.4116899656079,586.4283307815841,590.6896803780496,583.6899055666677,614.7475569587084,548.7660933428009,622.9985676175686,615.5538639121615,569.0714578108134,548.1982716818591,639.6344169662602,612.0895451396506,441.17497229129793,0,626.7280045294236,559.244717703318,639.0563057081258,867.7886209400477,964.2621717838163,604.954114304135,453.5455600108821,483.6587522598107,549.4948238200103,534.7637955396009,678.4899764005147,811.3691146912082,645.9696376599264,598.1574327182101,671.0946734368457,616.5192028597107,575.1845312726175,589.3805268559461,611.5456192154276,564.0572224279022,579.4306125006204,638.1788520409871,434.3034491319717,657.0593332350013
Icelandic,489.96198691163164,587.6501642200677,703.7994949119965,623.7373927951483,681.0738862690492,596.335669640106,610.2853746559899,609.4843416218114,635.8415908843567,500.84357649816917,561.0043970930947,563.744298903793,578.1464188448654,538.9979649618382,579.0744308169236,618.8268451610018,611.8784824746151,626.7280045294236,0,560.210396679625,666.9268172904793,786.5074617859415,862.9075614610632,612.3929354889644,587.9187198018768,617.6308072049522,477.2986898394125,586.0693148835695,671.172155681898,813.6936956230262,626.8960192407443,621.4289696001622,639.4903259849298,608.59391057976,607.3848919038641,618.0071660354009,642.189542609885,588.0207071989234,514.0151287740792,630.0725695427643,597.8412798970701,661.1686720644916
Irish,503.0467377418861,507.74152324157455,677.7171213813643,558.8637849462294,676.6114958601516,565.1353896704202,548.2778540834433,561.970596744588,581.2977769918708,505.4162194039003,582.9266990177279,573.0183518036039,522.9678460289115,489.40633224004927,592.2288362725919,588.140689479633,545.6520656749547,559.244717703318,560.210396679625,0,616.1996122287868,799.7954453264996,899.5953471176159,585.7175422628511,512.1970434095158,553.4874314001416,500.0544938832473,486.7241107160169,633.2818649343178,771.4225823476805,564.3561493101967,569.0697269738193,625.9408069490195,592.6688297513355,525.3907060753655,550.3044396292386,584.0454691197218,507.5274801937061,528.171365207608,603.4008497331095,529.9894282327592,603.8956491138711
Italian,618.3726830664904,637.6640441165086,789.7810458338183,661.5815999463506,746.4352686001153,640.780355079024,558.6047395019352,646.3541865704741,663.5930727728468,602.3986828521976,686.2518855032438,659.5677735817732,565.5144751655511,518.2045217917014,689.6245066495602,668.1185171402539,634.2716105066562,639.0563057081258,666.9268172904793,616.1996122287868,0,908.2656552036115,992.0796157633331,661.4401824482022,620.2811920523952,630.7086500096196,603.9144181330325,615.5486731064428,719.0062353448901,844.1840385221727,614.9798920065863,556.9853097107822,699.7628604305693,662.3539406945758,653.4489599597085,651.6270588260004,664.6933630406623,542.6909419010979,628.9263319831235,680.8228903212145,634.3632340642321,675.3587853308534
Latvian,774.2698473200151,809.7050833321852,916.6080766265374,840.7743835707134,837.4217724941346,815.4052745096124,843.946490249114,823.8868195626488,825.6280042939497,812.2002721779653,831.9282053080309,843.2579324065557,788.8091558359608,798.4992594091918,812.3757903250444,770.8687246810379,848.4212662253841,867.7886209400477,786.5074617859415,799.7954453264996,908.2656552036115,0,851.6458723147013,817.8753423602471,829.2263615318172,870.333737198355,772.5637818130184,819.6345624844074,904.2260224016119,917.7466868424927,811.0870027219956,824.1663033559096,793.0214292999573,803.5513959626782,872.7300506336162,773.9394162782811,804.8987014342576,848.4827156286017,828.3506500301661,838.6865456374832,825.3079569602612,923.4166096882462
Lithuanian,887.9978105851616,919.978765207773,987.7398483096698,959.2350216145712,930.0100155286091,896.7464233714295,936.1163676384614,894.6048490046659,924.935862167827,927.0756506319759,941.6851405679687,951.8605869234858,903.2579501040028,901.0799717074159,935.0684055048769,856.8435578107819,951.2243566083143,964.2621717838163,862.9075614610632,899.5953471176159,992.0796157633331,851.6458723147013,0,894.9106501694297,940.1775414807637,961.525151152125,882.9460532974808,922.0803141568462,988.5199275174167,1058.5570519675325,954.8647551796449,926.1802211340763,891.5343916434573,886.6500588264926,961.9935497158168,889.8795417893169,916.1182997337062,924.4710175563177,915.670472163299,913.7409908290085,942.1484368911938,989.1101586541868
Macedonian,554.0245705334613,592.3543951690791,730.6847668767364,611.5899327647612,529.3411571110718,453.1226662861679,613.9538606176876,476.4847733341082,543.2720600964924,585.8443468646279,626.9082602221728,637.5432556642305,583.3079462854623,559.5337235042692,648.3961873694944,653.3009379066223,598.046116223535,604.954114304135,612.3929354889644,585.7175422628511,661.4401824482022,817.8753423602471,894.9106501694297,0,581.1031885591639,596.7579080534971,570.0759950863644,574.2354729290355,679.8256238615428,708.4619969167849,638.4056003555445,616.6315370929399,560.3993291064338,447.4048694848552,604.8119730925378,513.264554728823,544.0637211594925,584.4871806021953,599.1108235973298,530.5592041407692,581.7230463279652,684.3653428496435
Marathi,519.7404637161742,528.3621760100104,710.911849704252,500.2045292138056,678.9878590750747,549.3749808530445,554.5981703025868,559.6732212402214,590.9595149558593,518.6193688943135,586.5527591992554,578.6152732873998,529.0086467586168,504.4882620715604,618.0292975426344,597.8088273690614,399.44095253277146,453.5455600108821,587.9187198018768,512.1970434095158,620.2811920523952,829.2263615318172,940.1775414807637,581.1031885591639,0,488.1018676764714,507.8445148171985,511.3828539883598,661.6743135149416,785.5678948996726,600.8021376446311,577.0736308012683,631.2669405937585,592.1527964101957,539.3898790238788,557.022333141199,586.6126881434102,520.1810030344435,538.7643114811457,606.4101826752081,478.0364670127788,630.7460018910324
Nepali,545.6682778633897,546.492930641859,726.4031358338727,489.0928551609648,656.6388968370636,593.9004920489089,607.3684596140597,584.380115630085,589.1564943610512,542.7444113236872,628.2496859473771,618.6677684394394,566.9450452155639,541.0640171220492,649.987094317063,630.8648455536089,487.60761677674,483.6587522598107,617.6308072049522,553.4874314001416,630.7086500096196,870.333737198355,961.525151152125,596.7579080534971,488.1018676764714,0,551.6493479217257,526.3667267034297,668.8328146688885,800.2481999700803,636.1446840547065,607.4638838992361,661.8202935542978,605.6694537925257,546.0062471146219,580.5741539074161,608.9193149207418,570.5406287996597,565.4754852330301,627.3740548709536,483.661453066865,657.4334154077284
Norwegian,428.6733400168072,535.9862171077633,697.6019419803307,567.9890565241815,627.8166703463553,546.4341439830204,532.309609017115,547.461728404295,577.746386083321,371.2604785277857,508.74203164527665,481.7350997493531,523.132838250367,496.7366101666338,530.1527594054154,598.0293191006522,536.086178358185,549.4948238200103,477.2986898394125,500.0544938832473,603.9144181330325,772.5637818130184,882.9460532974808,570.0759950863644,507.8445148171985,551.6493479217257,0,534.160455353613,639.3404121760864,747.8988675126394,579.8974401477419,555.3556211233073,611.0651181587751,562.4549373758416,558.8768885552453,543.6647269108248,550.6405530459396,521.4267658101949,407.12276734481287,587.4436283333571,535.9236737298044,625.9788861229139
Pashto,502.9852436945597,513.7930989774928,668.6409641296428,549.5960035491563,662.154406932138,567.1444352317046,565.3857368937073,552.0978218975462,581.2379640716779,530.6456926980956,598.8206520259992,598.7869529103847,527.761953628463,514.4785848244927,610.6479658880954,587.5355786577912,530.711509689902,534.7637955396009,586.0693148835695,486.7241107160169,615.5486731064428,819.6345624844074,922.0803141568462,574.2354729290355,511.3828539883598,526.3667267034297,534.160455353613,0,567.9438281838127,785.6933936811415,588.1069093307917,577.7539337059613,620.7644386128287,574.2984526681993,515.3004859749684,568.4358879259988,584.5410780676466,534.8877683561518,560.2449745584595,594.0325915060956,497.98382921724175,620.3519262719878
Persian,622.2882555924074,630.7267877939147,756.7181055226632,675.5526680483972,743.8517098057096,665.0173157795829,692.1322649518985,665.2083771530982,697.2961478776093,658.0712667475171,692.7693028786646,714.2798529967761,654.3765992887325,623.3504436773401,708.2853181543416,708.947515485415,675.535405220387,678.4899764005147,671.172155681898,633.2818649343178,719.0062353448901,904.2260224016119,988.5199275174167,679.8256238615428,661.6743135149416,668.8328146688885,639.3404121760864,567.9438281838127,0,872.1262084133865,717.5464618706822,684.3717631596314,713.6057317522196,671.915777969899,654.8700132162971,682.9228616839785,698.2615094942167,661.2747947074137,660.3735810321183,704.3311711490935,627.1547106271111,734.2072544624807
Polish,751.1616233720187,794.7478154804194,938.6023073208188,799.0204412656103,700.1362608842621,706.9886355277598,817.246563044391,689.2343688529193,672.56962538669,761.0835360315904,807.7186427448162,798.9957607515622,767.0530366273254,777.6647845031723,826.3697764608424,853.4789677426148,810.1658199429257,811.3691146912082,813.6936956230262,771.4225823476805,844.1840385221727,917.7466868424927,1058.5570519675325,708.4619969167849,785.5678948996726,800.2481999700803,747.8988675126394,785.6933936811415,872.1262084133865,0,775.2583038545314,786.0056989312616,687.3963088253416,663.170994196081,840.6416963924622,578.0782463337953,681.2174317447235,799.7957693090201,794.7297680267147,696.0746830928437,791.7282391629642,862.0811252935234
Portuguese,573.0476380324427,599.7897830444449,758.0937603979371,637.6166630076746,715.0807707164404,619.618261201281,540.5655162556836,637.9042169226916,650.2146825521444,585.0411325028211,638.3700153496065,624.2675313842301,561.6333625616983,475.2801779836985,671.1784008167236,644.6974104309264,625.2156777533655,645.9696376599264,626.8960192407443,564.3561493101967,614.9798920065863,811.0870027219956,954.8647551796449,638.4056003555445,600.8021376446311,636.1446840547065,579.8974401477419,588.1069093307917,717.5464618706822,775.2583038545314,0,586.162560802632,650.2678311412806,636.0448341977573,640.8123513965886,588.0135551860379,638.336129729942,507.83297677724795,613.1062495910443,659.6150494090864,617.6854696962282,692.7035204123193
Romanian,572.5523894930897,593.4561455016176,748.2840691960956,619.1786875980533,686.4104626936437,600.3917669413042,545.6020195256086,605.1519013034022,642.6714591007104,561.0358019781464,628.8375465791175,618.6745904205359,542.9334101008162,523.8274374282452,631.4003404367203,628.447426738082,597.9681591427881,598.1574327182101,621.4289696001622,569.0697269738193,556.9853097107822,824.1663033559096,926.1802211340763,616.6315370929399,577.0736308012683,607.4638838992361,555.3556211233073,577.7539337059613,684.3717631596314,786.0056989312616,586.162560802632,0,655.2419800905732,619.7289070908752,629.2987916403374,608.7730945859879,622.4124627896899,547.2686769256011,596.1257248025672,649.3784584402088,591.8396709332192,666.1078755196872
Russian,601.1747942616742,620.2393259046819,764.0850032369096,662.7756662926546,598.5910167032915,555.7593468332598,660.4973509543961,564.6898303960312,572.5638138639092,636.5934891354808,670.1485250194544,671.8622209765308,634.451296517659,612.5144711347834,696.0812205265521,678.686641715279,662.7570247338241,671.0946734368457,639.4903259849298,625.9408069490195,699.7628604305693,793.0214292999573,891.5343916434573,560.3993291064338,631.2669405937585,661.8202935542978,611.0651181587751,620.7644386128287,713.6057317522196,687.3963088253416,650.2678311412806,655.2419800905732,0,539.0252481195167,661.1007370320605,530.4138271104334,595.9361265166559,640.439606571433,642.9465339320424,529.0246961246231,650.2365562242727,719.0470837678484
Serbian,552.1556055753913,584.6070399266675,729.1453919076737,617.6550058612557,437.0701226633269,485.69360919863664,615.2407424787954,412.8397565958784,512.7820011853998,586.694386852509,629.4897574969201,633.582350515735,590.877935116984,565.3833273260517,650.7397660714295,654.0367790533819,619.4786537279549,616.5192028597107,608.59391057976,592.6688297513355,662.3539406945758,803.5513959626782,886.6500588264926,447.4048694848552,592.1527964101957,605.6694537925257,562.4549373758416,574.2984526681993,671.915777969899,663.170994196081,636.0448341977573,619.7289070908752,539.0252481195167,0,611.8469310009829,487.6232842218476,505.6039703511268,588.2304112608499,598.9860434603305,515.8869091211965,587.9944421309144,684.4792767498068
Sinhala,544.2996075619686,506.54659255667804,688.5206443162202,571.9974209484899,690.6446924483901,588.960134559032,594.6686592939728,584.4396891941897,630.2994868552953,584.5428691063439,647.5823571587081,657.0260248387527,570.8475187404563,517.092326580642,677.2357049396796,633.4517160719154,578.3634248517423,575.1845312726175,607.3848919038641,525.3907060753655,653.4489599597085,872.7300506336162,961.9935497158168,604.8119730925378,539.3898790238788,546.0062471146219,558.8768885552453,515.3004859749684,654.8700132162971,840.6416963924622,640.8123513965886,629.2987916403374,661.1007370320605,611.8469310009829,0,610.7597683624552,636.8649045603296,554.8671679983573,590.1951902541275,628.7031051647425,551.088184719619,657.9595668189025
Slovak,549.3086501576879,573.2511912578251,731.8902899079969,603.597100046237,543.6596776562291,504.8885344787587,600.39532022762,483.48569169013325,438.46088996272886,545.7769159929594,611.8079906760131,609.7892456083173,568.8806839116291,555.1178388031528,633.2008259456293,643.8784063391548,585.813082765169,589.3805268559461,618.0071660354009,550.3044396292386,651.6270588260004,773.9394162782811,889.8795417893169,513.264554728823,557.022333141199,580.5741539074161,543.6647269108248,568.4358879259988,682.9228616839785,578.0782463337953,588.0135551860379,608.7730945859879,530.4138271104334,487.6232842218476,610.7597683624552,0,505.6311582726936,573.5592097520511,578.4405719568335,528.3632287503459,566.9188954645383,667.3140873069353
Slovenian,577.8257842983461,607.55144981748,760.2738363521626,629.03576386794,567.2390446848618,532.8882094037784,608.7361468902692,492.2346552340517,539.5444013245213,561.1560674923561,623.4467883240555,634.6634696507844,588.497481693168,581.8899633401059,638.2766306151253,654.5254238643577,612.1567035545397,611.5456192154276,642.189542609885,584.0454691197218,664.6933630406623,804.8987014342576,916.1182997337062,544.0637211594925,586.6126881434102,608.9193149207418,550.6405530459396,584.5410780676466,698.2615094942167,681.2174317447235,638.336129729942,622.4124627896899,595.9361265166559,505.6039703511268,636.8649045603296,505.6311582726936,0,589.6007943332369,597.0181875493247,570.3438084331145,594.6985565705066,696.1495588163368
Spanish,534.3019554450856,532.4452822111208,722.419342464226,578.7969097612355,681.393982709989,555.0785385095606,459.51919884027524,559.6083877002987,597.6386252937008,534.8947721937631,609.8540275546978,598.990950384372,519.3682921485176,381.74637347538317,642.0663600734798,590.0539799015002,549.0323100550073,564.0572224279022,588.0207071989234,507.5274801937061,542.6909419010979,848.4827156286017,924.4710175563177,584.4871806021953,520.1810030344435,570.5406287996597,521.4267658101949,534.8877683561518,661.2747947074137,799.7957693090201,507.83297677724795,547.2686769256011,640.439606571433,588.2304112608499,554.8671679983573,573.5592097520511,589.6007943332369,0,555.3366287617778,597.1624380227784,555.6681211095909,622.5123555438756
Swedish,465.3907243255815,570.511837427416,724.4801133613325,586.761757256403,672.987264466959,576.6846513655562,572.8093071600715,579.4999251709189,606.7622357181051,429.58818202302973,542.4717920031826,515.6580657494471,564.4870877027398,517.3043924950957,544.9763647497916,638.5817897043811,564.1156004686089,579.4306125006204,514.0151287740792,528.171365207608,628.9263319831235,828.3506500301661,915.670472163299,599.1108235973298,538.7643114811457,565.4754852330301,407.12276734481287,560.2449745584595,660.3735810321183,794.7297680267147,613.1062495910443,596.1257248025672,642.9465339320424,598.9860434603305,590.1951902541275,578.4405719568335,597.0181875493247,555.3366287617778,0,618.4664549188077,565.167276460745,636.6741835684784
Ukrainian,583.6506088428463,591.2090520480742,747.1355910501468,642.9208552477089,592.4168015069739,533.998512291302,633.1313594670687,524.5785681773502,534.6913555076842,602.6255255007726,657.0937821131004,656.3953238706542,613.4182131885291,577.9698062231253,679.7137759136714,665.7564085606768,629.2648954395313,638.1788520409871,630.0725695427643,603.4008497331095,680.8228903212145,838.6865456374832,913.7409908290085,530.5592041407692,606.4101826752081,627.3740548709536,587.4436283333571,594.0325915060956,704.3311711490935,696.0746830928437,659.6150494090864,649.3784584402088,529.0246961246231,515.8869091211965,628.7031051647425,528.3632287503459,570.3438084331145,597.1624380227784,618.4664549188077,0,610.3209252027594,669.9828763094655
Urdu,541.3777170365411,537.8623254678579,705.9435728876281,498.16861527551316,661.730530921546,566.252918869912,580.4924406088099,559.0267982961342,588.7385083256859,543.5831911611887,617.7680491742918,604.4132776000042,558.6060476491075,530.9587992613091,623.9653634179424,602.9965028926285,483.6185489640962,434.3034491319717,597.8412798970701,529.9894282327592,634.3632340642321,825.3079569602612,942.1484368911938,581.7230463279652,478.0364670127788,483.661453066865,535.9236737298044,497.98382921724175,627.1547106271111,791.7282391629642,617.6854696962282,591.8396709332192,650.2365562242727,587.9944421309144,551.088184719619,566.9188954645383,594.6985565705066,555.6681211095909,565.167276460745,610.3209252027594,0,632.9704432539012
Welsh,626.6191813125158,634.3718230585608,787.0567847102957,678.9667583236635,761.3614025257156,650.8090451283904,663.9744686986427,658.1398689149298,676.9251577712687,617.0357315648757,699.1462091156576,676.9841318197442,645.102585522703,595.5995221069887,707.0052024400345,689.6106303709289,651.360619043049,657.0593332350013,661.1686720644916,603.8956491138711,675.3587853308534,923.4166096882462,989.1101586541868,684.3653428496435,630.7460018910324,657.4334154077284,625.9788861229139,620.3519262719878,734.2072544624807,862.0811252935234,692.7035204123193,666.1078755196872,719.0470837678484,684.4792767498068,657.9595668189025,667.3140873069353,696.1495588163368,622.5123555438756,636.6741835684784,669.9828763094655,632.9704432539012,0
