,Afrikaans,Albanian,Armenian,Bengali,Bosnian,Bulgarian,Catalan,Croatian,Czech,Danish,Dutch,English,French,Galician,German,Greek,Gujarati,Hindi,Icelandic,Irish,Italian,Latvian,Lithuanian,Macedonian,Marathi,Nepali,Norwegian,Pashto,Persian,Polish,Portuguese,Romanian,Russian,Serbian,Sinhala,Slovak,Slovenian,Spanish,Swedish,Ukrainian,Urdu,Welsh
Afrikaans,0,9.201415346813672,8.891223317328022,8.940336694905552,8.87344479331774,8.766405957294364,8.748280518970699,8.89961817555922,8.603593149729567,8.582227480343791,7.048040203871369,7.950243596281968,9.11886470805187,8.945574204930796,8.291506014205353,9.375581924389802,8.753356597313177,8.952459638991353,8.512975284991034,9.097821062073706,9.263925626218741,8.831252081489906,8.896922331560235,8.854328267252233,8.929228434051902,9.057937962941628,8.239052842142392,9.04243819193348,8.875197876341867,8.862354064391447,8.971551228771629,9.077932287282389,8.998414763080927,8.748218724745817,9.301828131438526,8.839686216837213,9.008246831964147,9.049621022546157,8.230964867287252,8.933975767655708,8.893664726447962,8.927082718457205
Albanian,9.201415346813672,0,8.916055834717536,8.886271836226529,8.964804092248487,8.894263609393333,8.8068239090557,8.993417685830572,8.839856417423052,9.256677375133021,8.91780103675614,8.751456434157825,9.124541900896787,8.961887068490089,9.058683234059375,9.325297783905166,8.853336731808655,8.870985459850077,9.132213152011996,9.225451532630252,9.042653941235862,9.032155217318993,8.948579208730429,8.904736753932612,8.885743867543223,9.078781238865199,9.02318437593518,9.128373966785118,8.90314912162924,8.968912382923138,9.011808537952026,9.023916222157768,9.089894230117418,8.873034820765803,9.14917473795843,9.008896735546541,9.10850441589128,8.960242963624953,8.96900790723493,8.918200392067883,8.858668142952231,8.939044395225373
Armenian,8.891223317328022,8.916055834717536,0,8.692864616840668,8.648187790466363,8.669209828198824,8.681243578191289,8.695698244495057,8.59171060771532,9.053732120002984,8.653451393519124,8.513255202845457,9.028841518291353,8.843834471499486,8.733560870314635,8.996502628282988,8.64052065424877,8.748248511828306,8.666363185850377,8.984099263700847,8.944359303603845,8.591431356681369,8.446916684131095,8.660193539800497,8.76722783941913,8.978576186920417,8.724669210087086,8.887672299793714,8.469612708296717,8.696440506898615,8.857800369436466,8.849535091976945,8.821568357979437,8.54450842220261,8.982822537834164,8.741018321995925,8.895960656020607,8.887567940783372,8.620283809210052,8.718402752191151,8.744408907034082,8.686005009862713
Bengali,8.940336694905552,8.886271836226529,8.692864616840668,0,8.691826444264448,8.467256934269116,8.498305665122519,8.707397385208715,8.44695708982545,9.006263024573077,8.653020582551589,8.429495630274424,8.901371888224565,8.774498060290908,8.713576591370444,8.998205338094342,7.629840736085269,7.7096935295404,8.842572113348284,9.028745185538316,8.806577101532039,8.728477615734803,8.648860079564244,8.533712674700913,7.97298667705456,7.9276482394787475,8.685441994893509,8.797123340595462,8.667133611471687,8.544687087039817,8.800585753849795,8.818161855848993,8.840886506732218,8.519111376018447,8.768749499672813,8.678349546874772,8.751300326799656,8.68700940210554,8.558524788579264,8.741524068994362,7.825990809031305,8.762539149546344
Bosnian,8.87344479331774,8.964804092248487,8.648187790466363,8.691826444264448,0,7.6057879901232175,8.687864995945755,6.682569867068869,7.666405433213452,9.08373955472145,8.692980423704046,8.649998645193628,9.109856590114218,8.829106111165165,8.870266624982486,9.220672682920926,8.614118965760309,8.799412785262046,8.70853071967645,9.278136398296276,8.763934598452574,8.239155940719462,8.15323556415216,7.051918329796593,8.804331391753061,9.030486976026753,8.692620188435114,9.014594465273388,8.594375481749038,7.625759340438414,8.87863468042329,8.728988294640523,7.5045506870586935,5.987608853358146,9.058897189352331,7.572280972461666,7.823593373648968,8.803286874971779,8.653154222991335,7.36529138684551,8.778292188811793,8.864066547295609
Bulgarian,8.766405957294364,8.894263609393333,8.669209828198824,8.467256934269116,7.6057879901232175,0,8.320289128137832,7.409150433715422,7.704581002121755,8.87054014917682,8.494702216333026,8.339776102325992,8.89253547817729,8.574318951694593,8.63723220381574,8.936684727713182,8.359704760362893,8.4440857800285,8.749943053432384,8.93896207222277,8.648668194131641,8.568310777788462,8.349180378462021,7.207677000768461,8.535828376232264,8.789021214622748,8.531956040334075,8.87769267215334,8.60800732560133,7.908736514307272,8.666938730685258,8.587629886899377,8.01681013755742,7.406627278743369,8.889204539494601,7.8181746221847535,8.05343933054631,8.473155869148249,8.45214281412029,7.917069773757366,8.46875889541873,8.611072005799011
Catalan,8.748280518970699,8.8068239090557,8.681243578191289,8.498305665122519,8.687864995945755,8.320289128137832,0,8.574854526091197,8.387948651202016,8.746876851650756,8.479649869983648,8.19972044324944,8.299759758558073,7.626590104883776,8.619767606517438,8.895735918626745,8.427157887703043,8.452761461567851,8.736418176148275,8.824242961350524,8.08496402018526,8.71900088374038,8.560189677028372,8.513940503464323,8.547277857916672,8.797761190293699,8.359879498225055,8.862260283936076,8.63027121097739,8.535583105653496,7.827402478448309,8.249842543499307,8.824202570637405,8.457668920595184,8.895922113914718,8.550311631454143,8.685512174758811,7.548030135176826,8.311530690022941,8.667495981456645,8.511572157331015,8.669667177885021
Croatian,8.89961817555922,8.993417685830572,8.695698244495057,8.707397385208715,6.682569867068869,7.409150433715422,8.574854526091197,0,7.606428911848176,8.99280348555621,8.683068855306958,8.538242697550826,9.044615299901691,8.806855796850062,8.794006437051145,9.136149525866223,8.561633827159365,8.692985258945946,8.828467403545899,9.135276334858716,8.75744881825387,8.514202437351777,8.225198712583728,7.446920115687115,8.731962618165785,8.927673001892204,8.715112262463508,8.998725766506361,8.62593049521103,7.798270345035656,8.897068352015358,8.690367723438746,7.935161740354382,6.532254170064699,9.040462801016096,7.644415574152734,7.690800854903307,8.73859808110056,8.64173272435428,7.702353980030882,8.700744708068026,8.75969208973016
Czech,8.603593149729567,8.839856417423052,8.59171060771532,8.44695708982545,7.666405433213452,7.704581002121755,8.387948651202016,7.606428911848176,0,8.706839733104028,8.461382363825274,8.255150108075735,8.750622316638612,8.579825134396328,8.645048022251439,9.009825802334523,8.345632648223136,8.522621959593312,8.578894945406018,8.834683648609564,8.782089171740354,8.206769902558824,8.278747234041608,7.78774425103588,8.534637371505308,8.698113551223441,8.402254459434525,8.73766973928096,8.542449917124827,7.54375695194192,8.753844051819884,8.590271905435229,7.803578545724707,7.431165428906068,8.843109529835344,6.8862953147717345,8.005588148572713,8.538761080438483,8.41301027061631,7.628433376244284,8.421454533409715,8.549044039400911
Danish,8.582227480343791,9.256677375133021,9.053732120002984,9.006263024573077,9.08373955472145,8.87054014917682,8.746876851650756,8.99280348555621,8.706839733104028,0,8.456121581057992,8.045573512742056,9.126620596899995,8.930356808484651,8.355142375467194,9.427890353912614,8.761228692928768,8.903651981755626,8.444711827060086,8.993868492112542,9.242546154929595,9.202849804574658,9.067390590998059,9.057367636037464,8.937481995458683,9.073233396155981,7.912679235530933,9.11213842013574,8.916816249579178,9.010130048248065,9.038967717896263,9.082579611544658,9.233530809815413,8.944432263675237,9.337886968237063,8.946604574247264,9.036522356400964,8.973650442348996,8.03231374394222,9.096836745734471,8.888993025418813,8.865445828267324
Dutch,7.048040203871369,8.91780103675614,8.653451393519124,8.653020582551589,8.692980423704046,8.494702216333026,8.479649869983648,8.683068855306958,8.461382363825274,8.456121581057992,0,7.674338372535437,8.93649208051014,8.758926900439983,7.741305669185292,9.014842147811045,8.440488664635556,8.576345568707838,8.371257170920831,8.905935574049606,8.962670709320737,8.593785756829439,8.632604686520658,8.634830545855692,8.648998124179522,8.855556115536588,8.104181196702495,8.864427074591989,8.59428173171331,8.64666281634222,8.6943323314457,8.819373476349389,8.866668035618051,8.581530894145953,9.086030780940858,8.692752127596279,8.750483929257681,8.74439322698694,7.964702037539998,8.75783643401939,8.602133214087349,8.695415259360763
English,7.950243596281968,8.751456434157825,8.513255202845457,8.429495630274424,8.649998645193628,8.339776102325992,8.19972044324944,8.538242697550826,8.255150108075735,8.045573512742056,7.674338372535437,0,8.60108076448993,8.536321217170496,7.9584698761421535,8.986047174831361,8.19455196400033,8.492973824385588,8.313013161847357,8.49856470193724,8.719330376646145,8.563217305151435,8.512013091567693,8.5750642827551,8.420706159400515,8.636428256438517,7.912421444128216,8.761019854101871,8.53058591022245,8.50887165078349,8.456060590314015,8.628745626039303,8.750782015116416,8.432395846536064,8.979566799610575,8.492794651885557,8.632079883049867,8.482306562181996,7.875025342370483,8.63605172775199,8.409752824480396,8.31225119705013
French,9.11886470805187,9.124541900896787,9.028841518291353,8.901371888224565,9.109856590114218,8.89253547817729,8.299759758558073,9.044615299901691,8.750622316638612,9.126620596899995,8.93649208051014,8.60108076448993,0,8.602471495938737,9.021355336340443,9.387683010395842,8.842335954571741,8.910466966765668,9.200146839168399,9.131322599161589,8.738755024090638,9.040478541785747,8.996444043955865,9.001501413190645,8.919919370451003,9.119183771781332,8.909028994310445,9.10968007051855,8.997690331760813,9.028723187097722,8.634687086168572,8.890052687055988,9.209079806143498,8.90638711421663,9.368761695086697,8.961147548788478,9.062252001162944,8.614447708288811,8.906893970091284,9.097965783861248,8.858482679931765,8.935378534833992
Galician,8.945574204930796,8.961887068490089,8.843834471499486,8.774498060290908,8.829106111165165,8.574318951694593,7.626590104883776,8.806855796850062,8.579825134396328,8.930356808484651,8.758926900439983,8.536321217170496,8.602471495938737,0,8.8924527685386,9.187579310010554,8.734915829314554,8.836976995408987,8.844760046555285,9.008398310231586,8.22537111458303,8.900987154228785,8.825991524008696,8.770761723095735,8.822270453187247,8.942895380608054,8.732496479799794,9.07577357007484,8.78714754159198,8.846365964168811,7.6147351447727445,8.536937106121554,9.017298815597945,8.688796215778837,9.130172893397278,8.782572022545764,9.007969478567116,7.131384657973375,8.643122813088702,8.870044920407599,8.820419365228405,8.764665903903108
German,8.291506014205353,9.058683234059375,8.733560870314635,8.713576591370444,8.870266624982486,8.63723220381574,8.619767606517438,8.794006437051145,8.645048022251439,8.355142375467194,7.741305669185292,7.9584698761421535,9.021355336340443,8.8924527685386,0,9.075263104558735,8.587790204193611,8.752476172427055,8.524876026190022,9.00343255497138,8.944036164340412,8.776003332034776,8.726335355838808,8.86050850526221,8.793613278258574,8.92940311102287,8.368223255926534,9.06455961458491,8.665783036587326,8.802131057735817,9.026314714755562,8.839570635596433,9.086800431045239,8.757685354747908,9.24164269445558,8.783377120514752,8.886026488118569,8.86953538352115,8.063638581448908,8.951326618351866,8.784257822600106,8.785165486428209
Greek,9.375581924389802,9.325297783905166,8.996502628282988,8.998205338094342,9.220672682920926,8.936684727713182,8.895735918626745,9.136149525866223,9.009825802334523,9.427890353912614,9.014842147811045,8.986047174831361,9.387683010395842,9.187579310010554,9.075263104558735,0,8.860964259609352,8.990015329238723,9.098428073079125,9.489541299595148,9.204177474254532,8.955375343296492,8.766868267394313,9.132888199786402,9.099786498549378,9.196452550536465,9.18568965211022,9.348358799014052,9.095442524422083,9.098296260911264,9.238133757715483,9.16727873663329,9.270459973957959,9.082020687775112,9.40179405415672,9.202670031395732,9.281100655919046,9.047844576319006,9.014383555020418,9.12198593443782,9.073890217505848,9.07662442148511
Gujarati,8.753356597313177,8.853336731808655,8.64052065424877,7.629840736085269,8.614118965760309,8.359704760362893,8.427157887703043,8.561633827159365,8.345632648223136,8.761228692928768,8.440488664635556,8.19455196400033,8.842335954571741,8.734915829314554,8.587790204193611,8.860964259609352,0,7.165136858345153,8.792665836437088,8.874288561463114,8.78246485404035,8.726413505880382,8.541289231598405,8.471781187638854,7.0570982560529805,7.899990602847814,8.52396081505639,8.637467063439994,8.547875295935693,8.560075164586754,8.806484947228379,8.762713511251667,8.854281244284605,8.46808496004603,8.783651664704523,8.601352729712495,8.704157963646576,8.57596738108239,8.434680758086543,8.667813110384683,7.733069359978875,8.640556521605847
Hindi,8.952459638991353,8.870985459850077,8.748248511828306,7.7096935295404,8.799412785262046,8.4440857800285,8.452761461567851,8.692985258945946,8.522621959593312,8.903651981755626,8.576345568707838,8.492973824385588,8.910466966765668,8.836976995408987,8.752476172427055,8.990015329238723,7.165136858345153,0,8.868949983481714,9.001411445452721,8.881884147208867,8.871697575765245,8.692600173597878,8.554222257141662,7.581950849556244,7.9573684060650915,8.584072036377728,8.702278720139244,8.541327521729038,8.684177098143701,8.881370922808163,8.788622531031441,8.98834710028024,8.640974244842432,8.77988222204863,8.762886314261523,8.834378362017079,8.630493426290267,8.47230702241303,8.786599371805071,7.099862476495976,8.80551840890628
Icelandic,8.512975284991034,9.132213152011996,8.666363185850377,8.842572113348284,8.70853071967645,8.749943053432384,8.736418176148275,8.828467403545899,8.578894945406018,8.444711827060086,8.371257170920831,8.313013161847357,9.200146839168399,8.844760046555285,8.524876026190022,9.098428073079125,8.792665836437088,8.868949983481714,0,9.238078220133202,9.056353087525462,8.6003244628591,8.482187002562126,8.757852760674263,8.941227734477938,9.12950165290137,8.086924882150035,9.192766566817978,8.701683938250078,8.708957826127481,8.957378423734532,8.93058620297004,8.792516255189863,8.575741415754425,9.129382740567904,8.796336724457621,9.035880200722286,8.975687258789254,7.995438482640184,8.734743707171651,8.851356117786267,8.903613141658015
Irish,9.097821062073706,9.225451532630252,8.984099263700847,9.028745185538316,9.278136398296276,8.93896207222277,8.824242961350524,9.135276334858716,8.834683648609564,8.993868492112542,8.905935574049606,8.49856470193724,9.131322599161589,9.008398310231586,9.00343255497138,9.489541299595148,8.874288561463114,9.001411445452721,9.238078220133202,0,9.379102085124265,9.26466495304948,9.1468489814784,9.102859516954094,8.931795279987575,9.076350942788986,8.995175842030278,9.050020503065577,9.04366973867103,9.104414197404353,9.003173365315824,9.206996698137136,9.374530052028668,9.209400756165008,9.360796872925208,9.049067670404908,9.201247376214578,8.94706672634707,8.880888473730996,9.243140886128751,8.963910332208853,8.726868263247328
Italian,9.263925626218741,9.042653941235862,8.944359303603845,8.806577101532039,8.763934598452574,8.648668194131641,8.08496402018526,8.75744881825387,8.782089171740354,9.242546154929595,8.962670709320737,8.719330376646145,8.738755024090638,8.22537111458303,8.944036164340412,9.204177474254532,8.78246485404035,8.881884147208867,9.056353087525462,9.379102085124265,0,8.980862264700592,8.707130201540327,8.764054503932877,8.914986943159674,8.99814872063633,8.938304059228582,9.191935032400531,8.912248614766888,8.747365520411952,8.472663805816884,8.328223365538298,8.993763253592428,8.641986328361758,9.212346167066064,8.888035719590592,9.028795263920662,8.114330200026421,8.754876189512245,8.804800310807387,8.919154936815097,8.768376863070259
Latvian,8.831252081489906,9.032155217318993,8.591431356681369,8.728477615734803,8.239155940719462,8.568310777788462,8.71900088374038,8.514202437351777,8.206769902558824,9.202849804574658,8.593785756829439,8.563217305151435,9.040478541785747,8.900987154228785,8.776003332034776,8.955375343296492,8.726413505880382,8.871697575765245,8.6003244628591,9.26466495304948,8.980862264700592,0,7.480353405842637,8.392346191109715,8.838151980496681,9.133151580082956,8.690117832497306,9.078698534827515,8.767551395051633,8.248002820428256,8.83172684078676,8.847850206657482,8.30131307260136,8.097738102488337,9.17896102136372,8.415273509751511,8.600834046587048,8.990797058880016,8.680404602233766,8.383145999592216,8.777229734264761,8.970357986274603
Lithuanian,8.896922331560235,8.948579208730429,8.446916684131095,8.648860079564244,8.15323556415216,8.349180378462021,8.560189677028372,8.225198712583728,8.278747234041608,9.067390590998059,8.632604686520658,8.512013091567693,8.996444043955865,8.825991524008696,8.726335355838808,8.766868267394313,8.541289231598405,8.692600173597878,8.482187002562126,9.1468489814784,8.707130201540327,7.480353405842637,0,8.31693935829456,8.793612163272197,8.88484486093471,8.578837165265693,8.926688734112867,8.5069734264693,8.212749398352633,8.880586434954736,8.607978958556055,8.29460568201708,8.025192298346028,8.899885602883598,8.448586884932508,8.483842603225902,8.711454002167295,8.519365861764136,8.21956879985381,8.72192325587455,8.74966944428683
Macedonian,8.854328267252233,8.904736753932612,8.660193539800497,8.533712674700913,7.051918329796593,7.207677000768461,8.513940503464323,7.446920115687115,7.78774425103588,9.057367636037464,8.634830545855692,8.5750642827551,9.001501413190645,8.770761723095735,8.86050850526221,9.132888199786402,8.471781187638854,8.554222257141662,8.757852760674263,9.102859516954094,8.764054503932877,8.392346191109715,8.31693935829456,0,8.664513095058949,8.88483764408767,8.629531727398872,8.903518938250135,8.6490912181642,7.846466930970599,8.779820734655678,8.690836655354042,7.689953074697544,6.6986841431175534,8.972356977306488,7.779807968138421,8.07740630298158,8.665872527439735,8.580644704035475,7.599766397508628,8.537979124736832,8.840959641285378
Marathi,8.929228434051902,8.885743867543223,8.76722783941913,7.97298667705456,8.804331391753061,8.535828376232264,8.547277857916672,8.731962618165785,8.534637371505308,8.937481995458683,8.648998124179522,8.420706159400515,8.919919370451003,8.822270453187247,8.793613278258574,9.099786498549378,7.0570982560529805,7.581950849556244,8.941227734477938,8.931795279987575,8.914986943159674,8.838151980496681,8.793612163272197,8.664513095058949,0,8.253981543150411,8.705107188615257,8.771112156247463,8.735633414624797,8.731326352018636,8.861854766377613,8.882031890059494,8.924237475150495,8.656256552658187,8.936689097762134,8.729721324634351,8.825029333946956,8.685320879175348,8.65544333051141,8.8159269349504,8.030229126260997,8.753443097687
Nepali,9.057937962941628,9.078781238865199,8.978576186920417,7.9276482394787475,9.030486976026753,8.789021214622748,8.797761190293699,8.927673001892204,8.698113551223441,9.073233396155981,8.855556115536588,8.636428256438517,9.119183771781332,8.942895380608054,8.92940311102287,9.196452550536465,7.899990602847814,7.9573684060650915,9.12950165290137,9.076350942788986,8.99814872063633,9.133151580082956,8.88484486093471,8.88483764408767,8.253981543150411,0,8.919540693335218,8.868932815441369,8.79828599029911,9.000987963690683,9.094555027175899,9.059940181242085,9.211315287395797,8.888616232742788,8.937429172446706,8.983446594195692,9.041944102325415,8.86587567582957,8.80026693864777,9.02934312560435,8.1150318095766,8.85610919556928
Norwegian,8.239052842142392,9.02318437593518,8.724669210087086,8.685441994893509,8.692620188435114,8.531956040334075,8.359879498225055,8.715112262463508,8.402254459434525,7.912679235530933,8.104181196702495,7.912421444128216,8.909028994310445,8.732496479799794,8.368223255926534,9.18568965211022,8.52396081505639,8.584072036377728,8.086924882150035,8.995175842030278,8.938304059228582,8.690117832497306,8.578837165265693,8.629531727398872,8.705107188615257,8.919540693335218,0,8.966093097167716,8.679645124595178,8.555669930012245,8.739683407156008,8.771457650513359,8.875336322932283,8.536592850734888,9.106781123037008,8.616856752733849,8.737725024880469,8.697037057508878,7.166175273321799,8.704799907093618,8.589700145687894,8.791797813507097
Pashto,9.04243819193348,9.128373966785118,8.887672299793714,8.797123340595462,9.014594465273388,8.87769267215334,8.862260283936076,8.998725766506361,8.73766973928096,9.11213842013574,8.864427074591989,8.761019854101871,9.10968007051855,9.07577357007484,9.06455961458491,9.348358799014052,8.637467063439994,8.702278720139244,9.192766566817978,9.050020503065577,9.191935032400531,9.078698534827515,8.926688734112867,8.903518938250135,8.771112156247463,8.868932815441369,8.966093097167716,0,8.49190681011185,8.968536955699218,9.041507735003728,9.090225045162597,9.194667130900934,8.879002322465386,9.152295017617663,9.047407855015663,9.020646110363213,8.96453284430661,8.906731146075305,9.057099415552994,8.510580482368136,8.975582318386305
Persian,8.875197876341867,8.90314912162924,8.469612708296717,8.667133611471687,8.594375481749038,8.60800732560133,8.63027121097739,8.62593049521103,8.542449917124827,8.916816249579178,8.59428173171331,8.53058591022245,8.997690331760813,8.78714754159198,8.665783036587326,9.095442524422083,8.547875295935693,8.541327521729038,8.701683938250078,9.04366973867103,8.912248614766888,8.767551395051633,8.5069734264693,8.6490912181642,8.735633414624797,8.79828599029911,8.679645124595178,8.49190681011185,0,8.586525905286754,8.927544512070103,8.71682466432734,8.860794859505662,8.493117324325858,8.992063525468568,8.699298062390147,8.835084910271899,8.813625096406891,8.547647474681014,8.627030190089357,8.393767371988345,8.762734813696898
Polish,8.862354064391447,8.968912382923138,8.696440506898615,8.544687087039817,7.625759340438414,7.908736514307272,8.535583105653496,7.798270345035656,7.54375695194192,9.010130048248065,8.64666281634222,8.50887165078349,9.028723187097722,8.846365964168811,8.802131057735817,9.098296260911264,8.560075164586754,8.684177098143701,8.708957826127481,9.104414197404353,8.747365520411952,8.248002820428256,8.212749398352633,7.846466930970599,8.731326352018636,9.000987963690683,8.555669930012245,8.968536955699218,8.586525905286754,0,8.724684276836289,8.64382971275054,7.812105369292573,7.530125815974122,9.078135241261888,7.310030080809392,8.095332885360602,8.740731092558612,8.511926505949583,7.602802326369504,8.691147215909044,8.76837019229251
Portuguese,8.971551228771629,9.011808537952026,8.857800369436466,8.800585753849795,8.87863468042329,8.666938730685258,7.827402478448309,8.897068352015358,8.753844051819884,9.038967717896263,8.6943323314457,8.456060590314015,8.634687086168572,7.6147351447727445,9.026314714755562,9.238133757715483,8.806484947228379,8.881370922808163,8.957378423734532,9.003173365315824,8.472663805816884,8.83172684078676,8.880586434954736,8.779820734655678,8.861854766377613,9.094555027175899,8.739683407156008,9.041507735003728,8.927544512070103,8.724684276836289,0,8.648004368000679,8.983906782402203,8.695271237974884,9.258885583975088,8.7790592136932,8.987383810228746,7.748645732091743,8.67449444921817,8.923417891754518,8.798167252158303,8.866543471537062
Romanian,9.077932287282389,9.023916222157768,8.849535091976945,8.818161855848993,8.728988294640523,8.587629886899377,8.249842543499307,8.690367723438746,8.590271905435229,9.082579611544658,8.819373476349389,8.628745626039303,8.890052687055988,8.536937106121554,8.839570635596433,9.16727873663329,8.762713511251667,8.788622531031441,8.93058620297004,9.206996698137136,8.328223365538298,8.847850206657482,8.607978958556055,8.690836655354042,8.882031890059494,9.059940181242085,8.771457650513359,9.090225045162597,8.71682466432734,8.64382971275054,8.648004368000679,0,8.92869935595725,8.592221425578867,9.243618070627384,8.83436372981541,8.892571086170603,8.532784680309703,8.695399133240256,8.750615333776514,8.870568252817613,8.808677568294176
Russian,8.998414763080927,9.089894230117418,8.821568357979437,8.840886506732218,7.5045506870586935,8.01681013755742,8.824202570637405,7.935161740354382,7.803578545724707,9.233530809815413,8.866668035618051,8.750782015116416,9.209079806143498,9.017298815597945,9.086800431045239,9.270459973957959,8.854281244284605,8.98834710028024,8.792516255189863,9.374530052028668,8.993763253592428,8.30131307260136,8.29460568201708,7.689953074697544,8.924237475150495,9.211315287395797,8.875336322932283,9.194667130900934,8.860794859505662,7.812105369292573,8.983906782402203,8.92869935595725,0,7.346803235102314,9.208623168618388,7.749073342220639,8.348378059970658,8.992971584030993,8.836082896993899,7.206268743983961,8.94567098519773,9.036966837754656
Serbian,8.748218724745817,8.873034820765803,8.54450842220261,8.519111376018447,5.987608853358146,7.406627278743369,8.457668920595184,6.532254170064699,7.431165428906068,8.944432263675237,8.581530894145953,8.432395846536064,8.90638711421663,8.688796215778837,8.757685354747908,9.082020687775112,8.46808496004603,8.640974244842432,8.575741415754425,9.209400756165008,8.641986328361758,8.097738102488337,8.025192298346028,6.6986841431175534,8.656256552658187,8.888616232742788,8.536592850734888,8.879002322465386,8.493117324325858,7.530125815974122,8.695271237974884,8.592221425578867,7.346803235102314,0,8.930573368727986,7.363843883453957,7.521582022456959,8.66130951630074,8.49865661186102,7.2196091723190605,8.60370825681209,8.75735423426899
Sinhala,9.301828131438526,9.14917473795843,8.982822537834164,8.768749499672813,9.058897189352331,8.889204539494601,8.895922113914718,9.040462801016096,8.843109529835344,9.337886968237063,9.086030780940858,8.979566799610575,9.368761695086697,9.130172893397278,9.24164269445558,9.40179405415672,8.783651664704523,8.77988222204863,9.129382740567904,9.360796872925208,9.212346167066064,9.17896102136372,8.899885602883598,8.972356977306488,8.936689097762134,8.937429172446706,9.106781123037008,9.152295017617663,8.992063525468568,9.078135241261888,9.258885583975088,9.243618070627384,9.208623168618388,8.930573368727986,0,9.083095885724761,9.244437940302168,9.054743023844255,8.982016852524254,9.069863194544956,8.834809641139103,9.058902182087808
Slovak,8.839686216837213,9.008896735546541,8.741018321995925,8.678349546874772,7.572280972461666,7.8181746221847535,8.550311631454143,7.644415574152734,6.8862953147717345,8.946604574247264,8.692752127596279,8.492794651885557,8.961147548788478,8.782572022545764,8.783377120514752,9.202670031395732,8.601352729712495,8.762886314261523,8.796336724457621,9.049067670404908,8.888035719590592,8.415273509751511,8.448586884932508,7.779807968138421,8.729721324634351,8.983446594195692,8.616856752733849,9.047407855015663,8.699298062390147,7.310030080809392,8.7790592136932,8.83436372981541,7.749073342220639,7.363843883453957,9.083095885724761,0,8.06565990904084,8.734684740200155,8.56272248460906,7.651194311684746,8.736309961026363,8.744768613778783
Slovenian,9.008246831964147,9.10850441589128,8.895960656020607,8.751300326799656,7.823593373648968,8.05343933054631,8.685512174758811,7.690800854903307,8.005588148572713,9.036522356400964,8.750483929257681,8.632079883049867,9.062252001162944,9.007969478567116,8.886026488118569,9.281100655919046,8.704157963646576,8.834378362017079,9.035880200722286,9.201247376214578,9.028795263920662,8.600834046587048,8.483842603225902,8.07740630298158,8.825029333946956,9.041944102325415,8.737725024880469,9.020646110363213,8.835084910271899,8.095332885360602,8.987383810228746,8.892571086170603,8.348378059970658,7.521582022456959,9.244437940302168,8.06565990904084,0,8.878210760117268,8.742293430963882,8.215764714229529,8.791325338956504,8.92443267084631
Spanish,9.049621022546157,8.960242963624953,8.887567940783372,8.68700940210554,8.803286874971779,8.473155869148249,7.548030135176826,8.73859808110056,8.538761080438483,8.973650442348996,8.74439322698694,8.482306562181996,8.614447708288811,7.131384657973375,8.86953538352115,9.047844576319006,8.57596738108239,8.630493426290267,8.975687258789254,8.94706672634707,8.114330200026421,8.990797058880016,8.711454002167295,8.665872527439735,8.685320879175348,8.86587567582957,8.697037057508878,8.96453284430661,8.813625096406891,8.740731092558612,7.748645732091743,8.532784680309703,8.992971584030993,8.66130951630074,9.054743023844255,8.734684740200155,8.878210760117268,0,8.603583943962674,8.827772300010102,8.692250890979892,8.736185964628987
Swedish,8.230964867287252,8.96900790723493,8.620283809210052,8.558524788579264,8.653154222991335,8.45214281412029,8.311530690022941,8.64173272435428,8.41301027061631,8.03231374394222,7.964702037539998,7.875025342370483,8.906893970091284,8.643122813088702,8.063638581448908,9.014383555020418,8.434680758086543,8.47230702241303,7.995438482640184,8.880888473730996,8.754876189512245,8.680404602233766,8.519365861764136,8.580644704035475,8.65544333051141,8.80026693864777,7.166175273321799,8.906731146075305,8.547647474681014,8.511926505949583,8.67449444921817,8.695399133240256,8.836082896993899,8.49865661186102,8.982016852524254,8.56272248460906,8.742293430963882,8.603583943962674,0,8.630752462760622,8.483367489466199,8.624192917811746
Ukrainian,8.933975767655708,8.918200392067883,8.718402752191151,8.741524068994362,7.36529138684551,7.917069773757366,8.667495981456645,7.702353980030882,7.628433376244284,9.096836745734471,8.75783643401939,8.63605172775199,9.097965783861248,8.870044920407599,8.951326618351866,9.12198593443782,8.667813110384683,8.786599371805071,8.734743707171651,9.243140886128751,8.804800310807387,8.383145999592216,8.21956879985381,7.599766397508628,8.8159269349504,9.02934312560435,8.704799907093618,9.057099415552994,8.627030190089357,7.602802326369504,8.923417891754518,8.750615333776514,7.206268743983961,7.2196091723190605,9.069863194544956,7.651194311684746,8.215764714229529,8.827772300010102,8.630752462760622,0,8.83669527137724,8.809095568107338
Urdu,8.893664726447962,8.858668142952231,8.744408907034082,7.825990809031305,8.778292188811793,8.46875889541873,8.511572157331015,8.700744708068026,8.421454533409715,8.888993025418813,8.602133214087349,8.409752824480396,8.858482679931765,8.820419365228405,8.784257822600106,9.073890217505848,7.733069359978875,7.099862476495976,8.851356117786267,8.963910332208853,8.919154936815097,8.777229734264761,8.72192325587455,8.537979124736832,8.030229126260997,8.1150318095766,8.589700145687894,8.510580482368136,8.393767371988345,8.691147215909044,8.798167252158303,8.870568252817613,8.94567098519773,8.60370825681209,8.834809641139103,8.736309961026363,8.791325338956504,8.692250890979892,8.483367489466199,8.83669527137724,0,8.735337589847514
Welsh,8.927082718457205,8.939044395225373,8.686005009862713,8.762539149546344,8.864066547295609,8.611072005799011,8.669667177885021,8.75969208973016,8.549044039400911,8.865445828267324,8.695415259360763,8.31225119705013,8.935378534833992,8.764665903903108,8.785165486428209,9.07662442148511,8.640556521605847,8.80551840890628,8.903613141658015,8.726868263247328,8.768376863070259,8.970357986274603,8.74966944428683,8.840959641285378,8.753443097687,8.85610919556928,8.791797813507097,8.975582318386305,8.762734813696898,8.76837019229251,8.866543471537062,8.808677568294176,9.036966837754656,8.75735423426899,9.058902182087808,8.744768613778783,8.92443267084631,8.736185964628987,8.624192917811746,8.809095568107338,8.735337589847514,0
