,Afrikaans,Albanian,Armenian,Bengali,Bosnian,Bulgarian,Catalan,Croatian,Czech,Danish,Dutch,English,French,Galician,German,Greek,Gujarati,Hindi,Icelandic,Irish,Italian,Latvian,Lithuanian,Macedonian,Marathi,Nepali,Norwegian,Pashto,Persian,Polish,Portuguese,Romanian,Russian,Serbian,Sinhala,Slovak,Slovenian,Spanish,Swedish,Ukrainian,Urdu,Welsh
Afrikaans,0,0.13846200229509137,0.12209808617049854,0.16616669205914358,0.1321001454400608,0.14702999068232117,0.16718963744523535,0.13910840675339212,0.14071206193326347,0.14069707158906775,0.10364525566932033,0.12432171077655291,0.14755864654349254,0.14214990181682158,0.1324998731104835,0.1404324854504955,0.16602491591705235,0.16079264483298705,0.12473440875438319,0.15187524450633902,0.12713463234918285,0.14424745356513535,0.1464301884880401,0.14052584831825327,0.1607369823184523,0.12251577585670771,0.1455601289403812,0.13566791988777596,0.13002011074515962,0.1374739675735795,0.13755840321697607,0.1401700631243767,0.13533390872164183,0.14075954316726494,0.12552156573353387,0.1436492005337653,0.14605759894708106,0.1344338810196184,0.13587534613118432,0.13661268842579366,0.14412446165078688,0.11870782528749184
Albanian,0.13846200229509137,0,0.11724125387326076,0.14681568880535156,0.12695113530508717,0.13325803741874906,0.1491207250896916,0.12504866202024956,0.13183491377317239,0.14385110866434594,0.13021712991474022,0.134485523154123,0.13097483625543824,0.12656795297898255,0.13992306829553416,0.12506591921100377,0.15277647256426155,0.14998158712174045,0.13125442804245022,0.13905829633051597,0.11627340204622091,0.1406669744837929,0.14005171960902735,0.12938013395634657,0.14329659720999913,0.11252743425943036,0.15245952446264163,0.12472675725968996,0.12132952250807423,0.12889851269131286,0.12253129343662016,0.127797433150259,0.12740895739531394,0.13160279904721964,0.10398288901839282,0.13248838846045663,0.13610521646243737,0.11838446081418906,0.13816567439691407,0.12341780846205526,0.12698900446132672,0.11459473194584374
Armenian,0.12209808617049854,0.11724125387326076,0,0.133588458009101,0.11063782166833566,0.12238866778394684,0.136093495414154,0.11611958464317283,0.12315124442110933,0.1302280726445686,0.12056340114874073,0.12135115411658745,0.1250466496556444,0.12130974456874104,0.122437990318062,0.11259996979637563,0.139479169155079,0.1347464268426369,0.11116112818145892,0.12785976493018558,0.10663772893820846,0.12116130607704605,0.12213736970373891,0.11849934160515611,0.13299888285572933,0.10774411843954294,0.13204988137553875,0.11657124470470392,0.10973793946460422,0.11624860922739334,0.11859385874473706,0.11609392350797859,0.11495199812001164,0.11844419093322164,0.10554894214356123,0.12031883277166741,0.12491619299024063,0.11556955045060702,0.124442985077502,0.11418535395596609,0.12132148768571781,0.10213090652030893
Bengali,0.16616669205914358,0.14681568880535156,0.133588458009101,0,0.13861903664916497,0.14877090648070626,0.1641256070458913,0.14161965553176314,0.15060052522339273,0.16327104779149057,0.15281579281629779,0.14752492886500868,0.15860403646719817,0.15285089370704777,0.15780028285432407,0.1432654298969225,0.14237631479336035,0.14037689551578575,0.15088380808963303,0.1664666052232058,0.1321403683731139,0.1548513185646752,0.1522837553795868,0.1420413158133787,0.1422442293849045,0.10968574205321548,0.1741554948694607,0.14898527133594247,0.14189172472204123,0.14077462972029858,0.14602142446144184,0.14554055348584788,0.1438369747573831,0.14516730526879465,0.13081004097529292,0.14789759471355252,0.14932054777600684,0.13923527957135018,0.15215927564430842,0.13803778830343771,0.12697955726938234,0.1310001072963106
Bosnian,0.1321001454400608,0.12695113530508717,0.11063782166833566,0.13861903664916497,0,0.10249349872546333,0.14590859221956073,0.08051546124775444,0.10280579742017257,0.13514214615029352,0.12538929038707058,0.1284565778668195,0.12988665180084305,0.1320256957907148,0.1275770279023784,0.12137995674027517,0.1433625531024947,0.14146253172487833,0.12095697939866067,0.142233499815808,0.10840433407552197,0.1131473515323391,0.11208864990146168,0.08823433142871813,0.14261173118067286,0.10887854362384715,0.13981432486279416,0.12911579358541586,0.11669007301614315,0.09237882400177493,0.12302229377582456,0.11860823446593119,0.08940046636385056,0.065655687308175,0.11481934714569651,0.09674979682325607,0.10175896560829796,0.12069051642288679,0.131263278741857,0.08697198835845286,0.1272106099364871,0.10814253982678347
Bulgarian,0.14702999068232117,0.13325803741874906,0.12238866778394684,0.14877090648070626,0.10249349872546333,0,0.15129726541540547,0.0917915988735539,0.11327175547387384,0.1423353648489862,0.1308245039077039,0.13406839871453438,0.13651550063875836,0.13662950601787321,0.1396446072259692,0.12529597753164334,0.15322811198239092,0.1496344205456559,0.13387658421210646,0.14682302070211975,0.1111895768846342,0.1376762093448,0.1341111325321117,0.09624337829957254,0.14935652457985998,0.1183401677362598,0.1560579516085977,0.1369535172972844,0.12758698482789907,0.10785697409012246,0.12660917375298758,0.12807435458459002,0.1066010374133463,0.10236213732936864,0.11915026768046914,0.11134886613959698,0.11837773219402417,0.11967694571355172,0.14086710654770376,0.10368679233325964,0.1296885639143643,0.11017629062737351
Catalan,0.16718963744523535,0.1491207250896916,0.136093495414154,0.1641256070458913,0.14590859221956073,0.15129726541540547,0,0.14415590779543871,0.15274435498005265,0.16285687877757782,0.14973039809012487,0.14724058560617312,0.14280603681750892,0.1261619184887996,0.15833582844001504,0.14383074386718483,0.1745828629910489,0.17204837811747037,0.15162707476734422,0.16416677709300645,0.11334108452714112,0.16039579093258954,0.15075897370167549,0.1483972208412969,0.1654002628343078,0.13523347819054757,0.1658954646798265,0.15682785307786698,0.14448452996858913,0.14203869478909328,0.12253116797264146,0.13269735619651707,0.14646649564109515,0.15204429401709382,0.13899133340887915,0.14961742197776634,0.15544194101501693,0.1130665849436762,0.15439390267409886,0.141020512342843,0.15310189320563988,0.13002557910482831
Croatian,0.13910840675339212,0.12504866202024956,0.11611958464317283,0.14161965553176314,0.08051546124775444,0.0917915988735539,0.14415590779543871,0,0.09782462871470825,0.12993123538625928,0.12428230879213413,0.12788962541251242,0.12492656969255223,0.12777082091247535,0.13239798968487768,0.11518417722452509,0.14776123622767778,0.14520955335278585,0.12717804111733416,0.13835380592811292,0.10568568015189972,0.1306286203917928,0.12685311274583852,0.09521917176702784,0.14121234670249838,0.11019392716803135,0.14527182600257302,0.12609830462344546,0.11837793796052883,0.09882517436614385,0.11885723236850988,0.11916558291669208,0.10037342313179241,0.07793495789123225,0.10845243790823134,0.09672803387449505,0.09787098086324178,0.11156552118633302,0.13016285017902235,0.09074881780838946,0.12379656332045708,0.10366253968899708
Czech,0.14071206193326347,0.13183491377317239,0.12315124442110933,0.15060052522339273,0.10280579742017257,0.11327175547387384,0.15274435498005265,0.09782462871470825,0,0.13576263981144565,0.1287711095570557,0.13172602750961104,0.13071107857661393,0.13654642415978363,0.14005458872496518,0.1265066387445002,0.15351753022901707,0.1511776984189413,0.13116237772234599,0.14493010830470612,0.11710263495390097,0.12845666274157827,0.13094653734399928,0.11290937689466238,0.14979214263129856,0.11742875531500022,0.15028163553074503,0.1317259918364796,0.12426210118216365,0.1016726582498163,0.1252510261892223,0.12963259209916272,0.10599719247081597,0.10534026773269402,0.11951741519258799,0.08960210553002815,0.1159420963846804,0.11968069295727479,0.13909906022312143,0.09896033413156696,0.13040688356244456,0.10985432560404727
Danish,0.14069707158906775,0.14385110866434594,0.1302280726445686,0.16327104779149057,0.13514214615029352,0.1423353648489862,0.16285687877757782,0.12993123538625928,0.13576263981144565,0,0.12787299405403413,0.11999799584773378,0.13767520479794568,0.14224153980748824,0.13128720201142768,0.1314156879921603,0.16945669262652302,0.1599568114691478,0.12147584678381478,0.14730127035537,0.1233622631270733,0.15426178417710776,0.15414171140685626,0.14221925375944436,0.1614543044934277,0.12087757273866075,0.13109798326359648,0.1402462011041026,0.1350847828620612,0.13502175625507368,0.13023019826684634,0.13637814991712913,0.13728353315405728,0.14232117286216467,0.12742893286309045,0.13582938021251015,0.14196636564056375,0.12499170392513856,0.1256491209482319,0.13164193515284894,0.13922967162797967,0.11332122357226225
Dutch,0.10364525566932033,0.13021712991474022,0.12056340114874073,0.15281579281629779,0.12538929038707058,0.1308245039077039,0.14973039809012487,0.12428230879213413,0.1287711095570557,0.12787299405403413,0,0.11100461959028969,0.13501854308687278,0.13452148330305144,0.11467925910329574,0.1248597201318772,0.1530308950685119,0.1504078948572124,0.12002741455227316,0.14097519274321077,0.11762471857453297,0.1364495749281702,0.138793836323633,0.12746544318344297,0.14774816858493092,0.11625728749390063,0.13356474660628634,0.13126744880277608,0.12260993595071644,0.1290210784949785,0.12352680941910475,0.12980788623931103,0.12805300802784111,0.12998772158782188,0.12072572759442243,0.1318672744275246,0.13247580784123722,0.11950361381241843,0.12183884445667549,0.12436132719504421,0.13133728434127334,0.11034754762478262
English,0.12432171077655291,0.134485523154123,0.12135115411658745,0.14752492886500868,0.1284565778668195,0.13406839871453438,0.14724058560617312,0.12788962541251242,0.13172602750961104,0.11999799584773378,0.11100461959028969,0,0.13370392358848893,0.13292016398913575,0.12276196764754876,0.12921268174137263,0.14978516836419972,0.14896004870996882,0.11874384055647087,0.14018677412739694,0.11573671015042258,0.13939213422529767,0.13918333265429472,0.132549468443273,0.1467154626336026,0.11495789231784916,0.13121351704266473,0.1349178668721638,0.1249202361262003,0.12802478225204628,0.12462935824887164,0.12922225581373487,0.1296806719921714,0.1347064232377675,0.12331666890091553,0.13233263161131695,0.1368558298445585,0.1215003874043726,0.12067278695032689,0.1263472286956659,0.13105505007896961,0.10849593736939099
French,0.14755864654349254,0.13097483625543824,0.1250466496556444,0.15860403646719817,0.12988665180084305,0.13651550063875836,0.14280603681750892,0.12492656969255223,0.13071107857661393,0.13767520479794568,0.13501854308687278,0.13370392358848893,0,0.12428784602077383,0.14389870530557122,0.12291200485093318,0.16369166427771745,0.1552588039742105,0.13691698279882125,0.14218381027002305,0.1069394183721503,0.14540633129298336,0.14996364290799669,0.13487581390305778,0.15134836234608695,0.11587559100883581,0.15405013530361866,0.13222608643842315,0.13084655531074332,0.13139294693123293,0.11609547068375366,0.12621391493839734,0.131604948705424,0.13568224400237208,0.11930878117833572,0.13331122518503669,0.13552218663134827,0.10862593326156253,0.14614739261978832,0.12673396616164023,0.1338535085223776,0.11033611433935969
Galician,0.14214990181682158,0.12656795297898255,0.12130974456874104,0.15285089370704777,0.1320256957907148,0.13662950601787321,0.1261619184887996,0.12777082091247535,0.13654642415978363,0.14224153980748824,0.13452148330305144,0.13292016398913575,0.12428784602077383,0,0.1433776148976474,0.1274812056645125,0.15956055648939493,0.1544447458878671,0.1304959156973888,0.13956782110717572,0.10325041684608481,0.14833259360339723,0.1481555208978777,0.13214496757372166,0.1491841754744314,0.11662550260755124,0.15398001409485107,0.129538129189312,0.12419901270338314,0.13306374605828708,0.09539269749673994,0.12153186240024932,0.13180570090236143,0.1360607849552894,0.11373262983555965,0.1360910036556722,0.14082378996093264,0.0823922518198047,0.13768280058509336,0.12834997336723397,0.1341549575712625,0.11563307380782666
German,0.1324998731104835,0.13992306829553416,0.122437990318062,0.15780028285432407,0.1275770279023784,0.1396446072259692,0.15833582844001504,0.13239798968487768,0.14005458872496518,0.13128720201142768,0.11467925910329574,0.12276196764754876,0.14389870530557122,0.1433776148976474,0,0.13058844991748653,0.1602317958010811,0.1533795130202461,0.12403931928731197,0.14993879689406697,0.12022725384327639,0.13941788973232833,0.14216650694104477,0.13517192227081118,0.15422790626292898,0.12360288690483069,0.14342562531380945,0.14122058794577436,0.12936133076550455,0.133022329775641,0.13757177933369302,0.13384224506891135,0.13519448523006497,0.13593917637459485,0.12949096741955543,0.1405457638747581,0.14175168106728084,0.12967168295274606,0.13033460830488025,0.13077540281474342,0.14049387246533945,0.1166194919595894
Greek,0.1404324854504955,0.12506591921100377,0.11259996979637563,0.1432654298969225,0.12137995674027517,0.12529597753164334,0.14383074386718483,0.11518417722452509,0.1265066387445002,0.1314156879921603,0.1248597201318772,0.12921268174137263,0.12291200485093318,0.1274812056645125,0.13058844991748653,0,0.1534795286720972,0.14347779787880963,0.12571586945785163,0.13467138999833794,0.10475218218875236,0.13521067593506125,0.13934531327768407,0.12608200900009398,0.144094293617543,0.10697946002078704,0.14901987645270856,0.12429142664877432,0.12232792399089869,0.1239800162164356,0.11875563950726568,0.11922815934613394,0.12430917562261906,0.1279210171064127,0.10908213320691454,0.12688324717824198,0.12917593573221517,0.10838599526949105,0.13517382913663092,0.1169381838695595,0.12476989971000006,0.10250019247776634
Gujarati,0.16602491591705235,0.15277647256426155,0.139479169155079,0.14237631479336035,0.1433625531024947,0.15322811198239092,0.1745828629910489,0.14776123622767778,0.15351753022901707,0.16945669262652302,0.1530308950685119,0.14978516836419972,0.16369166427771745,0.15956055648939493,0.1602317958010811,0.1534795286720972,0,0.12007945055970924,0.1553036757910277,0.17363526410257038,0.13734313034971118,0.1586037299991816,0.15021910635046548,0.14769150316467797,0.11875612041607506,0.11876068604202857,0.1769948523531143,0.15192741588687034,0.14197552165840355,0.1437806932905625,0.15581803897699578,0.1514483854868758,0.14893236058819254,0.15113889200987832,0.13688740839352273,0.15762476257656685,0.16107331952601348,0.14622458881450223,0.1597902932596804,0.1458332950643926,0.13023580427100281,0.13656275709978896
Hindi,0.16079264483298705,0.14998158712174045,0.1347464268426369,0.14037689551578575,0.14146253172487833,0.1496344205456559,0.17204837811747037,0.14520955335278585,0.1511776984189413,0.1599568114691478,0.1504078948572124,0.14896004870996882,0.1552588039742105,0.1544447458878671,0.1533795130202461,0.14347779787880963,0.12007945055970924,0,0.15003631017613928,0.16443299666744407,0.13202644510566158,0.15542538794076247,0.15041958718758325,0.1444231559905481,0.12497480906304119,0.11142244868943955,0.1710225557653689,0.14283907314055055,0.1376429064686984,0.14193926786215944,0.1509754390852131,0.14378220754879076,0.14613908283967678,0.15078470033147606,0.13239227347845411,0.1531767931179624,0.15947449378295248,0.14133580980387267,0.15666342018207066,0.14222520968648222,0.10934337313106636,0.12996271734985634
Icelandic,0.12473440875438319,0.13125442804245022,0.11116112818145892,0.15088380808963303,0.12095697939866067,0.13387658421210646,0.15162707476734422,0.12717804111733416,0.13116237772234599,0.12147584678381478,0.12002741455227316,0.11874384055647087,0.13691698279882125,0.1304959156973888,0.12403931928731197,0.12571586945785163,0.1553036757910277,0.15003631017613928,0,0.14229245612816455,0.11365518728962447,0.13128664567495504,0.13080068666698602,0.1278529753979719,0.14955426656377072,0.11746552822243284,0.12756497283898174,0.13002474165735,0.11932416472199837,0.12574351830532515,0.12749500393773133,0.12707430796185262,0.12244047888691431,0.12680910280946278,0.11607904222374288,0.13113760733879695,0.13570499252258353,0.12212908978896517,0.11733327394440314,0.1194736980907272,0.13256246550317716,0.11048888461239499
Irish,0.15187524450633902,0.13905829633051597,0.12785976493018558,0.1664666052232058,0.142233499815808,0.14682302070211975,0.16416677709300645,0.13835380592811292,0.14493010830470612,0.14730127035537,0.14097519274321077,0.14018677412739694,0.14218381027002305,0.13956782110717572,0.14993879689406697,0.13467138999833794,0.17363526410257038,0.16443299666744407,0.14229245612816455,0,0.13040890855854753,0.15766000844563055,0.1589912655977564,0.14254401358967195,0.16055997110475265,0.12407443817803497,0.16984825290815977,0.1332895842939782,0.13508470278855797,0.14278955242907757,0.1302702285146473,0.14170226443519837,0.14237861722309555,0.14997533178268266,0.12095107227548993,0.14461455613888025,0.14719171491312646,0.1222645526767551,0.1501166078971352,0.1390809794719156,0.14163702082943577,0.11497106155987367
Italian,0.12713463234918285,0.11627340204622091,0.10663772893820846,0.1321403683731139,0.10840433407552197,0.1111895768846342,0.11334108452714112,0.10568568015189972,0.11710263495390097,0.1233622631270733,0.11762471857453297,0.11573671015042258,0.1069394183721503,0.10325041684608481,0.12022725384327639,0.10475218218875236,0.13734313034971118,0.13202644510566158,0.11365518728962447,0.13040890855854753,0,0.12532814409844295,0.12501453452324499,0.11221315347094701,0.1304013629248672,0.10097088416281143,0.13153940890412205,0.11725688612153982,0.11299800882447582,0.11040309256369506,0.10089199336422526,0.09253429368598472,0.11103343780681432,0.11328752695585374,0.10681029222009936,0.11517336190365945,0.11882615910734216,0.09180103051435803,0.12170099146484684,0.10726790790426165,0.11932750414749013,0.09468575502081282
Latvian,0.14424745356513535,0.1406669744837929,0.12116130607704605,0.1548513185646752,0.1131473515323391,0.1376762093448,0.16039579093258954,0.1306286203917928,0.12845666274157827,0.15426178417710776,0.1364495749281702,0.13939213422529767,0.14540633129298336,0.14833259360339723,0.13941788973232833,0.13521067593506125,0.1586037299991816,0.15542538794076247,0.13128664567495504,0.15766000844563055,0.12532814409844295,0,0.103230996656256,0.1292870553907444,0.156243835150053,0.1281477536616835,0.1513830658370454,0.14438985066032226,0.13137849960615955,0.11592060003684485,0.14000954670785073,0.1374709274440552,0.1187378012816745,0.12300219520807938,0.13112240534213396,0.13017377376516426,0.13411884777228325,0.14146537751061045,0.14392445796899409,0.12105080201658432,0.14193748039318832,0.11958267614449326
Lithuanian,0.1464301884880401,0.14005171960902735,0.12213736970373891,0.1522837553795868,0.11208864990146168,0.1341111325321117,0.15075897370167549,0.12685311274583852,0.13094653734399928,0.15414171140685626,0.138793836323633,0.13918333265429472,0.14996364290799669,0.1481555208978777,0.14216650694104477,0.13934531327768407,0.15021910635046548,0.15041958718758325,0.13080068666698602,0.1589912655977564,0.12501453452324499,0.103230996656256,0,0.1282730253356486,0.15449159080410224,0.13229516406298922,0.14577068284755143,0.14588587838500677,0.12615301904845558,0.11660813763733383,0.1432703067085329,0.1352135015976877,0.12021851185237462,0.11967589119275276,0.13099245969699472,0.13354131719673712,0.13201502835975157,0.14093861858524737,0.1402711523210569,0.11872846213332029,0.1437627942625223,0.12391211735404616
Macedonian,0.14052584831825327,0.12938013395634657,0.11849934160515611,0.1420413158133787,0.08823433142871813,0.09624337829957254,0.1483972208412969,0.09521917176702784,0.11290937689466238,0.14221925375944436,0.12746544318344297,0.132549468443273,0.13487581390305778,0.13214496757372166,0.13517192227081118,0.12608200900009398,0.14769150316467797,0.1444231559905481,0.1278529753979719,0.14254401358967195,0.11221315347094701,0.1292870553907444,0.1282730253356486,0,0.14428133888400693,0.11492776361437054,0.15330671115537414,0.12809931653131387,0.12287519826562059,0.10399247099785126,0.1250837609360997,0.12507354046632496,0.09961744509349167,0.08549831473280094,0.11634193180816127,0.10790085732460848,0.11574359349671913,0.1190518351396326,0.13565087383126861,0.09550056204414072,0.12739321605544204,0.11188475027893859
Marathi,0.1607369823184523,0.14329659720999913,0.13299888285572933,0.1422442293849045,0.14261173118067286,0.14935652457985998,0.1654002628343078,0.14121234670249838,0.14979214263129856,0.1614543044934277,0.14774816858493092,0.1467154626336026,0.15134836234608695,0.1491841754744314,0.15422790626292898,0.144094293617543,0.11875612041607506,0.12497480906304119,0.14955426656377072,0.16055997110475265,0.1304013629248672,0.156243835150053,0.15449159080410224,0.14428133888400693,0,0.11616839782771446,0.17227276472396677,0.14160644951624318,0.13942078115683051,0.1414192675254455,0.14427805398787957,0.14543570765876346,0.14429004062707704,0.14903020459240998,0.1267989988065203,0.1492632032421296,0.15416770235359897,0.13528350974157344,0.15346526462622162,0.14163149678974474,0.12840916145535758,0.12788974968715386
Nepali,0.12251577585670771,0.11252743425943036,0.10774411843954294,0.10968574205321548,0.10887854362384715,0.1183401677362598,0.13523347819054757,0.11019392716803135,0.11742875531500022,0.12087757273866075,0.11625728749390063,0.11495789231784916,0.11587559100883581,0.11662550260755124,0.12360288690483069,0.10697946002078704,0.11876068604202857,0.11142244868943955,0.11746552822243284,0.12407443817803497,0.10097088416281143,0.1281477536616835,0.13229516406298922,0.11492776361437054,0.11616839782771446,0,0.1333252283913051,0.10946707523199883,0.11217657776775482,0.11600385097174365,0.11262764960322381,0.11210207377852055,0.11532082142374184,0.11710117735365796,0.09771390273051343,0.11390468734176991,0.11830783412739929,0.10531888734039514,0.11917056384844125,0.11134874060700686,0.09676534379127387,0.09958350025736937
Norwegian,0.1455601289403812,0.15245952446264163,0.13204988137553875,0.1741554948694607,0.13981432486279416,0.1560579516085977,0.1658954646798265,0.14527182600257302,0.15028163553074503,0.13109798326359648,0.13356474660628634,0.13121351704266473,0.15405013530361866,0.15398001409485107,0.14342562531380945,0.14901987645270856,0.1769948523531143,0.1710225557653689,0.12756497283898174,0.16984825290815977,0.13153940890412205,0.1513830658370454,0.14577068284755143,0.15330671115537414,0.17227276472396677,0.1333252283913051,0,0.1577358824712215,0.14373879683828486,0.14034179925025986,0.14279450533547386,0.14534850612868846,0.14717357340846443,0.15099940597989914,0.13990644010591297,0.15107002493588334,0.1525149371918391,0.1390607321816249,0.11127103683722211,0.14361751551471688,0.14972237160548382,0.13058575396336738
Pashto,0.13566791988777596,0.12472675725968996,0.11657124470470392,0.14898527133594247,0.12911579358541586,0.1369535172972844,0.15682785307786698,0.12609830462344546,0.1317259918364796,0.1402462011041026,0.13126744880277608,0.1349178668721638,0.13222608643842315,0.129538129189312,0.14122058794577436,0.12429142664877432,0.15192741588687034,0.14283907314055055,0.13002474165735,0.1332895842939782,0.11725688612153982,0.14438985066032226,0.14588587838500677,0.12809931653131387,0.14160644951624318,0.10946707523199883,0.1577358824712215,0,0.11499293203740622,0.13160281462246326,0.12534308642219974,0.12927807607859837,0.13001299127453844,0.13361658968587375,0.10745573043357545,0.13463611240577034,0.13629215740976144,0.11664076170811095,0.14155595761963496,0.1254555952198496,0.12159792134084407,0.11328324907817039
Persian,0.13002011074515962,0.12132952250807423,0.10973793946460422,0.14189172472204123,0.11669007301614315,0.12758698482789907,0.14448452996858913,0.11837793796052883,0.12426210118216365,0.1350847828620612,0.12260993595071644,0.1249202361262003,0.13084655531074332,0.12419901270338314,0.12936133076550455,0.12232792399089869,0.14197552165840355,0.1376429064686984,0.11932416472199837,0.13508470278855797,0.11299800882447582,0.13137849960615955,0.12615301904845558,0.12287519826562059,0.13942078115683051,0.11217657776775482,0.14373879683828486,0.11499293203740622,0,0.1195830688597965,0.12251247693248689,0.12195435000813698,0.12111226588286868,0.12155449817832649,0.110078813139334,0.12664101485170623,0.1283573637615005,0.11741968925314578,0.12771046570724956,0.11475188870018134,0.1181201208143256,0.11004033997989336
Polish,0.1374739675735795,0.12889851269131286,0.11624860922739334,0.14077462972029858,0.09237882400177493,0.10785697409012246,0.14203869478909328,0.09882517436614385,0.1016726582498163,0.13502175625507368,0.1290210784949785,0.12802478225204628,0.13139294693123293,0.13306374605828708,0.133022329775641,0.1239800162164356,0.1437806932905625,0.14193926786215944,0.12574351830532515,0.14278955242907757,0.11040309256369506,0.11592060003684485,0.11660813763733383,0.10399247099785126,0.1414192675254455,0.11600385097174365,0.14034179925025986,0.13160281462246326,0.1195830688597965,0,0.122912245357906,0.12069021151160987,0.09592706450898804,0.09762735723228261,0.11790846134797192,0.09410908465815811,0.10926222874113302,0.12134547597115657,0.13120187680775391,0.09125739889866553,0.1285747435094667,0.10881103436509482
Portuguese,0.13755840321697607,0.12253129343662016,0.11859385874473706,0.14602142446144184,0.12302229377582456,0.12660917375298758,0.12253116797264146,0.11885723236850988,0.1252510261892223,0.13023019826684634,0.12352680941910475,0.12462935824887164,0.11609547068375366,0.09539269749673994,0.13757177933369302,0.11875563950726568,0.15581803897699578,0.1509754390852131,0.12749500393773133,0.1302702285146473,0.10089199336422526,0.14000954670785073,0.1432703067085329,0.1250837609360997,0.14427805398787957,0.11262764960322381,0.14279450533547386,0.12534308642219974,0.12251247693248689,0.122912245357906,0,0.11525896209297784,0.12361711562525507,0.12765039574957898,0.11337838945367065,0.12375205126662024,0.12719938811205914,0.08464435254684971,0.13027975138380055,0.12018506403047467,0.12629613104995618,0.10815511050503948
Romanian,0.1401700631243767,0.127797433150259,0.11609392350797859,0.14554055348584788,0.11860823446593119,0.12807435458459002,0.13269735619651707,0.11916558291669208,0.12963259209916272,0.13637814991712913,0.12980788623931103,0.12922225581373487,0.12621391493839734,0.12153186240024932,0.13384224506891135,0.11922815934613394,0.1514483854868758,0.14378220754879076,0.12707430796185262,0.14170226443519837,0.09253429368598472,0.1374709274440552,0.1352135015976877,0.12507354046632496,0.14543570765876346,0.11210207377852055,0.14534850612868846,0.12927807607859837,0.12195435000813698,0.12069021151160987,0.11525896209297784,0,0.12385833865582474,0.12596738425808643,0.11735139204380195,0.12787403458792537,0.1313491957782379,0.10878132127593322,0.13187559653331168,0.1193260094473324,0.12960761752511743,0.10825935415874245
Russian,0.13533390872164183,0.12740895739531394,0.11495199812001164,0.1438369747573831,0.08940046636385056,0.1066010374133463,0.14646649564109515,0.10037342313179241,0.10599719247081597,0.13728353315405728,0.12805300802784111,0.1296806719921714,0.131604948705424,0.13180570090236143,0.13519448523006497,0.12430917562261906,0.14893236058819254,0.14613908283967678,0.12244047888691431,0.14237861722309555,0.11103343780681432,0.1187378012816745,0.12021851185237462,0.09961744509349167,0.14429004062707704,0.11532082142374184,0.14717357340846443,0.13001299127453844,0.12111226588286868,0.09592706450898804,0.12361711562525507,0.12385833865582474,0,0.0923959228275162,0.1151158678817437,0.0991000075801895,0.1143086730122964,0.11994909825161125,0.133669178485602,0.08366775498522813,0.13011096960927815,0.11040536039710033
Serbian,0.14075954316726494,0.13160279904721964,0.11844419093322164,0.14516730526879465,0.065655687308175,0.10236213732936864,0.15204429401709382,0.07793495789123225,0.10534026773269402,0.14232117286216467,0.12998772158782188,0.1347064232377675,0.13568224400237208,0.1360607849552894,0.13593917637459485,0.1279210171064127,0.15113889200987832,0.15078470033147606,0.12680910280946278,0.14997533178268266,0.11328752695585374,0.12300219520807938,0.11967589119275276,0.08549831473280094,0.14903020459240998,0.11710117735365796,0.15099940597989914,0.13361658968587375,0.12155449817832649,0.09762735723228261,0.12765039574957898,0.12596738425808643,0.0923959228275162,0,0.11807513890214678,0.10043455811613887,0.10231415967367617,0.12387630174377802,0.1352307509313395,0.08700800504679862,0.13176018858182648,0.11412054524715624
Sinhala,0.12552156573353387,0.10398288901839282,0.10554894214356123,0.13081004097529292,0.11481934714569651,0.11915026768046914,0.13899133340887915,0.10845243790823134,0.11951741519258799,0.12742893286309045,0.12072572759442243,0.12331666890091553,0.11930878117833572,0.11373262983555965,0.12949096741955543,0.10908213320691454,0.13688740839352273,0.13239227347845411,0.11607904222374288,0.12095107227548993,0.10681029222009936,0.13112240534213396,0.13099245969699472,0.11634193180816127,0.1267989988065203,0.09771390273051343,0.13990644010591297,0.10745573043357545,0.110078813139334,0.11790846134797192,0.11337838945367065,0.11735139204380195,0.1151158678817437,0.11807513890214678,0,0.11869089117952489,0.12380497271309897,0.10459842852960179,0.12381618232696892,0.11099649512593189,0.11264680389532526,0.10264263885173802
Slovak,0.1436492005337653,0.13248838846045663,0.12031883277166741,0.14789759471355252,0.09674979682325607,0.11134886613959698,0.14961742197776634,0.09672803387449505,0.08960210553002815,0.13582938021251015,0.1318672744275246,0.13233263161131695,0.13331122518503669,0.1360910036556722,0.1405457638747581,0.12688324717824198,0.15762476257656685,0.1531767931179624,0.13113760733879695,0.14461455613888025,0.11517336190365945,0.13017377376516426,0.13354131719673712,0.10790085732460848,0.1492632032421296,0.11390468734176991,0.15107002493588334,0.13463611240577034,0.12664101485170623,0.09410908465815811,0.12375205126662024,0.12787403458792537,0.0991000075801895,0.10043455811613887,0.11869089117952489,0,0.11097520896119507,0.11910492749644225,0.13660707086264917,0.09586445147202909,0.13032826340570253,0.10789946158097921
Slovenian,0.14605759894708106,0.13610521646243737,0.12491619299024063,0.14932054777600684,0.10175896560829796,0.11837773219402417,0.15544194101501693,0.09787098086324178,0.1159420963846804,0.14196636564056375,0.13247580784123722,0.1368558298445585,0.13552218663134827,0.14082378996093264,0.14175168106728084,0.12917593573221517,0.16107331952601348,0.15947449378295248,0.13570499252258353,0.14719171491312646,0.11882615910734216,0.13411884777228325,0.13201502835975157,0.11574359349671913,0.15416770235359897,0.11830783412739929,0.1525149371918391,0.13629215740976144,0.1283573637615005,0.10926222874113302,0.12719938811205914,0.1313491957782379,0.1143086730122964,0.10231415967367617,0.12380497271309897,0.11097520896119507,0,0.12431595612031937,0.1396388111769964,0.10763311069623487,0.1342915658767815,0.11416738031456722
Spanish,0.1344338810196184,0.11838446081418906,0.11556955045060702,0.13923527957135018,0.12069051642288679,0.11967694571355172,0.1130665849436762,0.11156552118633302,0.11968069295727479,0.12499170392513856,0.11950361381241843,0.1215003874043726,0.10862593326156253,0.0823922518198047,0.12967168295274606,0.10838599526949105,0.14622458881450223,0.14133580980387267,0.12212908978896517,0.1222645526767551,0.09180103051435803,0.14146537751061045,0.14093861858524737,0.1190518351396326,0.13528350974157344,0.10531888734039514,0.1390607321816249,0.11664076170811095,0.11741968925314578,0.12134547597115657,0.08464435254684971,0.10878132127593322,0.11994909825161125,0.12387630174377802,0.10459842852960179,0.11910492749644225,0.12431595612031937,0,0.1260679347176942,0.11341232156624474,0.12031096990442386,0.10391487846775699
Swedish,0.13587534613118432,0.13816567439691407,0.124442985077502,0.15215927564430842,0.131263278741857,0.14086710654770376,0.15439390267409886,0.13016285017902235,0.13909906022312143,0.1256491209482319,0.12183884445667549,0.12067278695032689,0.14614739261978832,0.13768280058509336,0.13033460830488025,0.13517382913663092,0.1597902932596804,0.15666342018207066,0.11733327394440314,0.1501166078971352,0.12170099146484684,0.14392445796899409,0.1402711523210569,0.13565087383126861,0.15346526462622162,0.11917056384844125,0.11127103683722211,0.14155595761963496,0.12771046570724956,0.13120187680775391,0.13027975138380055,0.13187559653331168,0.133669178485602,0.1352307509313395,0.12381618232696892,0.13660707086264917,0.1396388111769964,0.1260679347176942,0,0.12868085631257298,0.13365790480694795,0.11738005972110159
Ukrainian,0.13661268842579366,0.12341780846205526,0.11418535395596609,0.13803778830343771,0.08697198835845286,0.10368679233325964,0.141020512342843,0.09074881780838946,0.09896033413156696,0.13164193515284894,0.12436132719504421,0.1263472286956659,0.12673396616164023,0.12834997336723397,0.13077540281474342,0.1169381838695595,0.1458332950643926,0.14222520968648222,0.1194736980907272,0.1390809794719156,0.10726790790426165,0.12105080201658432,0.11872846213332029,0.09550056204414072,0.14163149678974474,0.11134874060700686,0.14361751551471688,0.1254555952198496,0.11475188870018134,0.09125739889866553,0.12018506403047467,0.1193260094473324,0.08366775498522813,0.08700800504679862,0.11099649512593189,0.09586445147202909,0.10763311069623487,0.11341232156624474,0.12868085631257298,0,0.1257626339240995,0.10475305869432877
Urdu,0.14412446165078688,0.12698900446132672,0.12132148768571781,0.12697955726938234,0.1272106099364871,0.1296885639143643,0.15310189320563988,0.12379656332045708,0.13040688356244456,0.13922967162797967,0.13133728434127334,0.13105505007896961,0.1338535085223776,0.1341549575712625,0.14049387246533945,0.12476989971000006,0.13023580427100281,0.10934337313106636,0.13256246550317716,0.14163702082943577,0.11932750414749013,0.14193748039318832,0.1437627942625223,0.12739321605544204,0.12840916145535758,0.09676534379127387,0.14972237160548382,0.12159792134084407,0.1181201208143256,0.1285747435094667,0.12629613104995618,0.12960761752511743,0.13011096960927815,0.13176018858182648,0.11264680389532526,0.13032826340570253,0.1342915658767815,0.12031096990442386,0.13365790480694795,0.1257626339240995,0,0.11366458745548333
Welsh,0.11870782528749184,0.11459473194584374,0.10213090652030893,0.1310001072963106,0.10814253982678347,0.11017629062737351,0.13002557910482831,0.10366253968899708,0.10985432560404727,0.11332122357226225,0.11034754762478262,0.10849593736939099,0.11033611433935969,0.11563307380782666,0.1166194919595894,0.10250019247776634,0.13656275709978896,0.12996271734985634,0.11048888461239499,0.11497106155987367,0.09468575502081282,0.11958267614449326,0.12391211735404616,0.11188475027893859,0.12788974968715386,0.09958350025736937,0.13058575396336738,0.11328324907817039,0.11004033997989336,0.10881103436509482,0.10815511050503948,0.10825935415874245,0.11040536039710033,0.11412054524715624,0.10264263885173802,0.10789946158097921,0.11416738031456722,0.10391487846775699,0.11738005972110159,0.10475305869432877,0.11366458745548333,0
