,Afrikaans,Albanian,Armenian,Bengali,Bosnian,Bulgarian,Catalan,Croatian,Czech,Danish,Dutch,English,French,Galician,German,Greek,Gujarati,Hindi,Icelandic,Irish,Italian,Latvian,Lithuanian,Macedonian,Marathi,Nepali,Norwegian,Pashto,Persian,Polish,Portuguese,Romanian,Russian,Serbian,Sinhala,Slovak,Slovenian,Spanish,Swedish,Ukrainian,Urdu,Welsh
Afrikaans,0,46.04302431808196,43.46039992572741,51.97100599676796,47.16842162663784,48.52035530365967,51.4798147413204,49.3927093473344,50.76411125977801,50.41910519527902,43.588546660528294,46.966874620124884,49.79341076459869,46.89676914048978,46.83748661890171,52.55615498018764,52.74408970676719,54.06466370548576,43.3016747163511,49.91866691903939,47.391634055989606,52.66752066285329,44.967647619007344,48.30816970978758,52.726676943143936,47.53851614415912,46.18867507626202,47.21579436281716,44.971651445816796,49.837613906669844,50.31036787966915,50.38077872879022,47.67231725400488,48.478005234994,45.08173019551948,51.08613760497207,51.942496190582446,49.48687467908438,45.93122763259037,47.496481108959074,51.29866317036055,45.20626556355377
Albanian,46.04302431808196,0,44.92339639634235,51.5446101086114,51.387736648175995,50.97908610021227,51.47172676969071,51.99075135283929,53.84068542479155,55.47930201453712,52.9558707628202,55.27904440146224,51.07641680893738,46.39890849922554,53.37340754786436,53.43975871484337,53.70172394002591,54.815365972099876,49.4700258450314,48.38614115741357,50.466461281844495,55.95001039059356,47.311240818900494,50.98172533619083,51.82359914581184,50.21605104301743,52.47322884092701,46.47986259684951,45.98827731086321,52.944292706928934,51.89047289107014,53.740821017620085,50.94433640008552,51.41173117141949,41.806058600437744,52.82235824436604,54.402230592532035,51.19292705272967,51.455955142087596,50.69589421482234,51.59836913647574,49.09545505826541
Armenian,43.46039992572741,44.92339639634235,0,50.92038645622806,49.967166985272485,49.60731125268004,50.879286658652006,50.20714658773533,52.86556337290875,51.95023913740697,52.412726812363076,53.89106482056497,47.93315624987567,46.44314532175106,50.87171272464558,48.690617173741046,53.543207775464566,53.131924825076325,45.94734374823341,45.911741160976554,51.42190420346133,54.09491460164079,51.550079744180096,51.14214309437187,50.705947467805274,50.87925071980252,47.67285080391441,44.897051977495266,47.047450451810725,55.35219077657297,51.586060701412265,51.2353901997747,50.35450904307703,50.25479741668492,45.260007713706194,50.72795862958163,52.44105514324143,51.2586814474266,49.973426642918334,51.067197986099536,51.37772261875784,51.861604625360535
Bengali,51.97100599676796,51.5446101086114,50.92038645622806,0,50.487477505616944,47.14577921358802,48.820339021011506,48.72189659893253,49.6424643559304,50.809249235580296,50.52989542571851,50.22116028324533,49.593774102960865,48.42005454241288,48.5732275976481,51.20031301001213,44.52222328573184,45.31217279819192,49.75496616859337,49.776983257190814,45.89827468021033,53.04960609149595,45.50439252580352,46.40168402653668,45.024497326942424,45.95868334298621,53.31954909187095,48.69566595117842,48.06282725576628,47.54246534145452,49.48875983595878,49.052695307153975,48.71663732270638,48.36056397620741,47.893594239511486,49.38268330420495,52.106317317978394,48.40730048976727,48.75111358025674,46.84001172546151,43.45597883626864,44.54916023517146
Bosnian,47.16842162663784,51.387736648175995,49.967166985272485,50.487477505616944,0,45.49128276178939,52.55556796770154,41.28149579689666,46.83309895089766,49.09802809949671,53.057755406159245,53.27934562216723,47.74171518990428,50.27749712088739,50.6918724900686,51.79793401676465,54.06346526444687,52.18409217665048,50.56050725858191,51.70085825192792,49.36478179402918,51.60682010420802,49.383188284324405,43.06671734049436,52.7579521663131,46.38509944529296,47.34221313443111,50.211293501711516,52.679376070163514,46.66189724213694,51.17460735161849,49.36600492136802,43.24920934489591,36.36341519312302,52.00797580203475,42.47527379067268,44.29565153542028,52.03755207365984,51.56193249928172,44.385180392895535,50.42227564582175,50.97162350558028
Bulgarian,48.52035530365967,50.97908610021227,49.60731125268004,47.14577921358802,45.49128276178939,0,45.78437675948245,39.13345386094826,43.859025212564646,48.194289731617346,47.75462892350984,46.37321048796315,47.79233348820697,44.77452305002267,47.762298148915285,50.01317330451158,48.4368942428973,49.96926864467976,46.632762581363025,47.45959160929858,44.15694024188081,53.062601400368706,43.50606332518995,36.49383665706543,47.195742514010256,52.50362137923323,51.288781663829404,46.87401986033399,46.8373571002335,43.38350404208272,47.84521175887784,48.667063145283116,41.82818943738835,40.52902039125141,48.52951448470594,43.7177849527797,45.81876342017395,45.46275504469765,46.94278659442927,40.542022655648566,46.39842361348071,41.73132407611059
Catalan,51.4798147413204,51.47172676969071,50.879286658652006,48.820339021011506,52.55556796770154,45.78437675948245,0,46.03568700144835,50.139658231331204,48.897022967003444,48.29650654674586,47.81258654969609,44.84853417629858,42.12486721286479,48.25230230824525,49.65147364008335,48.48764563150545,50.25860993905366,48.448085742804565,48.255992225948646,41.226862805894896,55.0974163963359,44.82924318475017,45.85068003904989,47.43721865858052,53.31426100108491,50.91243990351543,49.99799868570887,48.39499104222729,47.82935633430421,42.78897300067801,45.843109007759956,48.53094920847734,48.32085764175157,49.18208751695707,48.830495768715465,50.44708050499564,39.2298526093413,47.426348650388036,46.592855571543375,48.43467956098885,43.65020576125074
Croatian,49.3927093473344,51.99075135283929,50.20714658773533,48.72189659893253,41.28149579689666,39.13345386094826,46.03568700144835,0,43.77466577640263,47.9845868542814,49.047399604992165,49.89681555621596,47.388452245518515,46.71857373902774,48.790082539954874,49.362451971793654,49.96653070454124,50.83629716495664,48.284798875316284,48.462566026759376,45.540797769418596,53.90287282420524,44.3500653444341,39.2059652777388,48.05612089333213,53.235120783945675,50.57736776250516,48.3566516129876,48.02314235619652,42.60200888487977,48.50488241944319,48.23842606290644,42.93457651401111,36.99008003750719,49.22302324138303,41.32397679988865,41.203971264825526,46.55295439159924,47.97168235588378,40.751297223974525,47.992621063706,44.53174391561958
Czech,50.76411125977801,53.84068542479155,52.86556337290875,49.6424643559304,46.83309895089766,43.859025212564646,50.139658231331204,43.77466577640263,0,48.153890256519006,49.17100591152476,49.672647828781216,49.29344548492519,49.621111486640835,49.570128300355194,52.506424790399095,52.6663104003783,53.528575521821935,49.91889207252914,51.14047098991616,47.67385062582055,54.03855293542215,47.6507074306265,43.712628912769524,51.7717575736033,51.11546649142509,52.26938538342462,49.578072747048274,49.99884640804009,44.77724758676952,50.026228095087326,50.697359638683665,44.023366151498244,42.39370851538037,52.100088441502415,40.60904131830962,44.91674532420288,49.560048653067184,49.02215633988484,42.02572547416706,49.34880438893261,45.942724578963876
Danish,50.41910519527902,55.47930201453712,51.95023913740697,50.809249235580296,49.09802809949671,48.194289731617346,48.897022967003444,47.9845868542814,48.153890256519006,0,45.043147652553934,43.90975312401593,48.665361729009646,50.34828557661623,43.17495079859634,50.99670760429876,50.223332628862224,50.23655077216052,45.418974210741794,51.6335671655328,43.141132406635904,54.40739582695834,46.04501003741734,47.9173000753163,50.584956658410846,48.76517312589685,46.605815968248265,52.3156188807862,49.60629903879579,46.42833454632209,47.88825529182929,47.82176922345615,48.642505889615,49.59732907265359,52.54924123777869,48.11891604659755,49.6041643832855,47.61364786688876,43.52840564918942,46.564361817456614,49.13970130509924,41.44122432379672
Dutch,43.588546660528294,52.9558707628202,52.412726812363076,50.52989542571851,53.057755406159245,47.75462892350984,48.29650654674586,49.047399604992165,49.17100591152476,45.043147652553934,0,45.059874613349365,49.21354225233312,48.71952509733831,42.02568545824337,50.55208928451831,49.70210597668581,52.14433456783447,45.9457156125937,49.83185260925457,46.93582225662223,55.69251394715707,47.03775069858064,46.64737253543182,49.31515520615569,53.70318243645949,48.19612254620301,50.08964948524954,48.756863804292585,49.249843937919714,47.903971100951715,49.87847697820875,49.470300102030485,49.39822320924709,52.465266255377486,48.91788519397073,49.00956691036855,46.96200253589909,45.312468299714446,47.47811492739028,50.24149797229213,46.08352946728955
English,46.966874620124884,55.27904440146224,53.89106482056497,50.22116028324533,53.27934562216723,46.37321048796315,47.81258654969609,49.89681555621596,49.672647828781216,43.90975312401593,45.059874613349365,0,47.998783290629945,47.75780208560813,44.426386417021774,52.519445267306864,49.0285792985308,50.667441660406475,47.38251775713086,48.65999034861477,45.37790634513531,56.29168059264778,46.67315871330425,48.15382152282735,48.5688289965882,52.98264994773426,46.544781295514376,50.59529809164319,50.17190424465809,49.14756617458412,49.8796077780073,49.06189914928274,49.177454306213974,50.06757085177917,53.14500658997984,50.43818123082008,52.91259572709333,48.97400413944702,45.33217363024565,48.618102091941225,49.38987515368124,43.76036684254124
French,49.79341076459869,51.07641680893738,47.93315624987567,49.593774102960865,47.74171518990428,47.79233348820697,44.84853417629858,47.388452245518515,49.29344548492519,48.665361729009646,49.21354225233312,47.998783290629945,0,46.33163008188688,48.85664630480971,49.10977190698159,50.89112203430689,51.187147629225905,47.98036000310325,49.724443547124494,40.70060454140407,51.688769558198075,44.04649361813938,46.78508299936212,49.26334554776182,48.781540019950576,50.652901388692094,49.08671043538158,47.657041085185725,46.93852791133415,45.819743279863204,45.327970980005716,47.53500897159365,48.12562423683225,48.686776854165245,48.64573314789659,48.805102848310334,43.789292080451744,48.66412788088936,46.53212365157931,48.27058741384294,42.42532674052253
Galician,46.89676914048978,46.39890849922554,46.44314532175106,48.42005454241288,50.27749712088739,44.77452305002267,42.12486721286479,46.71857373902774,49.621111486640835,50.34828557661623,48.71952509733831,47.75780208560813,46.33163008188688,0,48.60967604047067,51.007267976758655,49.675750309639106,51.806098002664115,44.63001685004197,45.744114386425245,41.60917551175488,53.714793105250195,44.14991603212398,44.98045825692859,48.536071933448255,50.57760944054427,52.21840594728153,45.794405585710614,43.09659528151686,48.76137517588891,40.928616641893996,47.260654233083066,46.82738504341003,46.784788174552325,42.84103314625093,50.123229868420964,51.711073309713285,37.719813008554134,45.88019140074974,45.49309571922018,48.03630911568843,42.263455476529856
German,46.83748661890171,53.37340754786436,50.87171272464558,48.5732275976481,50.6918724900686,47.762298148915285,48.25230230824525,48.790082539954874,49.570128300355194,43.17495079859634,42.02568545824337,44.426386417021774,48.85664630480971,48.60967604047067,0,48.82256609025859,49.757012256955754,50.30433769026465,46.14120129209688,49.11473950851979,45.215782990058976,54.39940373352838,46.270626812651656,47.84104520286424,49.19766407181288,50.63117207288382,48.324085790364116,49.62825057967792,49.57539119853657,49.137380450981496,50.16095975567886,48.366453885371506,49.29938570993613,49.14634517430729,52.0015961756766,49.484520172340964,49.20700879605494,48.048466671140815,44.053696037115095,47.31751607749139,48.326244203099314,44.15895318012701
Greek,52.55615498018764,53.43975871484337,48.690617173741046,51.20031301001213,51.79793401676465,50.01317330451158,49.65147364008335,49.362451971793654,52.506424790399095,50.99670760429876,50.55208928451831,52.519445267306864,49.10977190698159,51.007267976758655,48.82256609025859,0,52.486242283159235,51.249074264292936,49.42382086299874,51.79248173449089,46.53111793636442,52.48146014089176,45.213093401632264,50.18880801185762,51.28793930542552,52.213000298118274,52.82777231933709,50.90654438880197,50.209037583197315,49.765869169601274,51.05204215456517,49.191138954028354,50.404966916769794,50.98092101541214,50.56552813521137,51.37136890829303,51.82983692220179,48.42676849328798,51.46845106870863,49.13397156044329,50.46221829717277,45.448593074938564
Gujarati,52.74408970676719,53.70172394002591,53.543207775464566,44.52222328573184,54.06346526444687,48.4368942428973,48.48764563150545,49.96653070454124,52.6663104003783,50.223332628862224,49.70210597668581,49.0285792985308,50.89112203430689,49.675750309639106,49.757012256955754,52.486242283159235,0,40.381129611597416,51.52430797990756,51.30219110109415,47.83202728287846,57.10651372609137,46.25671435922753,47.91760371092733,36.32231013670223,49.76923685187767,51.817424124669884,50.24311291680871,50.495022083245836,49.568332569429984,52.03779644785513,50.042722784458846,51.84800813663753,51.107209699097375,50.824373589355844,51.44574974760774,52.458828481218234,48.62703770648493,49.432834527002804,49.26427521252409,44.906770163013526,46.810236893599765
Hindi,54.06466370548576,54.815365972099876,53.131924825076325,45.31217279819192,52.18409217665048,49.96926864467976,50.25860993905366,50.83629716495664,53.528575521821935,50.23655077216052,52.14433456783447,50.667441660406475,51.187147629225905,51.806098002664115,50.30433769026465,51.249074264292936,40.381129611597416,0,53.39174541850525,52.67032580477064,48.18438549086651,56.55429839010062,47.739180132275614,49.8326547843817,41.82029520854687,47.51363270680374,51.988894197640754,51.06874756351389,51.76735025185852,50.28706954303426,53.573228695464465,48.73260200717556,51.803343295384174,51.98007459819154,51.84592298260367,51.38169413119341,52.02520012140675,50.33615158897478,50.758814296750195,50.73016304347301,40.82050941223384,47.46483137687935
Icelandic,43.3016747163511,49.4700258450314,45.94734374823341,49.75496616859337,50.56050725858191,46.632762581363025,48.448085742804565,48.284798875316284,49.91889207252914,45.418974210741794,45.9457156125937,47.38251775713086,47.98036000310325,44.63001685004197,46.14120129209688,49.42382086299874,51.52430797990756,53.39174541850525,0,47.26374362390489,46.587944636154056,52.136016262114005,43.84093931379987,46.62391273234036,49.98104901676719,52.52294102125038,46.79427613919128,46.40031939608674,45.362299269822955,50.07239596771962,49.22596001368932,50.18217879334555,46.961608317544595,47.57241054999839,46.54838493329546,49.41499321843589,51.55319896128357,48.141171404463414,43.9850739202212,46.16769078440829,49.627918562344455,45.179144886220044
Irish,49.91866691903939,48.38614115741357,45.911741160976554,49.776983257190814,51.70085825192792,47.45959160929858,48.255992225948646,48.462566026759376,51.14047098991616,51.6335671655328,49.83185260925457,48.65999034861477,49.724443547124494,45.744114386425245,49.11473950851979,51.79248173449089,51.30219110109415,52.67032580477064,47.26374362390489,0,45.95467718405833,54.25931007293924,44.78822307968838,47.17698652868004,49.882062641756484,51.099061429255656,54.14489450253634,46.90137202337225,45.08259095230578,49.07435977354906,47.92849884290465,49.388004821457265,48.90153932428372,49.60762287923166,44.51296597821111,51.56911002547664,52.467588492721646,45.144847701092196,47.275743072111275,46.92029326039723,48.4639950307238,41.39504199122642
Italian,47.391634055989606,50.466461281844495,51.42190420346133,45.89827468021033,49.36478179402918,44.15694024188081,41.226862805894896,45.540797769418596,47.67385062582055,43.141132406635904,46.93582225662223,45.37790634513531,40.70060454140407,41.60917551175488,45.215782990058976,46.53111793636442,47.83202728287846,48.18438549086651,46.587944636154056,45.95467718405833,0,53.52810377603822,49.47471498586169,45.08499848911436,46.373266180703055,49.66815064296234,46.49353215810748,46.24264861194719,49.5173899074083,47.93825895560784,42.90924703556863,40.78852051303909,46.321847268170494,46.23104328479599,50.75442079124404,45.515548601429785,47.39711367129965,42.39930124692278,46.14777981936086,46.15637907138635,46.26056543304765,43.41710361381647
Latvian,52.66752066285329,55.95001039059356,54.09491460164079,53.04960609149595,51.60682010420802,53.062601400368706,55.0974163963359,53.90287282420524,54.03855293542215,54.40739582695834,55.69251394715707,56.29168059264778,51.688769558198075,53.714793105250195,54.39940373352838,52.48146014089176,57.10651372609137,56.55429839010062,52.136016262114005,54.25931007293924,53.52810377603822,0,41.28870001106934,52.704784727676866,55.761481113437405,56.283860454389945,52.8957649982107,53.48030843492299,54.770450010993144,51.849979759631594,55.59388974917776,52.67586210241736,49.70322525127551,51.143064241888275,55.89554997002974,51.25958597650858,52.8274692764928,57.45729838464169,55.0215678062224,52.00041060493944,53.25660207529783,53.57208901327135
Lithuanian,44.967647619007344,47.311240818900494,51.550079744180096,45.50439252580352,49.383188284324405,43.50606332518995,44.82924318475017,44.3500653444341,47.6507074306265,46.04501003741734,47.03775069858064,46.67315871330425,44.04649361813938,44.14991603212398,46.270626812651656,45.213093401632264,46.25671435922753,47.739180132275614,43.84093931379987,44.78822307968838,49.47471498586169,41.28870001106934,0,44.304354294904954,45.15750071151104,52.15474630769975,44.015968398269514,44.79608840834194,48.59391433193317,48.57376333407458,47.49340033854989,45.77043140538534,44.459831926042526,43.29568367577872,48.04157245081824,44.339747411582934,46.26128370586401,46.649699436294775,45.176757227758095,44.67016579286359,45.9408124641006,50.11909019743381
Macedonian,48.30816970978758,50.98172533619083,51.14214309437187,46.40168402653668,43.06671734049436,36.49383665706543,45.85068003904989,39.2059652777388,43.712628912769524,47.9173000753163,46.64737253543182,48.15382152282735,46.78508299936212,44.98045825692859,47.84104520286424,50.18880801185762,47.91760371092733,49.8326547843817,46.62391273234036,47.17698652868004,45.08499848911436,52.704784727676866,44.304354294904954,0,46.89288559062959,52.054573815098955,50.89646418008671,46.1941865413088,47.22768709253476,43.315143864597616,46.51185419783597,48.56479067427055,39.80420017180529,35.160701013571206,48.43293013536328,42.09872768575945,45.01373388150375,45.27414036450998,46.70570399968487,38.15365005965694,46.68843039303779,44.25100187797839
Marathi,52.726676943143936,51.82359914581184,50.705947467805274,45.024497326942424,52.7579521663131,47.195742514010256,47.43721865858052,48.05612089333213,51.7717575736033,50.584956658410846,49.31515520615569,48.5688289965882,49.26334554776182,48.536071933448255,49.19766407181288,51.28793930542552,36.32231013670223,41.82029520854687,49.98104901676719,49.882062641756484,46.373266180703055,55.761481113437405,45.15750071151104,46.89288559062959,0,50.026524742656555,51.82357537299741,49.22928934121992,48.79822612509732,48.42689488757211,50.17235637534989,49.22987594249008,49.631983362963254,49.732540458861884,48.467700651418724,49.96892820851341,52.079216978335936,46.51056617788642,48.73952128202109,47.8895433752039,44.8638322276397,44.83123890427779
Nepali,47.53851614415912,50.21605104301743,50.87925071980252,45.95868334298621,46.38509944529296,52.50362137923323,53.31426100108491,53.235120783945675,51.11546649142509,48.76517312589685,53.70318243645949,52.98264994773426,48.781540019950576,50.57760944054427,50.63117207288382,52.213000298118274,49.76923685187767,47.51363270680374,52.52294102125038,51.099061429255656,49.66815064296234,56.283860454389945,52.15474630769975,52.054573815098955,50.026524742656555,0,48.37458830474843,49.5349633476729,52.50369647263371,53.88408179331912,52.17492627386176,49.51802131242041,51.81140439279949,51.080247192148015,50.1411381128793,50.04812706881705,51.67048775822553,53.28997514271311,51.454912500981685,51.786547789246654,46.98118478010276,50.05190049887278
Norwegian,46.18867507626202,52.47322884092701,47.67285080391441,53.31954909187095,47.34221313443111,51.288781663829404,50.91243990351543,50.57736776250516,52.26938538342462,46.605815968248265,48.19612254620301,46.544781295514376,50.652901388692094,52.21840594728153,48.324085790364116,52.82777231933709,51.817424124669884,51.988894197640754,46.79427613919128,54.14489450253634,46.49353215810748,52.8957649982107,44.015968398269514,50.89646418008671,51.82357537299741,48.37458830474843,0,54.72176362759401,50.492174930711876,49.315626599690376,51.82885701778431,49.474120741430454,50.411647912950855,51.07611780310393,50.14146046249036,51.108732793054365,51.54576353189547,49.67110147090687,42.42988524060181,49.55289424933163,51.58304435485506,45.98927528730384
Pashto,47.21579436281716,46.47986259684951,44.897051977495266,48.69566595117842,50.211293501711516,46.87401986033399,49.99799868570887,48.3566516129876,49.578072747048274,52.3156188807862,50.08964948524954,50.59529809164319,49.08671043538158,45.794405585710614,49.62825057967792,50.90654438880197,50.24311291680871,51.06874756351389,46.40031939608674,46.90137202337225,46.24264861194719,53.48030843492299,44.79608840834194,46.1941865413088,49.22928934121992,49.5349633476729,54.72176362759401,0,40.99108075818578,49.0119985960293,49.101722111074004,50.42131580111431,47.43897029822047,48.18765824828343,43.15505860222615,50.70639395819461,51.99181724691512,47.493878029147645,48.583878861293464,45.98279933012025,47.44192391772599,43.24951491063871
Persian,44.971651445816796,45.98827731086321,47.047450451810725,48.06282725576628,52.679376070163514,46.8373571002335,48.39499104222729,48.02314235619652,49.99884640804009,49.60629903879579,48.756863804292585,50.17190424465809,47.657041085185725,43.09659528151686,49.57539119853657,50.209037583197315,50.495022083245836,51.76735025185852,45.362299269822955,45.08259095230578,49.5173899074083,54.770450010993144,48.59391433193317,47.22768709253476,48.79822612509732,52.50369647263371,50.492174930711876,40.99108075818578,0,51.68336180407084,49.10295133114004,50.331899148700515,47.82967228405306,47.80406006828615,45.90701105330869,50.02529262196288,51.73399785546974,48.29445444723187,46.52016220785617,46.98652076157253,46.808346752199746,47.59621308750173
Polish,49.837613906669844,52.944292706928934,55.35219077657297,47.54246534145452,46.66189724213694,43.38350404208272,47.82935633430421,42.60200888487977,44.77724758676952,46.42833454632209,49.249843937919714,49.14756617458412,46.93852791133415,48.76137517588891,49.137380450981496,49.765869169601274,49.568332569429984,50.28706954303426,50.07239596771962,49.07435977354906,47.93825895560784,51.849979759631594,48.57376333407458,43.315143864597616,48.42689488757211,53.88408179331912,49.315626599690376,49.0119985960293,51.68336180407084,0,48.56456083839606,47.64025733731429,43.460312517802386,42.558773644790286,52.93641847178824,39.495206733768526,44.198470191952865,48.717987977653685,49.11821747565524,41.811619370192105,47.89440750770751,48.55408216224117
Portuguese,50.31036787966915,51.89047289107014,51.586060701412265,49.48875983595878,51.17460735161849,47.84521175887784,42.78897300067801,48.50488241944319,50.026228095087326,47.88825529182929,47.903971100951715,49.8796077780073,45.819743279863204,40.928616641893996,50.16095975567886,51.05204215456517,52.03779644785513,53.573228695464465,49.22596001368932,47.92849884290465,42.90924703556863,55.59388974917776,47.49340033854989,46.51185419783597,50.17235637534989,52.17492627386176,51.82885701778431,49.101722111074004,49.10295133114004,48.56456083839606,0,47.105692165986476,47.63374438291659,48.124918268583926,51.35409529233388,47.82364351362783,48.866009527002774,38.5447967492523,48.19360540377128,46.65045449953046,49.310563231412694,45.262651906664374
Romanian,50.38077872879022,53.740821017620085,51.2353901997747,49.052695307153975,49.36600492136802,48.667063145283116,45.843109007759956,48.23842606290644,50.697359638683665,47.82176922345615,49.87847697820875,49.06189914928274,45.327970980005716,47.260654233083066,48.366453885371506,49.191138954028354,50.042722784458846,48.73260200717556,50.18217879334555,49.388004821457265,40.78852051303909,52.67586210241736,45.77043140538534,48.56479067427055,49.22987594249008,49.51802131242041,49.474120741430454,50.42131580111431,50.331899148700515,47.64025733731429,47.105692165986476,0,48.8856313281488,49.28872855795732,51.23250407809923,48.844908532530745,49.87628996487818,46.648205541938495,49.02670873444239,48.84939884006723,48.62004197016227,44.82608495365731
Russian,47.67231725400488,50.94433640008552,50.35450904307703,48.71663732270638,43.24920934489591,41.82818943738835,48.53094920847734,42.93457651401111,44.023366151498244,48.642505889615,49.470300102030485,49.177454306213974,47.53500897159365,46.82738504341003,49.29938570993613,50.404966916769794,51.84800813663753,51.803343295384174,46.961608317544595,48.90153932428372,46.321847268170494,49.70322525127551,44.459831926042526,39.80420017180529,49.631983362963254,51.81140439279949,50.411647912950855,47.43897029822047,47.82967228405306,43.460312517802386,47.63374438291659,48.8856313281488,0,39.222469639679325,49.430274913101805,42.11042778836787,45.78952117755659,48.43206294050348,48.45816537064405,37.84968992530014,48.90509041585494,46.35593281282385
Serbian,48.478005234994,51.41173117141949,50.25479741668492,48.36056397620741,36.36341519312302,40.52902039125141,48.32085764175157,36.99008003750719,42.39370851538037,49.59732907265359,49.39822320924709,50.06757085177917,48.12562423683225,46.784788174552325,49.14634517430729,50.98092101541214,51.107209699097375,51.98007459819154,47.57241054999839,49.60762287923166,46.23104328479599,51.143064241888275,43.29568367577872,35.160701013571206,49.732540458861884,51.080247192148015,51.07611780310393,48.18765824828343,47.80406006828615,42.558773644790286,48.124918268583926,49.28872855795732,39.222469639679325,0,49.946456593229485,41.233462532999276,42.80394264116632,47.75265033275708,48.67495156515921,38.33501038301644,48.24358830271115,45.71282987463732
Sinhala,45.08173019551948,41.806058600437744,45.260007713706194,47.893594239511486,52.00797580203475,48.52951448470594,49.18208751695707,49.22302324138303,52.100088441502415,52.54924123777869,52.465266255377486,53.14500658997984,48.686776854165245,42.84103314625093,52.0015961756766,50.56552813521137,50.824373589355844,51.84592298260367,46.54838493329546,44.51296597821111,50.75442079124404,55.89554997002974,48.04157245081824,48.43293013536328,48.467700651418724,50.1411381128793,50.14146046249036,43.15505860222615,45.90701105330869,52.93641847178824,51.35409529233388,51.23250407809923,49.430274913101805,49.946456593229485,0,51.009143257339154,53.02941776539159,48.097135851994125,47.956963475929065,48.72505890213969,48.4384407789712,48.51561096864292
Slovak,51.08613760497207,52.82235824436604,50.72795862958163,49.38268330420495,42.47527379067268,43.7177849527797,48.830495768715465,41.32397679988865,40.60904131830962,48.11891604659755,48.91788519397073,50.43818123082008,48.64573314789659,50.123229868420964,49.484520172340964,51.37136890829303,51.44574974760774,51.38169413119341,49.41499321843589,51.56911002547664,45.515548601429785,51.25958597650858,44.339747411582934,42.09872768575945,49.96892820851341,50.04812706881705,51.108732793054365,50.70639395819461,50.02529262196288,39.495206733768526,47.82364351362783,48.844908532530745,42.11042778836787,41.233462532999276,51.009143257339154,0,42.18240435783148,47.66327676134817,49.03540288853488,40.245867263757454,48.237372486137474,44.4370574603119
Slovenian,51.942496190582446,54.402230592532035,52.44105514324143,52.106317317978394,44.29565153542028,45.81876342017395,50.44708050499564,41.203971264825526,44.91674532420288,49.6041643832855,49.00956691036855,52.91259572709333,48.805102848310334,51.711073309713285,49.20700879605494,51.82983692220179,52.458828481218234,52.02520012140675,51.55319896128357,52.467588492721646,47.39711367129965,52.8274692764928,46.26128370586401,45.01373388150375,52.079216978335936,51.67048775822553,51.54576353189547,51.99181724691512,51.73399785546974,44.198470191952865,48.866009527002774,49.87628996487818,45.78952117755659,42.80394264116632,53.02941776539159,42.18240435783148,0,48.54719325149631,51.3102444454252,44.69149079008764,50.93593126129364,47.61670039789909
Spanish,49.48687467908438,51.19292705272967,51.2586814474266,48.40730048976727,52.03755207365984,45.46275504469765,39.2298526093413,46.55295439159924,49.560048653067184,47.61364786688876,46.96200253589909,48.97400413944702,43.789292080451744,37.719813008554134,48.048466671140815,48.42676849328798,48.62703770648493,50.33615158897478,48.141171404463414,45.144847701092196,42.39930124692278,57.45729838464169,46.649699436294775,45.27414036450998,46.51056617788642,53.28997514271311,49.67110147090687,47.493878029147645,48.29445444723187,48.717987977653685,38.5447967492523,46.648205541938495,48.43206294050348,47.75265033275708,48.097135851994125,47.66327676134817,48.54719325149631,0,47.629232952548804,45.98957129406266,48.358185164956616,44.39229308714217
Swedish,45.93122763259037,51.455955142087596,49.973426642918334,48.75111358025674,51.56193249928172,46.94278659442927,47.426348650388036,47.97168235588378,49.02215633988484,43.52840564918942,45.312468299714446,45.33217363024565,48.66412788088936,45.88019140074974,44.053696037115095,51.46845106870863,49.432834527002804,50.758814296750195,43.9850739202212,47.275743072111275,46.14777981936086,55.0215678062224,45.176757227758095,46.70570399968487,48.73952128202109,51.454912500981685,42.42988524060181,48.583878861293464,46.52016220785617,49.11821747565524,48.19360540377128,49.02670873444239,48.45816537064405,48.67495156515921,47.956963475929065,49.03540288853488,51.3102444454252,47.629232952548804,0,47.81492331779574,48.00600217803208,44.12427473860103
Ukrainian,47.496481108959074,50.69589421482234,51.067197986099536,46.84001172546151,44.385180392895535,40.542022655648566,46.592855571543375,40.751297223974525,42.02572547416706,46.564361817456614,47.47811492739028,48.618102091941225,46.53212365157931,45.49309571922018,47.31751607749139,49.13397156044329,49.26427521252409,50.73016304347301,46.16769078440829,46.92029326039723,46.15637907138635,52.00041060493944,44.67016579286359,38.15365005965694,47.8895433752039,51.786547789246654,49.55289424933163,45.98279933012025,46.98652076157253,41.811619370192105,46.65045449953046,48.84939884006723,37.84968992530014,38.33501038301644,48.72505890213969,40.245867263757454,44.69149079008764,45.98957129406266,47.81492331779574,0,47.43207516573903,44.31914700230055
Urdu,51.29866317036055,51.59836913647574,51.37772261875784,43.45597883626864,50.42227564582175,46.39842361348071,48.43467956098885,47.992621063706,49.34880438893261,49.13970130509924,50.24149797229213,49.38987515368124,48.27058741384294,48.03630911568843,48.326244203099314,50.46221829717277,44.906770163013526,40.82050941223384,49.627918562344455,48.4639950307238,46.26056543304765,53.25660207529783,45.9408124641006,46.68843039303779,44.8638322276397,46.98118478010276,51.58304435485506,47.44192391772599,46.808346752199746,47.89440750770751,49.310563231412694,48.62004197016227,48.90509041585494,48.24358830271115,48.4384407789712,48.237372486137474,50.93593126129364,48.358185164956616,48.00600217803208,47.43207516573903,0,43.89618483119369
Welsh,45.20626556355377,49.09545505826541,51.861604625360535,44.54916023517146,50.97162350558028,41.73132407611059,43.65020576125074,44.53174391561958,45.942724578963876,41.44122432379672,46.08352946728955,43.76036684254124,42.42532674052253,42.263455476529856,44.15895318012701,45.448593074938564,46.810236893599765,47.46483137687935,45.179144886220044,41.39504199122642,43.41710361381647,53.57208901327135,50.11909019743381,44.25100187797839,44.83123890427779,50.05190049887278,45.98927528730384,43.24951491063871,47.59621308750173,48.55408216224117,45.262651906664374,44.82608495365731,46.35593281282385,45.71282987463732,48.51561096864292,44.4370574603119,47.61670039789909,44.39229308714217,44.12427473860103,44.31914700230055,43.89618483119369,0
