,Afrikaans,Albanian,Armenian,Bengali,Bosnian,Bulgarian,Catalan,Croatian,Czech,Danish,Dutch,English,French,Galician,German,Greek,Gujarati,Hindi,Icelandic,Irish,Italian,Latvian,Lithuanian,Macedonian,Marathi,Nepali,Norwegian,Pashto,Persian,Polish,Portuguese,Romanian,Russian,Serbian,Sinhala,Slovak,Slovenian,Spanish,Swedish,Ukrainian,Urdu,Welsh
Afrikaans,0,307.7894505376899,353.1105986374031,336.7478459030124,342.66993925380154,317.5894825364989,329.1947420271882,318.80331445051144,321.18301122999503,264.32724504521923,225.38539589374201,290.98806985087845,305.2953895492381,294.58652213408163,285.08090040985314,326.6343854228668,345.8468827629593,357.39255940651265,288.28535249213024,289.67058505211867,353.2257090601448,349.0174253534277,427.95532160864377,327.0087740225358,326.8328027205525,314.7027011521288,276.60807528685115,299.1085386174666,341.09724473125686,369.1364013143524,307.95804345112975,335.34420246102786,332.21875966461363,326.6400429137137,308.51288776841557,311.2432180926916,326.5707603332328,317.5329604971189,289.1537244319236,332.1073509697401,324.18676329753924,340.630553281214
Albanian,307.7894505376899,0,354.8745563137789,334.6638236089987,349.4445121829061,325.5997019851934,330.65800555977876,325.6667817357307,337.56594536346864,309.3811205378957,322.981684487589,344.08580573059254,301.6145933729641,296.9316721584973,332.70242120995124,323.26472951342936,354.02061566393724,353.8846705482408,326.8872219105281,295.57357479999627,343.1001041516986,363.3090646665774,430.7004633480893,330.17938126324066,328.65865917201967,313.904627424466,324.90843026395316,304.0984480264024,346.095938621558,378.2653455983103,310.3756689922061,331.6954061715075,338.061082326164,336.68740871718626,298.9192126637783,321.9525352410534,333.1160249598855,315.3077061994973,336.20159800294834,332.18817414359563,323.3296454049936,345.63817987109144
Armenian,353.1105986374031,354.8745563137789,0,379.18674532112703,381.9988384385667,368.13039716607017,379.5968275800239,360.7519910258335,376.933606190208,361.8023180192069,369.54238978825686,384.0434662934825,362.3570352120667,350.06537336338766,371.8811124057136,365.5093053364147,395.7478731319231,401.03115078975577,356.8286733571319,348.13431398835894,389.4770338850125,390.241518703065,442.09666297016634,370.2809018774845,377.52529565278246,368.24934387080623,367.00774686809433,349.9481890538305,367.831181339801,409.79896224599327,361.9304170844442,375.7823673109069,377.43095779661087,368.3542920739659,349.3668573299819,362.7462801098281,380.8767385325334,370.26118922808075,370.08179722135577,374.4812504669438,372.3478823401988,376.10061626293185
Bengali,336.7478459030124,334.6638236089987,379.18674532112703,0,367.5361703418099,335.013600789462,346.5649616901592,338.5645830873912,349.376701491486,335.59113352130606,344.26301148626305,354.1685538874032,332.0405686114531,324.1437109070921,351.134986780697,345.02629160021354,296.84535598372514,298.2701952355385,350.2377722307699,327.8308227871507,360.81799069255675,382.8602804759335,443.99331297833123,341.70927477732386,295.23143178403467,278.50715589434634,344.2371580227741,322.3262162300241,362.021885248355,382.98512896416173,337.41638000589967,355.5070873699791,359.75832339594336,347.4524459421044,320.5666101987853,338.4869492651606,344.59860836453544,333.2238585049168,346.60649109479147,353.5062111998586,290.4506654423479,369.36140810798463
Bosnian,342.66993925380154,349.4445121829061,381.9988384385667,367.5361703418099,0,284.82695819671574,371.97383201056635,212.16384444346414,298.9703379240048,352.8420780087342,360.4618104438507,384.1930675938909,357.74879893826824,341.8113707036775,367.45968044521663,367.03386388452054,382.27053469690696,391.18749299463974,349.7836023084141,354.39919082961273,369.78531577510074,358.71523049098147,403.6516106798774,254.44234308678386,372.46474865129096,360.6767722248297,356.8195953711628,350.28862372009564,365.9844463747448,319.71343932646465,355.948863436644,359.8243973887444,281.9390596913666,185.58576754462905,343.0027098050416,276.284456848304,291.3146636455846,353.88431640911733,362.4552303895354,273.7295227680455,366.80847379145746,382.94788542598906
Bulgarian,317.5894825364989,325.5997019851934,368.13039716607017,335.013600789462,284.82695819671574,0,331.63156293692896,251.6337643828601,293.8107811487025,319.3095481388495,330.0217649211271,346.17806487794684,324.1296985104757,307.16591427274835,340.1423279279272,331.15310476240626,345.4905488860249,349.9994214358573,335.0065127659077,315.7461525418057,343.6239384895996,364.541136740042,410.0079545936686,248.49257096298894,333.5343075129163,325.64506854777164,331.8901258899102,322.62732465073253,351.44479263780175,328.10293467589185,324.5602144877999,334.02506451940985,296.32924530848777,266.782941640561,315.9764212810084,276.2978632706578,292.22593521113475,315.8609232535906,334.22897034183944,295.69032212263704,325.84292796943015,348.13702696721026
Catalan,329.1947420271882,330.65800555977876,379.5968275800239,346.5649616901592,371.97383201056635,331.63156293692896,0,336.8101800783943,351.6975451607035,322.2487447678412,337.1675966469272,343.4431481422637,293.0796593508813,252.5175365424483,349.1112536337655,339.391376438844,363.3175802476801,366.3299683970061,344.62358144321456,319.6245109600846,311.7634707232552,383.75390758988243,440.7029552933894,345.70746519058235,342.4902126802644,339.61405224600827,325.68661956320005,329.2404174774634,363.8965147148099,386.4049580082756,276.8498973022759,317.7530139281855,361.8472138086216,349.9170847823094,330.2949428517378,333.73287914758254,346.8568196362473,262.13440180049287,335.45058044716063,355.5576300329592,342.9914513764453,366.3080074803565
Croatian,318.80331445051144,325.6667817357307,360.7519910258335,338.5645830873912,212.16384444346414,251.6337643828601,336.8101800783943,0,275.9071609776681,320.56225944336836,331.66771418119447,350.97376847902325,324.25637422559424,311.8934367040254,338.12066866328365,333.1737692588539,348.91848457526726,355.73511896358474,332.33594920405864,318.0279330162893,339.81528774984434,353.1732928455196,390.11457149215073,256.95744757734775,335.85059013424,327.4007936067611,332.3295912876676,320.12790163006684,343.0191800634935,310.21652339729985,329.2736311888815,332.12314816819384,284.8880813646328,201.07286312273985,314.31557477328806,260.5127881786008,260.6093563414142,321.1398586992722,335.4850313938146,272.95042422061243,332.29520979254505,349.8901797723184
Czech,321.18301122999503,337.56594536346864,376.933606190208,349.376701491486,298.9703379240048,293.8107811487025,351.6975451607035,275.9071609776681,0,324.03294231093156,341.54609290553594,352.1794611251327,329.218869939205,319.1033515711797,353.4490752534354,350.2646400038096,359.7152510946445,366.7634969992553,340.6339597447277,323.59424617625666,364.53204484014026,355.9481089714086,415.5487127854005,301.6597523211377,346.8987257188316,336.0609958957471,339.2542088684166,327.1018694659544,359.7610573277643,309.42844206751886,340.0559271700064,346.16310631591926,296.2244348306973,282.350995503506,328.64159351385933,225.52162759690614,303.6657053547878,331.96006323240135,347.6880777160411,287.5116876348226,338.2799805451331,357.36556842183427
Danish,264.32724504521923,309.3811205378957,361.8023180192069,335.59113352130606,352.8420780087342,319.3095481388495,322.2487447678412,320.56225944336836,324.03294231093156,0,288.87320842268326,288.84411478208045,297.6411171773015,288.69245723898774,281.41561762352774,326.42366482385455,341.97876281068835,348.1193572439552,275.80690501027266,275.58295269512445,349.1682472214971,368.6920107168878,440.72158199070293,333.9178070973371,322.72135018121617,310.94320505269786,248.92573804044926,296.2902467547766,339.9291059258343,374.01351614579403,306.38708277908523,331.5067675113809,341.5688384829019,334.5769531580769,304.3104847777535,312.3160746996964,325.25663307395735,308.47536659842825,269.55836683380903,337.2556934633632,317.82426870715267,335.90138683648706
Dutch,225.38539589374201,322.981684487589,369.54238978825686,344.26301148626305,360.4618104438507,330.0217649211271,337.1675966469272,331.66771418119447,341.54609290553594,288.87320842268326,0,296.8272707741564,321.6663190427504,313.1642359736787,278.04379125454005,333.93855679351225,351.03641748803193,355.42512178030813,309.8525049290252,307.20389475843837,361.2694170823145,365.74525271843845,435.89088076857576,340.76351071073947,334.57326231913555,326.050505785759,295.33034768148093,315.4917354724017,349.434241248519,382.98171188122365,322.2537416935451,346.17947414053475,354.8636158169997,344.1481441298744,324.14746584319266,333.0130861706366,339.58466474119746,326.4888421849442,298.86591001508265,350.6414187940665,332.02811686405397,352.83189339288066
English,290.98806985087845,344.08580573059254,384.0434662934825,354.1685538874032,384.1930675938909,346.17806487794684,343.4431481422637,350.97376847902325,352.1794611251327,288.84411478208045,296.8272707741564,0,330.8252518808051,326.91722287570815,315.9532801835887,361.1429291862668,356.9261312408691,376.6326526881519,329.3510884688935,311.00677202109193,373.59223725253344,387.5389774938516,454.5468578799348,364.3679941291122,346.20342785657226,340.8170661372764,307.7889644791583,338.0765456593132,373.4027205028411,397.82422177086295,331.5125451036818,362.784759382176,371.8766861368783,362.94324383315427,348.9008818907608,343.82017637950884,357.97203817053037,338.77311164849476,317.44193672557884,368.99175052734574,344.538155620012,358.1010910195668
French,305.2953895492381,301.6145933729641,362.3570352120667,332.0405686114531,357.74879893826824,324.1296985104757,293.0796593508813,324.25637422559424,329.218869939205,297.6411171773015,321.6663190427504,330.8252518808051,0,270.23996461250226,329.58427838737725,324.1635314061501,347.5734108014037,350.7002203314497,327.43608987400086,287.6695523316487,320.21566989029,362.7012874101142,436.0763713372031,335.1407033740496,322.5855548926079,313.0898821276872,316.07555303343054,298.6397359378974,344.63634718305485,377.12926035413614,285.4851631371713,321.2501397260654,343.8192893560094,336.3502002473275,310.1808814732606,318.68551640569495,329.2607158958781,288.9688377558478,329.2558007556016,339.48849291393066,319.6376322483937,338.57939707525304
Galician,294.58652213408163,296.9316721584973,350.06537336338766,324.1437109070921,341.8113707036775,307.16591427274835,252.5175365424483,311.8934367040254,319.1033515711797,288.69245723898774,313.1642359736787,326.91722287570815,270.23996461250226,0,323.99875119375344,313.54435373705627,343.4294206750438,348.0588240897056,308.18195862679715,284.3338835368966,288.11868376206405,357.7618676701559,425.464048167647,320.71608577618514,319.6730122727427,305.2699117908059,306.27388819418684,298.605598818975,332.9665477814498,366.83878476182514,228.3338039706791,302.4509074079339,334.36427925668914,325.16244410277557,297.35940986974697,306.58530996174795,324.3596231558446,204.19917134054458,312.58367519882796,330.0757310997537,317.8909582414023,330.5611526929796
German,285.08090040985314,332.70242120995124,371.8811124057136,351.134986780697,367.45968044521663,340.1423279279272,349.1112536337655,338.12066866328365,353.4490752534354,281.41561762352774,278.04379125454005,315.9532801835887,329.58427838737725,323.99875119375344,0,338.3820688031126,362.7416108222958,369.89072277068556,314.2762133321947,314.3811191128291,360.10726021840713,376.9179698457164,443.66884547332165,353.9909168059472,348.02095556592735,338.0686459831297,311.5577857816387,330.8721178518765,353.71970179252145,392.2533778010504,343.87964900727025,347.86403701723424,368.2274729178757,352.6157164060531,339.21102140632075,339.62097456310005,350.10721056763305,339.07397294226456,305.01300590463615,360.8988084761453,346.27741707958535,360.1618019200821
Greek,326.6343854228668,323.26472951342936,365.5093053364147,345.02629160021354,367.03386388452054,331.15310476240626,339.391376438844,333.1737692588539,350.2646400038096,326.42366482385455,333.93855679351225,361.1429291862668,324.1635314061501,313.54435373705627,338.3820688031126,0,358.21757849943583,364.6790755282006,331.8754586000381,317.86328645725183,351.2607191078217,368.4409601868149,420.133323228876,346.49527867190193,344.63463769527715,327.7853863044819,340.4437711011821,321.9419067463454,357.5008090407179,385.85472249222795,328.25454454600344,343.78865366110085,355.2172006182332,350.42062599017,322.3110955401155,338.35464729291965,347.3991320670633,321.9668870301363,345.3136633463248,346.710864444629,341.70185530056256,353.322502852572
Gujarati,345.8468827629593,354.02061566393724,395.7478731319231,296.84535598372514,382.27053469690696,345.4905488860249,363.3175802476801,348.91848457526726,359.7152510946445,341.97876281068835,351.03641748803193,356.9261312408691,347.5734108014037,343.4294206750438,362.7416108222958,358.21757849943583,0,279.8058776420616,366.1922749046468,340.30583611894485,380.7681231565513,401.49284461467596,457.20381505916515,358.61665166767426,252.92290136522462,294.4422791992068,355.26664212843207,332.6188332931544,374.81664354472275,402.18141736164387,358.80388052873224,373.2364729589568,380.07049709749464,364.98684752279945,343.3034163417556,355.1652797125369,363.69832936143786,344.86624202349026,360.83548766450446,371.42695111719297,298.19564550060073,382.2453327271312
Hindi,357.39255940651265,353.8846705482408,401.03115078975577,298.2701952355385,391.18749299463974,349.9994214358573,366.3299683970061,355.73511896358474,366.7634969992553,348.1193572439552,355.42512178030813,376.6326526881519,350.7002203314497,348.0588240897056,369.89072277068556,364.6790755282006,279.8058776420616,0,371.8810244489768,345.7928014675006,385.7097238311539,408.2089426872548,460.72455485337997,360.2482003259569,286.3614794159775,294.29788926342064,357.82948346483454,333.8687342676531,368.9535805429307,406.0994899743202,360.13250135146853,371.9286885685761,386.9893783678631,371.86358562535037,341.4118059031865,363.83150383232646,371.4790862166258,350.3468627220434,363.12793195783905,373.4842426846161,253.15346857863435,388.970505728008
Icelandic,288.28535249213024,326.8872219105281,356.8286733571319,350.2377722307699,349.7836023084141,335.0065127659077,344.62358144321456,332.33594920405864,340.6339597447277,275.80690501027266,309.8525049290252,329.3510884688935,327.43608987400086,308.18195862679715,314.2762133321947,331.8754586000381,366.1922749046468,371.8810244489768,0,319.1081305057806,356.3126387819391,354.191162575541,409.02349096319114,339.28920010374804,348.0427426222417,337.1264261999066,281.6526902236774,328.54429710305476,347.52510695995807,378.9793657840177,328.5518218631571,344.54595972528244,340.6418491418588,334.9395957565364,321.0434200796577,330.48361433905495,348.0608693038167,331.87377536776745,287.6014823230565,336.96887067257546,342.69620441634487,357.51232960472413
Irish,289.67058505211867,295.57357479999627,348.13431398835894,327.8308227871507,354.39919082961273,315.7461525418057,319.6245109600846,318.0279330162893,323.59424617625666,275.58295269512445,307.20389475843837,311.00677202109193,287.6695523316487,284.3338835368966,314.3811191128291,317.86328645725183,340.30583611894485,345.7928014675006,319.1081305057806,0,349.18758132698025,365.39255807275293,440.71576625882795,327.58863169634594,314.31193915296143,301.52179218932974,310.51105733253144,282.7242154738729,337.36487170950835,373.70670775087694,296.24992127221225,329.4428798418038,341.1354853814057,340.09505455745926,297.3605709705048,308.23790221017356,324.16213757087223,301.29853694928556,315.2261799185232,338.27920574389395,312.01674350780337,316.4206268376112
Italian,353.2257090601448,343.1001041516986,389.4770338850125,360.81799069255675,369.78531577510074,343.6239384895996,311.7634707232552,339.81528774984434,364.53204484014026,349.1682472214971,361.2694170823145,373.59223725253344,320.21566989029,288.11868376206405,360.10726021840713,351.2607191078217,380.7681231565513,385.7097238311539,356.3126387819391,349.18758132698025,0,396.6158046431883,436.1250030862004,355.5957505603527,361.6391852530156,343.3504352265971,358.22316952944317,346.1721363848561,372.4154428458938,389.7412228390251,313.5732805644748,315.563304990247,368.07962714361173,355.5175819610224,342.5715775480877,351.23771127015544,362.0189441757124,293.6947248316805,355.84780804078315,358.0030269170078,363.648401177901,361.39857683626997
Latvian,349.0174253534277,363.3090646665774,390.241518703065,382.8602804759335,358.71523049098147,364.541136740042,383.75390758988243,353.1732928455196,355.9481089714086,368.6920107168878,365.74525271843845,387.5389774938516,362.7012874101142,357.7618676701559,376.9179698457164,368.4409601868149,401.49284461467596,408.2089426872548,354.191162575541,365.39255807275293,396.6158046431883,0,371.6850552551251,357.5878284772813,383.59305143870114,382.1378301299027,364.471028790568,366.52402975919614,391.8279662576109,379.4959694194647,363.2498191103567,380.4554080789983,348.2392172803039,342.8104553464931,366.0480601096247,345.51317133775154,361.8463928100568,378.14053548635616,370.72520998652493,356.48396227778693,377.50766596251646,398.76527746451706
Lithuanian,427.95532160864377,430.7004633480893,442.09666297016634,443.99331297833123,403.6516106798774,410.0079545936686,440.7029552933894,390.11457149215073,415.5487127854005,440.72158199070293,435.89088076857576,454.5468578799348,436.0763713372031,425.464048167647,443.66884547332165,420.133323228876,457.20381505916515,460.72455485337997,409.02349096319114,440.71576625882795,436.1250030862004,371.6850552551251,0,410.51862874513245,450.9979600564453,435.8600507769709,426.2934739539424,430.5162603383201,432.4302914012807,434.14028968312033,437.95619136654705,427.92663438188606,406.69796175028864,391.3258985385845,415.9727806966776,413.34265011847697,417.85803782242283,429.3032221001532,428.94883288588505,397.7629600536316,443.02803742587645,450.05645010293586
Macedonian,327.0087740225358,330.17938126324066,370.2809018774845,341.70927477732386,254.44234308678386,248.49257096298894,345.70746519058235,256.95744757734775,301.6597523211377,333.9178070973371,340.76351071073947,364.3679941291122,335.1407033740496,320.71608577618514,353.9909168059472,346.49527867190193,358.61665166767426,360.2482003259569,339.28920010374804,327.58863169634594,355.5957505603527,357.5878284772813,410.51862874513245,0,345.1304360701422,334.59567157768186,339.4984072720962,324.26093176191574,356.01620728930055,327.45127384441616,334.74879314254525,343.4045159698219,289.1587499369101,234.66938121869077,324.0194271577713,279.8861960151936,301.20666187416344,330.0715580106629,343.8566089288121,284.9953973426296,335.58628016192665,367.6821965708903
Marathi,326.8328027205525,328.65865917201967,377.52529565278246,295.23143178403467,372.46474865129096,333.5343075129163,342.4902126802644,335.85059013424,346.8987257188316,322.72135018121617,334.57326231913555,346.20342785657226,322.5855548926079,319.6730122727427,348.02095556592735,344.63463769527715,252.92290136522462,286.3614794159775,348.0427426222417,314.31193915296143,361.6391852530156,383.59305143870114,450.9979600564453,345.1304360701422,0,290.07067417134715,337.88989190522415,311.5086373475496,360.74582857490697,388.4035859988084,332.58394693390386,352.8742222499015,359.88003949590154,350.9259879643695,320.2455221278455,337.12787732328775,345.8143251344084,325.31773013205475,344.16049527130974,355.796428128595,294.5899394052241,360.0800129083504
Nepali,314.7027011521288,313.904627424466,368.24934387080623,278.50715589434634,360.6767722248297,325.64506854777164,339.61405224600827,327.4007936067611,336.0609958957471,310.94320505269786,326.050505785759,340.8170661372764,313.0898821276872,305.2699117908059,338.0686459831297,327.7853863044819,294.4422791992068,294.29788926342064,337.1264261999066,301.52179218932974,343.3504352265971,382.1378301299027,435.8600507769709,334.59567157768186,290.07067417134715,0,331.18071324145177,299.06833834113803,344.0855309876262,383.19587983921423,323.0904416799548,343.6314031910241,354.82130064928685,344.3124728218172,298.4055787029843,329.23880318686764,339.61513918049167,313.63920656538613,333.1407906857424,345.1798361129914,279.71573182982195,345.8049024377884
Norwegian,276.60807528685115,324.90843026395316,367.00774686809433,344.2371580227741,356.8195953711628,331.8901258899102,325.68661956320005,332.3295912876676,339.2542088684166,248.92573804044926,295.33034768148093,307.7889644791583,316.07555303343054,306.27388819418684,311.5577857816387,340.4437711011821,355.26664212843207,357.82948346483454,281.6526902236774,310.51105733253144,358.22316952944317,364.471028790568,426.2934739539424,339.4984072720962,337.88989190522415,331.18071324145177,0,319.47439052248546,354.2742199306782,376.06215024215066,319.13659338524917,340.1461342144061,350.00338549229645,338.4276736859393,323.94669466775116,325.08321333622246,333.87492488955087,321.77697996506544,239.5780022221666,344.10729186065504,328.58059865903243,361.674346998751
Pashto,299.1085386174666,304.0984480264024,349.9481890538305,322.3262162300241,350.28862372009564,322.62732465073253,329.2404174774634,320.12790163006684,327.1018694659544,296.2902467547766,315.4917354724017,338.0765456593132,298.6397359378974,298.605598818975,330.8721178518765,321.9419067463454,332.6188332931544,333.8687342676531,328.54429710305476,282.7242154738729,346.1721363848561,366.52402975919614,430.5162603383201,324.26093176191574,311.5086373475496,299.06833834113803,319.47439052248546,0,313.97074273790435,373.995719541355,309.2744718350997,332.09249993913556,342.1469082460843,331.43431357871304,293.99804815569433,320.25238731583966,325.3469276855975,308.4124759272965,327.57923203754183,336.31028009967645,294.5365710767301,341.1596647555164
Persian,341.09724473125686,346.095938621558,367.831181339801,362.021885248355,365.9844463747448,351.44479263780175,363.8965147148099,343.0191800634935,359.7610573277643,339.9291059258343,349.434241248519,373.4027205028411,344.63634718305485,332.9665477814498,353.71970179252145,357.5008090407179,374.81664354472275,368.9535805429307,347.52510695995807,337.36487170950835,372.4154428458938,391.8279662576109,432.4302914012807,356.01620728930055,360.74582857490697,344.0855309876262,354.2742199306782,313.97074273790435,0,393.44801310180094,352.3722956849187,354.7528153381097,370.0433846640427,354.115418924912,334.2277921591489,350.4486079506624,359.3572814147736,349.3869824143183,353.9664577555052,354.18513817498626,335.29295859586875,372.31511867833234
Polish,369.1364013143524,378.2653455983103,409.79896224599327,382.98512896416173,319.71343932646465,328.10293467589185,386.4049580082756,310.21652339729985,309.42844206751886,374.01351614579403,382.98171188122365,397.82422177086295,377.12926035413614,366.83878476182514,392.2533778010504,385.85472249222795,402.18141736164387,406.0994899743202,378.9793657840177,373.70670775087694,389.7412228390251,379.4959694194647,434.14028968312033,327.45127384441616,388.4035859988084,383.19587983921423,376.06215024215066,373.995719541355,393.44801310180094,0,369.42002597251434,376.8364871236084,317.88638267315605,310.13542339490283,373.0001364986983,278.6790856814086,333.76865263159243,373.21375328601215,378.72305901089925,306.28674828292145,384.5531204078963,398.11367154056614
Portuguese,307.95804345112975,310.3756689922061,361.9304170844442,337.41638000589967,355.948863436644,324.5602144877999,276.8498973022759,329.2736311888815,340.0559271700064,306.38708277908523,322.2537416935451,331.5125451036818,285.4851631371713,228.3338039706791,343.87964900727025,328.25454454600344,358.80388052873224,360.13250135146853,328.5518218631571,296.24992127221225,313.5732805644748,363.2498191103567,437.95619136654705,334.74879314254525,332.58394693390386,323.0904416799548,319.13659338524917,309.2744718350997,352.3722956849187,369.42002597251434,0,319.37418303508156,345.0974988264614,338.5056204987202,315.63907511565367,319.87564740353446,336.78037224242706,250.93937494058957,327.12565648900147,343.53919351795093,328.00408538155256,346.1362094120895
Romanian,335.34420246102786,331.6954061715075,375.7823673109069,355.5070873699791,359.8243973887444,334.02506451940985,317.7530139281855,332.12314816819384,346.16310631591926,331.5067675113809,346.17947414053475,362.784759382176,321.2501397260654,302.4509074079339,347.86403701723424,343.78865366110085,373.2364729589568,371.9286885685761,344.54595972528244,329.4428798418038,315.563304990247,380.4554080789983,427.92663438188606,343.4045159698219,352.8742222499015,343.6314031910241,340.1461342144061,332.09249993913556,354.7528153381097,376.8364871236084,319.37418303508156,0,355.8952628051352,344.18812052225906,338.19002667449627,339.1525906178214,347.89784298920335,314.32146675466504,344.29167969669965,345.481411347763,351.69191163546793,360.81176989382976
Russian,332.21875966461363,338.061082326164,377.43095779661087,359.75832339594336,281.9390596913666,296.32924530848777,361.8472138086216,284.8880813646328,296.2244348306973,341.5688384829019,354.8636158169997,371.8766861368783,343.8192893560094,334.36427925668914,368.2274729178757,355.2172006182332,380.07049709749464,386.9893783678631,340.6418491418588,341.1354853814057,368.07962714361173,348.2392172803039,406.69796175028864,289.1587499369101,359.88003949590154,354.82130064928685,350.00338549229645,342.1469082460843,370.0433846640427,317.88638267315605,345.0974988264614,355.8952628051352,0,271.80836379397255,334.8894591504415,273.66288475671365,312.67983816196136,347.10516791731584,355.5089760270028,256.71681437274316,359.04764785712644,377.5202926940376
Serbian,326.6400429137137,336.68740871718626,368.3542920739659,347.4524459421044,185.58576754462905,266.782941640561,349.9170847823094,201.07286312273985,282.350995503506,334.5769531580769,344.1481441298744,362.94324383315427,336.3502002473275,325.16244410277557,352.6157164060531,350.42062599017,364.98684752279945,371.86358562535037,334.9395957565364,340.09505455745926,355.5175819610224,342.8104553464931,391.3258985385845,234.66938121869077,350.9259879643695,344.3124728218172,338.4276736859393,331.43431357871304,354.115418924912,310.13542339490283,338.5056204987202,344.18812052225906,271.80836379397255,0,328.77443912201716,261.41307290793657,267.0631816904223,337.74622973438943,343.90995020603515,262.19221477199306,345.6356201810891,370.55255735378944
Sinhala,308.51288776841557,298.9192126637783,349.3668573299819,320.5666101987853,343.0027098050416,315.9764212810084,330.2949428517378,314.31557477328806,328.64159351385933,304.3104847777535,324.14746584319266,348.9008818907608,310.1808814732606,297.35940986974697,339.21102140632075,322.3110955401155,343.3034163417556,341.4118059031865,321.0434200796577,297.3605709705048,342.5715775480877,366.0480601096247,415.9727806966776,324.0194271577713,320.2455221278455,298.4055787029843,323.94669466775116,293.99804815569433,334.2277921591489,373.0001364986983,315.63907511565367,338.19002667449627,334.8894591504415,328.77443912201716,0,318.2059829762816,331.3776099447473,311.5630705355243,328.09749180029036,328.71772649402067,313.8884745384549,340.6758492480369
Slovak,311.2432180926916,321.9525352410534,362.7462801098281,338.4869492651606,276.284456848304,276.2978632706578,333.73287914758254,260.5127881786008,225.52162759690614,312.3160746996964,333.0130861706366,343.82017637950884,318.68551640569495,306.58530996174795,339.62097456310005,338.35464729291965,355.1652797125369,363.83150383232646,330.48361433905495,308.23790221017356,351.23771127015544,345.51317133775154,413.34265011847697,279.8861960151936,337.12787732328775,329.23880318686764,325.08321333622246,320.25238731583966,350.4486079506624,278.6790856814086,319.87564740353446,339.1525906178214,273.66288475671365,261.41307290793657,318.2059829762816,0,286.79177111875896,320.03860292024694,331.7045172214113,272.04577894332306,334.63801171325343,348.2946099256499
Slovenian,326.5707603332328,333.1160249598855,380.8767385325334,344.59860836453544,291.3146636455846,292.22593521113475,346.8568196362473,260.6093563414142,303.6657053547878,325.25663307395735,339.58466474119746,357.97203817053037,329.2607158958781,324.3596231558446,350.10721056763305,347.3991320670633,363.69832936143786,371.4790862166258,348.0608693038167,324.16213757087223,362.0189441757124,361.8463928100568,417.85803782242283,301.20666187416344,345.8143251344084,339.61513918049167,333.87492488955087,325.3469276855975,359.3572814147736,333.76865263159243,336.78037224242706,347.89784298920335,312.67983816196136,267.0631816904223,331.3776099447473,286.79177111875896,0,334.1373517785329,343.19752632473234,303.63948548249675,341.31165834591064,367.3119730613619
Spanish,317.5329604971189,315.3077061994973,370.26118922808075,333.2238585049168,353.88431640911733,315.8609232535906,262.13440180049287,321.1398586992722,331.96006323240135,308.47536659842825,326.4888421849442,338.77311164849476,288.9688377558478,204.19917134054458,339.07397294226456,321.9668870301363,344.86624202349026,350.3468627220434,331.87377536776745,301.29853694928556,293.6947248316805,378.14053548635616,429.3032221001532,330.0715580106629,325.31773013205475,313.63920656538613,321.77697996506544,308.4124759272965,349.3869824143183,373.21375328601215,250.93937494058957,314.32146675466504,347.10516791731584,337.74622973438943,311.5630705355243,320.03860292024694,334.1373517785329,0,328.767996998488,338.41550821306157,325.5700528049251,344.08139052098886
Swedish,289.1537244319236,336.20159800294834,370.08179722135577,346.60649109479147,362.4552303895354,334.22897034183944,335.45058044716063,335.4850313938146,347.6880777160411,269.55836683380903,298.86591001508265,317.44193672557884,329.2558007556016,312.58367519882796,305.01300590463615,345.3136633463248,360.83548766450446,363.12793195783905,287.6014823230565,315.2261799185232,355.84780804078315,370.72520998652493,428.94883288588505,343.8566089288121,344.16049527130974,333.1407906857424,239.5780022221666,327.57923203754183,353.9664577555052,378.72305901089925,327.12565648900147,344.29167969669965,355.5089760270028,343.90995020603515,328.09749180029036,331.7045172214113,343.19752632473234,328.767996998488,0,346.1635334962015,336.3735978589952,356.26930738117295
Ukrainian,332.1073509697401,332.18817414359563,374.4812504669438,353.5062111998586,273.7295227680455,295.69032212263704,355.5576300329592,272.95042422061243,287.5116876348226,337.2556934633632,350.6414187940665,368.99175052734574,339.48849291393066,330.0757310997537,360.8988084761453,346.710864444629,371.42695111719297,373.4842426846161,336.96887067257546,338.27920574389395,358.0030269170078,356.48396227778693,397.7629600536316,284.9953973426296,355.796428128595,345.1798361129914,344.10729186065504,336.31028009967645,354.18513817498626,306.28674828292145,343.53919351795093,345.481411347763,256.71681437274316,262.19221477199306,328.71772649402067,272.04577894332306,303.63948548249675,338.41550821306157,346.1635334962015,0,353.3169922368147,367.25853261456456
Urdu,324.18676329753924,323.3296454049936,372.3478823401988,290.4506654423479,366.80847379145746,325.84292796943015,342.9914513764453,332.29520979254505,338.2799805451331,317.82426870715267,332.02811686405397,344.538155620012,319.6376322483937,317.8909582414023,346.27741707958535,341.70185530056256,298.19564550060073,253.15346857863435,342.69620441634487,312.01674350780337,363.648401177901,377.50766596251646,443.02803742587645,335.58628016192665,294.5899394052241,279.71573182982195,328.58059865903243,294.5365710767301,335.29295859586875,384.5531204078963,328.00408538155256,351.69191163546793,359.04764785712644,345.6356201810891,313.8884745384549,334.63801171325343,341.31165834591064,325.5700528049251,336.3735978589952,353.3169922368147,0,357.5314237326644
Welsh,340.630553281214,345.63817987109144,376.10061626293185,369.36140810798463,382.94788542598906,348.13702696721026,366.3080074803565,349.8901797723184,357.36556842183427,335.90138683648706,352.83189339288066,358.1010910195668,338.57939707525304,330.5611526929796,360.1618019200821,353.322502852572,382.2453327271312,388.970505728008,357.51232960472413,316.4206268376112,361.39857683626997,398.76527746451706,450.05645010293586,367.6821965708903,360.0800129083504,345.8049024377884,361.674346998751,341.1596647555164,372.31511867833234,398.11367154056614,346.1362094120895,360.81176989382976,377.5202926940376,370.55255735378944,340.6758492480369,348.2946099256499,367.3119730613619,344.08139052098886,356.26930738117295,367.25853261456456,357.5314237326644,0
