,Afrikaans,Albanian,Armenian,Bengali,Bosnian,Bulgarian,Catalan,Croatian,Czech,Danish,Dutch,English,French,Galician,German,Greek,Gujarati,Hindi,Icelandic,Irish,Italian,Latvian,Lithuanian,Macedonian,Marathi,Nepali,Norwegian,Pashto,Persian,Polish,Portuguese,Romanian,Russian,Serbian,Sinhala,Slovak,Slovenian,Spanish,Swedish,Ukrainian,Urdu,Welsh
Afrikaans,0,16.371180029329544,14.30562890747268,16.330390240566583,15.221727288521404,15.79260207666699,15.672196321249503,15.763064183812627,15.579711974283516,15.54637470654037,12.455876221968612,14.498470422829547,16.271853798416373,15.72622292789486,14.879443472346733,16.950910599500606,16.0103206921332,16.27043077423281,14.522889143195062,16.375459425281807,15.537511921174376,15.569397467231777,13.644447336196547,15.54301200439928,16.331416085526048,16.223364275773584,14.873107361293174,15.882606452696486,14.901715018212933,15.113614549828508,15.941681579510805,16.025798395594713,15.476661017519879,15.326806222266738,15.97903285492817,16.022648451464185,15.73488048367517,16.23625711263834,14.652221260950057,15.403369144267495,16.269914200073103,14.721704881109114
Albanian,16.371180029329544,0,15.221766494093705,16.464362621973372,16.519216387985207,16.81284162973489,16.326865850268124,16.581441104278802,16.93707268643141,17.088372333005243,16.77002665404161,17.042262114399175,16.662873024156077,15.834093348354253,16.958302179525194,17.47180491949002,16.496784384577307,16.645520781164002,16.65878352395556,16.602004109869565,16.52138667364109,16.740543023175753,14.350232378988725,16.37063318410641,16.40532719228567,16.904977551486944,16.691146225873535,16.110953814904956,15.73702839354548,16.205960880989824,16.67871422419974,16.69783736111826,16.569729659845972,16.317719757903216,15.266019345430559,16.90232071919679,16.813445774466253,16.954025921969162,16.646386191854816,16.474324219999296,16.573478847597674,16.007976783127376
Armenian,14.30562890747268,15.221766494093705,0,15.045994835290433,16.184409997155957,15.101046225035459,14.583525574638118,15.245719405489323,15.509104111983694,15.015831090948264,15.184849851909147,15.371645187902631,14.885559629716694,14.499105565155565,15.212121186434342,15.399759834848549,15.226499255876549,15.549743124642452,14.647971701774246,14.455486925618048,16.424705298821863,15.62698480726281,14.88147986777288,15.27399683158027,14.888327335047798,16.82643400023094,14.275164570523991,14.462817072917403,14.852997157890393,15.993622742329128,15.332390660199211,15.381458742784034,15.573085253283503,15.198420572711099,15.565354120481691,15.155666123183183,15.311449643027432,15.744904883852639,14.864765129319975,15.704136910903918,15.318646330347567,16.068234740346767
Bengali,16.330390240566583,16.464362621973372,15.045994835290433,0,15.759393259655305,15.785101652753555,15.525499420663213,16.064245630871138,15.588758368361768,16.68950177153037,16.116493616914212,16.03866369634861,16.237612306806,15.995096455295128,16.116262001785902,16.413485085672814,14.122425306878535,14.035405655880865,16.37563797072499,16.235467343628784,15.560586559313451,15.889600299288116,13.777282868436329,15.695488904402058,14.58193620453077,14.379921894300491,16.180039478705975,16.04197305431757,15.489550328114603,15.051286156906766,16.060156381779954,15.953347004455493,16.054076355310542,15.751043745160544,15.785953379291884,16.024374975269247,16.075567690981178,16.105600693922334,15.92420457475099,15.824043782267278,14.319162540320619,15.27997661547847
Bosnian,15.221727288521404,16.519216387985207,16.184409997155957,15.759393259655305,0,13.459136273181581,15.303974025115917,12.020203271524727,13.777080598727219,15.4948423342884,15.697818007080823,16.07178961188864,15.579873170317466,15.372227857305624,15.89434696990226,16.441797898620393,15.864848536837563,16.170329417180028,15.762631347167847,15.712458927542503,16.23536648482053,15.24671591604262,14.220198271597344,12.450763998179163,15.730991136960856,17.28340533620961,14.92708860805957,15.798334267868793,16.075530300404036,13.976880429969752,15.77550470737222,15.772895697357665,13.270720126458333,10.518610955085496,17.1566603852416,13.206345830075836,13.448209638334582,16.163999925247598,15.73216043305071,13.344642205881373,15.913706108919753,16.52242174268043
Bulgarian,15.79260207666699,16.81284162973489,15.101046225035459,15.785101652753555,13.459136273181581,0,15.08323045648815,13.193708638455892,13.787743618611103,16.21209422400267,15.659246064310883,15.554771203697898,16.00426713175161,15.487329492971107,16.080745523087973,16.25295121223305,15.771254058080803,15.942936261410008,15.880196641043446,16.06307553940754,14.944827413107447,15.63647970471741,13.43607923280703,12.87022418333456,15.902542445970369,16.87929566850835,15.667722622621419,16.06351638890225,15.45479514264759,13.836801457894722,15.787553037556323,15.848969139673457,14.094168548750591,13.304569355792024,16.52316298284147,14.33990282227555,14.126183462093213,15.749835185292376,15.808596252360603,14.052046837725392,15.813094988551184,14.748431512933506
Catalan,15.672196321249503,16.326865850268124,14.583525574638118,15.525499420663213,15.303974025115917,15.08323045648815,0,15.201188925622198,15.145654148311879,16.219288121418852,15.302730133011295,15.029704209016352,14.823883048773917,13.74764577425826,15.554493905415239,15.80069467908935,15.135373508409693,15.220454723384325,15.496013627366716,15.585338068183177,13.533445547754008,15.590909389936963,13.390145213133643,15.148804476824395,15.318580280590046,16.329524627033244,15.375422577754343,16.077242884784187,15.029973805946987,14.72314159447775,13.814435527830922,14.623913013845264,15.531305704043147,15.228314957794488,15.849475234003773,15.605128803672402,15.579457422166792,13.495867573478032,15.219531753482066,15.22801700305313,15.596513341864533,14.674465489179939
Croatian,15.763064183812627,16.581441104278802,15.245719405489323,16.064245630871138,12.020203271524727,13.193708638455892,15.201188925622198,0,13.866814430051875,16.043454254010218,15.974712548466108,15.848503469187914,15.941860293506142,15.460841396943232,16.35165747723879,16.606966265685976,15.876963183975159,16.24460898799687,16.077923800921532,16.07750471010085,15.38380828081994,15.827678724462745,13.301633053697266,13.21552700422989,15.796804217258584,17.014623804647886,15.649218663998921,15.95083733314134,15.531975166699263,13.82621940261251,16.277805680495295,15.823516610063937,14.098583200096655,11.826448436554701,16.484381791192607,13.883045931614783,13.210281937562664,16.029818071537665,15.930994558684281,13.777604274852795,16.115722848016333,15.272502248960958
Czech,15.579711974283516,16.93707268643141,15.509104111983694,15.588758368361768,13.777080598727219,13.787743618611103,15.145654148311879,13.866814430051875,0,15.626217607412455,15.674527714639826,15.343292411680249,15.799152895819242,15.63657660615816,16.226464907440917,16.679513890527616,15.89819629404381,16.24609405599642,15.857935174319351,16.02127251079073,15.653804614850893,15.237304951231412,13.924341494334112,14.090368149527713,15.94672313541841,16.660164297585663,15.27537451908528,15.946751686920065,15.580267443554655,13.490806509399857,16.113714696836965,15.871399496037663,13.800015081857085,13.361325470542509,16.584485788795902,12.7297134839267,13.938998619036454,16.068440812199654,15.626228402984779,13.628604873490108,15.676535957451584,15.159520099459568
Danish,15.54637470654037,17.088372333005243,15.015831090948264,16.68950177153037,15.4948423342884,16.21209422400267,16.219288121418852,16.043454254010218,15.626217607412455,0,15.08884130371931,14.712373924915251,16.588643495024886,16.454200032613297,15.090835708091957,17.157923678071537,16.15543191203092,16.311739163769815,14.871848565354464,16.7321141580659,15.264939005236977,15.957318296960896,13.84490030377087,16.052086414277966,16.536546258589812,16.151534398680997,14.715546166581328,16.79960899108498,15.529577768180552,15.191686024428927,16.370051698188885,16.267981521871658,16.0216249534911,15.99603707069548,16.615505712667183,16.40191196341438,15.993018864615866,16.629485484993037,14.40164980483359,15.820279010495542,16.32560525481423,14.56018849255464
Dutch,12.455876221968612,16.77002665404161,15.184849851909147,16.116493616914212,15.697818007080823,15.659246064310883,15.302730133011295,15.974712548466108,15.674527714639826,15.08884130371931,0,14.340358940911377,16.054144424225516,15.903129986574852,14.06891424905724,16.405221616629568,15.700068701295898,16.015519690387222,15.140341991350843,15.956448760197036,15.589647966328032,15.801895935556326,14.048878463687322,15.691434796178692,15.97581526657632,16.81194152917739,14.438185460346295,16.26183585300955,15.493055515722213,15.474240541587905,15.90415869267752,16.008691225882796,15.888883613564312,15.646994974186404,16.813788622222187,16.039015398748756,15.514949677315908,16.05470148379442,14.67216421836424,15.85457998383421,16.049816521136673,15.23195393856419
English,14.498470422829547,17.042262114399175,15.371645187902631,16.03866369634861,16.07178961188864,15.554771203697898,15.029704209016352,15.848503469187914,15.343292411680249,14.712373924915251,14.340358940911377,0,15.784270231943434,15.687881228452364,14.777094852027737,16.7133957407434,15.456690397838265,15.843596214009272,15.532190303698098,15.336291644481571,15.414443615545188,16.227171868280422,14.156874580635643,15.81893640580311,15.620948723434694,16.66901914343847,14.384764110586922,16.196727919686932,15.587413980627256,15.387757538496807,15.655916220457575,15.96911499903034,16.00512742388315,15.682723215654647,16.908222000376313,15.899486343465238,15.80275311539785,16.081846373783744,15.028682014027078,15.903509420335485,15.921221671296408,14.889858346236236
French,16.271853798416373,16.662873024156077,14.885559629716694,16.237612306806,15.579873170317466,16.00426713175161,14.823883048773917,15.941860293506142,15.799152895819242,16.588643495024886,16.054144424225516,15.784270231943434,0,15.508034596680837,16.402137439145307,16.849256453776263,16.250173412185546,16.430534580666677,16.244303026271197,16.515434968201518,14.430661744338934,15.703739735494155,13.727377754499376,15.810110061942215,16.231228319263398,16.560665966653154,16.228587516576866,16.417213988074653,15.50162257142742,15.332307705953571,15.468668689712048,15.568220024689266,15.89633402346828,15.781253862097671,16.446538742617875,16.35198720381827,15.790413957654556,15.435079859885217,16.157391984369102,15.670121361545522,16.168072906593444,14.903713475508878
Galician,15.72622292789486,15.834093348354253,14.499105565155565,15.995096455295128,15.372227857305624,15.487329492971107,13.74764577425826,15.460841396943232,15.63657660615816,16.454200032613297,15.903129986574852,15.687881228452364,15.508034596680837,0,16.14869691490871,16.613568620635178,15.853186588366325,16.02115278560336,15.398365059859577,15.98643408200905,13.772474752917384,16.05838539497283,13.619835746282835,15.398191855984946,15.967447241677874,16.247252706047128,16.073762821635366,15.937554576014128,14.794515539292242,15.279580043123433,13.26072894558416,15.12645608163144,15.627724469780757,15.278604666978941,15.309068905852788,16.095314216578824,15.884969480694988,12.464409505633917,15.564098052553042,15.375546946367898,16.11111135535265,14.587460925054318
German,14.879443472346733,16.958302179525194,15.212121186434342,16.116262001785902,15.89434696990226,16.080745523087973,15.554493905415239,16.35165747723879,16.226464907440917,15.090835708091957,14.06891424905724,14.777094852027737,16.402137439145307,16.14869691490871,0,16.517231852928816,15.946535077547754,16.236474742029888,15.49411289780262,16.14744357178765,15.758411633078516,16.145365438113927,14.071826730426515,16.189982947674174,16.21432412285252,16.619738849353578,15.042352944116974,16.48341488794511,15.715261282026864,15.738242891841722,16.642806279992175,16.09837877872583,16.382679588763093,16.00666360302025,17.07329000003313,16.44996851874768,15.753804554396629,16.397878788792376,14.675786098409557,16.142957055455543,16.11242103202807,15.300552560180359
Greek,16.950910599500606,17.47180491949002,15.399759834848549,16.413485085672814,16.441797898620393,16.25295121223305,15.80069467908935,16.606966265685976,16.679513890527616,17.157923678071537,16.405221616629568,16.7133957407434,16.849256453776263,16.613568620635178,16.517231852928816,0,16.219274269012146,16.2101970841963,16.665995802156896,16.778137656144686,15.989165810277179,16.19950355220016,13.949689463133025,16.45780080253316,16.41503184796515,17.024829506313267,16.546294757770994,16.783667415676092,16.112142658564334,15.923548306622179,16.78034946101067,16.338942311865235,16.67534656571112,16.442359457604418,16.904147951038606,16.998004631857057,16.601157303899825,16.469940704693126,16.53803923728777,16.387446935127898,16.427202718278554,15.62409507721314
Gujarati,16.0103206921332,16.496784384577307,15.226499255876549,14.122425306878535,15.864848536837563,15.771254058080803,15.135373508409693,15.876963183975159,15.89819629404381,16.15543191203092,15.700068701295898,15.456690397838265,16.250173412185546,15.853186588366325,15.946535077547754,16.219274269012146,0,12.63600840057939,16.318444145041187,16.03173212053396,15.741023523591997,16.313834732564526,13.749683625233857,15.613915752106246,12.431842788390032,14.668802386097077,15.718876014119024,15.707226081848512,15.523944370767737,15.312885148747494,16.23784276430978,15.845876304334633,16.26654175961445,15.756653959080323,15.870892656265983,16.141395573849493,15.730957810804435,15.832694506209476,15.587727174845467,15.80888129989964,14.363608837684875,15.389857197519644
Hindi,16.27043077423281,16.645520781164002,15.549743124642452,14.035405655880865,16.170329417180028,15.942936261410008,15.220454723384325,16.24460898799687,16.24609405599642,16.311739163769815,16.015519690387222,15.843596214009272,16.430534580666677,16.02115278560336,16.236474742029888,16.2101970841963,12.63600840057939,0,16.354866833660704,16.030763288045822,16.11999782152699,16.59577393862929,14.065973821476558,15.772179545319085,13.315701842503554,14.752427776624696,15.813009439928107,15.831046327837985,15.661465738302889,15.708276754481128,16.5185095928932,15.846443231387596,16.506527922004945,16.214294908003502,16.12385636144524,16.328361775188682,16.00212888431714,16.02302021675733,15.684593257537035,16.202604217614375,12.912725821810778,15.796617453698369
Icelandic,14.522889143195062,16.65878352395556,14.647971701774246,16.37563797072499,15.762631347167847,15.880196641043446,15.496013627366716,16.077923800921532,15.857935174319351,14.871848565354464,15.140341991350843,15.532190303698098,16.244303026271197,15.398365059859577,15.49411289780262,16.665995802156896,16.318444145041187,16.354866833660704,0,16.014403703712507,16.09770968375604,15.752794131038756,13.698987439065549,15.763621538271039,16.280507956554295,17.282721496630003,14.129571878274994,16.010403428482302,15.151929165429198,15.709653915699395,16.18017273169639,16.146804750447377,15.706111690456874,15.56438740260061,16.062432802263203,16.21567942617686,15.94760680094385,16.520547151751263,14.262244569378248,15.605864015348846,16.340044450700944,15.538866602990113
Irish,16.375459425281807,16.602004109869565,14.455486925618048,16.235467343628784,15.712458927542503,16.06307553940754,15.585338068183177,16.07750471010085,16.02127251079073,16.7321141580659,15.956448760197036,15.336291644481571,16.515434968201518,15.98643408200905,16.14744357178765,16.778137656144686,16.03173212053396,16.030763288045822,16.014403703712507,0,15.344238145186186,15.949455277256723,13.703055647541884,15.79009705786249,16.086677716879883,16.219747165983666,16.61783917169148,16.202406683527286,15.173752846897102,15.28151514375349,15.785808391109356,15.99550673611094,16.028823661448907,16.004236680376167,15.86886012448454,16.528919027434053,16.08140748510177,15.508893426610394,15.72584908183079,15.802141078958302,16.024081903256885,14.099329409178678
Italian,15.537511921174376,16.52138667364109,16.424705298821863,15.560586559313451,16.23536648482053,14.944827413107447,13.533445547754008,15.38380828081994,15.653804614850893,15.264939005236977,15.589647966328032,15.414443615545188,14.430661744338934,13.772474752917384,15.758411633078516,15.989165810277179,15.741023523591997,16.11999782152699,16.09770968375604,15.344238145186186,0,16.666759027802943,15.39746995057346,15.423841455782132,15.502355699182635,17.269565756788072,14.931051205709974,15.813162761667469,16.320569198575626,16.189713752746425,14.570123214176506,14.49332054261371,15.987050935831094,15.42442786325905,17.385902491243996,15.568353751663544,15.363215360560865,14.375418929024866,15.549728105357923,15.830391251404137,15.888689825938435,15.639081067764964
Latvian,15.569397467231777,16.740543023175753,15.62698480726281,15.889600299288116,15.24671591604262,15.63647970471741,15.590909389936963,15.827678724462745,15.237304951231412,15.957318296960896,15.801895935556326,16.227171868280422,15.703739735494155,16.05838539497283,16.145365438113927,16.19950355220016,16.313834732564526,16.59577393862929,15.752794131038756,15.949455277256723,16.666759027802943,0,12.509449677519822,15.465957191281692,16.211590588370488,17.515880086063547,15.238352942056045,16.23740497329176,16.278690365383042,15.005738101381496,16.097842448943762,16.125070964815908,15.089612297194517,14.99692439624103,17.326508123342858,14.991418350119902,15.244301689121787,16.947027605569424,16.099892841480294,15.575486720137409,16.124561861938606,16.52695013118425
Lithuanian,13.644447336196547,14.350232378988725,14.88147986777288,13.777282868436329,14.220198271597344,13.43607923280703,13.390145213133643,13.301633053697266,13.924341494334112,13.84490030377087,14.048878463687322,14.156874580635643,13.727377754499376,13.619835746282835,14.071826730426515,13.949689463133025,13.749683625233857,14.065973821476558,13.698987439065549,13.703055647541884,15.39746995057346,12.509449677519822,0,13.570787725949423,13.825484996085859,15.508234897094626,13.019540492490403,13.772770788261527,14.701478016510974,14.401621883335544,14.208183173381974,13.861179436854314,13.731293586937749,13.054874815663874,14.965595296391948,13.43732780312648,13.455584839679057,14.3573994386263,13.667196514386497,13.73109273974373,13.955435985735924,15.698607794872384
Macedonian,15.54301200439928,16.37063318410641,15.27399683158027,15.695488904402058,12.450763998179163,12.87022418333456,15.148804476824395,13.21552700422989,14.090368149527713,16.052086414277966,15.691434796178692,15.81893640580311,15.810110061942215,15.398191855984946,16.189982947674174,16.45780080253316,15.613915752106246,15.772179545319085,15.763621538271039,15.79009705786249,15.423841455782132,15.465957191281692,13.570787725949423,0,15.677687458168851,16.769360225158046,15.450528245298305,15.828750091975984,15.532270316576602,13.981232425240696,15.709970963991427,15.843407743190019,13.308634341882813,11.707116846009045,16.26361596509618,13.913356551214905,14.095142787198984,15.737254079891512,15.647029372138004,13.245345448068745,15.769910824893499,15.487205216324835
Marathi,16.331416085526048,16.40532719228567,14.888327335047798,14.58193620453077,15.730991136960856,15.902542445970369,15.318580280590046,15.796804217258584,15.94672313541841,16.536546258589812,15.97581526657632,15.620948723434694,16.231228319263398,15.967447241677874,16.21432412285252,16.41503184796515,12.431842788390032,13.315701842503554,16.280507956554295,16.086677716879883,15.502355699182635,16.211590588370488,13.825484996085859,15.677687458168851,0,15.152698650425743,16.146006062285057,15.905267939894896,15.516760715953193,15.282729273746833,16.112279707211645,15.997424871750226,15.990802300491499,15.799800210299873,15.736623931507705,16.118654815471302,15.931510002759426,15.714528693853854,15.945106889313568,15.732749618707494,14.70627456255781,15.132098651430539
Nepali,16.223364275773584,16.904977551486944,16.82643400023094,14.379921894300491,17.28340533620961,16.87929566850835,16.329524627033244,17.014623804647886,16.660164297585663,16.151534398680997,16.81194152917739,16.66901914343847,16.560665966653154,16.247252706047128,16.619738849353578,17.024829506313267,14.668802386097077,14.752427776624696,17.282721496630003,16.219747165983666,17.269565756788072,17.515880086063547,15.508234897094626,16.769360225158046,15.152698650425743,0,16.17212196759357,15.820697460638181,16.768454761436043,16.958479806651283,17.116570014749428,16.690135286107783,17.37510669806177,16.81357032074248,16.72814257210322,16.74220427038421,16.644174171983558,17.30151739083874,16.40549451507821,17.258298528419353,15.024772422829034,16.9141742917168
Norwegian,14.873107361293174,16.691146225873535,14.275164570523991,16.180039478705975,14.92708860805957,15.667722622621419,15.375422577754343,15.649218663998921,15.27537451908528,14.715546166581328,14.438185460346295,14.384764110586922,16.228587516576866,16.073762821635366,15.042352944116974,16.546294757770994,15.718876014119024,15.813009439928107,14.129571878274994,16.61783917169148,14.931051205709974,15.238352942056045,13.019540492490403,15.450528245298305,16.146006062285057,16.17212196759357,0,16.653488702218432,15.112130984933325,14.560376929939272,15.662208771776092,15.691026655800846,15.493624834714028,15.35055535561108,16.149232675701175,15.818179879968442,15.693561019732476,15.705929240941705,12.701054823901037,15.36486451365269,15.77572421034858,14.625530899570458
Pashto,15.882606452696486,16.110953814904956,14.462817072917403,16.04197305431757,15.798334267868793,16.06351638890225,16.077242884784187,15.95083733314134,15.946751686920065,16.79960899108498,16.26183585300955,16.196727919686932,16.417213988074653,15.937554576014128,16.48341488794511,16.783667415676092,15.707226081848512,15.831046327837985,16.010403428482302,16.202406683527286,15.813162761667469,16.23740497329176,13.772770788261527,15.828750091975984,15.905267939894896,15.820697460638181,16.653488702218432,0,14.285298208894364,15.528487872354612,16.306795609760023,16.169180192510286,16.01399790969565,15.894200260111381,15.422767048470693,16.583721940149374,15.981236081739501,16.312606409605856,16.068538439511403,15.874524987209925,15.696743862417513,15.14049611381195
Persian,14.901715018212933,15.73702839354548,14.852997157890393,15.489550328114603,16.075530300404036,15.45479514264759,15.029973805946987,15.531975166699263,15.580267443554655,15.529577768180552,15.493055515722213,15.587413980627256,15.50162257142742,14.794515539292242,15.715261282026864,16.112142658564334,15.523944370767737,15.661465738302889,15.151929165429198,15.173752846897102,16.320569198575626,16.278690365383042,14.701478016510974,15.532270316576602,15.516760715953193,16.768454761436043,15.112130984933325,14.285298208894364,0,15.974592621512196,15.766175789307487,15.663427283737274,15.752739785903104,15.405911085666002,16.0887411181656,15.611110907710815,15.598672316230935,15.868314614934429,15.160920427338345,15.468396764217772,15.044797454080744,15.685006375083406
Polish,15.113614549828508,16.205960880989824,15.993622742329128,15.051286156906766,13.976880429969752,13.836801457894722,14.72314159447775,13.82621940261251,13.490806509399857,15.191686024428927,15.474240541587905,15.387757538496807,15.332307705953571,15.279580043123433,15.738242891841722,15.923548306622179,15.312885148747494,15.708276754481128,15.709653915699395,15.28151514375349,16.189713752746425,15.005738101381496,14.401621883335544,13.981232425240696,15.282729273746833,16.958479806651283,14.560376929939272,15.528487872354612,15.974592621512196,0,15.356124078665031,15.473852844476763,13.917153223272082,13.35080709716056,16.81994670887362,12.49224382682403,13.731495555066868,15.843295324609304,15.170129092887304,13.652574190628036,15.447948497096805,16.105409907189465
Portuguese,15.941681579510805,16.67871422419974,15.332390660199211,16.060156381779954,15.77550470737222,15.787553037556323,13.814435527830922,16.277805680495295,16.113714696836965,16.370051698188885,15.90415869267752,15.655916220457575,15.468668689712048,13.26072894558416,16.642806279992175,16.78034946101067,16.23784276430978,16.5185095928932,16.18017273169639,15.785808391109356,14.570123214176506,16.097842448943762,14.208183173381974,15.709970963991427,16.112279707211645,17.116570014749428,15.662208771776092,16.306795609760023,15.766175789307487,15.356124078665031,0,15.499249146754737,15.799809119314903,15.675854280421566,16.818652289477924,16.068194464642584,15.707296166154483,13.366331008455132,15.91204482184894,15.76846195764922,16.15382689808414,15.400027343221893
Romanian,16.025798395594713,16.69783736111826,15.381458742784034,15.953347004455493,15.772895697357665,15.848969139673457,14.623913013845264,15.823516610063937,15.871399496037663,16.267981521871658,16.008691225882796,15.96911499903034,15.568220024689266,15.12645608163144,16.09837877872583,16.338942311865235,15.845876304334633,15.846443231387596,16.146804750447377,15.99550673611094,14.49332054261371,16.125070964815908,13.861179436854314,15.843407743190019,15.997424871750226,16.690135286107783,15.691026655800846,16.169180192510286,15.663427283737274,15.473852844476763,15.499249146754737,0,16.084573582763984,15.7452444345158,16.59904103608809,16.022192965833373,15.903817419900246,15.597983143119794,15.941247883462617,15.985568077790477,16.181976885973583,15.432428912249247
Russian,15.476661017519879,16.569729659845972,15.573085253283503,16.054076355310542,13.270720126458333,14.094168548750591,15.531305704043147,14.098583200096655,13.800015081857085,16.0216249534911,15.888883613564312,16.00512742388315,15.89633402346828,15.627724469780757,16.382679588763093,16.67534656571112,16.26654175961445,16.506527922004945,15.706111690456874,16.028823661448907,15.987050935831094,15.089612297194517,13.731293586937749,13.308634341882813,15.990802300491499,17.37510669806177,15.493624834714028,16.01399790969565,15.752739785903104,13.917153223272082,15.799809119314903,16.084573582763984,0,12.803105152987825,16.58394967745797,13.628308111183333,14.397519294212671,16.312695404205037,15.95491951038933,12.57486685830429,16.279678329967723,15.891646562342745
Serbian,15.326806222266738,16.317719757903216,15.198420572711099,15.751043745160544,10.518610955085496,13.304569355792024,15.228314957794488,11.826448436554701,13.361325470542509,15.99603707069548,15.646994974186404,15.682723215654647,15.781253862097671,15.278604666978941,16.00666360302025,16.442359457604418,15.756653959080323,16.214294908003502,15.56438740260061,16.004236680376167,15.42442786325905,14.99692439624103,13.054874815663874,11.707116846009045,15.799800210299873,16.81357032074248,15.35055535561108,15.894200260111381,15.405911085666002,13.35080709716056,15.675854280421566,15.7452444345158,12.803105152987825,0,16.49042488340854,13.24361806918134,13.222650159415037,15.804151388786574,15.693233499395198,12.761179477500697,15.913464385372754,15.459127260129822
Sinhala,15.97903285492817,15.266019345430559,15.565354120481691,15.785953379291884,17.1566603852416,16.52316298284147,15.849475234003773,16.484381791192607,16.584485788795902,16.615505712667183,16.813788622222187,16.908222000376313,16.446538742617875,15.309068905852788,17.07329000003313,16.904147951038606,15.870892656265983,16.12385636144524,16.062432802263203,15.86886012448454,17.385902491243996,17.326508123342858,14.965595296391948,16.26361596509618,15.736623931507705,16.72814257210322,16.149232675701175,15.422767048470693,16.0887411181656,16.81994670887362,16.818652289477924,16.59904103608809,16.58394967745797,16.49042488340854,0,16.619574960475447,16.753760893680187,16.390588115436515,16.08249249929878,16.5668639093627,16.044644465676036,16.556960775047077
Slovak,16.022648451464185,16.90232071919679,15.155666123183183,16.024374975269247,13.206345830075836,14.33990282227555,15.605128803672402,13.883045931614783,12.7297134839267,16.40191196341438,16.039015398748756,15.899486343465238,16.35198720381827,16.095314216578824,16.44996851874768,16.998004631857057,16.141395573849493,16.328361775188682,16.21567942617686,16.528919027434053,15.568353751663544,14.991418350119902,13.43732780312648,13.913356551214905,16.118654815471302,16.74220427038421,15.818179879968442,16.583721940149374,15.611110907710815,12.49224382682403,16.068194464642584,16.022192965833373,13.628308111183333,13.24361806918134,16.619574960475447,0,14.036467212354049,16.27537305734751,15.999924041494806,13.704314215164686,16.085012299436034,15.149321675495505
Slovenian,15.73488048367517,16.813445774466253,15.311449643027432,16.075567690981178,13.448209638334582,14.126183462093213,15.579457422166792,13.210281937562664,13.938998619036454,15.993018864615866,15.514949677315908,15.80275311539785,15.790413957654556,15.884969480694988,15.753804554396629,16.601157303899825,15.730957810804435,16.00212888431714,15.94760680094385,16.08140748510177,15.363215360560865,15.244301689121787,13.455584839679057,14.095142787198984,15.931510002759426,16.644174171983558,15.693561019732476,15.981236081739501,15.598672316230935,13.731495555066868,15.707296166154483,15.903817419900246,14.397519294212671,13.222650159415037,16.753760893680187,14.036467212354049,0,15.833995339870068,15.942720056653695,14.481785439331665,16.056181140931656,15.19909155942443
Spanish,16.23625711263834,16.954025921969162,15.744904883852639,16.105600693922334,16.163999925247598,15.749835185292376,13.495867573478032,16.029818071537665,16.068440812199654,16.629485484993037,16.05470148379442,16.081846373783744,15.435079859885217,12.464409505633917,16.397878788792376,16.469940704693126,15.832694506209476,16.02302021675733,16.520547151751263,15.508893426610394,14.375418929024866,16.947027605569424,14.3573994386263,15.737254079891512,15.714528693853854,17.30151739083874,15.705929240941705,16.312606409605856,15.868314614934429,15.843295324609304,13.366331008455132,15.597983143119794,16.312695404205037,15.804151388786574,16.390588115436515,16.27537305734751,15.833995339870068,0,16.264115289609858,15.99423861014779,16.20687039392863,15.57416478645153
Swedish,14.652221260950057,16.646386191854816,14.864765129319975,15.92420457475099,15.73216043305071,15.808596252360603,15.219531753482066,15.930994558684281,15.626228402984779,14.40164980483359,14.67216421836424,15.028682014027078,16.157391984369102,15.564098052553042,14.675786098409557,16.53803923728777,15.587727174845467,15.684593257537035,14.262244569378248,15.72584908183079,15.549728105357923,16.099892841480294,13.667196514386497,15.647029372138004,15.945106889313568,16.40549451507821,12.701054823901037,16.068538439511403,15.160920427338345,15.170129092887304,15.91204482184894,15.941247883462617,15.95491951038933,15.693233499395198,16.08249249929878,15.999924041494806,15.942720056653695,16.264115289609858,0,15.8715682252092,15.851110941649774,15.130422449496148
Ukrainian,15.403369144267495,16.474324219999296,15.704136910903918,15.824043782267278,13.344642205881373,14.052046837725392,15.22801700305313,13.777604274852795,13.628604873490108,15.820279010495542,15.85457998383421,15.903509420335485,15.670121361545522,15.375546946367898,16.142957055455543,16.387446935127898,15.80888129989964,16.202604217614375,15.605864015348846,15.802141078958302,15.830391251404137,15.575486720137409,13.73109273974373,13.245345448068745,15.732749618707494,17.258298528419353,15.36486451365269,15.874524987209925,15.468396764217772,13.652574190628036,15.76846195764922,15.985568077790477,12.57486685830429,12.761179477500697,16.5668639093627,13.704314215164686,14.481785439331665,15.99423861014779,15.8715682252092,0,16.135431543478596,15.607897423275203
Urdu,16.269914200073103,16.573478847597674,15.318646330347567,14.319162540320619,15.913706108919753,15.813094988551184,15.596513341864533,16.115722848016333,15.676535957451584,16.32560525481423,16.049816521136673,15.921221671296408,16.168072906593444,16.11111135535265,16.11242103202807,16.427202718278554,14.363608837684875,12.912725821810778,16.340044450700944,16.024081903256885,15.888689825938435,16.124561861938606,13.955435985735924,15.769910824893499,14.70627456255781,15.024772422829034,15.77572421034858,15.696743862417513,15.044797454080744,15.447948497096805,16.15382689808414,16.181976885973583,16.279678329967723,15.913464385372754,16.044644465676036,16.085012299436034,16.056181140931656,16.20687039392863,15.851110941649774,16.135431543478596,0,15.37036640390189
Welsh,14.721704881109114,16.007976783127376,16.068234740346767,15.27997661547847,16.52242174268043,14.748431512933506,14.674465489179939,15.272502248960958,15.159520099459568,14.56018849255464,15.23195393856419,14.889858346236236,14.903713475508878,14.587460925054318,15.300552560180359,15.62409507721314,15.389857197519644,15.796617453698369,15.538866602990113,14.099329409178678,15.639081067764964,16.52695013118425,15.698607794872384,15.487205216324835,15.132098651430539,16.9141742917168,14.625530899570458,15.14049611381195,15.685006375083406,16.105409907189465,15.400027343221893,15.432428912249247,15.891646562342745,15.459127260129822,16.556960775047077,15.149321675495505,15.19909155942443,15.57416478645153,15.130422449496148,15.607897423275203,15.37036640390189,0
