,Afrikaans,Albanian,Armenian,Bengali,Bosnian,Bulgarian,Catalan,Croatian,Czech,Danish,Dutch,English,French,Galician,German,Greek,Gujarati,Hindi,Icelandic,Irish,Italian,Latvian,Lithuanian,Macedonian,Marathi,Nepali,Norwegian,Pashto,Persian,Polish,Portuguese,Romanian,Russian,Serbian,Sinhala,Slovak,Slovenian,Spanish,Swedish,Ukrainian,Urdu,Welsh
Afrikaans,0,45.83763866118184,43.36613900432129,51.78182628080479,47.13084810681651,48.234753101746875,51.122188852010986,49.12148245680261,50.44198283070921,50.174439603249,43.18122671657177,46.847448961129864,49.54646113916578,46.561562399275715,46.56410428798561,52.31532130915867,52.572977629702834,53.87827958865601,43.083664950704446,49.54882171881412,47.18501255730534,52.319297782399296,44.77506272632178,47.98618178927403,52.52534369121162,47.35023356663844,45.93058419516962,46.93154855426712,44.65151212478141,49.54994250041731,49.983339787971076,50.138831871085905,47.48109689780269,48.23338941696928,44.84341604562387,50.70236482186848,51.56010304351978,49.11567010147174,45.64644338366316,47.188258756709196,51.06288130688635,45.002139253161225
Albanian,45.83763866118184,0,44.69452675575445,51.30697857478233,51.008119550607624,50.76264014266664,51.21031710745985,51.68651581065293,53.47590435750161,55.14791474648007,52.62229883619141,55.137465650674905,50.74905819693298,46.2042183262967,53.14466164826265,53.143498513917415,53.59690528994327,54.640329165767156,49.33286726044932,48.12795374394709,50.150736600532206,55.55851786617444,47.16319852618256,50.69877171966936,51.71189678270206,49.879651668958495,52.171455764722474,46.27911400626908,45.762078137755076,52.67217397445879,51.59314862675914,53.46847263834383,50.74785213657958,51.17256831595636,41.64095851065645,52.43215828416077,53.9747090971387,50.87087619628889,51.27246293021308,50.4678878165284,51.36078731054663,48.87371319932233
Armenian,43.36613900432129,44.69452675575445,0,50.61319269645605,49.822211823137245,49.36551102913388,50.513368095706184,49.93276654375783,52.51668224663831,51.684441385075964,51.935211212746374,53.788503655761915,47.69323024337863,46.139110644253186,50.59213259236553,48.43819520174311,53.32242145569337,52.993473324395175,45.65748473394173,45.555094569206595,51.26337174434752,53.829195733556226,51.295443025470085,50.82738456572278,50.49110621433547,50.94631677733697,47.67701432778687,44.66059238437624,46.72163069887091,55.08919813095541,51.171120478421656,51.08512628131265,50.167770099552875,49.98720248957964,44.9671831181105,50.35290124913385,52.088159215675404,50.89060782565254,49.65998704354862,50.75668981128785,51.13947222686364,51.690498698197466
Bengali,51.78182628080479,51.30697857478233,50.61319269645605,0,50.08484895194099,46.86270762411724,48.5158499519022,48.4063439588456,49.26576158749948,50.42611598425025,50.15076347764234,49.90916801478197,49.18319230983182,48.11502663555576,48.274296991314344,50.92751401327862,44.29345834374088,44.969571170044176,49.521928183516444,49.525659391969526,45.516157488300635,52.49148349336616,45.20648542960673,46.1257533982442,44.77478814011087,45.61046403081937,53.054919063814765,48.401829048451425,47.764130464781466,47.20565295695626,49.11104566574711,48.63950489284837,48.44800443922516,48.07867039270764,47.595405909009834,49.03210867670646,51.69084578752809,48.09622477829507,48.46487975071662,46.55728098540917,43.13849387051517,44.22339046783532
Bosnian,47.13084810681651,51.008119550607624,49.822211823137245,50.08484895194099,0,45.247712324833934,52.14870829562588,41.15654669871734,46.601327209768925,48.89962568336602,52.60447729600514,53.18044006386823,47.56600680085832,49.82523007726123,50.43478910416514,51.65061748636927,53.73276160366639,52.05342173297674,50.223997093778245,51.26481541708563,49.22233277653788,51.318311304907816,49.042156970047095,42.73321187783148,52.40857292387072,46.59901100264315,47.52613626696891,49.89471430800243,52.217153115724564,46.4744726253892,50.71127594277241,49.206872088858205,43.04768714789791,36.13997653053179,51.539572255280156,42.18571530408522,44.046886232895446,51.61196143009033,51.14919957636819,44.08267936897515,50.089350786999,50.81922316994242
Bulgarian,48.234753101746875,50.76264014266664,49.36551102913388,46.86270762411724,45.247712324833934,0,45.49838135637724,38.93423222477064,43.549797730657765,47.84409720243467,47.39639554515908,46.13267638616158,47.3874803534752,44.46004741203,47.48947872271664,49.74873538710867,48.191031126551586,49.656583183753696,46.41083236925699,47.15506111418751,43.829627595982195,52.57841592619303,43.25130887611143,36.31810147636156,46.937075102604474,52.09258530884882,50.955896071690965,46.57963073357256,46.53252910977705,43.12792631328392,47.46643108722035,48.27876152725965,41.62956086417454,40.35293199744677,48.19617349243645,43.43847472060127,45.46779163872121,45.131578557667645,46.62339478090993,40.31205598236943,46.0611194352583,41.452653287347495
Catalan,51.122188852010986,51.21031710745985,50.513368095706184,48.5158499519022,52.14870829562588,45.49838135637724,0,45.72109701651532,49.7460390783615,48.507589722489584,47.944289711680064,47.45581635541345,44.44398028884854,41.87784729286934,47.95000223594147,49.331843939480216,48.15942186738434,49.780358299642224,48.18998068919328,47.98413504637408,40.907597833351424,54.49529692351186,44.49123161468475,45.58563751060299,47.139887098723655,52.76927065224885,50.49427443240832,49.677171391285086,48.114065057943094,47.481727589166645,42.514635610571645,45.39187351685552,48.27205644607522,48.02348545294775,48.799967641661475,48.4678533116045,50.00182635730341,39.022300147695304,47.160858522770575,46.345660127181254,48.07594915753428,43.29559901276767
Croatian,49.12148245680261,51.68651581065293,49.93276654375783,48.4063439588456,41.15654669871734,38.93423222477064,45.72109701651532,0,43.55522619899695,47.72359581024094,48.70559418417179,49.627567372044126,47.061691819601634,46.359809905935926,48.53753294380434,49.164265201959545,49.63863267056652,50.510556521435085,48.01302011619867,48.114629331155875,45.27359430407458,53.48906604302962,44.0404630054163,38.994766028318224,47.743659288224656,52.93541782246192,50.32144985969127,48.05853346725266,47.684952799194924,42.40031846819103,48.150569762762906,47.881231861490114,42.76711792109154,36.86495251827524,48.770352607162344,41.10353790594609,40.94712321374083,46.269495326463726,47.6246381816848,40.55309730222601,47.67977632393065,44.261262184214566
Czech,50.44198283070921,53.47590435750161,52.51668224663831,49.26576158749948,46.601327209768925,43.549797730657765,49.7460390783615,43.55522619899695,0,47.81758551136827,48.76581801116492,49.29917477328017,48.921208231319774,49.17445060109459,49.257304529045314,52.234111405166246,52.30262703308139,53.10295912384729,49.60078528579239,50.735133111876166,47.287842481309504,53.47825799520177,47.24542653797084,43.448666887677305,51.40238419463645,50.727655495550174,52.00138167731597,49.20569699199189,49.60855517485557,44.470040227120954,49.68187664044244,50.25682914664602,43.786330279673265,42.18130599184607,51.626551497154935,40.3875114440534,44.626770023431675,49.24233113593232,48.65699457851076,41.776612774223786,49.0119353896337,45.61101406536535
Danish,50.174439603249,55.14791474648007,51.684441385075964,50.42611598425025,48.89962568336602,47.84409720243467,48.507589722489584,47.72359581024094,47.81758551136827,0,44.64386673331299,43.63459350560457,48.36560756581852,49.9307447076383,42.837131400518935,50.70380131517147,49.77736658635734,49.81462906450016,45.1672951098254,51.266394109773806,42.84575857188225,53.95701758661235,45.63658612287793,47.614834393582605,50.13092736892174,48.48259141617991,46.39775069000017,51.997515503574775,49.23457641803272,46.13538127265253,47.57305134196098,47.446917474800294,48.42427402318625,49.310557987658306,52.16920514081839,47.77607890630216,49.30230793407784,47.29922062762363,43.16892079388619,46.29666751007285,48.79551306242669,41.177374485804265
Dutch,43.18122671657177,52.62229883619141,51.935211212746374,50.15076347764234,52.60447729600514,47.39639554515908,47.944289711680064,48.70559418417179,48.76581801116492,44.64386673331299,0,44.63915157888025,48.778515024629726,48.32125114509229,41.684770874790225,50.196037162995005,49.2749665313196,51.64287670289028,45.644425485973336,49.51526263320305,46.50117238883351,55.07312831962348,46.59972576789511,46.30604224663007,48.89586582825601,53.14429051175973,47.76413674557002,49.72542404796621,48.35717809918959,48.82580632585922,47.62018140636013,49.3929673525501,49.159302484517006,49.086404856259804,52.027073828605275,48.57216255117827,48.602592568512264,46.661332609904775,44.98585689861776,47.17013316865398,49.86944301163647,45.68804128671503
English,46.847448961129864,55.137465650674905,53.788503655761915,49.90916801478197,53.18044006386823,46.13267638616158,47.45581635541345,49.627567372044126,49.29917477328017,43.63459350560457,44.63915157888025,0,47.794452125664996,47.44465599461859,44.146049292314814,52.27955828564171,48.7424357701526,50.42133448406859,47.150771732255464,48.37701391092665,45.15842211871738,55.919568997508186,46.383742374606456,47.87557402154452,48.32002433027688,52.7572422888,46.44326482003525,50.387562163361196,49.87478243593184,48.89449340606633,49.4918934647958,48.778725519439725,48.995323777110194,49.824342638035674,52.951141243743656,50.06170991488476,52.54049883889265,48.593421589689264,44.98445950250281,48.367384095558485,49.11139377772371,43.55538570663386
French,49.54646113916578,50.74905819693298,47.69323024337863,49.18319230983182,47.56600680085832,47.3874803534752,44.44398028884854,47.061691819601634,48.921208231319774,48.36560756581852,48.778515024629726,47.794452125664996,0,45.89374051458126,48.48975647180675,48.85910632922449,50.50755393767635,50.854212321343425,47.65127933608463,49.31744345674159,40.492421192313124,51.331066375815425,43.688021324331615,46.43235888304778,48.88504674321419,48.58205060317626,50.47064245336579,48.738976892916796,47.244025235737915,46.65367685111762,45.45247968104123,45.00604693566073,47.25684138352962,47.78993851472674,48.337418757771275,48.259823945181694,48.47524637498862,43.41757924527093,48.236261487188145,46.16362146839817,47.89853253528691,42.16545644956525
Galician,46.561562399275715,46.2042183262967,46.139110644253186,48.11502663555576,49.82523007726123,44.46004741203,41.87784729286934,46.359809905935926,49.17445060109459,49.9307447076383,48.32125114509229,47.44465599461859,45.89374051458126,0,48.31868942803499,50.65675427676303,49.46997292562302,51.46686418262275,44.40690058551805,45.459274670828414,41.27323972834959,53.2421802032564,43.94368134565363,44.67956109891183,48.33537458047168,50.08284970196326,51.862762568349034,45.510616775600525,42.82309465779575,48.38076202844826,40.54763897534137,46.88988033393744,46.53706147137768,46.4707031058689,42.557895047890774,49.67818343021839,51.26158102854286,37.40488531133647,45.64965467165831,45.16470615981444,47.679545263435436,41.94574853345263
German,46.56410428798561,53.14466164826265,50.59213259236553,48.274296991314344,50.43478910416514,47.48947872271664,47.95000223594147,48.53753294380434,49.257304529045314,42.837131400518935,41.684770874790225,44.146049292314814,48.48975647180675,48.31868942803499,0,48.586966381057394,49.47839791416723,49.926046802222295,45.93993771340897,48.827940976699836,44.86769669959358,53.9229382973615,45.97337466707981,47.583568706762485,48.89550165666041,50.25095173310232,48.08012253180854,49.35256717223154,49.250842050412366,48.8047731558402,49.872116884094986,47.98442573750603,49.080365574410116,48.883287528053785,51.67627506504585,49.12326574837355,48.85676667181118,47.76544127598004,43.76004049548841,47.071941679923604,48.03739257703665,43.85257186209217
Greek,52.31532130915867,53.143498513917415,48.43819520174311,50.92751401327862,51.65061748636927,49.74873538710867,49.331843939480216,49.164265201959545,52.234111405166246,50.70380131517147,50.196037162995005,52.27955828564171,48.85910632922449,50.65675427676303,48.586966381057394,0,52.11610300661716,50.93449620654545,49.172915029086866,51.47505139475274,46.281472196480145,52.10118593956432,44.92287585309282,49.92028713170297,50.97399684279647,51.99554804544243,52.60536635431857,50.66406894838034,49.92909019847626,49.51288051081072,50.76928109390416,48.866465224981084,50.20455175626802,50.794655248681615,50.16452051464593,51.09298688091068,51.50243463430267,48.11523327640471,51.1213031811313,48.91070250365401,50.19968226405149,45.203614789858236
Gujarati,52.572977629702834,53.59690528994327,53.32242145569337,44.29345834374088,53.73276160366639,48.191031126551586,48.15942186738434,49.63863267056652,52.30262703308139,49.77736658635734,49.2749665313196,48.7424357701526,50.50755393767635,49.46997292562302,49.47839791416723,52.11610300661716,0,40.026203345914524,51.35187383216077,51.035523498759986,47.47171647692327,56.658870684909246,46.01898474888152,47.66873174064247,36.11139949992198,49.332943881346836,51.458319635748786,50.04623257506074,50.242161027083036,49.21812104975761,51.650968413373676,49.61563768133224,51.588873996638476,50.844805411653034,50.633392569276936,51.03283612387912,51.95950451185451,48.28900628277536,49.14795000548186,49.00649977186026,44.66043475924221,46.501075003316814
Hindi,53.87827958865601,54.640329165767156,52.993473324395175,44.969571170044176,52.05342173297674,49.656583183753696,49.780358299642224,50.510556521435085,53.10295912384729,49.81462906450016,51.64287670289028,50.42133448406859,50.854212321343425,51.46686418262275,49.926046802222295,50.93449620654545,40.026203345914524,0,53.11790942657845,52.33898727913646,47.897758060567234,56.20269906712047,47.41613494796928,49.49070911494513,41.478649063551046,47.363224458625595,51.7949643354834,50.81136637692524,51.42216742449532,49.93091380453905,53.10019167027595,48.41245605923727,51.563463023916654,51.667155028649866,51.58113105980741,50.9234722446297,51.58705574373492,49.878301597341114,50.35026972352818,50.39734640057274,40.57606103340884,47.205759089576276
Icelandic,43.083664950704446,49.33286726044932,45.65748473394173,49.521928183516444,50.223997093778245,46.41083236925699,48.18998068919328,48.01302011619867,49.60078528579239,45.1672951098254,45.644425485973336,47.150771732255464,47.65127933608463,44.40690058551805,45.93993771340897,49.172915029086866,51.35187383216077,53.11790942657845,0,47.01703417954866,46.31543100148676,51.736243400443506,43.673283593768986,46.41423878301044,49.78069596774454,52.223714756408384,46.59879075200568,46.1496525431781,45.15193459259246,49.783815685216005,48.91817283299754,49.834018386982706,46.726929440377,47.32307441477287,46.32147061666018,49.12159811477818,51.20921951082631,47.88527615068399,43.82648384823612,45.936433626793374,49.37871748718734,44.93112930253296
Irish,49.54882171881412,48.12795374394709,45.555094569206595,49.525659391969526,51.26481541708563,47.15506111418751,47.98413504637408,48.114629331155875,50.735133111876166,51.266394109773806,49.51526263320305,48.37701391092665,49.31744345674159,45.459274670828414,48.827940976699836,51.47505139475274,51.035523498759986,52.33898727913646,47.01703417954866,0,45.64682163927204,53.80576218155172,44.53450608426582,46.90379511427407,49.60018000009034,50.656017899730806,53.77187983116423,46.640164985845125,44.808979988107005,48.75204162154869,47.67406244087616,49.068716387001466,48.64440198637718,49.30217386417244,44.22364572954535,51.184188533280064,52.031951312897,44.88310900355575,47.03341063787665,46.59392278871463,48.20872820010558,41.09937347958295
Italian,47.18501255730534,50.150736600532206,51.26337174434752,45.516157488300635,49.22233277653788,43.829627595982195,40.907597833351424,45.27359430407458,47.287842481309504,42.84575857188225,46.50117238883351,45.15842211871738,40.492421192313124,41.27323972834959,44.86769669959358,46.281472196480145,47.47171647692327,47.897758060567234,46.31543100148676,45.64682163927204,0,53.125471289936634,49.10527458548051,44.75667201998085,46.041425605975455,49.46430498303828,46.343229678237336,45.99333775622916,49.126181286876246,47.614314845520724,42.5692774263171,40.577453859473,46.0942249856438,45.95089583418765,50.38582183268486,45.143043152179004,47.03635659838955,42.05313587508015,45.78579992485959,45.82467989241395,45.9317252275247,43.154275067017146
Latvian,52.319297782399296,55.55851786617444,53.829195733556226,52.49148349336616,51.318311304907816,52.57841592619303,54.49529692351186,53.48906604302962,53.47825799520177,53.95701758661235,55.07312831962348,55.919568997508186,51.331066375815425,53.2421802032564,53.9229382973615,52.10118593956432,56.658870684909246,56.20269906712047,51.736243400443506,53.80576218155172,53.125471289936634,0,40.94614317606647,52.156325481253745,55.29259202876576,56.05327867269059,52.666059876029244,53.13208897764345,54.30289468252759,51.35003259144995,55.01656688568051,52.23963413375897,49.25684853114194,50.71106159182035,55.44079218277625,50.69555312101385,52.36055850640564,56.86005167739059,54.54666774918036,51.504136164286464,52.73396020110155,53.22454775433426
Lithuanian,44.77506272632178,47.16319852618256,51.295443025470085,45.20648542960673,49.042156970047095,43.25130887611143,44.49123161468475,44.0404630054163,47.24542653797084,45.63658612287793,46.59972576789511,46.383742374606456,43.688021324331615,43.94368134565363,45.97337466707981,44.92287585309282,46.01898474888152,47.41613494796928,43.673283593768986,44.53450608426582,49.10527458548051,40.94614317606647,0,44.014517753834724,44.91195086650987,51.79070207876541,43.783377403519495,44.565549934360206,48.362299578184626,48.156380767808805,47.09189338979497,45.387219352355324,44.18660229376185,43.02906714631633,47.82092547673019,43.93040392616238,45.80859160827176,46.30081787491566,44.91388488553574,44.400450840264455,45.628957872070856,49.81475500625627
Macedonian,47.98618178927403,50.69877171966936,50.82738456572278,46.1257533982442,42.73321187783148,36.31810147636156,45.58563751060299,38.994766028318224,43.448666887677305,47.614834393582605,46.30604224663007,47.87557402154452,46.43235888304778,44.67956109891183,47.583568706762485,49.92028713170297,47.66873174064247,49.49070911494513,46.41423878301044,46.90379511427407,44.75667201998085,52.156325481253745,44.014517753834724,0,46.60855483184787,51.55987746023309,50.62068441958386,45.888937443918365,46.92377178352992,43.02267949586662,46.1719656992948,48.14929831583134,39.576135415592994,34.94827270668879,48.060634967122944,41.84846245465094,44.672449550819,45.000735954080504,46.44396213649789,37.91662999289047,46.359147733098844,43.93518445860539
Marathi,52.52534369121162,51.71189678270206,50.49110621433547,44.77478814011087,52.40857292387072,46.937075102604474,47.139887098723655,47.743659288224656,51.40238419463645,50.13092736892174,48.89586582825601,48.32002433027688,48.88504674321419,48.33537458047168,48.89550165666041,50.97399684279647,36.11139949992198,41.478649063551046,49.78069596774454,49.60018000009034,46.041425605975455,55.29259202876576,44.91195086650987,46.60855483184787,0,49.591093995156655,51.464274158621144,49.00847234183987,48.57060825237399,48.100396542933574,49.79784177071625,48.79260976182985,49.4099742553265,49.453353221268365,48.24567588359025,49.570311175308575,51.594084788274834,46.17641870236329,48.47935408076428,47.626899215358556,44.61966041254724,44.539963311660706
Nepali,47.35023356663844,49.879651668958495,50.94631677733697,45.61046403081937,46.59901100264315,52.09258530884882,52.76927065224885,52.93541782246192,50.727655495550174,48.48259141617991,53.14429051175973,52.7572422888,48.58205060317626,50.08284970196326,50.25095173310232,51.99554804544243,49.332943881346836,47.363224458625595,52.223714756408384,50.656017899730806,49.46430498303828,56.05327867269059,51.79070207876541,51.55987746023309,49.591093995156655,0,48.22458519996412,49.24945296995884,52.05055204760177,53.55149385632954,51.65613472216365,49.26763805287599,51.5429196857641,50.74664510599469,49.860971059822475,49.63003897614608,51.29081908892687,52.76218275588212,50.94664147864945,51.347608170698784,46.706349924382316,49.80755160297358
Norwegian,45.93058419516962,52.171455764722474,47.67701432778687,53.054919063814765,47.52613626696891,50.955896071690965,50.49427443240832,50.32144985969127,52.00138167731597,46.39775069000017,47.76413674557002,46.44326482003525,50.47064245336579,51.862762568349034,48.08012253180854,52.60536635431857,51.458319635748786,51.7949643354834,46.59879075200568,53.77187983116423,46.343229678237336,52.666059876029244,43.783377403519495,50.62068441958386,51.464274158621144,48.22458519996412,0,54.45154181325171,50.14080145620715,49.13329451646497,51.47920182181693,49.266154828626476,50.241930067824406,50.88768838720179,49.845903940945355,50.792969099865616,51.277514512280746,49.25717861251303,42.1020359326686,49.29484933568627,51.35568568615076,45.84427288676346
Pashto,46.93154855426712,46.27911400626908,44.66059238437624,48.401829048451425,49.89471430800243,46.57963073357256,49.677171391285086,48.05853346725266,49.20569699199189,51.997515503574775,49.72542404796621,50.387562163361196,48.738976892916796,45.510616775600525,49.35256717223154,50.66406894838034,50.04623257506074,50.81136637692524,46.1496525431781,46.640164985845125,45.99333775622916,53.13208897764345,44.565549934360206,45.888937443918365,49.00847234183987,49.24945296995884,54.45154181325171,0,40.74471029167628,48.72072862445928,48.79898843581045,50.11422743530715,47.203468456786375,47.916928289217516,42.883494447986656,50.369263158270996,51.63585767000605,47.19569609853678,48.312422570186385,45.699376829336884,47.20074420091105,43.00523456871467
Persian,44.65151212478141,45.762078137755076,46.72163069887091,47.764130464781466,52.217153115724564,46.53252910977705,48.114065057943094,47.684952799194924,49.60855517485557,49.23457641803272,48.35717809918959,49.87478243593184,47.244025235737915,42.82309465779575,49.250842050412366,49.92909019847626,50.242161027083036,51.42216742449532,45.15193459259246,44.808979988107005,49.126181286876246,54.30289468252759,48.362299578184626,46.92377178352992,48.57060825237399,52.05055204760177,50.14080145620715,40.74471029167628,0,51.29270481759954,48.70979949768063,49.973775653127795,47.53582362868006,47.510423316414894,45.622716741643586,49.6444799927817,51.26570088912494,47.98253300230641,46.27304565809497,46.69187269618155,46.50445518886554,47.2548245094461
Polish,49.54994250041731,52.67217397445879,55.08919813095541,47.20565295695626,46.4744726253892,43.12792631328392,47.481727589166645,42.40031846819103,44.470040227120954,46.13538127265253,48.82580632585922,48.89449340606633,46.65367685111762,48.38076202844826,48.8047731558402,49.51288051081072,49.21812104975761,49.93091380453905,49.783815685216005,48.75204162154869,47.614314845520724,51.35003259144995,48.156380767808805,43.02267949586662,48.100396542933574,53.55149385632954,49.13329451646497,48.72072862445928,51.29270481759954,0,48.20103559746165,47.29583491489849,43.21761976106384,42.293754419855745,52.56156498410033,39.2003555801488,43.87006160301206,48.384925159016205,48.76611050676324,41.52864444900708,47.52040441079868,48.250659755914334
Portuguese,49.983339787971076,51.59314862675914,51.171120478421656,49.11104566574711,50.71127594277241,47.46643108722035,42.514635610571645,48.150569762762906,49.68187664044244,47.57305134196098,47.62018140636013,49.4918934647958,45.45247968104123,40.54763897534137,49.872116884094986,50.76928109390416,51.650968413373676,53.10019167027595,48.91817283299754,47.67406244087616,42.5692774263171,55.01656688568051,47.09189338979497,46.1719656992948,49.79784177071625,51.65613472216365,51.47920182181693,48.79898843581045,48.70979949768063,48.20103559746165,0,46.69019855716183,47.33054144866201,47.75681876930554,50.93880210558715,47.503804992642245,48.45363414376216,38.369093626425915,47.83424390128845,46.31247038908293,48.93870866313477,44.89894083789244
Romanian,50.138831871085905,53.46847263834383,51.08512628131265,48.63950489284837,49.206872088858205,48.27876152725965,45.39187351685552,47.881231861490114,50.25682914664602,47.446917474800294,49.3929673525501,48.778725519439725,45.00604693566073,46.88988033393744,47.98442573750603,48.866465224981084,49.61563768133224,48.41245605923727,49.834018386982706,49.068716387001466,40.577453859473,52.23963413375897,45.387219352355324,48.14929831583134,48.79260976182985,49.26763805287599,49.266154828626476,50.11422743530715,49.973775653127795,47.29583491489849,46.69019855716183,0,48.612705730858615,48.97067243886584,50.91703791572956,48.397184053314,49.44340678094502,46.2281169029359,48.602951262326705,48.47052470047978,48.22650763784906,44.57701677288126
Russian,47.48109689780269,50.74785213657958,50.167770099552875,48.44800443922516,43.04768714789791,41.62956086417454,48.27205644607522,42.76711792109154,43.786330279673265,48.42427402318625,49.159302484517006,48.995323777110194,47.25684138352962,46.53706147137768,49.080365574410116,50.20455175626802,51.588873996638476,51.563463023916654,46.726929440377,48.64440198637718,46.0942249856438,49.25684853114194,44.18660229376185,39.576135415592994,49.4099742553265,51.5429196857641,50.241930067824406,47.203468456786375,47.53582362868006,43.21761976106384,47.33054144866201,48.612705730858615,0,39.00507531570814,49.12173400949163,41.84360507044144,45.51025616090485,48.18508274181228,48.22167475987673,37.60018094319468,48.65010123313859,46.131997538799396
Serbian,48.23338941696928,51.17256831595636,49.98720248957964,48.07867039270764,36.13997653053179,40.35293199744677,48.02348545294775,36.86495251827524,42.18130599184607,49.310557987658306,49.086404856259804,49.824342638035674,47.78993851472674,46.4707031058689,48.883287528053785,50.794655248681615,50.844805411653034,51.667155028649866,47.32307441477287,49.30217386417244,45.95089583418765,50.71106159182035,43.02906714631633,34.94827270668879,49.453353221268365,50.74664510599469,50.88768838720179,47.916928289217516,47.510423316414894,42.293754419855745,47.75681876930554,48.97067243886584,39.00507531570814,0,49.59007654956869,41.00642492072023,42.522987764987825,47.46342872726446,48.39655986242309,38.116854368138156,47.92993343250415,45.43625296023574
Sinhala,44.84341604562387,41.64095851065645,44.9671831181105,47.595405909009834,51.539572255280156,48.19617349243645,48.799967641661475,48.770352607162344,51.626551497154935,52.16920514081839,52.027073828605275,52.951141243743656,48.337418757771275,42.557895047890774,51.67627506504585,50.16452051464593,50.633392569276936,51.58113105980741,46.32147061666018,44.22364572954535,50.38582183268486,55.44079218277625,47.82092547673019,48.060634967122944,48.24567588359025,49.860971059822475,49.845903940945355,42.883494447986656,45.622716741643586,52.56156498410033,50.93880210558715,50.91703791572956,49.12173400949163,49.59007654956869,0,50.5536527909337,52.517001683057956,47.68620188252376,47.636531488920205,48.34880974988857,48.11338814592689,48.207896228742854
Slovak,50.70236482186848,52.43215828416077,50.35290124913385,49.03210867670646,42.18571530408522,43.43847472060127,48.4678533116045,41.10353790594609,40.3875114440534,47.77607890630216,48.57216255117827,50.06170991488476,48.259823945181694,49.67818343021839,49.12326574837355,51.09298688091068,51.03283612387912,50.9234722446297,49.12159811477818,51.184188533280064,45.143043152179004,50.69555312101385,43.93040392616238,41.84846245465094,49.570311175308575,49.63003897614608,50.792969099865616,50.369263158270996,49.6444799927817,39.2003555801488,47.503804992642245,48.397184053314,41.84360507044144,41.00642492072023,50.5536527909337,0,41.834892288518674,47.35588998006665,48.68001531865928,40.00157958599662,47.86033836405545,44.08204303519772
Slovenian,51.56010304351978,53.9747090971387,52.088159215675404,51.69084578752809,44.046886232895446,45.46779163872121,50.00182635730341,40.94712321374083,44.626770023431675,49.30230793407784,48.602592568512264,52.54049883889265,48.47524637498862,51.26158102854286,48.85676667181118,51.50243463430267,51.95950451185451,51.58705574373492,51.20921951082631,52.031951312897,47.03635659838955,52.36055850640564,45.80859160827176,44.672449550819,51.594084788274834,51.29081908892687,51.277514512280746,51.63585767000605,51.26570088912494,43.87006160301206,48.45363414376216,49.44340678094502,45.51025616090485,42.522987764987825,52.517001683057956,41.834892288518674,0,48.147397671076334,50.86250704752121,44.368425458971984,50.560500129238356,47.27603313055679
Spanish,49.11567010147174,50.87087619628889,50.89060782565254,48.09622477829507,51.61196143009033,45.131578557667645,39.022300147695304,46.269495326463726,49.24233113593232,47.29922062762363,46.661332609904775,48.593421589689264,43.41757924527093,37.40488531133647,47.76544127598004,48.11523327640471,48.28900628277536,49.878301597341114,47.88527615068399,44.88310900355575,42.05313587508015,56.86005167739059,46.30081787491566,45.000735954080504,46.17641870236329,52.76218275588212,49.25717861251303,47.19569609853678,47.98253300230641,48.384925159016205,38.369093626425915,46.2281169029359,48.18508274181228,47.46342872726446,47.68620188252376,47.35588998006665,48.147397671076334,0,47.33384687122281,45.714799721275064,48.03075077957037,44.061156049517564
Swedish,45.64644338366316,51.27246293021308,49.65998704354862,48.46487975071662,51.14919957636819,46.62339478090993,47.160858522770575,47.6246381816848,48.65699457851076,43.16892079388619,44.98585689861776,44.98445950250281,48.236261487188145,45.64965467165831,43.76004049548841,51.1213031811313,49.14795000548186,50.35026972352818,43.82648384823612,47.03341063787665,45.78579992485959,54.54666774918036,44.91388488553574,46.44396213649789,48.47935408076428,50.94664147864945,42.1020359326686,48.312422570186385,46.27304565809497,48.76611050676324,47.83424390128845,48.602951262326705,48.22167475987673,48.39655986242309,47.636531488920205,48.68001531865928,50.86250704752121,47.33384687122281,0,47.52536798374044,47.712051471990314,43.793274571089405
Ukrainian,47.188258756709196,50.4678878165284,50.75668981128785,46.55728098540917,44.08267936897515,40.31205598236943,46.345660127181254,40.55309730222601,41.776612774223786,46.29666751007285,47.17013316865398,48.367384095558485,46.16362146839817,45.16470615981444,47.071941679923604,48.91070250365401,49.00649977186026,50.39734640057274,45.936433626793374,46.59392278871463,45.82467989241395,51.504136164286464,44.400450840264455,37.91662999289047,47.626899215358556,51.347608170698784,49.29484933568627,45.699376829336884,46.69187269618155,41.52864444900708,46.31247038908293,48.47052470047978,37.60018094319468,38.116854368138156,48.34880974988857,40.00157958599662,44.368425458971984,45.714799721275064,47.52536798374044,0,47.12481373649461,44.04719464782384
Urdu,51.06288130688635,51.36078731054663,51.13947222686364,43.13849387051517,50.089350786999,46.0611194352583,48.07594915753428,47.67977632393065,49.0119353896337,48.79551306242669,49.86944301163647,49.11139377772371,47.89853253528691,47.679545263435436,48.03739257703665,50.19968226405149,44.66043475924221,40.57606103340884,49.37871748718734,48.20872820010558,45.9317252275247,52.73396020110155,45.628957872070856,46.359147733098844,44.61966041254724,46.706349924382316,51.35568568615076,47.20074420091105,46.50445518886554,47.52040441079868,48.93870866313477,48.22650763784906,48.65010123313859,47.92993343250415,48.11338814592689,47.86033836405545,50.560500129238356,48.03075077957037,47.712051471990314,47.12481373649461,0,43.59445073697855
Welsh,45.002139253161225,48.87371319932233,51.690498698197466,44.22339046783532,50.81922316994242,41.452653287347495,43.29559901276767,44.261262184214566,45.61101406536535,41.177374485804265,45.68804128671503,43.55538570663386,42.16545644956525,41.94574853345263,43.85257186209217,45.203614789858236,46.501075003316814,47.205759089576276,44.93112930253296,41.09937347958295,43.154275067017146,53.22454775433426,49.81475500625627,43.93518445860539,44.539963311660706,49.80755160297358,45.84427288676346,43.00523456871467,47.2548245094461,48.250659755914334,44.89894083789244,44.57701677288126,46.131997538799396,45.43625296023574,48.207896228742854,44.08204303519772,47.27603313055679,44.061156049517564,43.793274571089405,44.04719464782384,43.59445073697855,0
