,Afrikaans,Albanian,Armenian,Bengali,Bosnian,Bulgarian,Catalan,Croatian,Czech,Danish,Dutch,English,French,Galician,German,Greek,Gujarati,Hindi,Icelandic,Irish,Italian,Latvian,Lithuanian,Macedonian,Marathi,Nepali,Norwegian,Pashto,Persian,Polish,Portuguese,Romanian,Russian,Serbian,Sinhala,Slovak,Slovenian,Spanish,Swedish,Ukrainian,Urdu,Welsh
Afrikaans,0,299.0573232358917,361.6764317951149,301.3792858471963,330.8601772061196,292.52325136045846,289.78890293888634,292.3904487616768,306.28692786416184,236.60774544565925,216.48079006207772,278.8092482760461,281.272586991989,270.36082251075374,270.778565447346,308.1981684447595,304.65016252985214,317.3792804702253,273.5478944733894,266.21361124638474,357.0210832474592,337.5204153477831,436.24020761368877,300.9409803212,288.042913719076,316.8445811577895,238.43040817031903,277.3537350517334,339.5908840434871,361.89259706045374,302.86236933785216,307.28660106524063,315.3075153181333,296.53525642229744,309.01710602037724,290.9940896594267,297.91840843004223,308.7019500835901,266.3862301937265,314.40770719948887,301.1116838402047,373.31901113424686
Albanian,299.0573232358917,0,380.5438183286765,317.84972618704955,353.7591791989967,315.45720577568375,311.90233411042294,316.6123444013223,337.7442972252682,298.1697332500644,326.6040612312491,347.9862394191932,297.3991773282208,289.43865154616014,337.20344494966383,323.4976044325481,327.7957228069542,329.221171184168,328.45083374763647,288.72083129919946,366.43580891505417,371.7235512946677,459.61352149662736,321.00677432205663,305.9296829350068,333.67959554163195,299.9838340459639,299.2186363403422,358.8642915792643,386.5993474042703,323.1562541178175,323.2815651074955,337.4548310474681,322.004524361276,313.9294098644268,317.60413317764585,324.23138368022063,322.5119036902565,328.8758293463629,331.1629891027496,318.10921176777765,392.11534315560516
Armenian,361.6764317951149,380.5438183286765,0,387.7445230307092,419.7557117451673,383.33772902396294,383.5582595226958,379.974955635964,393.4128912989818,367.0790779590593,393.32580259754275,407.1939429884499,373.24891115006136,360.04964879141204,392.20944654079364,382.8461000347684,396.3562226104282,404.80700340399284,382.0508133318771,353.1452324967816,437.2609545628235,422.6557564385282,500.05412830491804,388.9444930658695,380.0165026427101,407.03928157222714,365.57997213810233,360.56019171087974,406.3099905579577,452.4654922418234,391.5363445169776,389.4731688577804,403.0160703697302,387.978220273169,387.23618884873275,380.2294697554561,393.80700047607456,396.3785881112663,388.71727571937333,402.50385157538926,388.5017549629074,445.56754472627034
Bengali,301.3792858471963,317.84972618704955,387.7445230307092,0,360.5160698068922,311.3153902955179,306.271516040498,316.9982625315875,333.17711221705326,297.1412260957515,325.5493243807016,337.2634545502582,302.5271961294529,293.55876928737194,333.19305495203156,317.6784697096189,269.3114489862734,272.62214601967025,331.23269308148224,291.58547554200396,366.2448853945921,375.65067464817054,459.68867042004246,323.91172908417514,266.3103671230149,280.0814015275305,300.143159940065,294.45336357177837,356.26807738102286,379.4981804106945,324.27574503339713,325.350100894695,341.0067207542423,323.1702970612802,314.6961577899469,317.9613079824556,319.2952347472368,317.1375333629716,323.30192255344076,336.9081396862593,277.03949830247564,392.55396489241156
Bosnian,330.8601772061196,353.7591791989967,419.7557117451673,360.5160698068922,0,284.3479483842024,353.2903609554835,227.00186226437324,310.8755244068842,335.24868090667036,369.34402877878836,389.77254224716927,345.28544467396057,329.7921907165455,377.24107688690304,368.1662857071639,369.2557337234347,377.46888210648916,355.4925961101993,340.57449038813957,403.5834136246284,383.06912629000686,466.04797177865635,259.7238713049623,354.47217125542693,384.25509968891265,330.6377255066061,342.3491958404924,393.4475861910958,351.60248682149864,367.59059310966444,358.78979965310515,301.7864740301012,203.321859984955,362.54090467108887,288.45571436596896,292.15801823286955,362.0841420781697,357.2865622371436,295.533721926202,362.9005534511982,438.6760391235888
Bulgarian,292.52325136045846,315.45720577568375,383.33772902396294,311.3153902955179,284.3479483842024,0,293.63821481961196,240.08371263360982,283.50911178720366,287.43970595648693,322.9811496331856,331.63372912462677,298.65728923967424,280.55696170913905,330.3730164544515,314.2246509094608,315.0867501197605,319.4537807494246,327.8143403188546,287.7485511881861,351.4661233451817,362.02538721630145,435.3194669409202,241.15982960880365,300.74741105447134,329.2225537105065,289.39023893919824,298.292933990776,354.54069085038424,336.42039636913074,318.7386370082019,314.7442913173336,293.3035070422238,254.5245006818477,314.32269707765374,265.98766387862304,268.9748162033513,300.3453133132131,314.54023369112576,288.873647627758,309.0118824977871,378.24731876353053
Catalan,289.78890293888634,311.90233411042294,383.5582595226958,306.271516040498,353.2903609554835,293.63821481961196,0,301.98973216959706,323.43085765402543,280.80044875052664,313.4334602264829,317.02010828551266,269.58189480691493,230.85503142123468,323.9107307466456,308.9906033419965,313.358078537859,316.4985882938435,323.43817524638285,277.9359171184414,309.1178758104542,368.4262448323252,449.9534048092466,315.2885325895349,295.61330601293935,327.6150441302965,282.43426775371677,295.2299689372645,358.90192471774753,377.03540179776957,267.230672649203,287.93267442549273,335.81210059109725,315.3633739195818,315.16521595756836,305.8525102713741,306.36413807574615,247.13216697373844,307.05560053992275,331.3518095066328,309.4360177284977,376.904640442157
Croatian,292.3904487616768,316.6123444013223,379.974955635964,316.9982625315875,227.00186226437324,240.08371263360982,301.98973216959706,0,275.7581728136732,290.8843811321566,325.1441666452045,337.234978920741,302.76392578520523,287.14349679595466,332.77090256569625,320.93539125777187,320.46065977188766,327.98161938950716,325.83491770134935,291.9522810052422,353.12130383506013,358.6826722796722,429.0372312211003,248.3272784556816,305.2413784220298,334.47567227602866,293.59435062207956,296.8547628903193,353.86749619542843,326.85085337613594,323.92558597841634,315.3822074890404,286.1951746396451,202.40716710481212,320.59362566021593,256.0815674255994,248.51525488117719,312.35433205308226,319.30594415058704,275.5970364885663,315.5943124756944,385.5688045489296
Czech,306.28692786416184,337.7442972252682,393.4128912989818,333.17711221705326,310.8755244068842,283.50911178720366,323.43085765402543,275.7581728136732,0,301.25831725450604,343.2684375233653,350.83591495017026,319.4024653669468,305.5013725208184,349.6517279835113,342.57948597949036,340.63431100174637,350.1684550518044,341.34884899968813,302.53487918049365,385.77288362392676,369.1365234555168,457.04724632681706,298.0749144948377,326.10972742472677,349.0165152061129,306.6217188768253,315.5089022381746,375.8517339638354,331.5199157481785,344.29673876376785,337.81929859030953,299.6511806279667,280.30526169871365,336.1486392633564,224.2445219229217,291.64917039132723,332.79314031701017,335.36412267182806,292.76790498808236,332.34436759475426,401.94106443439324
Danish,236.60774544565925,298.1697332500644,367.0790779590593,297.1412260957515,335.24868090667036,287.43970595648693,280.80044875052664,290.8843811321566,301.25831725450604,0,271.22833506103257,275.4871932770229,272.4590431982365,262.59718195673304,263.57123043090064,301.0066199231817,298.309593337768,307.970496762441,262.410230773114,246.98648768355181,345.5463109797411,349.3351535031448,442.8092267009228,302.69127006303887,281.9852470750123,308.71036752900886,209.67544590927997,271.6379736905892,333.5570713701479,361.8483311418207,297.20340595820846,299.8164289007681,317.22437668212547,300.2486915472514,301.7339974739148,285.8706067829686,290.93529363941195,296.8580922140687,245.48543977175203,315.25659502251585,293.8819994033453,361.0956980025012
Dutch,216.48079006207772,326.6040612312491,393.32580259754275,325.5493243807016,369.34402877878836,322.9811496331856,313.4334602264829,325.1441666452045,343.2684375233653,271.22833506103257,0,301.1717523023854,310.3508667303074,303.43817498347016,276.69623840511184,329.74119479731456,326.48983171102714,334.51727798432324,310.0362900507621,295.97417202919775,382.95183455702175,374.4189738269741,469.72455448991394,335.4154099870312,313.4040312173461,344.7129546179267,270.8297388406841,310.7469571862287,365.47687551255603,392.8545130193069,329.15414238321216,336.59231090444536,354.31750995931526,334.7738487993938,338.18915366462966,325.5106972361775,326.07191502873843,330.8718172802921,293.45202330620424,351.5000612161541,325.5094133464139,398.0640575337004
English,278.8092482760461,347.9862394191932,407.1939429884499,337.2634545502582,389.77254224716927,331.63372912462677,317.02010828551266,337.234978920741,350.83591495017026,275.4871932770229,301.1717523023854,0,316.7599016288879,312.6012580588394,311.7486147858519,346.642776434568,332.9343912420568,353.11380948512107,332.5110403294444,291.88444371674683,386.0500922234107,394.9415028417815,485.89049492307106,355.723674705328,321.3087888021608,350.6111272691178,286.6861581849339,324.4892111956191,382.16584831721315,408.63107732217645,335.6849085062966,346.62636157557137,368.9037400430181,349.6077514880833,357.5140567235191,333.80276256719435,339.7660534035802,337.841883954505,310.10760442224057,366.6646686112095,336.9181227865488,392.3984735056596
French,281.272586991989,297.3991773282208,373.24891115006136,302.5271961294529,345.28544467396057,298.65728923967424,269.58189480691493,302.76392578520523,319.4024653669468,272.4590431982365,310.3508667303074,316.7599016288879,0,258.75416496493426,314.65841886505547,306.79863613827,308.25856199153924,316.50703394961744,316.6371845090704,267.2818343243067,329.71345713849007,357.7538090107367,445.7295860829379,314.3340260869467,289.64339823605354,320.97326254581327,281.00551218248677,283.49808904070426,347.36715633459863,371.75296391276174,289.96774496105377,297.48338408819313,328.6273966118825,310.8999876509176,315.6435568008143,300.30960901426494,302.20805186869023,288.1684662606394,309.11348188665403,322.7856616424701,304.44477442379224,374.4491621662424
Galician,270.36082251075374,289.43865154616014,360.04964879141204,293.55876928737194,329.7921907165455,280.55696170913905,230.85503142123468,287.14349679595466,305.5013725208184,262.59718195673304,303.43817498347016,312.6012580588394,258.75416496493426,0,309.40995297340504,299.5985059719551,301.46533593598275,307.5568976704346,297.7613962164349,260.6930282083788,295.0011914245159,346.5040322626934,434.96441618127216,298.1877987159283,282.7211876802719,308.629606404823,267.8217590402608,280.0538595359692,335.54713346733166,364.07662529301996,238.31405704973284,279.0634783634138,316.2908740329981,296.4243145095114,295.8382488006118,288.3269522863012,294.0911591286948,209.16384883191768,294.29327642540244,313.46355925975496,297.20989158314023,358.7657916265452
German,270.778565447346,337.20344494966383,392.20944654079364,333.19305495203156,377.24107688690304,330.3730164544515,323.9107307466456,332.77090256569625,349.6517279835113,263.57123043090064,276.69623840511184,311.7486147858519,314.65841886505547,309.40995297340504,0,330.0825223220463,336.7217322417107,347.4411519663801,314.4684078125169,296.05858904820093,378.64577925205475,380.15197822389814,471.35386457970316,346.70759122304577,323.82005433741654,351.5450003617196,283.6663903090654,318.99255075587894,366.6101770426114,401.3972696051878,346.40087945811644,338.60081068111026,365.7148708538386,343.5166566776913,352.9273010807729,330.7801011289957,332.5960305343055,339.92872396295763,294.34747211794536,361.3135605763076,336.9296323009956,397.0569365778819
Greek,308.1981684447595,323.4976044325481,382.8461000347684,317.6784697096189,368.1662857071639,314.2246509094608,308.9906033419965,320.93539125777187,342.57948597949036,301.0066199231817,329.74119479731456,346.642776434568,306.79863613827,299.5985059719551,330.0825223220463,0,320.8483108821845,328.5088354552808,329.62948776418585,294.57931542347086,363.74634344030886,367.0109133287822,438.20584043049814,330.6608882543895,312.04605956860263,333.7400708695257,307.11174878677684,304.0105005157967,362.2853444623215,388.8699217407763,329.65901821106917,323.7054884576529,347.0455649811327,334.39188799917355,329.70125887815163,324.34674006396205,328.80469808819396,317.7339778927448,328.998917072363,341.0862456102746,322.5732195213507,385.27171332021254
Gujarati,304.65016252985214,327.7957228069542,396.3562226104282,269.3114489862734,369.2557337234347,315.0867501197605,313.358078537859,320.46065977188766,340.63431100174637,298.309593337768,326.48983171102714,332.9343912420568,308.25856199153924,301.46533593598275,336.7217322417107,320.8483108821845,0,254.66653837431417,341.0454312124592,294.58852445487855,372.697122266335,386.86419555749745,466.04575540037786,333.5001253973766,227.19915918958782,286.83353104290467,301.8203737711501,296.54971703578565,364.4120282812776,394.59603563642844,336.1897337320905,335.8871708449582,355.9195430039538,333.8439118184057,328.85598300459884,325.30826445827483,324.36129723658127,322.2081821611374,325.82360059339163,348.9003587835516,275.715687705973,392.9888190368587
Hindi,317.3792804702253,329.221171184168,404.80700340399284,272.62214601967025,377.46888210648916,319.4537807494246,316.4985882938435,327.98161938950716,350.1684550518044,307.970496762441,334.51727798432324,353.11380948512107,316.50703394961744,307.5568976704346,347.4411519663801,328.5088354552808,254.66653837431417,0,346.3314558012184,303.4236907885668,378.81522415436865,397.26615642823066,473.8600929835758,334.09597268387733,260.3975787330081,290.2498976056278,308.9399710264755,301.06496373946607,364.3070725999514,399.5426502808219,339.7798559207256,336.5219786322863,362.9230508903143,339.74085604962625,323.013890741314,331.8896976845425,334.9617586069551,324.12598157957905,331.1618982825317,352.42434751740467,239.88990766996048,404.15389641214955
Icelandic,273.5478944733894,328.45083374763647,382.0508133318771,331.23269308148224,355.4925961101993,327.8143403188546,323.43817524638285,325.83491770134935,341.34884899968813,262.410230773114,310.0362900507621,332.5110403294444,316.6371845090704,297.7613962164349,314.4684078125169,329.62948776418585,341.0454312124592,346.3314558012184,0,300.1889504770097,381.1670705206277,355.7476726113495,445.9313456319095,331.28819011525735,325.1496386347707,354.78481205960156,260.19844754826534,318.50265380629355,360.62862881410064,390.2385825657549,337.8661556118812,334.14954930259125,340.70267898342394,326.1723288067323,330.46097789316457,326.0896008226037,334.22774006233607,340.2210767544767,280.66039971724405,341.24036758012625,335.61991743391354,402.5630305286013
Irish,266.21361124638474,288.72083129919946,353.1452324967816,291.58547554200396,340.57449038813957,287.7485511881861,277.9359171184414,291.9522810052422,302.53487918049365,246.98648768355181,295.97417202919775,291.88444371674683,267.2818343243067,260.6930282083788,296.05858904820093,294.57931542347086,294.58852445487855,303.4236907885668,300.1889504770097,0,345.62326969537213,350.8798897850328,438.47746973100294,302.6450285148208,274.12546263613797,301.2738570717885,263.29473650280454,261.6980041872984,332.7650696105467,361.6864658536388,289.28808124001125,297.3375237782667,318.6810737460165,307.2766286645172,296.6846145014015,283.89105671981554,290.39099848204404,287.6906538068454,289.51275655583305,314.5944832976845,288.5218486714496,342.7883593318104
Italian,357.0210832474592,366.43580891505417,437.2609545628235,366.2448853945921,403.5834136246284,351.4661233451817,309.1178758104542,353.12130383506013,385.77288362392676,345.5463109797411,382.95183455702175,386.0500922234107,329.71345713849007,295.0011914245159,378.64577925205475,363.74634344030886,372.697122266335,378.81522415436865,381.1670705206277,345.62326969537213,0,432.109313168402,497.0963073182543,371.93443417169357,356.33680070306235,379.32182040883293,351.994874198619,355.5654563584976,412.4638781613372,430.3901905211548,339.3675704423488,331.7682376230188,392.7130066488686,368.8059807815681,373.3128665179531,364.9395972522144,367.7138162576668,309.9498641530347,368.70151278289217,383.82086342469233,373.53270764288703,419.26900876415186
Latvian,337.5204153477831,371.7235512946677,422.6557564385282,375.65067464817054,383.06912629000686,362.02538721630145,368.4262448323252,358.6826722796722,369.1365234555168,349.3351535031448,374.4189738269741,394.9415028417815,357.7538090107367,346.5040322626934,380.15197822389814,367.0109133287822,386.86419555749745,397.26615642823066,355.7476726113495,350.8798897850328,432.109313168402,0,425.83055018256846,362.2012164917923,366.8462872844639,405.5061947256755,343.7920968655868,360.83267446495154,414.1041765832252,410.24881418979476,372.0237183363108,382.000907675162,361.81072865294436,352.67992556450207,385.79135126688874,350.5564095395233,363.02037228157633,390.85872490892325,367.8851855086625,369.9446216324337,379.0209018737107,453.46965321107416
Lithuanian,436.24020761368877,459.61352149662736,500.05412830491804,459.68867042004246,466.04797177865635,435.3194669409202,449.9534048092466,429.0372312211003,457.04724632681706,442.8092267009228,469.72455448991394,485.89049492307106,445.7295860829379,434.96441618127216,471.35386457970316,438.20584043049814,466.04575540037786,473.8600929835758,445.9313456319095,438.47746973100294,497.0963073182543,425.83055018256846,0,442.47779914071407,454.70322197173044,475.9883466184677,436.1979156882647,443.29514796661766,488.3362865458196,502.5758698580428,472.47967520436293,457.58117199332975,451.7273956887594,431.9794899976978,457.2686774176824,444.4325589331215,447.492605866028,462.4661178341924,450.99109303715676,445.6808022758376,465.8157297496286,523.6578463784962
Macedonian,300.9409803212,321.00677432205663,388.9444930658695,323.91172908417514,259.7238713049623,241.15982960880365,315.2885325895349,248.3272784556816,298.0749144948377,302.69127006303887,335.4154099870312,355.723674705328,314.3340260869467,298.1877987159283,346.70759122304577,330.6608882543895,333.5001253973766,334.09597268387733,331.28819011525735,302.6450285148208,371.93443417169357,362.2012164917923,442.47779914071407,0,318.14275946000066,346.4281525118385,301.76808523183655,307.85444968648545,364.6473330947654,339.3391506379531,334.1946900582547,326.1834963939271,286.3478131045757,226.49032218237446,327.285071789252,274.0690931859278,281.8917931500086,326.5863362586899,328.2822745118712,281.92619460917473,323.75220328034425,406.4758505467195
Marathi,288.042913719076,305.9296829350068,380.0165026427101,266.3103671230149,354.47217125542693,300.74741105447134,295.61330601293935,305.2413784220298,326.10972742472677,281.9852470750123,313.4040312173461,321.3087888021608,289.64339823605354,282.7211876802719,323.82005433741654,312.04605956860263,227.19915918958782,260.3975787330081,325.1496386347707,274.12546263613797,356.33680070306235,366.8462872844639,454.70322197173044,318.14275946000066,0,284.9470657341232,286.88376290106925,280.9324221542604,352.90777545317184,377.46170058261464,313.08245411149585,317.00839422512337,334.78858753698495,317.3168465478565,309.59456337291147,306.5376955539025,309.2814242889119,304.0998826285717,312.9702030956499,330.9933602900568,271.705117308709,376.95398334204003
Nepali,316.8445811577895,333.67959554163195,407.03928157222714,280.0814015275305,384.25509968891265,329.2225537105065,327.6150441302965,334.47567227602866,349.0165152061129,308.71036752900886,344.7129546179267,350.6111272691178,320.97326254581327,308.629606404823,351.5450003617196,333.7400708695257,286.83353104290467,290.2498976056278,354.78481205960156,301.2738570717885,379.32182040883293,405.5061947256755,475.9883466184677,346.4281525118385,284.9470657341232,0,319.90884705072773,304.8300734209977,370.62869456265764,410.8131683289034,346.5009426869842,344.8904432932789,367.8318236583106,349.5176277460978,326.2680255747845,336.2543922950054,339.69241887340877,332.2242542118956,341.4618229828892,360.10426233592534,291.5091875823624,399.9304024437741
Norwegian,238.43040817031903,299.9838340459639,365.57997213810233,300.143159940065,330.6377255066061,289.39023893919824,282.43426775371677,293.59435062207956,306.6217188768253,209.67544590927997,270.8297388406841,286.6861581849339,281.00551218248677,267.8217590402608,283.6663903090654,307.11174878677684,301.8203737711501,308.9399710264755,260.19844754826534,263.29473650280454,351.994874198619,343.7920968655868,436.1979156882647,301.76808523183655,286.88376290106925,319.90884705072773,0,283.15637907583454,340.6326391176753,357.679423152907,301.6245512629825,304.7512908549219,317.887900253895,297.4162180285481,306.70304400112695,288.8042547306877,291.82579663506766,297.6874050998814,223.56029409420847,313.8048458385312,297.9774270524568,375.5258085552562
Pashto,277.3537350517334,299.2186363403422,360.56019171087974,294.45336357177837,342.3491958404924,298.292933990776,295.2299689372645,296.8547628903193,315.5089022381746,271.6379736905892,310.7469571862287,324.4892111956191,283.49808904070426,280.0538595359692,318.99255075587894,304.0105005157967,296.54971703578565,301.06496373946607,318.50265380629355,261.6980041872984,355.5654563584976,360.83267446495154,443.29514796661766,307.85444968648545,280.9324221542604,304.8300734209977,283.15637907583454,0,311.6134134413104,373.72983686983633,309.6447625648347,308.2880989028147,325.0175228496768,307.0779951919821,300.788996451431,300.5091682177262,302.2647788810669,306.4944140613043,310.66220867329605,321.5598774352432,281.299045256618,369.5151977318561
Persian,339.5908840434871,358.8642915792643,406.3099905579577,356.26807738102286,393.4475861910958,354.54069085038424,358.90192471774753,353.86749619542843,375.8517339638354,333.5570713701479,365.47687551255603,382.16584831721315,347.36715633459863,335.54713346733166,366.6101770426114,362.2853444623215,364.4120282812776,364.3070725999514,360.62862881410064,332.7650696105467,412.4638781613372,414.1041765832252,488.3362865458196,364.6473330947654,352.90777545317184,370.62869456265764,340.6326391176753,311.6134134413104,0,428.4523660551702,376.0894012936675,362.8990120990438,385.69450224888794,361.80074814008947,361.0132083800583,357.77732930152064,362.36958063618675,369.25047162612265,360.2136085838652,374.8433911299473,342.2853720996353,426.6321433271369
Polish,361.89259706045374,386.5993474042703,452.4654922418234,379.4981804106945,351.60248682149864,336.42039636913074,377.03540179776957,326.85085337613594,331.5199157481785,361.8483311418207,392.8545130193069,408.63107732217645,371.75296391276174,364.07662529301996,401.3972696051878,388.8699217407763,394.59603563642844,399.5426502808219,390.2385825657549,361.6864658536388,430.3901905211548,410.24881418979476,502.5758698580428,339.3391506379531,377.46170058261464,410.8131683289034,357.679423152907,373.72983686983633,428.4523660551702,0,388.7869118538592,385.8237067585168,344.55003325149045,326.11940093897107,398.5402951612978,297.8430985101403,338.85212350952384,389.66180343412844,382.2668477232133,334.0750206103617,388.78851123598196,461.70681016432326
Portuguese,302.86236933785216,323.1562541178175,391.5363445169776,324.27574503339713,367.59059310966444,318.7386370082019,267.230672649203,323.92558597841634,344.29673876376785,297.20340595820846,329.15414238321216,335.6849085062966,289.96774496105377,238.31405704973284,346.40087945811644,329.65901821106917,336.1897337320905,339.7798559207256,337.8661556118812,289.28808124001125,339.3675704423488,372.0237183363108,472.47967520436293,334.1946900582547,313.08245411149585,346.5009426869842,301.6245512629825,309.6447625648347,376.0894012936675,388.7869118538592,0,312.15642679992857,350.10866305666804,333.1373966837397,335.50859497980935,319.23440737924483,329.39994394776636,269.44362393101767,326.43963648058417,349.0440136963604,328.7903969661756,394.67258775961943
Romanian,307.28660106524063,323.2815651074955,389.4731688577804,325.350100894695,358.78979965310515,314.7442913173336,287.93267442549273,315.3822074890404,337.81929859030953,299.8164289007681,336.59231090444536,346.62636157557137,297.48338408819313,279.0634783634138,338.60081068111026,323.7054884576529,335.8871708449582,336.5219786322863,334.14954930259125,297.3375237782667,331.7682376230188,382.000907675162,457.58117199332975,326.1834963939271,317.00839422512337,344.8904432932789,304.7512908549219,308.2880989028147,362.8990120990438,385.8237067585168,312.15642679992857,0,345.6215381540862,325.7058096072723,335.8865842976876,321.380549277909,323.9411270576767,305.67175190169314,327.2585259265601,338.7565690190216,330.00184475443774,393.6341501766471
Russian,315.3075153181333,337.4548310474681,403.0160703697302,341.0067207542423,301.7864740301012,293.3035070422238,335.81210059109725,286.1951746396451,299.6511806279667,317.22437668212547,354.31750995931526,368.9037400430181,328.6273966118825,316.2908740329981,365.7148708538386,347.0455649811327,355.9195430039538,362.9230508903143,340.70267898342394,318.6810737460165,392.7130066488686,361.81072865294436,451.7273956887594,286.3478131045757,334.78858753698495,367.8318236583106,317.887900253895,325.0175228496768,385.69450224888794,344.55003325149045,350.10866305666804,345.6215381540862,0,276.15121473718887,344.61178724796645,276.17634837321884,303.6157491943723,348.73318297018494,343.95309831912783,267.38690275866406,349.7171084898015,421.4915952790951
Serbian,296.53525642229744,322.004524361276,387.978220273169,323.1702970612802,203.321859984955,254.5245006818477,315.3633739195818,202.40716710481212,280.30526169871365,300.2486915472514,334.7738487993938,349.6077514880833,310.8999876509176,296.4243145095114,343.5166566776913,334.39188799917355,333.8439118184057,339.74085604962625,326.1723288067323,307.2766286645172,368.8059807815681,352.67992556450207,431.9794899976978,226.49032218237446,317.3168465478565,349.5176277460978,297.4162180285481,307.0779951919821,361.80074814008947,326.11940093897107,333.1373966837397,325.7058096072723,276.15121473718887,0,330.61540219999654,257.7391038958669,255.3535366852197,327.98209826173456,325.55371160435857,268.37439429030684,327.61896085394886,402.537062008775
Sinhala,309.01710602037724,313.9294098644268,387.23618884873275,314.6961577899469,362.54090467108887,314.32269707765374,315.16521595756836,320.59362566021593,336.1486392633564,301.7339974739148,338.18915366462966,357.5140567235191,315.6435568008143,295.8382488006118,352.9273010807729,329.70125887815163,328.85598300459884,323.013890741314,330.46097789316457,296.6846145014015,373.3128665179531,385.79135126688874,457.2686774176824,327.285071789252,309.59456337291147,326.2680255747845,306.70304400112695,300.788996451431,361.0132083800583,398.5402951612978,335.50859497980935,335.8865842976876,344.61178724796645,330.61540219999654,0,325.99490812961585,335.39604166655414,325.8178772750759,331.42094900239573,341.1292495459059,317.74075732439076,394.8363825154105
Slovak,290.9940896594267,317.60413317764585,380.2294697554561,317.9613079824556,288.45571436596896,265.98766387862304,305.8525102713741,256.0815674255994,224.2445219229217,285.8706067829686,325.5106972361775,333.80276256719435,300.30960901426494,288.3269522863012,330.7801011289957,324.34674006396205,325.30826445827483,331.8896976845425,326.0896008226037,283.89105671981554,364.9395972522144,350.5564095395233,444.4325589331215,274.0690931859278,306.5376955539025,336.2543922950054,288.8042547306877,300.5091682177262,357.77732930152064,297.8430985101403,319.23440737924483,321.380549277909,276.17634837321884,257.7391038958669,325.99490812961585,0,271.2619648342224,317.62987726717273,316.54888233474253,277.53502916276864,318.2131987347637,389.706207200415
Slovenian,297.91840843004223,324.23138368022063,393.80700047607456,319.2952347472368,292.15801823286955,268.9748162033513,306.36413807574615,248.51525488117719,291.64917039132723,290.93529363941195,326.07191502873843,339.7660534035802,302.20805186869023,294.0911591286948,332.5960305343055,328.80469808819396,324.36129723658127,334.9617586069551,334.22774006233607,290.39099848204404,367.7138162576668,363.02037228157633,447.492605866028,281.8917931500086,309.2814242889119,339.69241887340877,291.82579663506766,302.2647788810669,362.36958063618675,338.85212350952384,329.39994394776636,323.9411270576767,303.6157491943723,255.3535366852197,335.39604166655414,271.2619648342224,0,320.0148528876521,322.66729700061717,297.049140526051,321.05309408828265,393.85931451336404
Spanish,308.7019500835901,322.5119036902565,396.3785881112663,317.1375333629716,362.0841420781697,300.3453133132131,247.13216697373844,312.35433205308226,332.79314031701017,296.8580922140687,330.8718172802921,337.841883954505,288.1684662606394,209.16384883191768,339.92872396295763,317.7339778927448,322.2081821611374,324.12598157957905,340.2210767544767,287.6906538068454,309.9498641530347,390.85872490892325,462.4661178341924,326.5863362586899,304.0998826285717,332.2242542118956,297.6874050998814,306.4944140613043,369.25047162612265,389.66180343412844,269.44362393101767,305.67175190169314,348.73318297018494,327.98209826173456,325.8178772750759,317.62987726717273,320.0148528876521,0,322.8770777285382,341.3327257677955,319.9022345891871,384.2345094949502
Swedish,266.3862301937265,328.8758293463629,388.71727571937333,323.30192255344076,357.2865622371436,314.54023369112576,307.05560053992275,319.30594415058704,335.36412267182806,245.48543977175203,293.45202330620424,310.10760442224057,309.11348188665403,294.29327642540244,294.34747211794536,328.998917072363,325.82360059339163,331.1618982825317,280.66039971724405,289.51275655583305,368.70151278289217,367.8851855086625,450.99109303715676,328.2822745118712,312.9702030956499,341.4618229828892,223.56029409420847,310.66220867329605,360.2136085838652,382.2668477232133,326.43963648058417,327.2585259265601,343.95309831912783,325.55371160435857,331.42094900239573,316.54888233474253,322.66729700061717,322.8770777285382,0,339.69964087056235,321.73121779394336,389.5080778456183
Ukrainian,314.40770719948887,331.1629891027496,402.50385157538926,336.9081396862593,295.533721926202,288.873647627758,331.3518095066328,275.5970364885663,292.76790498808236,315.25659502251585,351.5000612161541,366.6646686112095,322.7856616424701,313.46355925975496,361.3135605763076,341.0862456102746,348.9003587835516,352.42434751740467,341.24036758012625,314.5944832976845,383.82086342469233,369.9446216324337,445.6808022758376,281.92619460917473,330.9933602900568,360.10426233592534,313.8048458385312,321.5598774352432,374.8433911299473,334.0750206103617,349.0440136963604,338.7565690190216,267.38690275866406,268.37439429030684,341.1292495459059,277.53502916276864,297.049140526051,341.3327257677955,339.69964087056235,0,341.3995290500139,412.77417551617003
Urdu,301.1116838402047,318.10921176777765,388.5017549629074,277.03949830247564,362.9005534511982,309.0118824977871,309.4360177284977,315.5943124756944,332.34436759475426,293.8819994033453,325.5094133464139,336.9181227865488,304.44477442379224,297.20989158314023,336.9296323009956,322.5732195213507,275.715687705973,239.88990766996048,335.61991743391354,288.5218486714496,373.53270764288703,379.0209018737107,465.8157297496286,323.75220328034425,271.705117308709,291.5091875823624,297.9774270524568,281.299045256618,342.2853720996353,388.78851123598196,328.7903969661756,330.00184475443774,349.7171084898015,327.61896085394886,317.74075732439076,318.2131987347637,321.05309408828265,319.9022345891871,321.73121779394336,341.3995290500139,0,387.9827731917646
Welsh,373.31901113424686,392.11534315560516,445.56754472627034,392.55396489241156,438.6760391235888,378.24731876353053,376.904640442157,385.5688045489296,401.94106443439324,361.0956980025012,398.0640575337004,392.3984735056596,374.4491621662424,358.7657916265452,397.0569365778819,385.27171332021254,392.9888190368587,404.15389641214955,402.5630305286013,342.7883593318104,419.26900876415186,453.46965321107416,523.6578463784962,406.4758505467195,376.95398334204003,399.9304024437741,375.5258085552562,369.5151977318561,426.6321433271369,461.70681016432326,394.67258775961943,393.6341501766471,421.4915952790951,402.537062008775,394.8363825154105,389.706207200415,393.85931451336404,384.2345094949502,389.5080778456183,412.77417551617003,387.9827731917646,0
