,Afrikaans,Albanian,Armenian,Bengali,Bosnian,Bulgarian,Catalan,Croatian,Czech,Danish,Dutch,English,French,Galician,German,Greek,Gujarati,Hindi,Icelandic,Irish,Italian,Latvian,Lithuanian,Macedonian,Marathi,Nepali,Norwegian,Pashto,Persian,Polish,Portuguese,Romanian,Russian,Serbian,Sinhala,Slovak,Slovenian,Spanish,Swedish,Ukrainian,Urdu,Welsh
Afrikaans,0,341.4946939532517,379.3701207270226,368.30775196745043,379.0408877775714,350.2387382054578,371.69208982235256,352.2884704456684,369.1114739808164,308.2290403388814,258.987315988983,321.6521651781931,341.5575488282333,322.43290240509884,318.22618810323627,372.149118293982,382.51113695894924,392.30149060673335,313.7267938203462,331.13395579765364,388.21787444809155,393.3672782676513,457.99957377079903,354.88188432376967,363.783754102305,354.1475997178515,309.7263582386399,326.4055487899566,367.1763482077612,406.97543157976975,345.2298487576303,371.4316920069419,363.1357593588504,355.0351761119244,342.3100011233285,352.04771317672004,367.77741307024934,357.01803811067487,319.6521330007399,365.53309698211893,355.86174452981874,378.4083778482785
Albanian,341.4946939532517,0,393.04836775968954,370.4954091192871,399.1224698594893,373.1027761413156,379.19350127742274,374.59854504292474,392.9094986787354,370.9033477547987,373.6331679599762,396.21072796399505,359.3732373363278,331.36082397702506,385.2821590736786,383.3821901302466,392.0928829776098,405.73380839359027,365.0296143548172,346.07494113422376,406.341394415497,412.01478813944385,460.69943363213144,369.1320054730651,367.23649357402326,361.22702083535154,370.02608878245684,337.7360923912671,377.9445685308254,424.8485157298763,361.36039028872636,386.4721354344862,380.376332292669,376.0464629799911,324.9835913499881,369.2607574778817,389.0471194709245,369.5618978800868,374.4046030065265,378.0013121044989,362.2271678508296,406.37386282677807
Armenian,379.3701207270226,393.04836775968954,0,405.56524698345186,411.70203536788586,398.0856305807309,411.9849908926122,387.3786474175214,420.11821196947375,403.5572714753178,405.67567405959284,414.6164238751703,395.76864434452904,379.57696842105634,404.26214679196295,392.9897923459419,430.65071403650484,431.8633728892133,375.70413935175156,386.95036018059307,415.29948274117777,424.42087269502196,465.84142931374384,397.2002811542854,411.52462103977564,401.4012015617578,392.50571873499865,375.09665550955333,397.4687929858829,438.1920986599539,393.74632757621737,402.72900594829105,404.2905810100639,396.6731347388647,374.2640449869072,397.1853149776418,417.9752528570149,403.2651298438914,398.92567996128264,401.6718081699101,398.7455709254478,402.09813122133113
Bengali,368.30775196745043,370.4954091192871,405.56524698345186,0,401.08080581117633,372.59425379003517,385.16847865420317,374.28857119503704,393.94441323237004,378.48945108272113,384.47913338939975,385.87315657883926,372.3768378612918,359.3847090889973,389.44995232654753,384.03787207099566,332.7052089968002,334.74723977429295,382.5017777459947,367.178358446965,404.27232778203404,419.802619376866,473.12078871376406,372.9944027461875,330.59015214779856,313.1673508749837,379.7434639576354,360.0616926860756,396.14553988278874,416.92363320887284,369.6153941313376,389.9792469968571,392.3367500507387,377.0633002495338,358.2858678691209,375.7194352356849,385.19931885176595,373.3731225611805,380.76766403191886,386.45061057556234,317.92903364564387,411.2542011519569
Bosnian,379.0408877775714,399.1224698594893,411.70203536788586,401.08080581117633,0,314.7879532005322,416.9532042048395,241.70948587177827,337.48310974689065,392.9868724927191,396.93028743469847,416.0815765539555,389.8404039481516,383.8708645307785,396.19346157707264,407.5504605829415,427.03442936885654,430.9705705293108,385.9761843959348,400.2886434538855,403.21054436716696,390.6777551784877,429.6026167544961,282.03633468206294,417.1286863838496,391.5354672588178,388.9323373391874,392.0525243142091,409.34889915114286,342.6689688714662,388.14818620782364,395.9777920882578,306.52370867256434,211.72501642840766,392.71146287022515,302.41555391016095,319.1068839698973,394.7844797423256,400.05170386973776,304.61295994004854,396.27426108418484,415.5371576066478
Bulgarian,350.2387382054578,373.1027761413156,398.0856305807309,372.59425379003517,314.7879532005322,0,373.7945419879824,277.7357667246015,328.35872398304207,360.67696934753457,361.1147163587084,378.1681805536707,357.79871126061437,342.81050200757016,372.4979955671096,369.8174886477275,392.7878786320601,394.1064177953625,361.2771770876034,356.80639507818677,374.324768522865,403.57346998217105,443.2695746111343,269.6896577046135,378.05519414020046,376.71187041311083,364.11589489898375,358.6700599692001,389.7477029593721,354.82011938673764,354.1202457847904,370.3012787062563,316.2200102256583,288.533389042919,363.00140913451276,306.5255349443556,324.12687032694186,353.4104274364727,371.6637890942338,319.535027557823,360.16575525865653,381.07396874904816
Catalan,371.69208982235256,379.19350127742274,411.9849908926122,385.16847865420317,416.9532042048395,373.7945419879824,0,372.98133475451846,400.3258837088485,367.7609505823727,377.36455534538834,379.01557807753164,334.87206177541253,290.561455082899,389.23476094354817,381.25066401478057,407.9289616065366,410.62335081427204,381.7447244434864,360.92548609272546,347.14373328275366,442.68792465659334,485.8935915739221,381.8478604364609,384.51837733597597,388.8801442843285,362.397491443598,371.9333092665137,405.3460735177063,429.52865065790104,309.4296219120006,350.1707300484641,400.43627396041137,387.51922424638286,377.0880233639434,374.96398569499445,390.22898867077737,295.53608491309916,372.24432507418857,389.8570762450866,382.6824577835641,405.11602632091734
Croatian,352.2884704456684,374.59854504292474,387.3786474175214,374.28857119503704,241.70948587177827,277.7357667246015,372.98133475451846,0,310.25139458518424,358.36478298590055,367.96613263548943,383.79004525979195,357.94916673528115,346.0804136687537,372.2919830362913,368.5818312623694,393.35023660777864,397.34874179708225,362.2159279710206,358.85726773704744,374.7980888796957,405.40734033505265,424.67924524313946,278.2394866221497,376.2473347778683,371.3438284922162,364.80980832612545,353.895882410435,384.50410238393823,342.2040413174423,359.08909316703085,369.9456257120604,309.4467404948457,221.76342049172933,357.27302317747586,286.7570199613621,283.4733427494678,353.9075344165713,370.4841055325119,297.57345279209324,365.99936149969045,380.9527342006363
Czech,369.1114739808164,392.9094986787354,420.11821196947375,393.94441323237004,337.48310974689065,328.35872398304207,400.3258837088485,310.25139458518424,0,368.47085057081955,380.24326041261725,398.9591452774485,371.1670822361195,370.45398917412564,389.85646185870576,395.99279882014815,419.867349819929,424.3740166270274,379.7335783345224,375.24691545255814,405.2294795878732,406.0457524676779,458.13226258178406,336.17404638541245,406.6085221776351,389.9565307093328,380.72310008377303,373.1206307578697,401.6899576828179,342.88956906271216,372.90995461026785,395.43532166777896,328.63601175041435,316.48443058813183,391.79999900351214,253.73457221502667,340.515446271514,376.6222801025354,393.3816752795806,319.2813418364858,380.5007797726169,398.9816914846001
Danish,308.2290403388814,370.9033477547987,403.5572714753178,378.48945108272113,392.9868724927191,360.67696934753457,367.7609505823727,358.36478298590055,368.47085057081955,0,326.4617997599625,330.2781060445379,337.7306291673486,335.9989506526028,319.5373438625173,368.7032804676781,389.9850923677445,392.79458042629767,310.56603283428353,330.8074236569248,385.62324889969904,415.73929005963174,481.2434044910694,370.48413570293417,372.49353122739956,361.3309615564885,278.43304128758433,342.3842613016368,390.35016893451905,411.8855686775854,347.75458907925406,369.45830787832256,377.4394961169952,371.4490497690293,362.39948903956696,351.15816908983885,364.26688849442314,354.965965286111,306.19927556114476,373.66212546476373,360.03059328044696,377.3384943517467
Dutch,258.987315988983,373.6331679599762,405.67567405959284,384.47913338939975,396.93028743469847,361.1147163587084,377.36455534538834,367.96613263548943,380.24326041261725,326.4617997599625,0,331.6029131230773,358.7286794182205,353.4023021180151,307.15539116263255,376.9537570830719,397.37380819654675,405.70337044647295,338.7796994988372,350.7758555121449,397.0829412665509,408.789143647759,473.11581916167535,371.08353708127964,382.2593926380867,373.87911283109315,323.76998229633375,357.2263527941797,388.54009779298997,420.6959821234746,352.26161187285925,384.8067407106059,387.82299530065046,374.6840477280691,375.1021181592978,367.72953263462335,378.01076428950495,364.9735848666802,334.5103693385631,384.78323725914635,368.95925624539143,388.6071652947314
English,321.6521651781931,396.21072796399505,414.6164238751703,385.87315657883926,416.0815765539555,378.1681805536707,379.01557807753164,383.79004525979195,398.9591452774485,330.2781060445379,331.6029131230773,0,364.51141378554115,362.0013581739835,344.7044485671965,394.0899901433262,396.25545275856547,412.17249364348044,352.84623916999226,355.2238375923171,402.41283219889885,418.973001723646,480.61624495715057,389.19228813398934,385.83803815152663,381.9077396555408,330.6744681342327,375.06709676514953,408.0418757997131,428.80372526991687,367.2867533688757,392.9408138626061,399.0342970638898,389.90230070766535,392.11897547272616,379.4302713401384,394.30961018678073,373.3118097576425,347.87534752858005,395.77610642062245,375.0080029231748,391.016014232964
French,341.5575488282333,359.3732373363278,395.76864434452904,372.3768378612918,389.8404039481516,357.79871126061437,334.87206177541253,357.94916673528115,371.1670822361195,337.7306291673486,358.7286794182205,364.51141378554115,0,311.4705915533028,363.70318649033067,363.05823633501564,396.3046592466893,396.5617066119084,359.7293525005241,334.62938743877623,347.784484401611,405.97412081877536,472.45445354977437,367.83344532319944,368.9816540225975,364.7664560928669,351.435289718713,340.1899162464509,385.59019825432364,408.89292913144334,322.74811712022404,354.3278881193293,375.18148776366536,367.5399457703972,360.0204877203969,356.6354972032725,369.62999560595546,328.3980226495897,369.1894041704878,372.1267448871424,358.25765355185234,373.53756086480365
Galician,322.43290240509884,331.36082397702506,379.57696842105634,359.3847090889973,383.8708645307785,342.81050200757016,290.561455082899,346.0804136687537,370.45398917412564,335.9989506526028,353.4023021180151,362.0013581739835,311.4705915533028,0,362.52374768485254,360.5770942566515,379.2774869018567,386.0729377343129,335.4122974343946,324.30515354383544,329.1720842296569,407.41658684599116,461.6854799065473,351.08833863564155,355.21679646340345,353.1584257340539,343.6193158606225,328.2329843478039,361.88079609727663,407.78189472641236,263.84416751723705,335.8298271232042,364.83427915031655,356.4758732467861,327.54105032339635,350.00874434090093,368.4270605774041,242.05695339365417,345.00655936061656,360.61415625441595,353.75831185781095,374.74343378528977
German,318.22618810323627,385.2821590736786,404.26214679196295,389.44995232654753,396.19346157707264,372.4979955671096,389.23476094354817,372.2919830362913,389.85646185870576,319.5373438625173,307.15539116263255,344.7044485671965,363.70318649033067,362.52374768485254,0,379.1323215733245,407.3044701029147,411.61702572875134,344.1071792107742,355.99421580607594,393.82807319711225,412.0050728253688,475.32240297999164,380.6969374063819,392.12129056956303,380.74586573516194,338.96113263454737,368.86097626109296,394.8219604668921,422.76959219090423,374.1553919472547,385.64011952972834,393.2675219712748,380.0310892979085,387.1623815159485,373.60409268105633,387.63854130068495,376.73055247212324,340.6956996167423,390.2671546371977,378.10903124814945,390.7148590450951
Greek,372.149118293982,383.3821901302466,392.9897923459419,384.03787207099566,407.5504605829415,369.8174886477275,381.25066401478057,368.5818312623694,395.99279882014815,368.7032804676781,376.9537570830719,394.0899901433262,363.05823633501564,360.5770942566515,379.1323215733245,0,406.4786690356037,402.76900359762027,369.71260122958785,364.8566250355865,382.42177205935957,417.64713191869834,470.25531478471277,383.2749809958049,389.83574679989596,372.31341734857153,378.20505019403186,364.4806048720675,405.7379258203006,427.07204453937436,368.03615881517794,375.48104640663735,392.01234256940234,387.46423781875325,369.31140773819857,376.56268369487174,391.08918099042677,356.8811513914564,386.81643017262496,381.5132076156517,377.3387655481472,385.82558789636755
Gujarati,382.51113695894924,392.0928829776098,430.65071403650484,332.7052089968002,427.03442936885654,392.7878786320601,407.9289616065366,393.35023660777864,419.867349819929,389.9850923677445,397.37380819654675,396.25545275856547,396.3046592466893,379.2774869018567,407.3044701029147,406.4786690356037,0,316.2173421694512,402.926824664439,387.9489932274254,428.8044682348992,452.26944301389904,493.63121709331693,396.0227142577591,285.55217684213267,336.02841444497193,394.7208628670428,369.50549362409646,416.452201936242,450.71833508626304,405.6537592003713,414.3502435325561,419.101221912504,402.3406432151977,380.68951566358874,402.49353692219023,411.6892722532203,393.7762410085702,396.283220358843,409.5073259738818,333.4524105626525,432.82211086103905
Hindi,392.30149060673335,405.73380839359027,431.8633728892133,334.74723977429295,430.9705705293108,394.1064177953625,410.62335081427204,397.34874179708225,424.3740166270274,392.79458042629767,405.70337044647295,412.17249364348044,396.5617066119084,386.0729377343129,411.61702572875134,402.76900359762027,316.2173421694512,0,405.84518005566747,393.3658604105949,423.28842356304847,455.4422393345009,503.14977468188727,397.84363934079477,322.14081345914036,334.00778670051426,394.08466778254393,370.4274785475678,414.9621723218272,450.27090382576455,408.6907595926017,402.1266414319683,423.3295413472954,409.27449212980287,381.3501219526245,406.5892052677209,421.04373708167674,398.42631347589344,397.74164869032575,412.0163015995834,282.9477333892933,430.25316033689194
Icelandic,313.7267938203462,365.0296143548172,375.70413935175156,382.5017777459947,385.9761843959348,361.2771770876034,381.7447244434864,362.2159279710206,379.7335783345224,310.56603283428353,338.7796994988372,352.84623916999226,359.7293525005241,335.4122974343946,344.1071792107742,369.71260122958785,402.926824664439,405.84518005566747,0,355.1035410127087,385.41045401532244,393.46864337655944,442.1876468694146,363.40042805540327,384.99660455138144,374.83249693985437,306.5748467348647,352.7814599511013,374.42185685142994,410.95324862660715,359.4971147778256,376.9308807900393,366.8387408831872,362.97937527896147,351.34133058289115,363.9763832032699,385.82288811869756,365.55332198940334,312.6168092944189,363.3344650749507,369.40480078554117,385.30322092437524
Irish,331.13395579765364,346.07494113422376,386.95036018059307,367.178358446965,400.2886434538855,356.80639507818677,360.92548609272546,358.85726773704744,375.24691545255814,330.8074236569248,350.7758555121449,355.2238375923171,334.62938743877623,324.30515354383544,355.99421580607594,364.8566250355865,387.9489932274254,393.3658604105949,355.1035410127087,0,395.1254559296938,417.9237126299048,481.2150159072502,362.6107633844675,359.96490662122676,360.4506248278455,350.11861317510864,325.45220025291684,380.5201696882734,418.5611792890445,332.98404060952083,371.640004682141,380.07436474549735,375.993078274323,342.5164602669907,352.16184116732114,371.01723281148173,336.24800883987444,353.6175827797791,377.42187475966483,350.8324418950842,365.47125182730656
Italian,388.21787444809155,406.341394415497,415.29948274117777,404.27232778203404,403.21054436716696,374.324768522865,347.14373328275366,374.7980888796957,405.2294795878732,385.62324889969904,397.0829412665509,402.41283219889885,347.784484401611,329.1720842296569,393.82807319711225,382.42177205935957,428.8044682348992,423.28842356304847,385.41045401532244,395.1254559296938,0,441.8349817863333,478.26369900786045,387.38393838012155,408.94299602824464,390.2393453395306,387.34733484345617,386.6154312265756,415.5825681090521,422.8495833284192,346.1141285195607,340.0825424456454,394.229575785284,388.3891857683494,396.3090276259146,385.36031989619835,401.21132701334477,328.53900175695014,395.581607582998,389.1089423501972,401.4642755087145,388.5919846619214
Latvian,393.3672782676513,412.01478813944385,424.42087269502196,419.802619376866,390.6777551784877,403.57346998217105,442.68792465659334,405.40734033505265,406.0457524676779,415.73929005963174,408.789143647759,418.973001723646,405.97412081877536,407.41658684599116,412.0050728253688,417.64713191869834,452.26944301389904,455.4422393345009,393.46864337655944,417.9237126299048,441.8349817863333,0,393.754009353836,397.0402654430595,439.0232919805328,423.1996734163815,398.42579545044583,414.2474014078527,431.16495901343677,409.3912397531412,413.70787411823784,427.742072211031,380.1885491783915,382.8156990053385,420.13518749650393,385.96452308365707,408.69041041235556,437.66876694696936,416.7728437713474,398.1747247380767,411.5896547521663,438.987686907242
Lithuanian,457.99957377079903,460.69943363213144,465.84142931374384,473.12078871376406,429.6026167544961,443.2695746111343,485.8935915739221,424.67924524313946,458.13226258178406,481.2434044910694,473.11581916167535,480.61624495715057,472.45445354977437,461.6854799065473,475.32240297999164,470.25531478471277,493.63121709331693,503.14977468188727,442.1876468694146,481.2150159072502,478.26369900786045,393.754009353836,0,438.20007962173804,490.0247703786863,466.8487287235396,452.97337466663737,464.4926000921695,464.9030308028169,455.69101388943653,474.7392576334119,468.784580339894,429.8686174069141,417.8689623116563,454.11513335628075,442.8232142805366,452.48208644370703,471.0705116676413,460.6008071731231,429.33475405998786,468.609929266027,487.00387214440786
Macedonian,354.88188432376967,369.1320054730651,397.2002811542854,372.9944027461875,282.03633468206294,269.6896577046135,381.8478604364609,278.2394866221497,336.17404638541245,370.48413570293417,371.08353708127964,389.19228813398934,367.83344532319944,351.08833863564155,380.6969374063819,383.2749809958049,396.0227142577591,397.84363934079477,363.40042805540327,362.6107633844675,387.38393838012155,397.0402654430595,438.20007962173804,0,380.90269912881763,372.61694890061517,371.0833909860045,354.7403600259321,389.9137098754957,354.95463576373976,361.88989999522124,378.616174929018,308.8678130708732,252.1162325308955,362.0861270420774,306.8791390427081,330.1942096016135,362.6550834973721,373.6107211346622,305.68697342905807,363.4107176910624,395.729681935511
Marathi,363.783754102305,367.23649357402326,411.52462103977564,330.59015214779856,417.1286863838496,378.05519414020046,384.51837733597597,376.2473347778683,406.6085221776351,372.49353122739956,382.2593926380867,385.83803815152663,368.9816540225975,355.21679646340345,392.12129056956303,389.83574679989596,285.55217684213267,322.14081345914036,384.99660455138144,359.96490662122676,408.94299602824464,439.0232919805328,490.0247703786863,380.90269912881763,0,337.0745323772396,376.2237948238945,348.746973670333,405.79094129939347,437.5628593964145,378.9383611398336,392.8625241826415,399.55866440618564,388.25098680085654,357.962046898436,380.01685137198325,392.40590413232246,369.27773141562534,379.0180125115476,394.4136604886377,329.6729344918946,410.0471267966652
Nepali,354.1475997178515,361.22702083535154,401.4012015617578,313.1673508749837,391.5354672588178,376.71187041311083,388.8801442843285,371.3438284922162,389.9565307093328,361.3309615564885,373.87911283109315,381.9077396555408,364.7664560928669,353.1584257340539,380.74586573516194,372.31341734857153,336.02841444497193,334.00778670051426,374.83249693985437,360.4506248278455,390.2393453395306,423.1996734163815,466.8487287235396,372.61694890061517,337.0745323772396,0,373.3554043495267,340.24335276640977,391.27434146532715,419.1974523007979,368.4304448187412,381.0037983780622,392.2485647996896,378.9757611343125,344.6421234891001,368.60898790289434,387.03837908717907,368.52409856954654,370.67203916397125,384.47986114729156,314.14474606554836,390.47117491691034
Norwegian,309.7263582386399,370.02608878245684,392.50571873499865,379.7434639576354,388.9323373391874,364.11589489898375,362.397491443598,364.80980832612545,380.72310008377303,278.43304128758433,323.76998229633375,330.6744681342327,351.435289718713,343.6193158606225,338.96113263454737,378.20505019403186,394.7208628670428,394.08466778254393,306.5748467348647,350.11861317510864,387.34733484345617,398.42579545044583,452.97337466663737,371.0833909860045,376.2237948238945,373.3554043495267,0,358.9215788632491,390.40957590771626,407.81913352471173,353.6920208895805,372.50292587566037,380.1708309742756,368.5755211504735,366.677801165911,358.6245363988064,368.07328114621936,358.2406426214843,260.62233998294283,376.9199834029514,359.6675808086672,395.97166808577634
Pashto,326.4055487899566,337.7360923912671,375.09665550955333,360.0616926860756,392.0525243142091,358.6700599692001,371.9333092665137,353.895882410435,373.1206307578697,342.3842613016368,357.2263527941797,375.06709676514953,340.1899162464509,328.2329843478039,368.86097626109296,364.4806048720675,369.50549362409646,370.4274785475678,352.7814599511013,325.45220025291684,386.6154312265756,414.2474014078527,464.4926000921695,354.7403600259321,348.746973670333,340.24335276640977,358.9215788632491,0,345.05734889954016,416.0003318652061,348.4763531573958,368.58076470058256,373.03113176645036,363.94902103376216,325.3739941800749,361.30709482932065,368.24702915922796,349.88577685519857,362.0134100137573,368.3437608307049,329.2673613053781,382.4281979655675
Persian,367.1763482077612,377.9445685308254,397.4687929858829,396.14553988278874,409.34889915114286,389.7477029593721,405.3460735177063,384.50410238393823,401.6899576828179,390.35016893451905,388.54009779298997,408.0418757997131,385.59019825432364,361.88079609727663,394.8219604668921,405.7379258203006,416.452201936242,414.9621723218272,374.42185685142994,380.5201696882734,415.5825681090521,431.16495901343677,464.9030308028169,389.9137098754957,405.79094129939347,391.27434146532715,390.40957590771626,345.05734889954016,0,431.5336955618163,387.30947171371224,397.5325870628703,400.00071379915954,390.1211003409254,373.3821705547721,389.79872812543056,405.94395284898,392.96334301970586,389.0213159160507,388.6425984388068,368.6530994145741,414.792694579007
Polish,406.97543157976975,424.8485157298763,438.1920986599539,416.92363320887284,342.6689688714662,354.82011938673764,429.52865065790104,342.2040413174423,342.88956906271216,411.8855686775854,420.6959821234746,428.80372526991687,408.89292913144334,407.78189472641236,422.76959219090423,427.07204453937436,450.71833508626304,450.27090382576455,410.95324862660715,418.5611792890445,422.8495833284192,409.3912397531412,455.69101388943653,354.95463576373976,437.5628593964145,419.1974523007979,407.81913352471173,416.0003318652061,431.5336955618163,0,400.8629955137624,417.0591775309477,342.6077454288563,334.46666347133316,421.11582690852657,303.58550661586537,360.9013866005099,415.77214109316395,418.3861320270882,336.5033411791762,415.0934840620935,429.7927343043346
Portuguese,345.2298487576303,361.36039028872636,393.74632757621737,369.6153941313376,388.14818620782364,354.1202457847904,309.4296219120006,359.08909316703085,372.90995461026785,347.75458907925406,352.26161187285925,367.2867533688757,322.74811712022404,263.84416751723705,374.1553919472547,368.03615881517794,405.6537592003713,408.6907595926017,359.4971147778256,332.98404060952083,346.1141285195607,413.70787411823784,474.7392576334119,361.88989999522124,378.9383611398336,368.4304448187412,353.6920208895805,348.4763531573958,387.30947171371224,400.8629955137624,0,354.2035408571369,376.31967913662015,364.9344790721648,363.482162544442,349.0669414543435,369.5416469437801,272.2634760423829,361.8815209721436,371.4448419224971,361.33887455448956,379.9187026373915
Romanian,371.4316920069419,386.4721354344862,402.72900594829105,389.9792469968571,395.9777920882578,370.3012787062563,350.1707300484641,369.9456257120604,395.43532166777896,369.45830787832256,384.8067407106059,392.9408138626061,354.3278881193293,335.8298271232042,385.64011952972834,375.48104640663735,414.3502435325561,402.1266414319683,376.9308807900393,371.640004682141,340.0825424456454,427.742072211031,468.784580339894,378.616174929018,392.8625241826415,381.0037983780622,372.50292587566037,368.58076470058256,397.5325870628703,417.0591775309477,354.2035408571369,0,388.466010774516,380.27290960767925,380.27460398017587,375.70055518101503,388.1165295335435,347.55196614245057,375.9083260302582,380.51421237181535,381.4555211458403,389.59511565269736
Russian,363.1357593588504,380.376332292669,404.2905810100639,392.3367500507387,306.52370867256434,316.2200102256583,400.43627396041137,309.4467404948457,328.63601175041435,377.4394961169952,387.82299530065046,399.0342970638898,375.18148776366536,364.83427915031655,393.2675219712748,392.01234256940234,419.101221912504,423.3295413472954,366.8387408831872,380.07436474549735,394.229575785284,380.1885491783915,429.8686174069141,308.8678130708732,399.55866440618564,392.2485647996896,380.1708309742756,373.03113176645036,400.00071379915954,342.6077454288563,376.31967913662015,388.466010774516,0,289.5089697805645,375.9280964689048,301.6077260007459,342.58679343454577,381.1494565946773,387.47915734823073,277.40321213868185,389.5393316525144,407.6665389937358
Serbian,355.0351761119244,376.0464629799911,396.6731347388647,377.0633002495338,211.72501642840766,288.533389042919,387.51922424638286,221.76342049172933,316.48443058813183,371.4490497690293,374.6840477280691,389.90230070766535,367.5399457703972,356.4758732467861,380.0310892979085,387.46423781875325,402.3406432151977,409.27449212980287,362.97937527896147,375.993078274323,388.3891857683494,382.8156990053385,417.8689623116563,252.1162325308955,388.25098680085654,378.9757611343125,368.5755211504735,363.94902103376216,390.1211003409254,334.46666347133316,364.9344790721648,380.27290960767925,289.5089697805645,0,369.4978543859367,284.8980282697303,290.0339629933298,370.058835826616,375.6366915513512,284.9257329930191,373.5567974044195,399.33194585861787
Sinhala,342.3100011233285,324.9835913499881,374.2640449869072,358.2858678691209,392.71146287022515,363.00140913451276,377.0880233639434,357.27302317747586,391.79999900351214,362.39948903956696,375.1021181592978,392.11897547272616,360.0204877203969,327.54105032339635,387.1623815159485,369.31140773819857,380.68951566358874,381.3501219526245,351.34133058289115,342.5164602669907,396.3090276259146,420.13518749650393,454.11513335628075,362.0861270420774,357.962046898436,344.6421234891001,366.677801165911,325.3739941800749,373.3821705547721,421.11582690852657,363.482162544442,380.27460398017587,375.9280964689048,369.4978543859367,0,369.93129000174156,390.41778228429723,356.7712717591443,362.49547889982983,370.1632687759853,351.55948873352315,392.52609030202296
Slovak,352.04771317672004,369.2607574778817,397.1853149776418,375.7194352356849,302.41555391016095,306.5255349443556,374.96398569499445,286.7570199613621,253.73457221502667,351.15816908983885,367.72953263462335,379.4302713401384,356.6354972032725,350.00874434090093,373.60409268105633,376.56268369487174,402.49353692219023,406.5892052677209,363.9763832032699,352.16184116732114,385.36031989619835,385.96452308365707,442.8232142805366,306.8791390427081,380.01685137198325,368.60898790289434,358.6245363988064,361.30709482932065,389.79872812543056,303.58550661586537,349.0669414543435,375.70055518101503,301.6077260007459,284.8980282697303,369.93129000174156,0,309.920116630123,357.21746348743704,370.5584991878452,298.71337162290973,364.8948705539344,381.93391253232915
Slovenian,367.77741307024934,389.0471194709245,417.9752528570149,385.19931885176595,319.1068839698973,324.12687032694186,390.22898867077737,283.4733427494678,340.515446271514,364.26688849442314,378.01076428950495,394.30961018678073,369.62999560595546,368.4270605774041,387.63854130068495,391.08918099042677,411.6892722532203,421.04373708167674,385.82288811869756,371.01723281148173,401.21132701334477,408.69041041235556,452.48208644370703,330.1942096016135,392.40590413232246,387.03837908717907,368.07328114621936,368.24702915922796,405.94395284898,360.9013866005099,369.5416469437801,388.1165295335435,342.58679343454577,290.0339629933298,390.41778228429723,309.920116630123,0,374.05246722606455,382.716715963137,334.4213490796494,379.05543530043474,405.4236229053091
Spanish,357.01803811067487,369.5618978800868,403.2651298438914,373.3731225611805,394.7844797423256,353.4104274364727,295.53608491309916,353.9075344165713,376.6222801025354,354.965965286111,364.9735848666802,373.3118097576425,328.3980226495897,242.05695339365417,376.73055247212324,356.8811513914564,393.7762410085702,398.42631347589344,365.55332198940334,336.24800883987444,328.53900175695014,437.66876694696936,471.0705116676413,362.6550834973721,369.27773141562534,368.52409856954654,358.2406426214843,349.88577685519857,392.96334301970586,415.77214109316395,272.2634760423829,347.55196614245057,381.1494565946773,370.058835826616,356.7712717591443,357.21746348743704,374.05246722606455,0,369.081859968062,368.08808303117206,366.2441920755392,381.3129451274878
Swedish,319.6521330007399,374.4046030065265,398.92567996128264,380.76766403191886,400.05170386973776,371.6637890942338,372.24432507418857,370.4841055325119,393.3816752795806,306.19927556114476,334.5103693385631,347.87534752858005,369.1894041704878,345.00655936061656,340.6956996167423,386.81643017262496,396.283220358843,397.74164869032575,312.6168092944189,353.6175827797791,395.581607582998,416.7728437713474,460.6008071731231,373.6107211346622,379.0180125115476,370.67203916397125,260.62233998294283,362.0134100137573,389.0213159160507,418.3861320270882,361.8815209721436,375.9083260302582,387.47915734823073,375.6366915513512,362.49547889982983,370.5584991878452,382.716715963137,369.081859968062,0,381.63939815606534,366.02803217462457,392.93597150762827
Ukrainian,365.53309698211893,378.0013121044989,401.6718081699101,386.45061057556234,304.61295994004854,319.535027557823,389.8570762450866,297.57345279209324,319.2813418364858,373.66212546476373,384.78323725914635,395.77610642062245,372.1267448871424,360.61415625441595,390.2671546371977,381.5132076156517,409.5073259738818,412.0163015995834,363.3344650749507,377.42187475966483,389.1089423501972,398.1747247380767,429.33475405998786,305.68697342905807,394.4136604886377,384.47986114729156,376.9199834029514,368.3437608307049,388.6425984388068,336.5033411791762,371.4448419224971,380.51421237181535,277.40321213868185,284.9257329930191,370.1632687759853,298.71337162290973,334.4213490796494,368.08808303117206,381.63939815606534,0,384.2018578796487,396.14044122589013
Urdu,355.86174452981874,362.2271678508296,398.7455709254478,317.92903364564387,396.27426108418484,360.16575525865653,382.6824577835641,365.99936149969045,380.5007797726169,360.03059328044696,368.95925624539143,375.0080029231748,358.25765355185234,353.75831185781095,378.10903124814945,377.3387655481472,333.4524105626525,282.9477333892933,369.40480078554117,350.8324418950842,401.4642755087145,411.5896547521663,468.609929266027,363.4107176910624,329.6729344918946,314.14474606554836,359.6675808086672,329.2673613053781,368.6530994145741,415.0934840620935,361.33887455448956,381.4555211458403,389.5393316525144,373.5567974044195,351.55948873352315,364.8948705539344,379.05543530043474,366.2441920755392,366.02803217462457,384.2018578796487,0,391.1848011304655
Welsh,378.4083778482785,406.37386282677807,402.09813122133113,411.2542011519569,415.5371576066478,381.07396874904816,405.11602632091734,380.9527342006363,398.9816914846001,377.3384943517467,388.6071652947314,391.016014232964,373.53756086480365,374.74343378528977,390.7148590450951,385.82558789636755,432.82211086103905,430.25316033689194,385.30322092437524,365.47125182730656,388.5919846619214,438.987686907242,487.00387214440786,395.729681935511,410.0471267966652,390.47117491691034,395.97166808577634,382.4281979655675,414.792694579007,429.7927343043346,379.9187026373915,389.59511565269736,407.6665389937358,399.33194585861787,392.52609030202296,381.93391253232915,405.4236229053091,381.3129451274878,392.93597150762827,396.14044122589013,391.1848011304655,0
