,Afrikaans,Albanian,Armenian,Bengali,Bosnian,Bulgarian,Catalan,Croatian,Czech,Danish,Dutch,English,French,Galician,German,Greek,Gujarati,Hindi,Icelandic,Irish,Italian,Latvian,Lithuanian,Macedonian,Marathi,Nepali,Norwegian,Pashto,Persian,Polish,Portuguese,Romanian,Russian,Serbian,Sinhala,Slovak,Slovenian,Spanish,Swedish,Ukrainian,Urdu,Welsh
Afrikaans,0,0.4698220490592049,0.3895361802477363,0.47782248736098276,0.40997516038349874,0.47358103485809283,0.4792347697838745,0.4647024288634071,0.463206849277362,0.4866206307638335,0.3749953598154281,0.44235544204183347,0.4880749213565849,0.48415725898048123,0.4512262614750066,0.48351451886226776,0.4757451658485965,0.47123535203997347,0.4381984856849409,0.5031416042274122,0.41856969744471056,0.42517539476955785,0.3439555591017646,0.4539429046206427,0.4877713646180759,0.43711881565537075,0.47893842190006863,0.4802109237254041,0.4248973876363818,0.41291205435184225,0.4720765736942187,0.46419322196752283,0.4402361903647426,0.4511189946603349,0.4408040096461772,0.47553067738659166,0.47005426187829724,0.468248644179006,0.44662090369648944,0.43859362050909395,0.4741674691534638,0.3950973783827857
Albanian,0.4698220490592049,0,0.3972450188715256,0.46586754286637644,0.42153912478694766,0.46666887361369164,0.4687629245274776,0.45917179169448474,0.4645003449295958,0.4808495025434892,0.45936115611275813,0.46532780587351547,0.4724737331931333,0.4640306353945676,0.46501420614424355,0.475403939881858,0.47024998412881075,0.4643181539861018,0.4550805527960294,0.4765986146400032,0.4195271250523419,0.4378410184065219,0.3515298227784359,0.4505953159646348,0.4729922693702139,0.44179032930033413,0.47968512086474524,0.46764263592996913,0.4294376638517044,0.4194179771425635,0.4618098395093641,0.461507260237943,0.44741311820321866,0.45306874025840616,0.4297159571797394,0.4723815912520688,0.4647053176667488,0.4628296262980129,0.4620343614123228,0.4467546956591254,0.46494048775298646,0.40056469547950885
Armenian,0.3895361802477363,0.3972450188715256,0,0.403247074599558,0.39901566271589617,0.40399377907474326,0.3959804562956889,0.4045713008970773,0.4039979350574358,0.3999164177291117,0.39583854544281327,0.4063513350496158,0.3974731858102951,0.3929011123183146,0.40096302787449534,0.4027046396005453,0.40444478935976047,0.40391374060235413,0.3906232608165333,0.3949977936591112,0.4009330442546062,0.40118408615570134,0.35385930466460974,0.3999029110369661,0.39826502367073713,0.4081827385230943,0.3953673932645337,0.39469879205814185,0.3892781433575418,0.3954007867865534,0.40281184500216916,0.40577896107111733,0.3987778905763265,0.4020239124670446,0.39436219452930255,0.40371384068253513,0.4051311012704512,0.4030907829769862,0.3926244981582284,0.4016811321175155,0.4050655322492321,0.3932976495036678
Bengali,0.47782248736098276,0.46586754286637644,0.403247074599558,0,0.4185404511434594,0.4649926754880214,0.4689300430730525,0.4616444431217574,0.4487501752368895,0.4852259896946143,0.46302293729609934,0.4688600874044662,0.4733234598695538,0.4718320582220527,0.4628702513517059,0.4695427603501951,0.44213336911933726,0.43124362613553463,0.4595575906675013,0.4828618565717707,0.4130665260649691,0.4348046967022213,0.35033455499084587,0.4510995844882848,0.4504558434971239,0.4027028213191462,0.4874809980455914,0.4728143562476551,0.4290578470602547,0.4109339329247348,0.45951308289144777,0.45979189075523136,0.44271441120647076,0.45291061400463073,0.436253104003641,0.4665468811727305,0.46849010420365506,0.45893779617463965,0.4632285946990724,0.4382713517070558,0.43276368673176524,0.39664821890500906
Bosnian,0.40997516038349874,0.42153912478694766,0.39901566271589617,0.4185404511434594,0,0.3807693720941115,0.41135308779685914,0.33581873844819726,0.38638852914092353,0.4145550783967627,0.4157603716262623,0.4225646756073633,0.41372573931847684,0.4117632754369428,0.4202534389803829,0.42367389332986616,0.4203493059250667,0.42146373104962714,0.41174640915069877,0.41876612495739207,0.40138533538951937,0.4041997672899234,0.34986218418969106,0.34459966410515397,0.41702995764518297,0.4196978681191761,0.4156405175507787,0.4165043996366436,0.4094225083772047,0.3738578384191763,0.41323023902235345,0.41873249606025154,0.361436377507784,0.29418029477234287,0.4163369159934702,0.3747229128570941,0.3798491151365717,0.4148765436259578,0.4130210673160882,0.3656007205642859,0.41983215823378456,0.39822154728066483
Bulgarian,0.47358103485809283,0.46666887361369164,0.40399377907474326,0.4649926754880214,0.3807693720941115,0,0.4587360602851114,0.4005445372111066,0.4251199088998564,0.4814881688941435,0.46440400032744245,0.4576246593496963,0.46974711052423523,0.4676088300435463,0.4683705812368453,0.4683545267400095,0.4657724969746523,0.464033645325345,0.45785885100293533,0.4821679980951576,0.4085567734634137,0.4297286149905845,0.3433292244360224,0.3933285372539647,0.474437205860254,0.442130269801501,0.47857483276162743,0.4703223573964403,0.4321369746097414,0.38899106261509775,0.46229016912494764,0.45919156741556927,0.41566834143573234,0.40986765807983394,0.4399855217126137,0.4375496139408669,0.4323127566501246,0.45507425783530264,0.45680383625494925,0.4170072566813398,0.46363120338231234,0.3945409308970199
Catalan,0.4792347697838745,0.4687629245274776,0.3959804562956889,0.4689300430730525,0.41135308779685914,0.4587360602851114,0,0.45103941977749495,0.44975178666083565,0.49127370753363303,0.45933910385976123,0.4558779353812569,0.46247306357249357,0.4464684701259402,0.4603264799029146,0.46746474423070095,0.4614867702328826,0.4570095256218853,0.4488316740633595,0.48750545207880824,0.38321226975396366,0.42718671364585153,0.3444321038620206,0.4437212320208657,0.47317350808687875,0.43929970300834126,0.49004087134110214,0.48125586786343927,0.43155566777223536,0.40883441822573086,0.4289235113736218,0.44412687097645026,0.43604567933876714,0.4471751530182155,0.44064644578310264,0.4673433493765118,0.4659237426223995,0.4204708037565728,0.4556519702431467,0.4349249093665269,0.46640370557290833,0.39589013769328385
Croatian,0.4647024288634071,0.45917179169448474,0.4045713008970773,0.4616444431217574,0.33581873844819726,0.4005445372111066,0.45103941977749495,0,0.4164804520589208,0.46706047555533237,0.45744008278071663,0.4536899387302865,0.45966735764210737,0.46113922612995983,0.4623736321164876,0.4646021272464678,0.4607574922807618,0.4618577914663764,0.45274890326966233,0.4701531504188796,0.41242794828569135,0.4320613311060434,0.3428383532229871,0.38938810531706064,0.460718116533468,0.43745953806188104,0.46929438569868714,0.4606308734512841,0.4320789694108941,0.3873970018787794,0.4591105025926146,0.4509664457102925,0.4084055116009717,0.35618168748073953,0.43876273369310825,0.41659963198070243,0.4033280718277141,0.44969076755620485,0.45259380115250364,0.40003244840410407,0.4610294377024647,0.39986464637607855
Czech,0.463206849277362,0.4645003449295958,0.4039979350574358,0.4487501752368895,0.38638852914092353,0.4251199088998564,0.44975178666083565,0.4164804520589208,0,0.4618500244048668,0.45578624955319696,0.44431361446618933,0.4609830356589602,0.4633412069863861,0.46658372623500727,0.4648811079510703,0.4594869270375892,0.4600204568338239,0.4513917723876067,0.46902073515384446,0.4176437751182877,0.4269771016762975,0.3547282770940875,0.4191053878325247,0.46243054949005247,0.4326338194074318,0.4630156179175485,0.45825566600366374,0.43250949562984203,0.39066384607416355,0.4584778187946231,0.451003130702032,0.4112238970701977,0.40867736747612077,0.4325966091910465,0.4055043868210273,0.42159668992059807,0.4508907603736856,0.4452364341801626,0.40825937013726993,0.45134509727129324,0.399313912458746
Danish,0.4866206307638335,0.4808495025434892,0.3999164177291117,0.4852259896946143,0.4145550783967627,0.4814881688941435,0.49127370753363303,0.46706047555533237,0.4618500244048668,0,0.4556676677522849,0.449304678309405,0.4977172044185696,0.501129165624507,0.45965936790981876,0.4872617847082728,0.4814725483420744,0.47218414029937716,0.44840427547947903,0.5157916553817891,0.4108704919640584,0.4351336068921169,0.34844973938549667,0.4579854759003628,0.49744205398458075,0.4355336344229226,0.48488235346135977,0.4982472972226141,0.4352756701969458,0.4130976001479821,0.47705922819673297,0.4698442230443836,0.4487053662727188,0.4603344611288521,0.4448994490190345,0.4845151841324213,0.48061817988980626,0.4715455162866825,0.44512629235051376,0.44483624363692476,0.47443212024400605,0.3909483472891985
Dutch,0.3749953598154281,0.45936115611275813,0.39583854544281327,0.46302293729609934,0.4157603716262623,0.46440400032744245,0.45933910385976123,0.45744008278071663,0.45578624955319696,0.4556676677522849,0,0.4331913563361912,0.4702790617381163,0.4701447250766255,0.4320024272277692,0.46692099099728485,0.46176897124891186,0.46084998396071397,0.43708702177050845,0.47770485306745847,0.41627549861090773,0.427066709975424,0.34930363198912023,0.447089648848383,0.4718496366828462,0.44144991201473316,0.4553123360472089,0.47027932856488186,0.42996462659480095,0.4157287685360482,0.4606615682156143,0.4563089775941565,0.43876755913154614,0.44767079394925635,0.4410617805648346,0.4642012556414225,0.4532796288193552,0.45694646179839177,0.43260455411265314,0.43854439576219173,0.46238225851103704,0.40109385449587304
English,0.44235544204183347,0.46532780587351547,0.4063513350496158,0.4688600874044662,0.4225646756073633,0.4576246593496963,0.4558779353812569,0.4536899387302865,0.44431361446618933,0.449304678309405,0.4331913563361912,0,0.46108127365892937,0.46386758713043824,0.4403067801712071,0.47054061106830725,0.4584925699236041,0.4548881864638407,0.4476639153460087,0.46115773110375397,0.41604782419840103,0.4374352582364979,0.35498557058530134,0.44814336282141737,0.4609202748806846,0.4419621304611106,0.45778619236007256,0.46691743154631515,0.43227142994247003,0.41322565374233866,0.4523948463769915,0.4575480951549339,0.44067985345750266,0.4483854815680676,0.44397989340412836,0.46024651230863467,0.46086293036984055,0.45742071960199004,0.451737452012469,0.4420854859142755,0.46664089127955416,0.40178230047986657
French,0.4880749213565849,0.4724737331931333,0.3974731858102951,0.4733234598695538,0.41372573931847684,0.46974711052423523,0.46247306357249357,0.45966735764210737,0.4609830356589602,0.4977172044185696,0.4702790617381163,0.46108127365892937,0,0.48083771300831984,0.47675453445019816,0.48104061724972025,0.4728849586250135,0.47206627250652927,0.4613620847561546,0.5054179706526993,0.40071605786483055,0.4314169768757144,0.3468021817539136,0.45086223629025557,0.48229038370774563,0.4366704142113334,0.49570407864414723,0.48427606949439356,0.43476927708388985,0.41408167520639644,0.46505786250172587,0.4543279867002589,0.4441821096171435,0.45380081520664867,0.4442481114412921,0.48376101470377636,0.4627137191101166,0.45326983933022036,0.46513136906050534,0.43626298662873564,0.46929712549700353,0.3941101409727199
Galician,0.48415725898048123,0.4640306353945676,0.3929011123183146,0.4718320582220527,0.4117632754369428,0.4676088300435463,0.4464684701259402,0.46113922612995983,0.4633412069863861,0.501129165624507,0.4701447250766255,0.46386758713043824,0.48083771300831984,0,0.473566278007627,0.4780689529840586,0.4759472398274792,0.4671694475202158,0.4515399900283284,0.4978947937584465,0.3873160578864491,0.4324520492878306,0.34304676117618166,0.45173870024816665,0.48636010867136614,0.4350362542851421,0.5009893387947225,0.4833292871361005,0.42890711371692913,0.41771129489070363,0.4209568840306678,0.4566943674276114,0.44552871309564446,0.4519219523037532,0.4338095437004908,0.48053670294577044,0.4748760813054174,0.3901274896703671,0.4636038456370937,0.44263969825793253,0.47065581248893373,0.3926636246185015
German,0.4512262614750066,0.46501420614424355,0.40096302787449534,0.4628702513517059,0.4202534389803829,0.4683705812368453,0.4603264799029146,0.4623736321164876,0.46658372623500727,0.45965936790981876,0.4320024272277692,0.4403067801712071,0.47675453445019816,0.473566278007627,0,0.47030749142856604,0.4658944632863405,0.4612975110395999,0.4478912091960705,0.48176398716187,0.41745532800816565,0.4345662019098314,0.35061645576165784,0.4567769790379567,0.47488729435468136,0.4374169755861412,0.4662278537838472,0.4720407375732814,0.4344375472677759,0.4194084551420387,0.4670923888292028,0.45625229706250875,0.4469473430008054,0.45547914444141,0.443264191955404,0.4723816139598245,0.45412822099120187,0.45700523180927954,0.4374961436768748,0.4439290063418239,0.46240321524114486,0.3984958767430389
Greek,0.48351451886226776,0.475403939881858,0.4027046396005453,0.4695427603501951,0.42367389332986616,0.4683545267400095,0.46746474423070095,0.4646021272464678,0.4648811079510703,0.4872617847082728,0.46692099099728485,0.47054061106830725,0.48104061724972025,0.4780689529840586,0.47030749142856604,0,0.47107288469753067,0.4610423808131956,0.4651823830551374,0.48564241524054985,0.4230372853076787,0.4363149099158272,0.3503635463546223,0.45690806678802515,0.4737130971423232,0.44209731370128735,0.486798610477929,0.4747192611204188,0.43617565308450634,0.42004231584978985,0.46780109286586075,0.46078398218985284,0.44926377061724015,0.4567642869448317,0.4406020500741545,0.48049931521563866,0.46738527390769413,0.4596881880004758,0.46823815349962916,0.44695757156058497,0.4657817328195398,0.4055787647686491
Gujarati,0.4757451658485965,0.47024998412881075,0.40444478935976047,0.44213336911933726,0.4203493059250667,0.4657724969746523,0.4614867702328826,0.4607574922807618,0.4594869270375892,0.4814725483420744,0.46176897124891186,0.4584925699236041,0.4728849586250135,0.4759472398274792,0.4658944632863405,0.47107288469753067,0,0.3939649257327189,0.46271498936954886,0.48523987574335753,0.4187378031842809,0.4359389367074245,0.351991216740583,0.4527817716494593,0.3932473776795107,0.41934097646358137,0.4838662348910701,0.47039564463298583,0.43603190628527716,0.4161460923132327,0.46696051536986155,0.45885025880212177,0.4457733901045989,0.45526329741607374,0.4426762660192763,0.4744538671956476,0.4642065747572561,0.4620701707779739,0.46258712233194443,0.44234658787015957,0.4374397550368199,0.4033136564623857
Hindi,0.47123535203997347,0.4643181539861018,0.40391374060235413,0.43124362613553463,0.42146373104962714,0.464033645325345,0.4570095256218853,0.4618577914663764,0.4600204568338239,0.47218414029937716,0.46084998396071397,0.4548881864638407,0.47206627250652927,0.4671694475202158,0.4612975110395999,0.4610423808131956,0.3939649257327189,0,0.4536613503847434,0.4778992099066962,0.41912029730133593,0.4337258363473224,0.35246001040613884,0.45045813622499187,0.41103685390179817,0.4108708071056712,0.47472506802019326,0.46524258490958553,0.4337292561271996,0.4229309055866879,0.46787073323861006,0.45160344846993933,0.4419823791775362,0.45788653529593565,0.4375662031017974,0.4690722762292366,0.457572723653913,0.454389580020693,0.45516006881610965,0.4461437925823616,0.3966141387131462,0.400850573518598
Icelandic,0.4381984856849409,0.4550805527960294,0.3906232608165333,0.4595575906675013,0.41174640915069877,0.45785885100293533,0.4488316740633595,0.45274890326966233,0.4513917723876067,0.44840427547947903,0.43708702177050845,0.4476639153460087,0.4613620847561546,0.4515399900283284,0.4478912091960705,0.4651823830551374,0.46271498936954886,0.4536613503847434,0,0.4679851014145153,0.4196899669062821,0.42533376582844074,0.345583734353481,0.44294902987625806,0.46419294255850463,0.44085739941047897,0.44274896339413916,0.4580303334367378,0.4195057734536978,0.41461746521789045,0.45440863071701537,0.45116912612691445,0.4364590024554639,0.44351748960022574,0.4269016374342679,0.45922999596908615,0.44955419044155254,0.4529125532084321,0.4219699750468598,0.43520181911236666,0.4550482954916964,0.3990697335824276
Irish,0.5031416042274122,0.4765986146400032,0.3949977936591112,0.4828618565717707,0.41876612495739207,0.4821679980951576,0.48750545207880824,0.4701531504188796,0.46902073515384446,0.5157916553817891,0.47770485306745847,0.46115773110375397,0.5054179706526993,0.4978947937584465,0.48176398716187,0.48564241524054985,0.48523987574335753,0.4778992099066962,0.4679851014145153,0,0.4187321173979884,0.43390721749701394,0.3437262983526238,0.4596654113893816,0.49476070545474404,0.4398459517206116,0.5133497946598815,0.49659868923109673,0.4330442035186143,0.41675265350431745,0.4773113524488071,0.473500583649432,0.45271385248309476,0.4625939641116861,0.44280802153139726,0.4928297415994834,0.47850091078181417,0.4668135505839576,0.46849866967243287,0.4478414541144603,0.4764070788668043,0.387601376028126
Italian,0.41856969744471056,0.4195271250523419,0.4009330442546062,0.4130665260649691,0.40138533538951937,0.4085567734634137,0.38321226975396366,0.41242794828569135,0.4176437751182877,0.4108704919640584,0.41627549861090773,0.41604782419840103,0.40071605786483055,0.3873160578864491,0.41745532800816565,0.4230372853076787,0.4187378031842809,0.41912029730133593,0.4196899669062821,0.4187321173979884,0,0.414895725778109,0.3597410143696389,0.40789573542546637,0.4165951552448313,0.41209206357899936,0.41617383836696314,0.41779673326061373,0.41697552889777656,0.40476227798978937,0.39678455656216066,0.3944960567847598,0.41228863050633074,0.41139531567215437,0.4159158232133082,0.41655251818911726,0.4154393557523517,0.38641278902505927,0.4112164112111182,0.40736526610505963,0.4176051202287718,0.3859723742389369
Latvian,0.42517539476955785,0.4378410184065219,0.40118408615570134,0.4348046967022213,0.4041997672899234,0.4297286149905845,0.42718671364585153,0.4320613311060434,0.4269771016762975,0.4351336068921169,0.427066709975424,0.4374352582364979,0.4314169768757144,0.4324520492878306,0.4345662019098314,0.4363149099158272,0.4359389367074245,0.4337258363473224,0.42533376582844074,0.43390721749701394,0.414895725778109,0,0.32793575674426906,0.42011577992261534,0.43525599437876955,0.432361763157424,0.43214080280269684,0.4364418563306308,0.42065413453613265,0.401419280969858,0.43363714528496977,0.43321474414270916,0.4112646043671299,0.41923561541312937,0.4251196276502237,0.4259664885022609,0.426701484352223,0.43473595745827015,0.43306754499459627,0.4196480252089472,0.43705934363625865,0.4081456060096053
Lithuanian,0.3439555591017646,0.3515298227784359,0.35385930466460974,0.35033455499084587,0.34986218418969106,0.3433292244360224,0.3444321038620206,0.3428383532229871,0.3547282770940875,0.34844973938549667,0.34930363198912023,0.35498557058530134,0.3468021817539136,0.34304676117618166,0.35061645576165784,0.3503635463546223,0.351991216740583,0.35246001040613884,0.345583734353481,0.3437262983526238,0.3597410143696389,0.32793575674426906,0,0.3444775637011251,0.35019122602766656,0.36009476540135776,0.34341649692969145,0.3472714582490969,0.3562749291514883,0.3522274061080391,0.35084033874275616,0.35168406726120977,0.345247244157882,0.3409152384044875,0.3541653416421075,0.3474811196935913,0.3460311239254328,0.3489613846359985,0.3456997303695854,0.3447945727670868,0.35095887218650984,0.3636185620042382
Macedonian,0.4539429046206427,0.4505953159646348,0.3999029110369661,0.4510995844882848,0.34459966410515397,0.3933285372539647,0.4437212320208657,0.38938810531706064,0.4191053878325247,0.4579854759003628,0.447089648848383,0.44814336282141737,0.45086223629025557,0.45173870024816665,0.4567769790379567,0.45690806678802515,0.4527817716494593,0.45045813622499187,0.44294902987625806,0.4596654113893816,0.40789573542546637,0.42011577992261534,0.3444775637011251,0,0.455769746003816,0.4339755307121654,0.4586410460973934,0.45607945164807956,0.4261472932973326,0.3882686434398831,0.4455365606672017,0.4458739185934631,0.3821049830203309,0.3480961277666032,0.4322639501920749,0.415040047791839,0.41873971602275545,0.44212937168213934,0.4426054028962854,0.38250525484764447,0.4497536750904116,0.3981703065934954
Marathi,0.4877713646180759,0.4729922693702139,0.39826502367073713,0.4504558434971239,0.41702995764518297,0.474437205860254,0.47317350808687875,0.460718116533468,0.46243054949005247,0.49744205398458075,0.4718496366828462,0.4609202748806846,0.48229038370774563,0.48636010867136614,0.47488729435468136,0.4737130971423232,0.3932473776795107,0.41103685390179817,0.46419294255850463,0.49476070545474404,0.4165951552448313,0.43525599437876955,0.35019122602766656,0.455769746003816,0,0.42356473525489224,0.4969111159597039,0.481628799872043,0.43434807332111747,0.4164499481561047,0.47113996485101656,0.46432596058456027,0.44533066098401985,0.4576693908714913,0.4410590574952545,0.48077314297599316,0.4744731240275036,0.4641133271133024,0.4723220770804559,0.4431126223492161,0.4481223141946543,0.39993783315994724
Nepali,0.43711881565537075,0.44179032930033413,0.4081827385230943,0.4027028213191462,0.4196978681191761,0.442130269801501,0.43929970300834126,0.43745953806188104,0.4326338194074318,0.4355336344229226,0.44144991201473316,0.4419621304611106,0.4366704142113334,0.4350362542851421,0.4374169755861412,0.44209731370128735,0.41934097646358137,0.4108708071056712,0.44085739941047897,0.4398459517206116,0.41209206357899936,0.432361763157424,0.36009476540135776,0.4339755307121654,0.42356473525489224,0,0.44260873312507726,0.42964449994745296,0.4220445571748955,0.4128430974189268,0.4398565706332346,0.4375665155302133,0.43245108684292993,0.4355802388308749,0.4200239164461325,0.4406391988849325,0.439233754326083,0.44165587496057146,0.4391581556411745,0.431788040361072,0.4093609681587102,0.39988350924002763
Norwegian,0.47893842190006863,0.47968512086474524,0.3953673932645337,0.4874809980455914,0.4156405175507787,0.47857483276162743,0.49004087134110214,0.46929438569868714,0.4630156179175485,0.48488235346135977,0.4553123360472089,0.45778619236007256,0.49570407864414723,0.5009893387947225,0.4662278537838472,0.486798610477929,0.4838662348910701,0.47472506802019326,0.44274896339413916,0.5133497946598815,0.41617383836696314,0.43214080280269684,0.34341649692969145,0.4586410460973934,0.4969111159597039,0.44260873312507726,0,0.49682283634116703,0.4357335546889421,0.4107987541837571,0.47481351856844345,0.4712916828446756,0.4470818253863034,0.46028802118524187,0.4434349075414218,0.48124458071433557,0.4769171048822954,0.4676614353021609,0.4186377697377386,0.4473312240800425,0.47877635551880987,0.39596631618509653
Pashto,0.4802109237254041,0.46764263592996913,0.39469879205814185,0.4728143562476551,0.4165043996366436,0.4703223573964403,0.48125586786343927,0.4606308734512841,0.45825566600366374,0.4982472972226141,0.47027932856488186,0.46691743154631515,0.48427606949439356,0.4833292871361005,0.4720407375732814,0.4747192611204188,0.47039564463298583,0.46524258490958553,0.4580303334367378,0.49659868923109673,0.41779673326061373,0.4364418563306308,0.3472714582490969,0.45607945164807956,0.481628799872043,0.42964449994745296,0.49682283634116703,0,0.4123697317072607,0.4177463135352775,0.47185852391066796,0.46379406430848574,0.4443630380035665,0.45655507064364137,0.4359179327072036,0.4801323858838583,0.46943395623524414,0.46603824243389286,0.46392851429025567,0.4417579094448039,0.4641525010125431,0.3954250911959417
Persian,0.4248973876363818,0.4294376638517044,0.3892781433575418,0.4290578470602547,0.4094225083772047,0.4321369746097414,0.43155566777223536,0.4320789694108941,0.43250949562984203,0.4352756701969458,0.42996462659480095,0.43227142994247003,0.43476927708388985,0.42890711371692913,0.4344375472677759,0.43617565308450634,0.43603190628527716,0.4337292561271996,0.4195057734536978,0.4330442035186143,0.41697552889777656,0.42065413453613265,0.3562749291514883,0.4261472932973326,0.43434807332111747,0.4220445571748955,0.4357335546889421,0.4123697317072607,0,0.4128478029939881,0.4314850931647071,0.4336728895920412,0.42309177978444457,0.428620754099872,0.42359706349849496,0.4342231620380021,0.43027216309231997,0.4314074987149843,0.4221103785731091,0.42136597779109086,0.4239119655003111,0.39666901474862615
Polish,0.41291205435184225,0.4194179771425635,0.3954007867865534,0.4109339329247348,0.3738578384191763,0.38899106261509775,0.40883441822573086,0.3873970018787794,0.39066384607416355,0.4130976001479821,0.4157287685360482,0.41322565374233866,0.41408167520639644,0.41771129489070363,0.4194084551420387,0.42004231584978985,0.4161460923132327,0.4229309055866879,0.41461746521789045,0.41675265350431745,0.40476227798978937,0.401419280969858,0.3522274061080391,0.3882686434398831,0.4164499481561047,0.4128430974189268,0.4107987541837571,0.4177463135352775,0.4128478029939881,0,0.4153354143288306,0.4154971912368504,0.3821809070132178,0.38357480692610657,0.4105796513835957,0.3713488943639456,0.3931205423509502,0.4148243579166163,0.4071021434592105,0.3779480729687846,0.41619298462810117,0.3923787110671834
Portuguese,0.4720765736942187,0.4618098395093641,0.40281184500216916,0.45951308289144777,0.41323023902235345,0.46229016912494764,0.4289235113736218,0.4591105025926146,0.4584778187946231,0.47705922819673297,0.4606615682156143,0.4523948463769915,0.46505786250172587,0.4209568840306678,0.4670923888292028,0.46780109286586075,0.46696051536986155,0.46787073323861006,0.45440863071701537,0.4773113524488071,0.39678455656216066,0.43363714528496977,0.35084033874275616,0.4455365606672017,0.47113996485101656,0.4398565706332346,0.47481351856844345,0.47185852391066796,0.4314850931647071,0.4153354143288306,0,0.4473564889600159,0.43709312600069705,0.44741447628192144,0.4421360979345974,0.46578226312501536,0.45648614112837443,0.4053211828075671,0.45379061827154354,0.43537869694197306,0.4586846942247687,0.40183721445016757
Romanian,0.46419322196752283,0.461507260237943,0.40577896107111733,0.45979189075523136,0.41873249606025154,0.45919156741556927,0.44412687097645026,0.4509664457102925,0.451003130702032,0.4698442230443836,0.4563089775941565,0.4575480951549339,0.4543279867002589,0.4566943674276114,0.45625229706250875,0.46078398218985284,0.45885025880212177,0.45160344846993933,0.45116912612691445,0.473500583649432,0.3944960567847598,0.43321474414270916,0.35168406726120977,0.4458739185934631,0.46432596058456027,0.4375665155302133,0.4712916828446756,0.46379406430848574,0.4336728895920412,0.4154971912368504,0.4473564889600159,0,0.44069275066939784,0.4477835437013339,0.43968298076465573,0.4600994377283255,0.455377619300089,0.4465619154598729,0.4593228385983821,0.4420442968936357,0.45937027067964675,0.4016641135131378
Russian,0.4402361903647426,0.44741311820321866,0.3987778905763265,0.44271441120647076,0.361436377507784,0.41566834143573234,0.43604567933876714,0.4084055116009717,0.4112238970701977,0.4487053662727188,0.43876755913154614,0.44067985345750266,0.4441821096171435,0.44552871309564446,0.4469473430008054,0.44926377061724015,0.4457733901045989,0.4419823791775362,0.4364590024554639,0.45271385248309476,0.41228863050633074,0.4112646043671299,0.345247244157882,0.3821049830203309,0.44533066098401985,0.43245108684292993,0.4470818253863034,0.4443630380035665,0.42309177978444457,0.3821809070132178,0.43709312600069705,0.44069275066939784,0,0.37685349791872014,0.4264032313988522,0.40388435749354823,0.41849030596033066,0.4391282347061385,0.43633525043406585,0.3581382913123453,0.4447640392034243,0.40186936208663704
Serbian,0.4511189946603349,0.45306874025840616,0.4020239124670446,0.45291061400463073,0.29418029477234287,0.40986765807983394,0.4471751530182155,0.35618168748073953,0.40867736747612077,0.4603344611288521,0.44767079394925635,0.4483854815680676,0.45380081520664867,0.4519219523037532,0.45547914444141,0.4567642869448317,0.45526329741607374,0.45788653529593565,0.44351748960022574,0.4625939641116861,0.41139531567215437,0.41923561541312937,0.3409152384044875,0.3480961277666032,0.4576693908714913,0.4355802388308749,0.46028802118524187,0.45655507064364137,0.428620754099872,0.38357480692610657,0.44741447628192144,0.4477835437013339,0.37685349791872014,0,0.43666149317129455,0.40553425473093263,0.4058579781301429,0.44297252651560276,0.4461686124575696,0.37705823278917516,0.4553228686172622,0.40060177744596825
Sinhala,0.4408040096461772,0.4297159571797394,0.39436219452930255,0.436253104003641,0.4163369159934702,0.4399855217126137,0.44064644578310264,0.43876273369310825,0.4325966091910465,0.4448994490190345,0.4410617805648346,0.44397989340412836,0.4442481114412921,0.4338095437004908,0.443264191955404,0.4406020500741545,0.4426762660192763,0.4375662031017974,0.4269016374342679,0.44280802153139726,0.4159158232133082,0.4251196276502237,0.3541653416421075,0.4322639501920749,0.4410590574952545,0.4200239164461325,0.4434349075414218,0.4359179327072036,0.42359706349849496,0.4105796513835957,0.4421360979345974,0.43968298076465573,0.4264032313988522,0.43666149317129455,0,0.4425085739944666,0.4388961897173701,0.43606114520558037,0.4344617472310543,0.4283718985328603,0.4389718469674756,0.39573897297107635
Slovak,0.47553067738659166,0.4723815912520688,0.40371384068253513,0.4665468811727305,0.3747229128570941,0.4375496139408669,0.4673433493765118,0.41659963198070243,0.4055043868210273,0.4845151841324213,0.4642012556414225,0.46024651230863467,0.48376101470377636,0.48053670294577044,0.4723816139598245,0.48049931521563866,0.4744538671956476,0.4690722762292366,0.45922999596908615,0.4928297415994834,0.41655251818911726,0.4259664885022609,0.3474811196935913,0.415040047791839,0.48077314297599316,0.4406391988849325,0.48124458071433557,0.4801323858838583,0.4342231620380021,0.3713488943639456,0.46578226312501536,0.4600994377283255,0.40388435749354823,0.40553425473093263,0.4425085739944666,0,0.4345788303465641,0.46210279199662657,0.46232651629144716,0.4061357973093773,0.4674889774590126,0.39940097119576384
Slovenian,0.47005426187829724,0.4647053176667488,0.4051311012704512,0.46849010420365506,0.3798491151365717,0.4323127566501246,0.4659237426223995,0.4033280718277141,0.42159668992059807,0.48061817988980626,0.4532796288193552,0.46086293036984055,0.4627137191101166,0.4748760813054174,0.45412822099120187,0.46738527390769413,0.4642065747572561,0.457572723653913,0.44955419044155254,0.47850091078181417,0.4154393557523517,0.426701484352223,0.3460311239254328,0.41873971602275545,0.4744731240275036,0.439233754326083,0.4769171048822954,0.46943395623524414,0.43027216309231997,0.3931205423509502,0.45648614112837443,0.455377619300089,0.41849030596033066,0.4058579781301429,0.4388961897173701,0.4345788303465641,0,0.45075307028785955,0.45854846628384244,0.4224548355888989,0.4648493202108055,0.40109096180281323
Spanish,0.468248644179006,0.4628296262980129,0.4030907829769862,0.45893779617463965,0.4148765436259578,0.45507425783530264,0.4204708037565728,0.44969076755620485,0.4508907603736856,0.4715455162866825,0.45694646179839177,0.45742071960199004,0.45326983933022036,0.3901274896703671,0.45700523180927954,0.4596881880004758,0.4620701707779739,0.454389580020693,0.4529125532084321,0.4668135505839576,0.38641278902505927,0.43473595745827015,0.3489613846359985,0.44212937168213934,0.4641133271133024,0.44165587496057146,0.4676614353021609,0.46603824243389286,0.4314074987149843,0.4148243579166163,0.4053211828075671,0.4465619154598729,0.4391282347061385,0.44297252651560276,0.43606114520558037,0.46210279199662657,0.45075307028785955,0,0.45605476452300203,0.4354927851654416,0.4584159326174466,0.4032894029817841
Swedish,0.44662090369648944,0.4620343614123228,0.3926244981582284,0.4632285946990724,0.4130210673160882,0.45680383625494925,0.4556519702431467,0.45259380115250364,0.4452364341801626,0.44512629235051376,0.43260455411265314,0.451737452012469,0.46513136906050534,0.4636038456370937,0.4374961436768748,0.46823815349962916,0.46258712233194443,0.45516006881610965,0.4219699750468598,0.46849866967243287,0.4112164112111182,0.43306754499459627,0.3456997303695854,0.4426054028962854,0.4723220770804559,0.4391581556411745,0.4186377697377386,0.46392851429025567,0.4221103785731091,0.4071021434592105,0.45379061827154354,0.4593228385983821,0.43633525043406585,0.4461686124575696,0.4344617472310543,0.46232651629144716,0.45854846628384244,0.45605476452300203,0,0.43894871900799726,0.45815640619303954,0.3928711539146753
Ukrainian,0.43859362050909395,0.4467546956591254,0.4016811321175155,0.4382713517070558,0.3656007205642859,0.4170072566813398,0.4349249093665269,0.40003244840410407,0.40825937013726993,0.44483624363692476,0.43854439576219173,0.4420854859142755,0.43626298662873564,0.44263969825793253,0.4439290063418239,0.44695757156058497,0.44234658787015957,0.4461437925823616,0.43520181911236666,0.4478414541144603,0.40736526610505963,0.4196480252089472,0.3447945727670868,0.38250525484764447,0.4431126223492161,0.431788040361072,0.4473312240800425,0.4417579094448039,0.42136597779109086,0.3779480729687846,0.43537869694197306,0.4420442968936357,0.3581382913123453,0.37705823278917516,0.4283718985328603,0.4061357973093773,0.4224548355888989,0.4354927851654416,0.43894871900799726,0,0.44456329704741393,0.39749448746464017
Urdu,0.4741674691534638,0.46494048775298646,0.4050655322492321,0.43276368673176524,0.41983215823378456,0.46363120338231234,0.46640370557290833,0.4610294377024647,0.45134509727129324,0.47443212024400605,0.46238225851103704,0.46664089127955416,0.46929712549700353,0.47065581248893373,0.46240321524114486,0.4657817328195398,0.4374397550368199,0.3966141387131462,0.4550482954916964,0.4764070788668043,0.4176051202287718,0.43705934363625865,0.35095887218650984,0.4497536750904116,0.4481223141946543,0.4093609681587102,0.47877635551880987,0.4641525010125431,0.4239119655003111,0.41619298462810117,0.4586846942247687,0.45937027067964675,0.4447640392034243,0.4553228686172622,0.4389718469674756,0.4674889774590126,0.4648493202108055,0.4584159326174466,0.45815640619303954,0.44456329704741393,0,0.3995469925457161
Welsh,0.3950973783827857,0.40056469547950885,0.3932976495036678,0.39664821890500906,0.39822154728066483,0.3945409308970199,0.39589013769328385,0.39986464637607855,0.399313912458746,0.3909483472891985,0.40109385449587304,0.40178230047986657,0.3941101409727199,0.3926636246185015,0.3984958767430389,0.4055787647686491,0.4033136564623857,0.400850573518598,0.3990697335824276,0.387601376028126,0.3859723742389369,0.4081456060096053,0.3636185620042382,0.3981703065934954,0.39993783315994724,0.39988350924002763,0.39596631618509653,0.3954250911959417,0.39666901474862615,0.3923787110671834,0.40183721445016757,0.4016641135131378,0.40186936208663704,0.40060177744596825,0.39573897297107635,0.39940097119576384,0.40109096180281323,0.4032894029817841,0.3928711539146753,0.39749448746464017,0.3995469925457161,0
