,Afrikaans,Albanian,Armenian,Bengali,Bosnian,Bulgarian,Catalan,Croatian,Czech,Danish,Dutch,English,French,Galician,German,Greek,Gujarati,Hindi,Icelandic,Irish,Italian,Latvian,Lithuanian,Macedonian,Marathi,Nepali,Norwegian,Pashto,Persian,Polish,Portuguese,Romanian,Russian,Serbian,Sinhala,Slovak,Slovenian,Spanish,Swedish,Ukrainian,Urdu,Welsh
Afrikaans,0,13.709342772270887,15.925960456433286,15.297208399265674,15.404878035720461,13.86951982204761,14.403359196189713,13.648766218702399,14.221491516497451,11.241816620020343,10.704168997481444,11.615408136550728,13.424916877019399,13.0380025823391,12.766872774362447,15.166412511353858,14.251636106973928,14.202516706573185,12.550356568405943,13.695406111488767,14.225986060749156,18.983295188644533,20.347821842534017,14.11861899018961,13.610223432473777,13.377296973212118,11.380981104868411,13.294153342880275,15.547790850181455,17.42310452960924,14.394280781147481,14.22138163479629,15.240334166863668,14.100037067739922,13.466902278073494,14.330970260793308,14.280157214747824,13.3599926988603,11.761061414345894,14.644853999136691,13.895096167217135,14.195677751409018
Albanian,13.709342772270887,0,15.083431685338056,14.661873050310081,15.5797250796489,14.077654733111064,14.487749615950857,13.72905204854922,14.611874088441624,14.227016915532625,14.944914644386863,14.892568118403506,13.698962591312572,13.020142901859009,15.608376393145441,14.600057059143012,14.183895124879667,13.70759456375333,14.845359735305937,13.45260808649288,14.21897185696534,19.31506403206879,20.64342933315692,14.573433043045034,13.408256337837361,12.987378632978542,14.175880118557785,13.214049844785887,15.439031989259844,17.760876273441795,14.605055893361078,14.026208648844225,15.00194742618595,14.449474104025812,12.425156131589903,14.347543145255768,14.486860388215627,12.928156717505678,14.270180455440004,14.204300709559938,13.259616855680694,13.976037303527974
Armenian,15.925960456433286,15.083431685338056,0,17.463022457053217,17.080449012961925,16.27697151692013,17.10322974913178,15.68947663178708,16.325076610116692,16.658601825086176,16.72278715965809,16.857105061079807,16.454217904286054,15.829363669373755,16.854492621379276,16.574963342769365,16.6558790692312,16.704018961820207,15.906497911449879,15.877595187002756,16.654075163276328,19.721430372270948,20.41038222762895,16.28814148896362,16.38601084109788,15.933964381385818,16.37570693104417,15.414290048355252,16.564468023617483,19.381111597558633,16.9422900331258,16.461435193298936,16.818152734245682,16.313653582305566,15.195162560509134,16.638058710829526,16.720457759299673,16.169601183938138,16.372161780517246,16.46103289998001,15.97644627588895,16.169719840667344
Bengali,15.297208399265674,14.661873050310081,17.463022457053217,0,16.900144092840197,15.561716823369467,16.0124305737126,15.05778877907073,15.779603709346805,15.242903866759868,16.219657770643042,15.896971459039413,15.126608901269702,14.897299924016037,16.833443568366118,16.09588817149092,12.837285532597422,12.659603647021687,16.19655462433848,15.180211866467005,15.721996284553589,20.360831719308905,22.106974546958433,15.761627439813035,13.228786331648688,12.124156647789126,15.562322668998329,14.532101248849482,16.88322914411358,18.640951834280806,16.344713517690945,15.672554709111898,16.783000566476144,15.908277863792085,14.397631815312561,15.89949726468944,15.819480305811824,14.781657950694207,15.174992121617228,16.14597298329505,12.880964141663245,15.904586969601047
Bosnian,15.404878035720461,15.5797250796489,17.080449012961925,16.900144092840197,0,12.638081712380776,16.87805365297827,10.105785953895014,13.152823394733435,15.756234539563383,16.32824871975906,16.160287566642577,15.750074067229477,15.930111706031694,16.65608041405666,16.966384369124057,16.64012248188838,16.23172984933822,16.061050008388385,16.592720988630703,16.067483373958634,18.838094015857525,19.675290805407823,11.89344820315476,16.262447080545456,14.925760406214849,15.46526789306478,15.814160227311826,16.66526418631856,14.481717040472644,16.57939536921558,15.650796312851302,13.343441428220075,9.455266118295205,15.621262352204749,12.419488650637696,12.536803588572305,15.626901091165552,15.83946453350541,13.245750453567805,15.549419594045446,16.30309862176963
Bulgarian,13.86951982204761,14.077654733111064,16.27697151692013,15.561716823369467,12.638081712380776,0,15.018273681649177,11.017958846247314,12.478918582454122,14.191644046773332,14.860681513036088,15.021214080493955,14.27301683344374,13.6427932720491,15.56365006672647,15.418773458685555,14.738255663686116,14.241603066007338,14.778412937100848,14.634284795205158,14.540230794621175,19.22623119080347,20.01433269271055,10.587106505577879,13.893810544981104,14.043682614611622,14.29543689478994,14.351851416370119,15.841132612932112,15.46477598192153,15.06887824828967,14.476452919905924,13.175805179863847,11.477391513986277,13.899350601910088,12.346485779962574,12.498218214045488,13.414905671148372,14.378515645207214,12.433476781879236,13.990894430282376,14.600788142466499
Catalan,14.403359196189713,14.487749615950857,17.10322974913178,16.0124305737126,16.87805365297827,15.018273681649177,0,14.525975174216004,15.606793173586174,14.005053185608352,15.426471089047876,14.819517891743423,13.131957952453197,11.164810849664693,15.992768044004094,15.144256339944558,14.874025895374789,14.84716530864033,15.321771326975204,14.527439635591582,12.808410691743697,20.017043305073496,21.051708933319254,15.338517006650427,14.36749077056641,14.652959879575592,14.039058559560125,14.648766996121664,16.791567321365697,18.775414136317007,13.329057633319511,13.391495335399773,16.310048802045166,15.437294205655467,14.428189124002936,15.432352023122382,15.005353907155914,11.112180456661498,14.3801737736242,15.527276008701417,14.637534395176717,15.131633819224456
Croatian,13.648766218702399,13.72905204854922,15.68947663178708,15.05778877907073,10.105785953895014,11.017958846247314,14.525975174216004,0,11.465492301766611,13.621927170099424,14.650332695498001,14.665878686112523,14.003926763874764,13.550405239416323,15.092112425071212,14.91163262169907,14.241392554555805,13.809603608772717,14.53146805179688,14.042638069285633,14.251497986548266,18.898393396046462,19.69661422983388,10.845372885759291,13.72613354508143,13.264985608583101,13.749143866945584,13.407315937247747,15.204223443873621,14.665328386966797,15.116869998302228,14.213743374238256,12.991291025435485,9.167144040439755,13.26642590209728,11.4282820531236,11.170570432806747,13.156273142026418,13.8770540226523,11.969559283004877,13.314999844303616,14.292000689787868
Czech,14.221491516497451,14.611874088441624,16.325076610116692,15.779603709346805,13.152823394733435,12.478918582454122,15.606793173586174,11.465492301766611,0,14.089143052591604,15.115069229723444,15.207439231949452,14.548031041506468,14.247156516168538,15.796114601366183,16.00282558870157,14.991602069592437,14.602062443668814,15.287893964964818,14.676380426266896,14.775970194131247,18.869338272317105,20.317740566584433,12.667808025821227,14.402522585229747,13.672743934346693,14.513689166082129,14.20687153889609,16.061320495616815,14.364087974232286,15.414817098860437,15.068296372485444,13.426107400869883,11.862021749251596,14.395350880852693,10.333179320490332,12.352149195822895,14.092738927570053,14.731897881286129,12.31624118707778,14.123492358941313,14.854298076364996
Danish,11.241816620020343,14.227016915532625,16.658601825086176,15.242903866759868,15.756234539563383,14.191644046773332,14.005053185608352,13.621927170099424,14.089143052591604,0,12.805356190162238,11.564356667128324,13.210658121977465,12.834689636379055,12.65247972281589,15.303693674330322,13.77556987007835,13.723541744415968,12.443780957764808,13.169680953255044,13.883331348764253,19.842708982942586,21.264209337590547,14.541791624649498,13.197836167957288,12.914308957612022,9.475296466059708,13.46838723599698,15.664144832539332,17.766734734704944,14.545694240262225,13.976725720606805,15.797251364219646,14.572750781522439,13.740918357319982,14.181660603216057,13.921412921933152,12.961950475151392,10.449692829374703,14.65443313521712,13.546383230355318,13.852045203885554
Dutch,10.704168997481444,14.944914644386863,16.72278715965809,16.219657770643042,16.32824871975906,14.860681513036088,15.426471089047876,14.650332695498001,15.115069229723444,12.805356190162238,0,12.380140735185927,14.45152921985234,14.348305098052936,12.10484644485213,15.434762492871208,15.13516215305651,14.932041514939346,13.469453254009068,14.844212227327732,15.25291939467005,19.21130363410644,20.6641171163954,15.07643207957961,14.55343515637455,14.662064641678995,12.820450132557204,14.84039892198495,16.157120464737762,18.023101949141257,15.352533667492956,14.8893416306338,15.88421894328297,15.175461055502067,14.931185657450284,15.332084248244337,14.968441459636061,14.447176955033937,12.967466216024977,15.588670764403915,14.955309185845678,15.342483069826375
English,11.615408136550728,14.892568118403506,16.857105061079807,15.896971459039413,16.160287566642577,15.021214080493955,14.819517891743423,14.665878686112523,15.207439231949452,11.564356667128324,12.380140735185927,0,13.846716732300411,14.041806168727048,13.750985293016639,16.186243608075703,14.668317032141337,14.73667998257038,13.405924679266782,14.239842808924944,14.707539762311326,19.633788711202886,20.838848149116167,15.228860504623174,14.2561903557722,14.127122769674509,12.001045975752337,14.65136875302879,16.52912831626473,17.83138540067539,14.661462904550323,14.774012040974176,16.029631328971902,15.133394203399636,14.915865422919175,15.069592724181156,15.145214361460251,13.96381122227338,12.243939719308774,15.360806636849333,14.453370012481328,14.724844121287646
French,13.424916877019399,13.698962591312572,16.454217904286054,15.126608901269702,15.750074067229477,14.27301683344374,13.131957952453197,14.003926763874764,14.548031041506468,13.210658121977465,14.45152921985234,13.846716732300411,0,12.526584801567772,14.791095421099556,14.701955292841118,14.246750017996561,13.999005339857556,14.425619780781574,13.552349357373318,12.737006390813313,19.10384857046724,20.683917234483292,14.401476513696334,13.46190897933797,13.437701230883906,13.544032795428596,13.310689017884188,15.590206800595345,17.516148551065744,13.790571020546171,13.183782241916141,15.493463553271525,14.570624811825,13.494933261481119,14.393005748940189,14.258387323918901,12.39814060759329,14.035098849906229,14.804217107869666,13.816138336446548,14.363216594665621
Galician,13.0380025823391,13.020142901859009,15.829363669373755,14.897299924016037,15.930111706031694,13.6427932720491,11.164810849664693,13.550405239416323,14.247156516168538,12.834689636379055,14.348305098052936,14.041806168727048,12.526584801567772,0,15.136792096725536,14.558517818226914,13.794591914136078,13.749873958234978,13.829265870254035,13.165373959915868,11.663460088936244,19.52943730751321,20.75556241052038,14.255637665011658,13.220779852606077,13.308897267483472,13.328539591119165,13.582515532533092,15.59491256584183,17.96393286013541,11.409732856053031,12.878902151279318,15.393593991372327,14.370402158156406,13.001976454556438,14.318754186244542,14.29654400730596,9.024360564192335,13.163079897547458,14.326576665994326,13.627079147722558,13.57182554018333
German,12.766872774362447,15.608376393145441,16.854492621379276,16.833443568366118,16.65608041405666,15.56365006672647,15.992768044004094,15.092112425071212,15.796114601366183,12.65247972281589,12.10484644485213,13.750985293016639,14.791095421099556,15.136792096725536,0,15.750304721789053,15.871317195229121,15.456275719083699,13.991387478242402,15.256236965447194,15.406856904913717,19.154333694198968,20.824971082370197,15.713549174750026,15.410139414503732,15.24155981052067,13.361325159626109,15.261588156045,16.523180732773973,18.529355275039148,16.432268591433694,15.151980254833125,16.751713426997576,15.67990990958858,15.794252678685352,15.909738191023653,15.3172979179222,15.35665567940215,13.083997244394993,16.203271950456244,15.32869258258081,15.695031931392757
Greek,15.166412511353858,14.600057059143012,16.574963342769365,16.09588817149092,16.966384369124057,15.418773458685555,15.144256339944558,14.91163262169907,16.00282558870157,15.303693674330322,15.434762492871208,16.186243608075703,14.701955292841118,14.558517818226914,15.750304721789053,0,15.319371452028891,15.05754800008853,14.834050019954523,15.061675946906291,15.261321455415343,17.89414267886825,19.011412752070243,15.76928308856653,15.043880087536175,14.80724160112285,15.249875923606256,14.813456628381285,16.613646242375975,19.31263750131708,15.478645399545906,15.084359705153156,16.149444442762785,15.811613200857106,14.837091456331958,16.23502554549886,15.708199423037088,14.22582445380116,15.617162357477488,15.817456756717856,14.804531459579145,15.386331247040289
Gujarati,14.251636106973928,14.183895124879667,16.6558790692312,12.837285532597422,16.64012248188838,14.738255663686116,14.874025895374789,14.241392554555805,14.991602069592437,13.77556987007835,15.13516215305651,14.668317032141337,14.246750017996561,13.794591914136078,15.871317195229121,15.319371452028891,0,10.774410396549877,15.218943266531781,14.199909537184467,14.66285169243515,20.24889542757265,21.441828697919316,14.877535501138912,10.213733998642832,11.483003777007902,14.178029780909982,13.532405406126294,16.198463574328496,18.368699689456996,15.48718898107964,14.82313628330888,16.33555411445556,15.352314050176043,13.808219333720409,14.97559836978619,15.09306176265333,13.526305676939662,14.122395442756194,15.291170687999351,12.019071294302847,14.74199309425112
Hindi,14.202516706573185,13.70759456375333,16.704018961820207,12.659603647021687,16.23172984933822,14.241603066007338,14.84716530864033,13.809603608772717,14.602062443668814,13.723541744415968,14.932041514939346,14.73667998257038,13.999005339857556,13.749873958234978,15.456275719083699,15.05754800008853,10.774410396549877,0,15.208719250870924,14.108778196276969,14.48319801992214,20.400530374535357,21.47221944099611,14.4980330186566,11.073804023489389,11.036110418776582,14.206382911068097,13.206265799607046,15.78910661633364,18.057205539891402,15.449291233073042,14.48358471686645,16.091421966747816,14.870821093874847,13.213170022266906,14.628428275816814,14.647746316147083,13.56857824013791,14.239297721844851,15.09647109619755,10.14931243400884,14.513401702159918
Icelandic,12.550356568405943,14.845359735305937,15.906497911449879,16.19655462433848,16.061050008388385,14.778412937100848,15.321771326975204,14.53146805179688,15.287893964964818,12.443780957764808,13.469453254009068,13.405924679266782,14.425619780781574,13.829265870254035,13.991387478242402,14.834050019954523,15.218943266531781,15.208719250870924,0,14.511083656076856,15.097143828985411,18.509146303716918,19.090869896509744,15.024950894558554,14.82968684428724,14.675534846054548,12.19118575761837,14.932820420040699,16.118859936520213,18.241291703075287,15.288768612930898,14.98635558326715,15.522739077922548,14.929910257203,14.54237851796514,15.582126420886937,15.399749769550999,14.164086464228815,12.597804514265052,15.259824697619882,14.862461642882057,14.735161997074492
Irish,13.695406111488767,13.45260808649288,15.877595187002756,15.180211866467005,16.592720988630703,14.634284795205158,14.527439635591582,14.042638069285633,14.676380426266896,13.169680953255044,14.844212227327732,14.239842808924944,13.552349357373318,13.165373959915868,15.256236965447194,15.061675946906291,14.199909537184467,14.108778196276969,14.511083656076856,0,14.5775572647841,19.909685510997267,21.121951626259513,14.99245787119361,13.431973767260654,13.591742529630604,13.626921219247356,12.794382932423645,15.840196888562245,18.17800601166114,14.49582759790145,14.383918690672981,16.048867695551117,15.298282992275148,13.026499988589627,14.625262693883942,14.78670441690495,12.857242361973995,13.691268469229326,15.27612692823673,13.688550709291182,13.805166842905676
Italian,14.225986060749156,14.21897185696534,16.654075163276328,15.721996284553589,16.067483373958634,14.540230794621175,12.808410691743697,14.251497986548266,14.775970194131247,13.883331348764253,15.25291939467005,14.707539762311326,12.737006390813313,11.663460088936244,15.406856904913717,15.261321455415343,14.66285169243515,14.48319801992214,15.097143828985411,14.5775572647841,0,20.092485951888943,21.032963282488048,14.920282972046964,14.397990720665906,13.81366917414986,14.148012784931998,14.205496481589671,15.78116212029948,17.704544504709055,13.516855560617042,12.268013694954238,15.718527328384596,14.858016039208318,14.17052329609016,15.006130808907722,14.718153945220726,11.843524883977746,14.20661000040743,15.11683723990951,14.331715707138859,14.181964038540382
Latvian,18.983295188644533,19.31506403206879,19.721430372270948,20.360831719308905,18.838094015857525,19.22623119080347,20.017043305073496,18.898393396046462,18.869338272317105,19.842708982942586,19.21130363410644,19.633788711202886,19.10384857046724,19.52943730751321,19.154333694198968,17.89414267886825,20.24889542757265,20.400530374535357,18.509146303716918,19.909685510997267,20.092485951888943,0,17.665416887996752,19.085742557999755,19.923103579763282,20.054105969568596,19.218179096619643,19.9426019900833,20.697625634004712,19.805895136414414,18.81217515974974,19.151162666658536,17.89144134592993,18.669921535729284,20.22160514639004,18.29908565902101,18.549504057926203,19.817973137280788,19.784133791916233,19.295445357174824,19.699256854838396,20.164633928937274
Lithuanian,20.347821842534017,20.64342933315692,20.41038222762895,22.106974546958433,19.675290805407823,20.01433269271055,21.051708933319254,19.69661422983388,20.317740566584433,21.264209337590547,20.6641171163954,20.838848149116167,20.683917234483292,20.75556241052038,20.824971082370197,19.011412752070243,21.441828697919316,21.47221944099611,19.090869896509744,21.121951626259513,21.032963282488048,17.665416887996752,0,19.861937163244814,21.380827906519105,21.305968450490283,20.64310374944061,21.260730374918996,21.336056389693876,21.709303911963193,21.04792990971676,20.310363991700953,19.319315989464105,19.43609600192014,20.98273234488731,20.197021450737235,20.205896863274255,20.658366347602446,20.744730931045513,20.061871146731868,21.288830100929996,20.860165734337627
Macedonian,14.11861899018961,14.573433043045034,16.28814148896362,15.761627439813035,11.89344820315476,10.587106505577879,15.338517006650427,10.845372885759291,12.667808025821227,14.541791624649498,15.07643207957961,15.228860504623174,14.401476513696334,14.255637665011658,15.713549174750026,15.76928308856653,14.877535501138912,14.4980330186566,15.024950894558554,14.99245787119361,14.920282972046964,19.085742557999755,19.861937163244814,0,14.519532099674489,13.970056361376434,14.69713224172417,14.289156461265186,16.00944602424642,15.437446351531932,15.463136223173784,14.623124391770265,13.272290632341598,10.543557722386486,14.125267604566258,12.418721457809541,12.641476094809123,14.012781580041553,14.803906607966116,12.373701366542393,14.222210748407749,15.166411181000727
Marathi,13.610223432473777,13.408256337837361,16.38601084109788,13.228786331648688,16.262447080545456,13.893810544981104,14.36749077056641,13.72613354508143,14.402522585229747,13.197836167957288,14.55343515637455,14.2561903557722,13.46190897933797,13.220779852606077,15.410139414503732,15.043880087536175,10.213733998642832,11.073804023489389,14.82968684428724,13.431973767260654,14.397990720665906,19.923103579763282,21.380827906519105,14.519532099674489,0,11.468634932094865,13.556059831368954,13.097884591756797,16.044400158753476,17.894137682119062,14.954886822702846,14.351984494715555,15.672813026713712,14.843258919338805,12.900996622800362,14.247523133998566,14.416743944006948,12.88346894074253,13.606183196311735,14.922216788510168,11.894996323431327,14.29497700963829
Nepali,13.377296973212118,12.987378632978542,15.933964381385818,12.124156647789126,14.925760406214849,14.043682614611622,14.652959879575592,13.264985608583101,13.672743934346693,12.914308957612022,14.662064641678995,14.127122769674509,13.437701230883906,13.308897267483472,15.24155981052067,14.80724160112285,11.483003777007902,11.036110418776582,14.675534846054548,13.591742529630604,13.81366917414986,20.054105969568596,21.305968450490283,13.970056361376434,11.468634932094865,0,13.547560807287299,12.66521280691136,15.365774185411647,17.330080773938786,15.038409087088885,14.187434073433765,15.501549333997549,14.311211605187621,12.24431708996521,14.05323430780684,14.028030087807213,13.148456923058129,13.301038015359495,14.468795830834036,11.23191792485872,14.187274103691204
Norwegian,11.380981104868411,14.175880118557785,16.37570693104417,15.562322668998329,15.46526789306478,14.29543689478994,14.039058559560125,13.749143866945584,14.513689166082129,9.475296466059708,12.820450132557204,12.001045975752337,13.544032795428596,13.328539591119165,13.361325159626109,15.249875923606256,14.178029780909982,14.206382911068097,12.19118575761837,13.626921219247356,14.148012784931998,19.218179096619643,20.64310374944061,14.69713224172417,13.556059831368954,13.547560807287299,0,14.086808569235433,15.743078816460077,17.55763669219339,14.673603687651656,14.090054150147225,15.506385041722488,14.442981555143644,13.859931073810555,14.396900939384569,13.953039772821464,13.157161800231126,10.213454775691416,14.764163099537484,13.925003693949972,14.471580959629236
Pashto,13.294153342880275,13.214049844785887,15.414290048355252,14.532101248849482,15.814160227311826,14.351851416370119,14.648766996121664,13.407315937247747,14.20687153889609,13.46838723599698,14.84039892198495,14.65136875302879,13.310689017884188,13.582515532533092,15.261588156045,14.813456628381285,13.532405406126294,13.206265799607046,14.932820420040699,12.794382932423645,14.205496481589671,19.9426019900833,21.260730374918996,14.289156461265186,13.097884591756797,12.66521280691136,14.086808569235433,0,13.712304094296918,17.928793123190758,14.630801141015478,14.296501948832244,15.438682684876106,14.370540320598863,12.444544303726984,14.51877054999341,14.320874037721849,13.188992022268831,14.15293789259792,14.519329243970496,12.491684426767664,13.956768515858624
Persian,15.547790850181455,15.439031989259844,16.564468023617483,16.88322914411358,16.66526418631856,15.841132612932112,16.791567321365697,15.204223443873621,16.061320495616815,15.664144832539332,16.157120464737762,16.52912831626473,15.590206800595345,15.59491256584183,16.523180732773973,16.613646242375975,16.198463574328496,15.78910661633364,16.118859936520213,15.840196888562245,15.78116212029948,20.697625634004712,21.336056389693876,16.00944602424642,16.044400158753476,15.365774185411647,15.743078816460077,13.712304094296918,0,18.57656884459224,16.87536544404428,15.79003338637716,16.539054838347067,15.802828996877366,15.269022431791045,16.386235927462884,15.955293675305954,15.606655613485398,15.716939500399103,16.246234068791566,14.932645104437864,15.891027463838
Polish,17.42310452960924,17.760876273441795,19.381111597558633,18.640951834280806,14.481717040472644,15.46477598192153,18.775414136317007,14.665328386966797,14.364087974232286,17.766734734704944,18.023101949141257,17.83138540067539,17.516148551065744,17.96393286013541,18.529355275039148,19.31263750131708,18.368699689456996,18.057205539891402,18.241291703075287,18.17800601166114,17.704544504709055,19.805895136414414,21.709303911963193,15.437446351531932,17.894137682119062,17.330080773938786,17.55763669219339,17.928793123190758,18.57656884459224,0,17.222973337880084,17.371515098873253,14.727680194457173,14.187048483658746,18.123845433241687,12.571229678824102,14.682423506521491,17.750503069962274,18.059043098792742,14.763253130737354,17.79008012799842,17.881983592524485
Portuguese,14.394280781147481,14.605055893361078,16.9422900331258,16.344713517690945,16.57939536921558,15.06887824828967,13.329057633319511,15.116869998302228,15.414817098860437,14.545694240262225,15.352533667492956,14.661462904550323,13.790571020546171,11.409732856053031,16.432268591433694,15.478645399545906,15.48718898107964,15.449291233073042,15.288768612930898,14.49582759790145,13.516855560617042,18.81217515974974,21.04792990971676,15.463136223173784,14.954886822702846,15.038409087088885,14.673603687651656,14.630801141015478,16.87536544404428,17.222973337880084,0,13.827520724683566,15.42843011684543,15.334168420051107,14.951214997860964,14.502183510725718,15.112014998546247,11.934277850395913,15.030865530050612,15.636000842386826,15.070036875086702,15.173387761771586
Romanian,14.22138163479629,14.026208648844225,16.461435193298936,15.672554709111898,15.650796312851302,14.476452919905924,13.391495335399773,14.213743374238256,15.068296372485444,13.976725720606805,14.8893416306338,14.774012040974176,13.183782241916141,12.878902151279318,15.151980254833125,15.084359705153156,14.82313628330888,14.48358471686645,14.98635558326715,14.383918690672981,12.268013694954238,19.151162666658536,20.310363991700953,14.623124391770265,14.351984494715555,14.187434073433765,14.090054150147225,14.296501948832244,15.79003338637716,17.371515098873253,13.827520724683566,0,15.442059964789724,14.68016447152765,14.584969597866321,14.966388318774419,14.598438578877454,12.753444285420109,14.456443673452029,15.124923227773058,14.311574225484453,14.622610823430731
Russian,15.240334166863668,15.00194742618595,16.818152734245682,16.783000566476144,13.343441428220075,13.175805179863847,16.310048802045166,12.991291025435485,13.426107400869883,15.797251364219646,15.88421894328297,16.029631328971902,15.493463553271525,15.393593991372327,16.751713426997576,16.149444442762785,16.33555411445556,16.091421966747816,15.522739077922548,16.048867695551117,15.718527328384596,17.89144134592993,19.319315989464105,13.272290632341598,15.672813026713712,15.501549333997549,15.506385041722488,15.438682684876106,16.539054838347067,14.727680194457173,15.42843011684543,15.442059964789724,0,12.622671932217528,15.406487476795741,12.636591204170252,13.770295219320943,15.252805240883038,15.818403142478186,12.170846352873742,15.788529034036491,15.967921226465629
Serbian,14.100037067739922,14.449474104025812,16.313653582305566,15.908277863792085,9.455266118295205,11.477391513986277,15.437294205655467,9.167144040439755,11.862021749251596,14.572750781522439,15.175461055502067,15.133394203399636,14.570624811825,14.370402158156406,15.67990990958858,15.811613200857106,15.352314050176043,14.870821093874847,14.929910257203,15.298282992275148,14.858016039208318,18.669921535729284,19.43609600192014,10.543557722386486,14.843258919338805,14.311211605187621,14.442981555143644,14.370540320598863,15.802828996877366,14.187048483658746,15.334168420051107,14.68016447152765,12.622671932217528,0,14.443860812921242,11.62676672882522,11.573241868642002,14.170477172396337,14.694965650220933,12.120042638782591,14.436030071536988,15.1805745077289
Sinhala,13.466902278073494,12.425156131589903,15.195162560509134,14.397631815312561,15.621262352204749,13.899350601910088,14.428189124002936,13.26642590209728,14.395350880852693,13.740918357319982,14.931185657450284,14.915865422919175,13.494933261481119,13.001976454556438,15.794252678685352,14.837091456331958,13.808219333720409,13.213170022266906,14.54237851796514,13.026499988589627,14.17052329609016,20.22160514639004,20.98273234488731,14.125267604566258,12.900996622800362,12.24431708996521,13.859931073810555,12.444544303726984,15.269022431791045,18.123845433241687,14.951214997860964,14.584969597866321,15.406487476795741,14.443860812921242,0,14.573604705385657,14.59627227176376,12.921051776050547,13.947901392974519,14.646650549301567,12.972311245426903,14.006900213214891
Slovak,14.330970260793308,14.347543145255768,16.638058710829526,15.89949726468944,12.419488650637696,12.346485779962574,15.432352023122382,11.4282820531236,10.333179320490332,14.181660603216057,15.332084248244337,15.069592724181156,14.393005748940189,14.318754186244542,15.909738191023653,16.23502554549886,14.97559836978619,14.628428275816814,15.582126420886937,14.625262693883942,15.006130808907722,18.29908565902101,20.197021450737235,12.418721457809541,14.247523133998566,14.05323430780684,14.396900939384569,14.51877054999341,16.386235927462884,12.571229678824102,14.502183510725718,14.966388318774419,12.636591204170252,11.62676672882522,14.573604705385657,0,11.970137508076977,14.156059633491648,14.733436746502264,12.592805551248814,14.285801747170911,15.164066704410898
Slovenian,14.280157214747824,14.486860388215627,16.720457759299673,15.819480305811824,12.536803588572305,12.498218214045488,15.005353907155914,11.170570432806747,12.352149195822895,13.921412921933152,14.968441459636061,15.145214361460251,14.258387323918901,14.29654400730596,15.3172979179222,15.708199423037088,15.09306176265333,14.647746316147083,15.399749769550999,14.78670441690495,14.718153945220726,18.549504057926203,20.205896863274255,12.641476094809123,14.416743944006948,14.028030087807213,13.953039772821464,14.320874037721849,15.955293675305954,14.682423506521491,15.112014998546247,14.598438578877454,13.770295219320943,11.573241868642002,14.59627227176376,11.970137508076977,0,13.895394470139324,14.41359302570773,12.978505425118898,14.301431728511973,15.106390810348524
Spanish,13.3599926988603,12.928156717505678,16.169601183938138,14.781657950694207,15.626901091165552,13.414905671148372,11.112180456661498,13.156273142026418,14.092738927570053,12.961950475151392,14.447176955033937,13.96381122227338,12.39814060759329,9.024360564192335,15.35665567940215,14.22582445380116,13.526305676939662,13.56857824013791,14.164086464228815,12.857242361973995,11.843524883977746,19.817973137280788,20.658366347602446,14.012781580041553,12.88346894074253,13.148456923058129,13.157161800231126,13.188992022268831,15.606655613485398,17.750503069962274,11.934277850395913,12.753444285420109,15.252805240883038,14.170477172396337,12.921051776050547,14.156059633491648,13.895394470139324,0,13.393081856702702,14.063418261447532,13.419194842240115,13.614407244553481
Swedish,11.761061414345894,14.270180455440004,16.372161780517246,15.174992121617228,15.83946453350541,14.378515645207214,14.3801737736242,13.8770540226523,14.731897881286129,10.449692829374703,12.967466216024977,12.243939719308774,14.035098849906229,13.163079897547458,13.083997244394993,15.617162357477488,14.122395442756194,14.239297721844851,12.597804514265052,13.691268469229326,14.20661000040743,19.784133791916233,20.744730931045513,14.803906607966116,13.606183196311735,13.301038015359495,10.213454775691416,14.15293789259792,15.716939500399103,18.059043098792742,15.030865530050612,14.456443673452029,15.818403142478186,14.694965650220933,13.947901392974519,14.733436746502264,14.41359302570773,13.393081856702702,0,14.992819292657812,13.944868632713394,14.237071143416742
Ukrainian,14.644853999136691,14.204300709559938,16.46103289998001,16.14597298329505,13.245750453567805,12.433476781879236,15.527276008701417,11.969559283004877,12.31624118707778,14.65443313521712,15.588670764403915,15.360806636849333,14.804217107869666,14.326576665994326,16.203271950456244,15.817456756717856,15.291170687999351,15.09647109619755,15.259824697619882,15.27612692823673,15.11683723990951,19.295445357174824,20.061871146731868,12.373701366542393,14.922216788510168,14.468795830834036,14.764163099537484,14.519329243970496,16.246234068791566,14.763253130737354,15.636000842386826,15.124923227773058,12.170846352873742,12.120042638782591,14.646650549301567,12.592805551248814,12.978505425118898,14.063418261447532,14.992819292657812,0,14.686402727349595,14.667089869244613
Urdu,13.895096167217135,13.259616855680694,15.97644627588895,12.880964141663245,15.549419594045446,13.990894430282376,14.637534395176717,13.314999844303616,14.123492358941313,13.546383230355318,14.955309185845678,14.453370012481328,13.816138336446548,13.627079147722558,15.32869258258081,14.804531459579145,12.019071294302847,10.14931243400884,14.862461642882057,13.688550709291182,14.331715707138859,19.699256854838396,21.288830100929996,14.222210748407749,11.894996323431327,11.23191792485872,13.925003693949972,12.491684426767664,14.932645104437864,17.79008012799842,15.070036875086702,14.311574225484453,15.788529034036491,14.436030071536988,12.972311245426903,14.285801747170911,14.301431728511973,13.419194842240115,13.944868632713394,14.686402727349595,0,14.051520089725752
Welsh,14.195677751409018,13.976037303527974,16.169719840667344,15.904586969601047,16.30309862176963,14.600788142466499,15.131633819224456,14.292000689787868,14.854298076364996,13.852045203885554,15.342483069826375,14.724844121287646,14.363216594665621,13.57182554018333,15.695031931392757,15.386331247040289,14.74199309425112,14.513401702159918,14.735161997074492,13.805166842905676,14.181964038540382,20.164633928937274,20.860165734337627,15.166411181000727,14.29497700963829,14.187274103691204,14.471580959629236,13.956768515858624,15.891027463838,17.881983592524485,15.173387761771586,14.622610823430731,15.967921226465629,15.1805745077289,14.006900213214891,15.164066704410898,15.106390810348524,13.614407244553481,14.237071143416742,14.667089869244613,14.051520089725752,0
