,Afrikaans,Albanian,Armenian,Bengali,Bosnian,Bulgarian,Catalan,Croatian,Czech,Danish,Dutch,English,French,Galician,German,Greek,Gujarati,Hindi,Icelandic,Irish,Italian,Latvian,Lithuanian,Macedonian,Marathi,Nepali,Norwegian,Pashto,Persian,Polish,Portuguese,Romanian,Russian,Serbian,Sinhala,Slovak,Slovenian,Spanish,Swedish,Ukrainian,Urdu,Welsh
Afrikaans,0,0.06394908800820313,0.05448329279299434,0.0681993305817168,0.05838813438055657,0.06448886666944792,0.06725268377076374,0.06089369227549973,0.06289048259606603,0.058268435171502354,0.0431094499100138,0.052319948467505636,0.06523733931394202,0.062306861568676195,0.057314307164425954,0.06382818013196889,0.06803640382952182,0.06584965565909777,0.05518893709968779,0.06726233513406268,0.05791170339307319,0.06494286625732518,0.06027573009142548,0.06205305284328771,0.06726788497826983,0.05660134584609833,0.06059932936808323,0.0618524151777565,0.06024408621163764,0.062324813668456804,0.060583100688014584,0.06345644649866496,0.06069604598915474,0.06140736246839769,0.05797851234429035,0.06446652097752746,0.0649735489563257,0.06038569801851296,0.05584217634058019,0.0600906759093161,0.06412249475514686,0.05354016775480785
Albanian,0.06394908800820313,0,0.052736960274454896,0.06199988673270943,0.056664307927935184,0.06130939941243637,0.06441614982839086,0.056689184543567105,0.061410905526696764,0.06399524513017901,0.06172506721185602,0.0614443744259623,0.06012676498769107,0.05758884383629614,0.06448103879844733,0.058667471361814376,0.06405758039161688,0.06124353971802161,0.06032272102581994,0.06475042818071373,0.054489786772640644,0.06438368314406144,0.057491909301660774,0.05841951050371264,0.06209364503840638,0.05132316888576701,0.06744341086385691,0.057592639991301375,0.057383847919766744,0.06074133467606058,0.05825933261451799,0.05829942139947328,0.05806633402806028,0.058737431502904065,0.04830356337137358,0.06171083865770271,0.0628852034110413,0.05691098601500459,0.061213703957779565,0.05611541281416719,0.05823411413493543,0.05251632655904978
Armenian,0.05448329279299434,0.052736960274454896,0,0.05545768308376246,0.04916075910862461,0.05436207753805521,0.056970439617042616,0.050612618456758594,0.05434785623297144,0.056872294344945756,0.05345643897527305,0.05258726416598482,0.05566254606756098,0.05319578135822015,0.05452874617281099,0.05135460383672643,0.05688294316999937,0.05539504595332949,0.05014184029655776,0.05675704807293049,0.048674511533047755,0.05369974720379734,0.048981711230230734,0.05175629648207956,0.056242785818097746,0.0486985131289537,0.05778618108257009,0.051580245830673575,0.048809175708448664,0.05282413545755118,0.052311157714745454,0.05234568495104552,0.05160360551567262,0.05182706720929512,0.04756629350833697,0.05443960059365824,0.05607688808540613,0.052145530034541164,0.0526521771755179,0.05058990679522988,0.05315935203923626,0.04520210710773417
Bengali,0.0681993305817168,0.06199988673270943,0.05545768308376246,0,0.05887616241556763,0.06308493625020557,0.06645466302759502,0.05982960182064533,0.063748878401625,0.06930421771521518,0.06455989079826409,0.0618702884807254,0.06593309923800807,0.06325124203973619,0.06751890631232213,0.06080831063412086,0.05346186725006952,0.05124123977536078,0.06404427138884589,0.06941219650470322,0.05624741787340319,0.06642896694270019,0.05953038302935879,0.060416437863634216,0.0551737167826365,0.04478689369728342,0.07182549845534751,0.06184526044077695,0.06062642072016093,0.061061954114464974,0.06171743939991927,0.06234726075137061,0.061595580935851955,0.06132761849033244,0.054212465759539336,0.06448482575746088,0.06451273787645267,0.0585693730307669,0.06336416525661293,0.05948990482775125,0.0518917756546088,0.05566840794780506
Bosnian,0.05838813438055657,0.056664307927935184,0.04916075910862461,0.05887616241556763,0,0.0442283578477729,0.060948271054925535,0.03167250170513423,0.04556488348289003,0.0607859881735155,0.05654483150030046,0.057008430217151344,0.05915832463458502,0.05725728728618073,0.05867002642017091,0.05613008484795233,0.060518491370248985,0.05890115196822566,0.05413788879013945,0.06326588703667549,0.049875119776047964,0.05244105310866502,0.0466980264969198,0.03738597919177312,0.06107360236819319,0.05171222310342516,0.06190133795502194,0.05767914684428303,0.05282143581924559,0.04241574689567944,0.05509913477386577,0.054660789930857635,0.04019197708219136,0.026737332202002785,0.05214677703238212,0.04343369413333389,0.04513679344560812,0.05420802952584235,0.056702492518926825,0.038901688176730016,0.05696381688667688,0.049361685086349506
Bulgarian,0.06448886666944792,0.06130939941243637,0.05436207753805521,0.06308493625020557,0.0442283578477729,0,0.06415826203313257,0.04169406423744943,0.05051965039794165,0.06519286603149295,0.060750338327030584,0.06016483213751355,0.06283987345254914,0.060636681943731216,0.06469037749143229,0.05901198992486723,0.0646693260741204,0.06199380994126797,0.06037766962785567,0.06694082541770321,0.05171652286651478,0.06272314834178423,0.054932947787404936,0.04165920573766675,0.0644298432260413,0.055305050117462146,0.06854157308307297,0.06236591584582633,0.058905984260614115,0.05032164385436873,0.05874022908095865,0.05925988811622876,0.04843119865195149,0.045043988666625484,0.055297139845773155,0.0510784036343813,0.05263290386829815,0.056054955355813195,0.06210862665554351,0.047376391608075184,0.05947016920529977,0.05078486632895506
Catalan,0.06725268377076374,0.06441614982839086,0.056970439617042616,0.06645466302759502,0.060948271054925535,0.06415826203313257,0,0.060635805387463354,0.0656546755278443,0.06876677904183552,0.063585936921738,0.06089441573134413,0.059858840673769315,0.050432817954712814,0.06759139743968742,0.06165680247147646,0.06762038141053307,0.06586798150251524,0.06369987721075762,0.06881569734351939,0.04809623373391724,0.068880967239767,0.060377815342242964,0.06292440382188402,0.06666632772924996,0.058172973175703455,0.06932299083725146,0.06555533428036182,0.06209212900664689,0.06245067675619848,0.05099839687682274,0.05650561236654434,0.06312834274937418,0.06360899828858409,0.05934923875179204,0.06567345924872457,0.06593643930947522,0.0465628306895208,0.0638055362778319,0.06077792196077053,0.06427626075324815,0.055330331726541775
Croatian,0.06089369227549973,0.056689184543567105,0.050612618456758594,0.05982960182064533,0.03167250170513423,0.04169406423744943,0.060635805387463354,0,0.045399316358626214,0.06029547971716806,0.05808733166788226,0.057320680596092174,0.05901510502855479,0.056265190982568554,0.061059532695889596,0.05560870025664833,0.061094079250164766,0.05905174957224171,0.056825543120105355,0.0635448638442874,0.048961918746919623,0.058712656201469524,0.05000851101457779,0.041188746083324075,0.06053348478934174,0.05110043757838219,0.0642273407751155,0.05716039679403676,0.05397439543425373,0.04608014063415753,0.056339632502950855,0.054918442904515315,0.04471941268066215,0.031657965323738206,0.05006676521215082,0.045231335738160114,0.04361689112304277,0.05317838835129178,0.05783190055826776,0.04152072512773772,0.05638813357032797,0.04821923605610772
Czech,0.06289048259606603,0.061410905526696764,0.05434785623297144,0.063748878401625,0.04556488348289003,0.05051965039794165,0.0656546755278443,0.045399316358626214,0,0.06307470389560187,0.06089059656992499,0.05937979664024643,0.06218907147625785,0.061140797921415184,0.0651317670165684,0.060839642668745836,0.06523320389085392,0.06312072507464236,0.059514988502131605,0.06639964307001735,0.05459576494024788,0.058632715123077654,0.05464600356751049,0.05035145859826798,0.06503487767829522,0.0553795175216998,0.06671774277019642,0.06101844379947735,0.0583868488154522,0.046416959156573796,0.05959968743128179,0.0599036609832868,0.04716210184363893,0.04714839662367868,0.05541898681411157,0.04038369289822614,0.053088744552009244,0.057312077902302964,0.062111064332125564,0.04573702024496732,0.05973322452169775,0.05151220847526521
Danish,0.058268435171502354,0.06399524513017901,0.056872294344945756,0.06930421771521518,0.0607859881735155,0.06519286603149295,0.06876677904183552,0.06029547971716806,0.06307470389560187,0,0.05776237141642665,0.05344158587522006,0.06364800529014934,0.062303280261742734,0.058778729333173914,0.06395020225131746,0.06963704528713563,0.06644855152926764,0.05327013673953792,0.06610836971028623,0.05721908103274173,0.06885196036730207,0.06254057905542341,0.06402506314440949,0.06869437077977911,0.056338353973776546,0.054032355590772546,0.06281984431355006,0.06113107300470243,0.06357248965792328,0.061721473956497706,0.06389622409279161,0.06285978623513212,0.06387420220029609,0.057065842338779746,0.06491939108152536,0.06463110208207987,0.06068806842112346,0.05193432855198887,0.06104788480615711,0.06327114337354224,0.05270939169308422
Dutch,0.0431094499100138,0.06172506721185602,0.05345643897527305,0.06455989079826409,0.05654483150030046,0.060750338327030584,0.063585936921738,0.05808733166788226,0.06089059656992499,0.05776237141642665,0,0.04942191105771832,0.06246478240266993,0.061346966977993085,0.05049948477947775,0.05935552088543442,0.06415710088730515,0.06203856059590359,0.05425382725713326,0.0646422825023712,0.05491194017763558,0.06198463937827956,0.05799702142126989,0.059573898207038976,0.06420446915872903,0.05491082002908892,0.05848918826083512,0.060949579812871274,0.057569769800582725,0.06013627206411267,0.057674798411649304,0.06063710178603754,0.05939008364345774,0.059449944390837714,0.05637716696400213,0.06309619347992178,0.062069851901842506,0.057149519498201566,0.05334261902740046,0.05850749235679724,0.06019804829144737,0.05155966692624427
English,0.052319948467505636,0.0614443744259623,0.05258726416598482,0.0618702884807254,0.057008430217151344,0.06016483213751355,0.06089441573134413,0.057320680596092174,0.05937979664024643,0.05344158587522006,0.04942191105771832,0,0.06008401078349788,0.059770495282583484,0.05502371835877547,0.06026190885912513,0.061962148625845946,0.06113119240682908,0.053911912556390565,0.06090373332602837,0.05312325866650918,0.06173887109780407,0.05738474354116735,0.05939037640376187,0.06214843225168622,0.053338702277174,0.056556094658947176,0.060772331813081844,0.05746545315997633,0.05858211625328709,0.05631029366493327,0.05984940950489985,0.05875031041895535,0.0594492292198729,0.05598588280420922,0.06101436056458316,0.06124961691140584,0.05614541203918833,0.05293430067863499,0.05771445530579639,0.05837111915733625,0.048863535388172855
French,0.06523733931394202,0.06012676498769107,0.05566254606756098,0.06593309923800807,0.05915832463458502,0.06283987345254914,0.059858840673769315,0.05901510502855479,0.06218907147625785,0.06364800529014934,0.06246478240266993,0.06008401078349788,0,0.05565147064609017,0.06604684373108356,0.06096831305080651,0.06764796260708783,0.06471430646954004,0.06254096173204504,0.06588258933926769,0.050271829851045044,0.06613930992052929,0.06095325014874939,0.0617871028270631,0.06525053199847827,0.05511802151110852,0.06836949915333873,0.06091806170917239,0.059945341119011036,0.061918587458224116,0.0547336869429729,0.058532749558339085,0.06129143689298593,0.06175469820286617,0.05608775273040841,0.06421932699610816,0.06373688805046983,0.05334117789330538,0.06392075984312147,0.05914969556560325,0.06138470212685533,0.05210266332654851
Galician,0.062306861568676195,0.05758884383629614,0.05319578135822015,0.06325124203973619,0.05725728728618073,0.060636681943731216,0.050432817954712814,0.056265190982568554,0.061140797921415184,0.062303280261742734,0.061346966977993085,0.059770495282583484,0.05565147064609017,0,0.06481555693220194,0.05840838874864674,0.06484380436880029,0.06264120430429805,0.05814624957487311,0.06382529106808912,0.045321970464156154,0.06630477852067933,0.05917266265650736,0.05886239968324529,0.06339005883961706,0.052563840258709325,0.06590585230425397,0.05927876279858071,0.057513838236960074,0.06106726106853235,0.04216798338351609,0.054000909857974504,0.059493889159342596,0.05949001617928366,0.05179503453436491,0.06200151039296356,0.0629256937841051,0.036004701467118164,0.05962838229566417,0.057281090685514485,0.06032602064364685,0.051510963115239124
German,0.057314307164425954,0.06448103879844733,0.05452874617281099,0.06751890631232213,0.05867002642017091,0.06469037749143229,0.06759139743968742,0.061059532695889596,0.0651317670165684,0.058778729333173914,0.05049948477947775,0.05502371835877547,0.06604684373108356,0.06481555693220194,0,0.06210739692495109,0.06765932009862621,0.06518074209137485,0.05656492678054166,0.06812398402778595,0.05614113269608547,0.06495642928529614,0.05971429660003012,0.06307473768075691,0.06756339536908036,0.05757546862880496,0.06298008740453791,0.06488570906505943,0.059775561404748864,0.06296060786591527,0.06338115445164458,0.06246970941691148,0.06333731722539084,0.06240905199762158,0.05952443107751571,0.06650485243959663,0.06542228321704834,0.06102296908858625,0.05606439812968806,0.06140449644524524,0.06353313050876887,0.054103086731812494
Greek,0.06382818013196889,0.058667471361814376,0.05135460383672643,0.06080831063412086,0.05613008484795233,0.05901198992486723,0.06165680247147646,0.05560870025664833,0.060839642668745836,0.06395020225131746,0.05935552088543442,0.06026190885912513,0.06096831305080651,0.05840838874864674,0.06210739692495109,0,0.06253968489485141,0.05969098561977134,0.058368511414096706,0.0641992647479088,0.050827017612061286,0.0615095355749789,0.05511818447169039,0.05844454305012673,0.062284683846488394,0.0513301597266622,0.06719631073666928,0.058725180096744156,0.056904979515575806,0.05931210991974756,0.05738905533274121,0.05748319492169826,0.05862198874476822,0.05894255703677826,0.05228973630567616,0.06208242575236933,0.061389868352646364,0.05317541431178288,0.060754934976424944,0.055591976189198096,0.0579915676992735,0.04992758537590229
Gujarati,0.06803640382952182,0.06405758039161688,0.05688294316999937,0.05346186725006952,0.060518491370248985,0.0646693260741204,0.06762038141053307,0.061094079250164766,0.06523320389085392,0.06963704528713563,0.06415710088730515,0.061962148625845946,0.06764796260708783,0.06484380436880029,0.06765932009862621,0.06253968489485141,0,0.04594978723022171,0.06469941629218069,0.06989121269697689,0.05795611410778018,0.06894184119439944,0.060129559291121876,0.06220749216314843,0.04620471514652887,0.046815440134374914,0.07229859705309857,0.06196847995459254,0.061292468322571014,0.0633057043862111,0.06422474561219874,0.06428993533449617,0.06376513172083033,0.0634011634846878,0.05603654852673645,0.06694987070384623,0.06740615478266304,0.05940094840605662,0.06464537063062407,0.0612348803834067,0.05252284077819491,0.05692304959569481
Hindi,0.06584965565909777,0.06124353971802161,0.05539504595332949,0.05124123977536078,0.05890115196822566,0.06199380994126797,0.06586798150251524,0.05905174957224171,0.06312072507464236,0.06644855152926764,0.06203856059590359,0.06113119240682908,0.06471430646954004,0.06264120430429805,0.06518074209137485,0.05969098561977134,0.04594978723022171,0,0.062253539745150056,0.06658638214923902,0.056151519214940805,0.06728380284677511,0.05879724820063163,0.05953230709324631,0.0485906659153699,0.04398578223031287,0.06913259095519148,0.05831365921648304,0.05784493972507098,0.06097883978184625,0.06160265689793529,0.06114972017796971,0.061866898071371995,0.06164458242999403,0.05349222945996353,0.06447264133329417,0.06582784607736014,0.057530613941891295,0.0618352847790133,0.05906108746183651,0.04138167840289623,0.054695860441848085
Icelandic,0.05518893709968779,0.06032272102581994,0.05014184029655776,0.06404427138884589,0.05413788879013945,0.06037766962785567,0.06369987721075762,0.056825543120105355,0.059514988502131605,0.05327013673953792,0.05425382725713326,0.053911912556390565,0.06254096173204504,0.05814624957487311,0.05656492678054166,0.058368511414096706,0.06469941629218069,0.062253539745150056,0,0.06473418251570807,0.053374224314447015,0.05945774024945907,0.053485819281713344,0.05782255993009457,0.0643442703568732,0.05462466195690058,0.054316969629388985,0.060216399994076186,0.05545867442362955,0.058394060749162646,0.05813727369907826,0.05867353802658376,0.05632692827317392,0.05693263853955488,0.0539569511620004,0.06125944015884763,0.06200207910171307,0.056684988501100764,0.04914138164414538,0.054782168438370214,0.06027498567265097,0.05119361723173618
Irish,0.06726233513406268,0.06475042818071373,0.05675704807293049,0.06941219650470322,0.06326588703667549,0.06694082541770321,0.06881569734351939,0.0635448638442874,0.06639964307001735,0.06610836971028623,0.0646422825023712,0.06090373332602837,0.06588258933926769,0.06382529106808912,0.06812398402778595,0.0641992647479088,0.06989121269697689,0.06658638214923902,0.06473418251570807,0,0.05956329207799571,0.07128342632656401,0.06452893799795824,0.06486652915945716,0.06720221049925598,0.05751414168252245,0.07325103247218176,0.06219947591299077,0.06296639884430912,0.06588949889699229,0.06072170906937077,0.06518135997001792,0.06516755906525006,0.06709889050653754,0.05762081042321599,0.06758719833333418,0.06752907781415943,0.05845234256130015,0.0653344868351954,0.06403030539866132,0.06399486714778563,0.05232320570308984
Italian,0.05791170339307319,0.054489786772640644,0.048674511533047755,0.05624741787340319,0.049875119776047964,0.05171652286651478,0.04809623373391724,0.048961918746919623,0.05459576494024788,0.05721908103274173,0.05491194017763558,0.05312325866650918,0.050271829851045044,0.045321970464156154,0.05614113269608547,0.050827017612061286,0.05795611410778018,0.056151519214940805,0.053374224314447015,0.05956329207799571,0,0.05788059505498742,0.05091724293985223,0.05203585607820156,0.05720010457366389,0.04846440710096345,0.0598545591826369,0.05497545579962584,0.05206910886073995,0.0523717400703668,0.046762854340039045,0.04489882885924193,0.0522248862543665,0.052053325834082016,0.05058516916686103,0.0548957070192091,0.054738815847693065,0.04209339683196467,0.05436386217930738,0.05017466703898175,0.05488409115524457,0.04445214580298304
Latvian,0.06494286625732518,0.06438368314406144,0.05369974720379734,0.06642896694270019,0.05244105310866502,0.06272314834178423,0.068880967239767,0.058712656201469524,0.058632715123077654,0.06885196036730207,0.06198463937827956,0.06173887109780407,0.06613930992052929,0.06630477852067933,0.06495642928529614,0.0615095355749789,0.06894184119439944,0.06728380284677511,0.05945774024945907,0.07128342632656401,0.05788059505498742,0,0.0454635330794489,0.05898469073380061,0.06925282206696996,0.060058554554315934,0.06857999010827641,0.06601800979732117,0.060997935326007384,0.054878357406097845,0.06175422963039196,0.06302427446403876,0.05448609055690505,0.05654691844641112,0.060952849862669835,0.06036026332948315,0.06220151354001608,0.0638615099658416,0.06326341940605641,0.056330742781052434,0.06431257078827601,0.054964132061507034
Lithuanian,0.06027573009142548,0.057491909301660774,0.048981711230230734,0.05953038302935879,0.0466980264969198,0.054932947787404936,0.060377815342242964,0.05000851101457779,0.05464600356751049,0.06254057905542341,0.05799702142126989,0.05738474354116735,0.06095325014874939,0.05917266265650736,0.05971429660003012,0.05511818447169039,0.060129559291121876,0.05879724820063163,0.053485819281713344,0.06452893799795824,0.05091724293985223,0.0454635330794489,0,0.05261174968304516,0.061928657580274105,0.05346104494557106,0.06114788104293323,0.05879150443574254,0.0530208823174135,0.05118585617153949,0.058107282098330375,0.055023220489367156,0.050516372996207724,0.04952653726872534,0.05299017917067476,0.05646937821520164,0.05542715338638645,0.0559689184853046,0.056672259854913136,0.04913166817134684,0.05840156123589393,0.05053722020847062
Macedonian,0.06205305284328771,0.05841951050371264,0.05175629648207956,0.060416437863634216,0.03738597919177312,0.04165920573766675,0.06292440382188402,0.041188746083324075,0.05035145859826798,0.06402506314440949,0.059573898207038976,0.05939037640376187,0.0617871028270631,0.05886239968324529,0.06307473768075691,0.05844454305012673,0.06220749216314843,0.05953230709324631,0.05782255993009457,0.06486652915945716,0.05203585607820156,0.05898469073380061,0.05261174968304516,0,0.06233220709291501,0.05269575513432032,0.06647267540926315,0.05863418943580759,0.056670751167868044,0.04816882586216811,0.057657463200666184,0.05759830093328283,0.04510877454662693,0.0374763269870862,0.05293632164764644,0.04894182131481172,0.05170358059397244,0.05535141017264278,0.05975871946183818,0.04384730370093911,0.057706827949857244,0.05176051025746813
Marathi,0.06726788497826983,0.06209364503840638,0.056242785818097746,0.0551737167826365,0.06107360236819319,0.0644298432260413,0.06666632772924996,0.06053348478934174,0.06503487767829522,0.06869437077977911,0.06420446915872903,0.06214843225168622,0.06525053199847827,0.06339005883961706,0.06756339536908036,0.062284683846488394,0.04620471514652887,0.0485906659153699,0.0643442703568732,0.06720221049925598,0.05720010457366389,0.06925282206696996,0.061928657580274105,0.06233220709291501,0,0.04824443701767079,0.07194434370665342,0.06060866540672727,0.06153075156865015,0.0634371020276338,0.062267075395862126,0.06369818935353036,0.06286231979172216,0.06373602561087724,0.0542877425762354,0.06548194291194562,0.06661957636404492,0.05799075069402571,0.06399946131443272,0.061503500611253065,0.053671506183287754,0.054931960677185594
Nepali,0.05660134584609833,0.05132316888576701,0.0486985131289537,0.04478689369728342,0.05171222310342516,0.055305050117462146,0.058172973175703455,0.05110043757838219,0.0553795175216998,0.056338353973776546,0.05491082002908892,0.053338702277174,0.05511802151110852,0.052563840258709325,0.05757546862880496,0.0513301597266622,0.046815440134374914,0.04398578223031287,0.05462466195690058,0.05751414168252245,0.04846440710096345,0.060058554554315934,0.05346104494557106,0.05269575513432032,0.04824443701767079,0,0.06061726267926045,0.04938219133768226,0.05177642030939981,0.055006112450804244,0.05340437590635332,0.05354273797029208,0.05412960850777066,0.05383002575110131,0.04365081234609862,0.055559153013699465,0.0561255268146139,0.05019177034389165,0.05363769068767817,0.0520752967803751,0.043786026099796406,0.04693159482784053
Norwegian,0.06059932936808323,0.06744341086385691,0.05778618108257009,0.07182549845534751,0.06190133795502194,0.06854157308307297,0.06932299083725146,0.0642273407751155,0.06671774277019642,0.054032355590772546,0.05848918826083512,0.056556094658947176,0.06836949915333873,0.06590585230425397,0.06298008740453791,0.06719631073666928,0.07229859705309857,0.06913259095519148,0.054316969629388985,0.07325103247218176,0.0598545591826369,0.06857999010827641,0.06114788104293323,0.06647267540926315,0.07194434370665342,0.06061726267926045,0,0.06881169876074354,0.064051326268709,0.06431008337267274,0.06340982679706599,0.06585530013501083,0.06546350568345262,0.06570158118417131,0.06129827632008975,0.06827362206977085,0.06791884152689308,0.06267984171926604,0.04599261056921582,0.06392157902644278,0.06600437206744271,0.058365696551320075
Pashto,0.0618524151777565,0.057592639991301375,0.051580245830673575,0.06184526044077695,0.05767914684428303,0.06236591584582633,0.06555533428036182,0.05716039679403676,0.06101844379947735,0.06281984431355006,0.060949579812871274,0.060772331813081844,0.06091806170917239,0.05927876279858071,0.06488570906505943,0.058725180096744156,0.06196847995459254,0.05831365921648304,0.060216399994076186,0.06219947591299077,0.05497545579962584,0.06601800979732117,0.05879150443574254,0.05863418943580759,0.06060866540672727,0.04938219133768226,0.06881169876074354,0,0.052550902915162775,0.06142052522721687,0.058669195132582695,0.06010402328359277,0.05963035360959954,0.05987013212454805,0.04981266104222596,0.06305619319327078,0.06214409209158289,0.056088322215005065,0.061742498592506884,0.057676967692471506,0.05471638238353023,0.051989706016550154
Persian,0.06024408621163764,0.057383847919766744,0.048809175708448664,0.06062642072016093,0.05282143581924559,0.058905984260614115,0.06209212900664689,0.05397439543425373,0.0583868488154522,0.06113107300470243,0.057569769800582725,0.05746545315997633,0.059945341119011036,0.057513838236960074,0.059775561404748864,0.056904979515575806,0.061292468322571014,0.05784493972507098,0.05545867442362955,0.06296639884430912,0.05206910886073995,0.060997935326007384,0.0530208823174135,0.056670751167868044,0.06153075156865015,0.05177642030939981,0.064051326268709,0.052550902915162775,0,0.05691819647294007,0.05737169250770412,0.05602709184588458,0.05654706669864215,0.05573931579647573,0.0519194184357662,0.05952547535486805,0.05958386454691482,0.05538138441327525,0.05750168514478823,0.05338114188495837,0.05398212615788709,0.0498023706404192
Polish,0.062324813668456804,0.06074133467606058,0.05282413545755118,0.061061954114464974,0.04241574689567944,0.05032164385436873,0.06245067675619848,0.04608014063415753,0.046416959156573796,0.06357248965792328,0.06013627206411267,0.05858211625328709,0.061918587458224116,0.06106726106853235,0.06296060786591527,0.05931210991974756,0.0633057043862111,0.06097883978184625,0.058394060749162646,0.06588949889699229,0.0523717400703668,0.054878357406097845,0.05118585617153949,0.04816882586216811,0.0634371020276338,0.055006112450804244,0.06431008337267274,0.06142052522721687,0.05691819647294007,0,0.0566887126457829,0.05758555728613873,0.04463933007049905,0.04535074464276063,0.055974319018729755,0.042299318371852766,0.051219772606031215,0.056876372066468214,0.059165886046483464,0.04339227872843678,0.05948747213969476,0.05153789377963149
Portuguese,0.060583100688014584,0.05825933261451799,0.052311157714745454,0.06171743939991927,0.05509913477386577,0.05874022908095865,0.05099839687682274,0.056339632502950855,0.05959968743128179,0.061721473956497706,0.057674798411649304,0.05631029366493327,0.0547336869429729,0.04216798338351609,0.06338115445164458,0.05738905533274121,0.06422474561219874,0.06160265689793529,0.05813727369907826,0.06072170906937077,0.046762854340039045,0.06175422963039196,0.058107282098330375,0.057657463200666184,0.062267075395862126,0.05340437590635332,0.06340982679706599,0.058669195132582695,0.05737169250770412,0.0566887126457829,0,0.0540982433433067,0.057035549369793895,0.05774913896343548,0.05392412330467219,0.05937000402560963,0.06010808837189271,0.04116330928375694,0.058887341763120465,0.056068938226575896,0.05843545589658626,0.0504636829004888
Romanian,0.06345644649866496,0.05829942139947328,0.05234568495104552,0.06234726075137061,0.054660789930857635,0.05925988811622876,0.05650561236654434,0.054918442904515315,0.0599036609832868,0.06389622409279161,0.06063710178603754,0.05984940950489985,0.058532749558339085,0.054000909857974504,0.06246970941691148,0.05748319492169826,0.06428993533449617,0.06114972017796971,0.05867353802658376,0.06518135997001792,0.04489882885924193,0.06302427446403876,0.055023220489367156,0.05759830093328283,0.06369818935353036,0.05354273797029208,0.06585530013501083,0.06010402328359277,0.05602709184588458,0.05758555728613873,0.0540982433433067,0,0.05787535570268323,0.0573107699973403,0.054641095729647114,0.06121948702624165,0.06163268786611233,0.051355320503796084,0.059599151140140486,0.05527544706222519,0.059803252990705026,0.05114855987075809
Russian,0.06069604598915474,0.05806633402806028,0.05160360551567262,0.061595580935851955,0.04019197708219136,0.04843119865195149,0.06312834274937418,0.04471941268066215,0.04716210184363893,0.06285978623513212,0.05939008364345774,0.05875031041895535,0.06129143689298593,0.059493889159342596,0.06333731722539084,0.05862198874476822,0.06376513172083033,0.061866898071371995,0.05632692827317392,0.06516755906525006,0.0522248862543665,0.05448609055690505,0.050516372996207724,0.04510877454662693,0.06286231979172216,0.05412960850777066,0.06546350568345262,0.05963035360959954,0.05654706669864215,0.04463933007049905,0.057035549369793895,0.05787535570268323,0,0.04240781686055896,0.05305884413576711,0.04544518021403381,0.05224835624977761,0.05617878670351983,0.059588827653905246,0.03825080940623651,0.05968613610641993,0.051379774718755385
Serbian,0.06140736246839769,0.058737431502904065,0.05182706720929512,0.06132761849033244,0.026737332202002785,0.045043988666625484,0.06360899828858409,0.031657965323738206,0.04714839662367868,0.06387420220029609,0.059449944390837714,0.0594492292198729,0.06175469820286617,0.05949001617928366,0.06240905199762158,0.05894255703677826,0.0634011634846878,0.06164458242999403,0.05693263853955488,0.06709889050653754,0.052053325834082016,0.05654691844641112,0.04952653726872534,0.0374763269870862,0.06373602561087724,0.05383002575110131,0.06570158118417131,0.05987013212454805,0.05573931579647573,0.04535074464276063,0.05774913896343548,0.0573107699973403,0.04240781686055896,0,0.05345114479655847,0.04539505722097222,0.04512875556386004,0.0563460391088676,0.059266196700124375,0.0403524083114382,0.05917480464530437,0.05191510528381013
Sinhala,0.05797851234429035,0.04830356337137358,0.04756629350833697,0.054212465759539336,0.05214677703238212,0.055297139845773155,0.05934923875179204,0.05006676521215082,0.05541898681411157,0.057065842338779746,0.05637716696400213,0.05598588280420922,0.05608775273040841,0.05179503453436491,0.05952443107751571,0.05228973630567616,0.05603654852673645,0.05349222945996353,0.0539569511620004,0.05762081042321599,0.05058516916686103,0.060952849862669835,0.05299017917067476,0.05293632164764644,0.0542877425762354,0.04365081234609862,0.06129827632008975,0.04981266104222596,0.0519194184357662,0.055974319018729755,0.05392412330467219,0.054641095729647114,0.05305884413576711,0.05345114479655847,0,0.05621765160414974,0.05785100699277527,0.05036995233804443,0.054501941539179366,0.05134612204863164,0.051206123405362035,0.047732435579841
Slovak,0.06446652097752746,0.06171083865770271,0.05443960059365824,0.06448482575746088,0.04343369413333389,0.0510784036343813,0.06567345924872457,0.045231335738160114,0.04038369289822614,0.06491939108152536,0.06309619347992178,0.06101436056458316,0.06421932699610816,0.06200151039296356,0.06650485243959663,0.06208242575236933,0.06694987070384623,0.06447264133329417,0.06125944015884763,0.06758719833333418,0.0548957070192091,0.06036026332948315,0.05646937821520164,0.04894182131481172,0.06548194291194562,0.055559153013699465,0.06827362206977085,0.06305619319327078,0.05952547535486805,0.042299318371852766,0.05937000402560963,0.06121948702624165,0.04544518021403381,0.04539505722097222,0.05621765160414974,0,0.052034009757609766,0.05837700547627425,0.06218648091693808,0.045527690490427396,0.061465231448121986,0.052343111513782244
Slovenian,0.0649735489563257,0.0628852034110413,0.05607688808540613,0.06451273787645267,0.04513679344560812,0.05263290386829815,0.06593643930947522,0.04361689112304277,0.053088744552009244,0.06463110208207987,0.062069851901842506,0.06124961691140584,0.06373688805046983,0.0629256937841051,0.06542228321704834,0.061389868352646364,0.06740615478266304,0.06582784607736014,0.06200207910171307,0.06752907781415943,0.054738815847693065,0.06220151354001608,0.05542715338638645,0.05170358059397244,0.06661957636404492,0.0561255268146139,0.06791884152689308,0.06214409209158289,0.05958386454691482,0.051219772606031215,0.06010808837189271,0.06163268786611233,0.05224835624977761,0.04512875556386004,0.05785100699277527,0.052034009757609766,0,0.058679289064895064,0.06218583653264848,0.04992435687728661,0.061686487528579644,0.05292467734904274
Spanish,0.06038569801851296,0.05691098601500459,0.052145530034541164,0.0585693730307669,0.05420802952584235,0.056054955355813195,0.0465628306895208,0.05317838835129178,0.057312077902302964,0.06068806842112346,0.057149519498201566,0.05614541203918833,0.05334117789330538,0.036004701467118164,0.06102296908858625,0.05317541431178288,0.05940094840605662,0.057530613941891295,0.056684988501100764,0.05845234256130015,0.04209339683196467,0.0638615099658416,0.0559689184853046,0.05535141017264278,0.05799075069402571,0.05019177034389165,0.06267984171926604,0.056088322215005065,0.05538138441327525,0.056876372066468214,0.04116330928375694,0.051355320503796084,0.05617878670351983,0.0563460391088676,0.05036995233804443,0.05837700547627425,0.058679289064895064,0,0.057565085058756245,0.053615746689664415,0.05582968943335937,0.04907509863001773
Swedish,0.05584217634058019,0.061213703957779565,0.0526521771755179,0.06336416525661293,0.056702492518926825,0.06210862665554351,0.0638055362778319,0.05783190055826776,0.062111064332125564,0.05193432855198887,0.05334261902740046,0.05293430067863499,0.06392075984312147,0.05962838229566417,0.05606439812968806,0.060754934976424944,0.06464537063062407,0.0618352847790133,0.04914138164414538,0.0653344868351954,0.05436386217930738,0.06326341940605641,0.056672259854913136,0.05975871946183818,0.06399946131443272,0.05363769068767817,0.04599261056921582,0.061742498592506884,0.05750168514478823,0.059165886046483464,0.058887341763120465,0.059599151140140486,0.059588827653905246,0.059266196700124375,0.054501941539179366,0.06218648091693808,0.06218583653264848,0.057565085058756245,0,0.05736712392900981,0.05944266475744963,0.052217552542354134
Ukrainian,0.0600906759093161,0.05611541281416719,0.05058990679522988,0.05948990482775125,0.038901688176730016,0.047376391608075184,0.06077792196077053,0.04152072512773772,0.04573702024496732,0.06104788480615711,0.05850749235679724,0.05771445530579639,0.05914969556560325,0.057281090685514485,0.06140449644524524,0.055591976189198096,0.0612348803834067,0.05906108746183651,0.054782168438370214,0.06403030539866132,0.05017466703898175,0.056330742781052434,0.04913166817134684,0.04384730370093911,0.061503500611253065,0.0520752967803751,0.06392157902644278,0.057676967692471506,0.05338114188495837,0.04339227872843678,0.056068938226575896,0.05527544706222519,0.03825080940623651,0.0403524083114382,0.05134612204863164,0.045527690490427396,0.04992435687728661,0.053615746689664415,0.05736712392900981,0,0.05769989895119401,0.049082235140489636
Urdu,0.06412249475514686,0.05823411413493543,0.05315935203923626,0.0518917756546088,0.05696381688667688,0.05947016920529977,0.06427626075324815,0.05638813357032797,0.05973322452169775,0.06327114337354224,0.06019804829144737,0.05837111915733625,0.06138470212685533,0.06032602064364685,0.06353313050876887,0.0579915676992735,0.05252284077819491,0.04138167840289623,0.06027498567265097,0.06399486714778563,0.05488409115524457,0.06431257078827601,0.05840156123589393,0.057706827949857244,0.053671506183287754,0.043786026099796406,0.06600437206744271,0.05471638238353023,0.05398212615788709,0.05948747213969476,0.05843545589658626,0.059803252990705026,0.05968613610641993,0.05917480464530437,0.051206123405362035,0.061465231448121986,0.061686487528579644,0.05582968943335937,0.05944266475744963,0.05769989895119401,0,0.05186489458189215
Welsh,0.05354016775480785,0.05251632655904978,0.04520210710773417,0.05566840794780506,0.049361685086349506,0.05078486632895506,0.055330331726541775,0.04821923605610772,0.05151220847526521,0.05270939169308422,0.05155966692624427,0.048863535388172855,0.05210266332654851,0.051510963115239124,0.054103086731812494,0.04992758537590229,0.05692304959569481,0.054695860441848085,0.05119361723173618,0.05232320570308984,0.04445214580298304,0.054964132061507034,0.05053722020847062,0.05176051025746813,0.054931960677185594,0.04693159482784053,0.058365696551320075,0.051989706016550154,0.0498023706404192,0.05153789377963149,0.0504636829004888,0.05114855987075809,0.051379774718755385,0.05191510528381013,0.047732435579841,0.052343111513782244,0.05292467734904274,0.04907509863001773,0.052217552542354134,0.049082235140489636,0.05186489458189215,0
