,Afrikaans,Albanian,Armenian,Bengali,Bosnian,Bulgarian,Catalan,Croatian,Czech,Danish,Dutch,English,French,Galician,German,Greek,Gujarati,Hindi,Icelandic,Irish,Italian,Latvian,Lithuanian,Macedonian,Marathi,Nepali,Norwegian,Pashto,Persian,Polish,Portuguese,Romanian,Russian,Serbian,Sinhala,Slovak,Slovenian,Spanish,Swedish,Ukrainian,Urdu,Welsh
Afrikaans,0,14.451703328244603,14.956653334229594,14.794387266745886,15.029165756391318,13.577796714358984,14.41677320570265,13.546856462413153,14.112299153534368,12.169613207484456,10.418674828556684,12.59629755520628,13.162506213864711,13.237534230148508,12.478597740430592,13.975187565888316,15.201375990484934,15.160188027306674,12.502017637764403,13.346467339721205,14.555697049381063,15.992500445731809,18.592893203704378,14.079042276568186,14.651549750880749,14.30857613951838,12.512203423365376,13.15332818365223,14.829893803766678,15.800335017119496,13.522459452740861,14.104384329947601,14.26635281161919,14.050189100858661,14.283715264739882,13.828529790307948,14.113446311655185,13.691849055728868,12.861609369393017,14.28790056729271,14.406525134553728,14.304164500565737
Albanian,14.451703328244603,0,15.626437155394997,15.509968546542284,16.447923618877635,14.90423490272494,15.170885694415999,14.760621641260302,15.529091104945525,15.09024251113998,15.194448288871833,15.576538951394868,14.162300067792824,14.173230170222359,15.454866713287423,14.78845711558902,16.318559315144725,16.008915666911694,15.087946209997568,14.364025896702497,15.403233946620388,17.303982450267387,19.437248946008637,15.259948542073877,15.364989035680628,15.372392885201382,15.531469025359028,14.084275753368965,15.716440743537301,16.903760146224382,14.608073552937627,15.162429080288357,15.413379000134695,15.33917437287542,14.236793883627222,14.960428209300796,15.37598557520753,14.555485019691126,15.567146040901452,15.199510302963997,15.191974335857703,15.511741231835051
Armenian,14.956653334229594,15.626437155394997,0,16.119981718737844,15.91085084657591,15.520245230377132,16.267533834367004,15.047007178321808,16.161368460354485,15.923376339225424,16.02193964203497,16.102968712341998,15.159526907931054,15.312554552846947,15.782910571846848,14.843803223158496,17.141447489962435,16.66255031034174,14.858290866023175,15.278485424428073,15.643462954604686,16.60398443324316,18.69262521329511,15.767612717727765,16.347590541498313,15.93046286493082,15.720705339087218,14.772886833176099,15.654848315820464,16.99227166952786,15.558493445300986,15.489994723336288,15.768336818260035,15.596749746331415,15.083081674673213,15.585342513157997,15.984842785843744,15.682009861734144,16.032405121622322,15.75131411467306,15.969993228170818,15.52663009978852
Bengali,14.794387266745886,15.509968546542284,16.119981718737844,0,15.457513753347788,13.932041787509494,14.490349055872628,13.997277158914267,14.617976128352423,14.151753489032926,14.63791205309111,14.339310424089257,13.891140592464803,14.305272856163795,14.471320237131676,14.230370550307867,12.792967889697396,12.516915207169962,14.900604729842577,14.44631082581013,14.47228991742914,16.269567838218926,18.56099816377847,14.161320210229059,12.855927332995542,12.550393475119476,14.856582015218622,14.015846729082286,15.569010741828482,15.552696777208066,14.207567319951886,14.33937294997331,14.897348772444154,14.370810869736973,14.597209128617115,14.266603966581018,14.44659985136783,14.057628149421653,14.71083186262979,14.685790995885869,12.327049648262596,14.90416184123032
Bosnian,15.029165756391318,16.447923618877635,15.91085084657591,15.457513753347788,0,12.475798125501427,16.06273646427335,9.844341367177934,12.95935976754371,14.629395390292006,15.409274961403735,15.48204053231911,14.542494971124688,15.488486376906245,15.067554380057736,15.002940511694112,16.53436744376279,15.896483118965746,15.147041214232907,16.01037037914207,14.496522509105722,14.840937569854413,17.061475411000234,11.446550709077952,16.16886586657538,14.496799791629,14.973312421009174,15.383505139563386,16.28637748926579,13.071541323867466,14.96443480677451,14.458506459588474,11.889861860463828,8.702763086701344,15.951037627389342,11.778926856456554,12.119141525104581,15.273865534329904,15.65205808804082,12.005416112273622,15.192680005260858,15.287142300717926
Bulgarian,13.577796714358984,14.90423490272494,15.520245230377132,13.932041787509494,12.475798125501427,0,13.617510003921733,10.179802639726905,12.046120953215912,13.045714109035995,13.461960162864592,13.638944588269775,13.169505174145321,13.148987079567135,13.733681176140966,13.537179778301079,14.527588145763142,14.345050389948677,13.707943249511011,13.494839566255422,13.576816122626694,15.756377094457239,17.314282426781986,10.07833625594076,13.930221930590072,14.56535325010361,13.971995751846528,13.506693611636164,14.868774527831466,13.387361384848221,13.181831555823294,13.582767158558445,12.009635391576406,10.934376343786665,14.394696450214058,11.594862547302563,12.073822816449704,12.967146599610832,13.950108095796944,11.911065105875393,13.493054347433748,13.607268406748096
Catalan,14.41677320570265,15.170885694415999,16.267533834367004,14.490349055872628,16.06273646427335,13.617510003921733,0,13.670318701648124,14.749845978235482,13.401881164985356,14.047287096311617,13.77332784459178,12.204434426160706,11.182986674553954,14.301442101070606,13.955041963692247,15.182877220469685,15.088455381485856,14.537742448059253,13.590649953584549,12.718484785959367,16.792831055978176,18.498699390949554,14.163606114200201,14.266085017422617,15.274395524489446,13.756768800278666,14.13121700197688,15.635750708330221,15.861700769353149,11.671709709773262,12.932064822821053,15.020533102844862,14.524685422655564,14.90549339054304,13.953556799134251,14.350889873796246,10.864394671152546,14.037704124709853,14.589184374977863,14.342522278311817,14.697833007877556
Croatian,13.546856462413153,14.760621641260302,15.047007178321808,13.997277158914267,9.844341367177934,10.179802639726905,13.670318701648124,0,11.513993575797228,13.07527347517993,13.63629381094574,13.821743538385647,12.916620674246985,13.232261292782669,13.660783344190271,13.357518889061229,14.63811024983855,14.416387545341834,13.680857983661632,13.523497508617151,13.373939654037809,15.196303275601382,16.50846140899944,10.496616059600692,13.9673055035916,14.487455194721427,13.820752288049759,13.451000333048734,14.562047259522666,12.528414253499049,13.317073877329195,13.331105564631704,11.567806262891327,8.627565029744098,14.082834189920861,10.760660827995082,10.639213911652798,13.074544663233269,13.843729440471883,11.18485532561703,13.65371814863038,13.70198361557998
Czech,14.112299153534368,15.529091104945525,16.161368460354485,14.617976128352423,12.95935976754371,12.046120953215912,14.749845978235482,11.513993575797228,0,13.210713709227425,13.996310331888248,14.136063443225682,13.534660365598198,14.033241085938425,14.080271584798277,14.250804407113534,15.373070779643673,15.176738845584472,14.163245822421498,14.395454320329657,14.232741212616178,15.35436383595365,17.683597375116523,12.43744919435335,14.97057101478531,14.50278774305844,14.481644169091139,13.964819119341822,15.273689822371978,12.7682238099547,13.88477367443505,14.083222062279232,12.095598052831257,11.701033210209316,15.42425920230482,9.829806898496013,12.42584958388722,13.955261272807505,14.539962457982883,11.878703475395133,14.102769808776477,14.229169387831252
Danish,12.169613207484456,15.09024251113998,15.923376339225424,14.151753489032926,14.629395390292006,13.045714109035995,13.401881164985356,13.07527347517993,13.210713709227425,0,12.124533527273488,11.621185510772337,12.148961040773335,13.019759225312661,11.469563055339549,13.273827295980444,14.444702321636472,14.169641606296949,12.049732086734624,12.48360484318586,13.514763189302515,15.886217533641778,18.46279190297763,13.828274841106134,13.777370021108855,13.633762927163625,10.761449398491209,13.163824179162532,15.076148496970575,14.964531006541717,12.711110591791044,13.087797816623715,13.961073690852121,13.880354580790755,14.816761606112838,12.79284585753905,13.189104829020176,12.917889394689436,11.71637262980655,13.779654934213903,13.4404962766458,13.27975365109462
Dutch,10.418674828556684,15.194448288871833,16.02193964203497,14.63791205309111,15.409274961403735,13.461960162864592,14.047287096311617,13.63629381094574,13.996310331888248,12.124533527273488,0,12.111671706191094,13.29238378631226,13.66911147258326,11.557190188628136,13.724522525370888,14.852305634291588,14.828181014910072,13.059487877324473,13.598322404843747,14.258432021267387,16.037117523549973,18.38540230003958,13.899519035509783,14.306675130398084,14.659067652180553,12.72597782016942,13.739709366064002,15.078971926040879,15.589066092919644,13.349668679502093,14.003257873269062,14.497001633466947,14.20742758354461,15.23338911613268,13.813263929746359,13.899107996097745,13.473294641506612,12.763281314215286,14.325398274909867,14.165825783681084,14.288567623839977
English,12.59629755520628,15.576538951394868,16.102968712341998,14.339310424089257,15.48204053231911,13.638944588269775,13.77332784459178,13.821743538385647,14.136063443225682,11.621185510772337,12.111671706191094,0,13.113878314081205,13.68379547115143,12.55651775375653,14.137082503075264,14.554572131794515,14.884351957333743,13.465302704214455,13.375366672915655,14.069710446181205,16.354144144560575,18.43790592779753,14.333994342618777,14.207374670051498,14.446986275524468,12.360647807363632,14.195382029306238,15.564443828444428,15.6420036659029,13.584345545328253,13.882354098183196,14.674271600822436,14.40158516965613,15.46141054588899,13.927033121770085,14.244966348321809,13.557515204888386,12.821451335284722,14.455745556864713,13.999576171950126,13.877170805064003
French,13.162506213864711,14.162300067792824,15.159526907931054,13.891140592464803,14.542494971124688,13.169505174145321,12.204434426160706,12.916620674246985,13.534660365598198,12.148961040773335,13.29238378631226,13.113878314081205,0,11.892240729375843,13.35447191767364,12.84732134259715,14.72666527552019,14.269212707189736,13.579979338069968,12.531033592290228,12.390412722231412,15.434011702923593,18.010351614015807,13.565641625710848,13.61721506322159,13.70464259261856,13.168231371772224,12.869922922343656,14.776104660542147,15.003033716061363,11.825217284955858,12.668708594812403,13.903713888483129,13.660598344469566,14.137834014338344,13.004597957912198,13.283684045614569,11.721532053344138,13.865331158412362,13.809713400034592,13.329295760161946,13.35186700817074
Galician,13.237534230148508,14.173230170222359,15.312554552846947,14.305272856163795,15.488486376906245,13.148987079567135,11.182986674553954,13.232261292782669,14.033241085938425,13.019759225312661,13.66911147258326,13.68379547115143,11.892240729375843,0,13.917004122947334,13.618570030204946,15.103667068370308,14.981234452573466,13.385903670582142,12.735222164987677,12.449769049884132,16.548306088018613,18.626537805779172,13.713508570506892,14.15727078829684,14.610082619805025,13.912550832961934,13.108039580671408,14.531335903452819,15.800618250207357,10.019865289089307,12.972039719108539,14.401693071003132,13.961532122568727,13.84220844268578,13.669701055195008,14.100221180697508,9.050287522527693,13.709833728227826,14.040945120017419,14.133448990878836,13.868448172832904
German,12.478597740430592,15.454866713287423,15.782910571846848,14.471320237131676,15.067554380057736,13.733681176140966,14.301442101070606,13.660783344190271,14.080271584798277,11.469563055339549,11.557190188628136,12.55651775375653,13.35447191767364,13.917004122947334,0,13.435065603921954,15.002955862428516,14.708466988385954,13.043124325947264,13.576657957642844,13.877975704101464,15.92184350257415,18.435587374419168,14.33166088084626,14.457820914344056,14.354696139493278,13.125333167079571,14.018893503292924,15.2567075081072,15.600048932560773,13.992433613420083,13.745896490318792,14.73681986072611,14.325938545937934,15.51661442739547,13.81497775273062,14.06154622604279,13.844095100085273,12.749443296381054,14.468486819042045,14.182690583223923,14.105939127336308
Greek,13.975187565888316,14.78845711558902,14.843803223158496,14.230370550307867,15.002940511694112,13.537179778301079,13.955041963692247,13.357518889061229,14.250804407113534,13.273827295980444,13.724522525370888,14.137082503075264,12.84732134259715,13.618570030204946,13.435065603921954,0,15.104709048258428,14.6728948112356,13.585300271171203,13.679053708027453,13.65247020396695,15.087705544567852,17.439899914251484,14.108521559956156,14.398062809316048,14.160159694823511,14.045606314754066,13.676877819812077,15.212671322637792,15.388791018342824,13.461615241731034,13.375597172240708,14.270316823190642,14.250861474358304,14.401620130059879,13.707390096141328,14.103848219053774,13.171268653295119,14.431557705490674,13.994414571318837,14.000154127921917,13.811665056261326
Gujarati,15.201375990484934,16.318559315144725,17.141447489962435,12.792967889697396,16.53436744376279,14.527588145763142,15.182877220469685,14.63811024983855,15.373070779643673,14.444702321636472,14.852305634291588,14.554572131794515,14.72666527552019,15.103667068370308,15.002955862428516,15.104709048258428,0,11.51130948193083,15.56998091634565,15.109323629974897,15.51832080728798,17.519642466795464,19.151719761040223,14.967585471551416,10.664564900195325,13.6744508610426,15.077208090476727,14.54729624626305,16.31189697075331,16.48964987057422,15.34590928477106,15.071661158558879,16.10913494733135,15.430450051794153,15.71794252717112,15.147218667101805,15.224964422152588,14.688889129728231,15.234111722294019,15.582195533784203,12.758254975474571,15.792701586376582
Hindi,15.160188027306674,16.008915666911694,16.66255031034174,12.516915207169962,15.896483118965746,14.345050389948677,15.088455381485856,14.416387545341834,15.176738845584472,14.169641606296949,14.828181014910072,14.884351957333743,14.269212707189736,14.981234452573466,14.708466988385954,14.6728948112356,11.51130948193083,0,15.53060556369562,14.823982800048855,15.115169873164044,16.918428502363902,18.92333294601167,14.75912230289637,11.777657431877316,12.80273268731575,14.733306937119298,14.154223010150314,15.75317782925475,16.01918472840535,15.039739369509325,14.386194269115167,15.73291726657904,15.131992797380043,15.151632039884735,14.723867682525919,15.019609096099147,14.670492947612704,15.02038773223275,15.19648953154603,10.631690320346411,15.521117741041792
Icelandic,12.502017637764403,15.087946209997568,14.858290866023175,14.900604729842577,15.147041214232907,13.707943249511011,14.537742448059253,13.680857983661632,14.163245822421498,12.049732086734624,13.059487877324473,13.465302704214455,13.579979338069968,13.385903670582142,13.043124325947264,13.585300271171203,15.56998091634565,15.53060556369562,0,13.884235936027483,14.234143311680752,15.591657507818217,17.483881091691778,14.112025788441246,14.913009453547069,15.001852602418682,12.616931868805624,13.800774285495606,14.886479464115043,15.677459336324027,13.739730206469243,14.132642278515796,14.116456730646812,14.031086105253928,14.461297533236099,13.943011210072866,14.589562487480892,13.813280405429268,12.641506697855624,14.019203656348491,14.577064022729761,14.339240272239856
Irish,13.346467339721205,14.364025896702497,15.278485424428073,14.44631082581013,16.01037037914207,13.494839566255422,13.590649953584549,13.523497508617151,14.395454320329657,12.48360484318586,13.598322404843747,13.375366672915655,12.531033592290228,12.735222164987677,13.576657957642844,13.679053708027453,15.109323629974897,14.823982800048855,13.884235936027483,0,14.514503929811799,16.926347312926975,19.257173008551224,14.13060568920547,14.047516795864759,14.648025586732777,13.916443897004665,12.72905588501729,15.065488471802906,16.10649500429981,12.945933205080788,13.784492291804842,14.823578950755785,14.715238302374333,13.877884916456827,13.823903026719323,14.126425226961631,12.612223966345363,13.711899854380032,14.535912967795284,13.881907704352118,13.464212999519296
Italian,14.555697049381063,15.403233946620388,15.643462954604686,14.47228991742914,14.496522509105722,13.576816122626694,12.718484785959367,13.373939654037809,14.232741212616178,13.514763189302515,14.258432021267387,14.069710446181205,12.390412722231412,12.449769049884132,13.877975704101464,13.65247020396695,15.51832080728798,15.115169873164044,14.234143311680752,14.514503929811799,0,16.08178762029322,17.771623602551365,13.99509386728254,14.799102011665225,14.138487805882063,14.264267684126146,14.29718162636091,15.384794850902132,14.895051641168848,12.391853313329081,12.045797898991628,14.15607776690132,13.907873482749364,15.272043883485448,13.725833822391284,14.135262090942554,12.123410063326842,14.426832579186769,14.055946831483004,14.501114152445501,13.553288850563042
Latvian,15.992500445731809,17.303982450267387,16.60398443324316,16.269567838218926,14.840937569854413,15.756377094457239,16.792831055978176,15.196303275601382,15.35436383595365,15.886217533641778,16.037117523549973,16.354144144560575,15.434011702923593,16.548306088018613,15.92184350257415,15.087705544567852,17.519642466795464,16.918428502363902,15.591657507818217,16.926347312926975,16.08178762029322,0,15.182024010282673,15.501050004981508,16.909766084081365,16.399944837309615,15.910014949187122,16.377456618199794,17.395737374433327,15.52221096566643,15.872030161097495,15.577727689145407,14.628779084938168,14.743142155728007,17.338007664583166,14.662978955933037,15.166418904762267,16.71838880716693,16.62786499864583,15.274080439865878,16.006145681439612,16.58160932316551
Lithuanian,18.592893203704378,19.437248946008637,18.69262521329511,18.56099816377847,17.061475411000234,17.314282426781986,18.498699390949554,16.50846140899944,17.683597375116523,18.46279190297763,18.38540230003958,18.43790592779753,18.010351614015807,18.626537805779172,18.435587374419168,17.439899914251484,19.151719761040223,18.92333294601167,17.483881091691778,19.257173008551224,17.771623602551365,15.182024010282673,0,17.225744349042927,18.918454425993737,18.94392577625753,17.992864243724064,18.437927371619338,18.82932559292579,17.46481374029101,18.367683546283114,17.50653163605511,16.779113686311483,16.48390047136934,18.749750294708956,17.19658782074524,17.322075899491264,18.253768599983918,18.3843140355924,16.837249296338562,18.493076319118504,18.549025880640123
Macedonian,14.079042276568186,15.259948542073877,15.767612717727765,14.161320210229059,11.446550709077952,10.07833625594076,14.163606114200201,10.496616059600692,12.43744919435335,13.828274841106134,13.899519035509783,14.333994342618777,13.565641625710848,13.713508570506892,14.33166088084626,14.108521559956156,14.967585471551416,14.75912230289637,14.112025788441246,14.13060568920547,13.99509386728254,15.501050004981508,17.225744349042927,0,14.474416520918995,14.729039372243093,14.568961658939209,13.652884617235522,15.238442530919132,13.364377545946214,13.61810733151475,13.920380443066973,11.664711740853509,9.599506709612866,14.68494632877886,11.735396798390635,12.393001478388408,13.527585547435523,14.381896829563106,11.464441615221233,13.933792523796576,14.422113250478857
Marathi,14.651549750880749,15.364989035680628,16.347590541498313,12.855927332995542,16.16886586657538,13.930221930590072,14.266085017422617,13.9673055035916,14.97057101478531,13.777370021108855,14.306675130398084,14.207374670051498,13.61721506322159,14.15727078829684,14.457820914344056,14.398062809316048,10.664564900195325,11.777657431877316,14.913009453547069,14.047516795864759,14.799102011665225,16.909766084081365,18.918454425993737,14.474416520918995,0,13.764032611516763,14.430139827722044,13.739230902621454,15.904135836781252,16.06234655611096,14.296174861715826,14.402421616802696,15.289869209201594,14.827131099473263,14.779956994393393,14.318001495060566,14.490104750296869,13.751882606606529,14.612651389932013,14.92694377843895,12.726495095877572,15.050351996839654
Nepali,14.30857613951838,15.372392885201382,15.93046286493082,12.550393475119476,14.496799791629,14.56535325010361,15.274395524489446,14.487455194721427,14.50278774305844,13.633762927163625,14.659067652180553,14.446986275524468,13.70464259261856,14.610082619805025,14.354696139493278,14.160159694823511,13.6744508610426,12.80273268731575,15.001852602418682,14.648025586732777,14.138487805882063,16.399944837309615,18.94392577625753,14.729039372243093,13.764032611516763,0,14.566011791304694,13.921248903685019,15.758586498534685,15.867605869551031,14.418706858947687,14.055273207652144,15.14202586496827,14.721194029476234,14.792079291964122,14.170363941187416,14.613220824555501,14.52853536071049,14.804206121406244,14.921875080454777,12.646808239471408,14.563235264271627
Norwegian,12.512203423365376,15.531469025359028,15.720705339087218,14.856582015218622,14.973312421009174,13.971995751846528,13.756768800278666,13.820752288049759,14.481644169091139,10.761449398491209,12.72597782016942,12.360647807363632,13.168231371772224,13.912550832961934,13.125333167079571,14.045606314754066,15.077208090476727,14.733306937119298,12.616931868805624,13.916443897004665,14.264267684126146,15.910014949187122,17.992864243724064,14.568961658939209,14.430139827722044,14.566011791304694,0,14.351504944282606,15.906361039994584,15.5939751455037,13.762059784488134,13.698066800814585,14.840673045660582,14.424414109221695,15.218287484146103,13.728820503530272,13.80173948852594,13.649893009916353,10.661057854552094,14.625981872577531,14.1015417990541,14.778322851067966
Pashto,13.15332818365223,14.084275753368965,14.772886833176099,14.015846729082286,15.383505139563386,13.506693611636164,14.13121700197688,13.451000333048734,13.964819119341822,13.163824179162532,13.739709366064002,14.195382029306238,12.869922922343656,13.108039580671408,14.018893503292924,13.676877819812077,14.54729624626305,14.154223010150314,13.800774285495606,12.72905588501729,14.29718162636091,16.377456618199794,18.437927371619338,13.652884617235522,13.739230902621454,13.921248903685019,14.351504944282606,0,13.443900569966509,15.651265211610783,13.338194756532017,13.919202255258678,14.419957901733408,14.057612821855757,13.399268792343637,13.902984909618445,13.991600933890046,13.146257539884589,14.150086665553644,14.026005913130945,13.009744520414941,14.0938808059662
Persian,14.829893803766678,15.716440743537301,15.654848315820464,15.569010741828482,16.28637748926579,14.868774527831466,15.635750708330221,14.562047259522666,15.273689822371978,15.076148496970575,15.078971926040879,15.564443828444428,14.776104660542147,14.531335903452819,15.2567075081072,15.212671322637792,16.31189697075331,15.75317782925475,14.886479464115043,15.065488471802906,15.384794850902132,17.395737374433327,18.82932559292579,15.238442530919132,15.904135836781252,15.758586498534685,15.906361039994584,13.443900569966509,0,16.58414425350854,15.130145707370538,15.188610740585888,15.557727854995507,15.147653635459092,15.246820788377256,15.280056695244093,15.53941411639732,14.985753596363416,15.356591984854882,15.020012479031477,14.67431687165809,15.474359294280694
Polish,15.800335017119496,16.903760146224382,16.99227166952786,15.552696777208066,13.071541323867466,13.387361384848221,15.861700769353149,12.528414253499049,12.7682238099547,14.964531006541717,15.589066092919644,15.6420036659029,15.003033716061363,15.800618250207357,15.600048932560773,15.388791018342824,16.48964987057422,16.01918472840535,15.677459336324027,16.10649500429981,14.895051641168848,15.52221096566643,17.46481374029101,13.364377545946214,16.06234655611096,15.867605869551031,15.5939751455037,15.651265211610783,16.58414425350854,0,15.009673215717564,14.74126871007018,12.80444174201348,12.591258869740196,16.656569616823585,11.461514426301829,13.276132097273354,15.474929345276601,15.886842947245809,12.560533307194438,15.464926501628021,15.521167365278822
Portuguese,13.522459452740861,14.608073552937627,15.558493445300986,14.207567319951886,14.96443480677451,13.181831555823294,11.671709709773262,13.317073877329195,13.88477367443505,12.711110591791044,13.349668679502093,13.584345545328253,11.825217284955858,10.019865289089307,13.992433613420083,13.461615241731034,15.34590928477106,15.039739369509325,13.739730206469243,12.945933205080788,12.391853313329081,15.872030161097495,18.367683546283114,13.61810733151475,14.296174861715826,14.418706858947687,13.762059784488134,13.338194756532017,15.130145707370538,15.009673215717564,0,12.77835676773019,13.98827155769125,13.780840599029858,14.585141548254947,13.141432347990184,13.610444115036316,10.190098738148606,13.788081848540394,13.907437113469511,13.903279008705747,13.799111675666442
Romanian,14.104384329947601,15.162429080288357,15.489994723336288,14.33937294997331,14.458506459588474,13.582767158558445,12.932064822821053,13.331105564631704,14.083222062279232,13.087797816623715,14.003257873269062,13.882354098183196,12.668708594812403,12.972039719108539,13.745896490318792,13.375597172240708,15.071661158558879,14.386194269115167,14.132642278515796,13.784492291804842,12.045797898991628,15.577727689145407,17.50653163605511,13.920380443066973,14.402421616802696,14.055273207652144,13.698066800814585,13.919202255258678,15.188610740585888,14.74126871007018,12.77835676773019,0,14.24890400347322,13.980452822296414,14.966393381079257,13.582358349548386,13.865428000702211,12.659569857814553,14.089100013293683,13.975410433221235,13.99164068359268,13.914549760376437
Russian,14.26635281161919,15.413379000134695,15.768336818260035,14.897348772444154,11.889861860463828,12.009635391576406,15.020533102844862,11.567806262891327,12.095598052831257,13.961073690852121,14.497001633466947,14.674271600822436,13.903713888483129,14.401693071003132,14.73681986072611,14.270316823190642,16.10913494733135,15.73291726657904,14.116456730646812,14.823578950755785,14.15607776690132,14.628779084938168,16.779113686311483,11.664711740853509,15.289869209201594,15.14202586496827,14.840673045660582,14.419957901733408,15.557727854995507,12.80444174201348,13.98827155769125,14.24890400347322,0,10.941740518298886,15.225222298019995,11.413549702755612,12.659440904834986,14.261209423361027,14.924200185166592,10.468539998242854,14.816991200512645,14.79246788093043
Serbian,14.050189100858661,15.33917437287542,15.596749746331415,14.370810869736973,8.702763086701344,10.934376343786665,14.524685422655564,8.627565029744098,11.701033210209316,13.880354580790755,14.20742758354461,14.40158516965613,13.660598344469566,13.961532122568727,14.325938545937934,14.250861474358304,15.430450051794153,15.131992797380043,14.031086105253928,14.715238302374333,13.907873482749364,14.743142155728007,16.48390047136934,9.599506709612866,14.827131099473263,14.721194029476234,14.424414109221695,14.057612821855757,15.147653635459092,12.591258869740196,13.780840599029858,13.980452822296414,10.941740518298886,0,14.838161898125472,10.93973951861119,11.071194408955003,13.905934894454766,14.450594198690816,10.799454772246202,14.216810445719329,14.576615180089545
Sinhala,14.283715264739882,14.236793883627222,15.083081674673213,14.597209128617115,15.951037627389342,14.394696450214058,14.90549339054304,14.082834189920861,15.42425920230482,14.816761606112838,15.23338911613268,15.46141054588899,14.137834014338344,13.84220844268578,15.51661442739547,14.401620130059879,15.71794252717112,15.151632039884735,14.461297533236099,13.877884916456827,15.272043883485448,17.338007664583166,18.749750294708956,14.68494632877886,14.779956994393393,14.792079291964122,15.218287484146103,13.399268792343637,15.246820788377256,16.656569616823585,14.585141548254947,14.966393381079257,15.225222298019995,14.838161898125472,0,14.82602926264716,15.229322760898935,13.961250899881462,14.895174790970966,14.769947609406403,14.407267534605092,15.11236188262671
Slovak,13.828529790307948,14.960428209300796,15.585342513157997,14.266603966581018,11.778926856456554,11.594862547302563,13.953556799134251,10.760660827995082,9.829806898496013,12.79284585753905,13.813263929746359,13.927033121770085,13.004597957912198,13.669701055195008,13.81497775273062,13.707390096141328,15.147218667101805,14.723867682525919,13.943011210072866,13.823903026719323,13.725833822391284,14.662978955933037,17.19658782074524,11.735396798390635,14.318001495060566,14.170363941187416,13.728820503530272,13.902984909618445,15.280056695244093,11.461514426301829,13.141432347990184,13.582358349548386,11.413549702755612,10.93973951861119,14.82602926264716,0,11.538333393277638,13.404363622640258,14.012462448837747,11.303423736334254,13.880963431298532,13.826132439893755
Slovenian,14.113446311655185,15.37598557520753,15.984842785843744,14.44659985136783,12.119141525104581,12.073822816449704,14.350889873796246,10.639213911652798,12.42584958388722,13.189104829020176,13.899107996097745,14.244966348321809,13.283684045614569,14.100221180697508,14.06154622604279,14.103848219053774,15.224964422152588,15.019609096099147,14.589562487480892,14.126425226961631,14.135262090942554,15.166418904762267,17.322075899491264,12.393001478388408,14.490104750296869,14.613220824555501,13.80173948852594,13.991600933890046,15.53941411639732,13.276132097273354,13.610444115036316,13.865428000702211,12.659440904834986,11.071194408955003,15.229322760898935,11.538333393277638,0,13.693450791155659,14.379893489761198,12.460385289998221,14.174039875308523,14.61867925957009
Spanish,13.691849055728868,14.555485019691126,15.682009861734144,14.057628149421653,15.273865534329904,12.967146599610832,10.864394671152546,13.074544663233269,13.955261272807505,12.917889394689436,13.473294641506612,13.557515204888386,11.721532053344138,9.050287522527693,13.844095100085273,13.171268653295119,14.688889129728231,14.670492947612704,13.813280405429268,12.612223966345363,12.123410063326842,16.71838880716693,18.253768599983918,13.527585547435523,13.751882606606529,14.52853536071049,13.649893009916353,13.146257539884589,14.985753596363416,15.474929345276601,10.190098738148606,12.659569857814553,14.261209423361027,13.905934894454766,13.961250899881462,13.404363622640258,13.693450791155659,0,13.804862671903281,13.754028487518626,13.83587667395756,13.761465388519419
Swedish,12.861609369393017,15.567146040901452,16.032405121622322,14.71083186262979,15.65205808804082,13.950108095796944,14.037704124709853,13.843729440471883,14.539962457982883,11.71637262980655,12.763281314215286,12.821451335284722,13.865331158412362,13.709833728227826,12.749443296381054,14.431557705490674,15.234111722294019,15.02038773223275,12.641506697855624,13.711899854380032,14.426832579186769,16.62786499864583,18.3843140355924,14.381896829563106,14.612651389932013,14.804206121406244,10.661057854552094,14.150086665553644,15.356591984854882,15.886842947245809,13.788081848540394,14.089100013293683,14.924200185166592,14.450594198690816,14.895174790970966,14.012462448837747,14.379893489761198,13.804862671903281,0,14.623509423789592,14.233453287063828,14.460317909938833
Ukrainian,14.28790056729271,15.199510302963997,15.75131411467306,14.685790995885869,12.005416112273622,11.911065105875393,14.589184374977863,11.18485532561703,11.878703475395133,13.779654934213903,14.325398274909867,14.455745556864713,13.809713400034592,14.040945120017419,14.468486819042045,13.994414571318837,15.582195533784203,15.19648953154603,14.019203656348491,14.535912967795284,14.055946831483004,15.274080439865878,16.837249296338562,11.464441615221233,14.92694377843895,14.921875080454777,14.625981872577531,14.026005913130945,15.020012479031477,12.560533307194438,13.907437113469511,13.975410433221235,10.468539998242854,10.799454772246202,14.769947609406403,11.303423736334254,12.460385289998221,13.754028487518626,14.623509423789592,0,14.530564115397647,14.31730951400065
Urdu,14.406525134553728,15.191974335857703,15.969993228170818,12.327049648262596,15.192680005260858,13.493054347433748,14.342522278311817,13.65371814863038,14.102769808776477,13.4404962766458,14.165825783681084,13.999576171950126,13.329295760161946,14.133448990878836,14.182690583223923,14.000154127921917,12.758254975474571,10.631690320346411,14.577064022729761,13.881907704352118,14.501114152445501,16.006145681439612,18.493076319118504,13.933792523796576,12.726495095877572,12.646808239471408,14.1015417990541,13.009744520414941,14.67431687165809,15.464926501628021,13.903279008705747,13.99164068359268,14.816991200512645,14.216810445719329,14.407267534605092,13.880963431298532,14.174039875308523,13.83587667395756,14.233453287063828,14.530564115397647,0,14.338500254813265
Welsh,14.304164500565737,15.511741231835051,15.52663009978852,14.90416184123032,15.287142300717926,13.607268406748096,14.697833007877556,13.70198361557998,14.229169387831252,13.27975365109462,14.288567623839977,13.877170805064003,13.35186700817074,13.868448172832904,14.105939127336308,13.811665056261326,15.792701586376582,15.521117741041792,14.339240272239856,13.464212999519296,13.553288850563042,16.58160932316551,18.549025880640123,14.422113250478857,15.050351996839654,14.563235264271627,14.778322851067966,14.0938808059662,15.474359294280694,15.521167365278822,13.799111675666442,13.914549760376437,14.79246788093043,14.576615180089545,15.11236188262671,13.826132439893755,14.61867925957009,13.761465388519419,14.460317909938833,14.31730951400065,14.338500254813265,0
