,Afrikaans,Albanian,Armenian,Bengali,Bosnian,Bulgarian,Catalan,Croatian,Czech,Danish,Dutch,English,French,Galician,German,Greek,Gujarati,Hindi,Icelandic,Irish,Italian,Latvian,Lithuanian,Macedonian,Marathi,Nepali,Norwegian,Pashto,Persian,Polish,Portuguese,Romanian,Russian,Serbian,Sinhala,Slovak,Slovenian,Spanish,Swedish,Ukrainian,Urdu,Welsh
Afrikaans,0,58.20292481028243,58.961366549209195,71.92752913374179,64.83096665278816,77.559859822902,83.71337121689797,80.37244843432048,85.65202617303467,79.31250082316187,60.039656731626856,79.83774884707695,78.99916012819448,62.722208599235046,67.8003017510158,92.73705984091369,77.83614953633598,87.30304868162044,55.954801916487995,74.63858698231078,73.57433618030313,74.73974517267513,47.65243818164162,67.11896148617362,75.71185494400484,61.2085041379923,69.13459730636603,67.63283596070444,57.862281043009304,78.82440351021603,74.94899786360175,77.95236369806543,68.01111873564956,68.06326810770634,55.11117050691368,81.85733122809788,87.5713137764072,87.2190285224218,65.51923463483162,67.65156580376508,73.00468721826422,67.07563693454293
Albanian,58.20292481028243,0,58.99685854067415,67.52318546421833,65.88810956074457,78.34703426129732,83.64400267197783,80.99572124797193,87.58853544014205,84.28219191070818,77.63009470696086,92.64827293498963,77.26321804522611,59.2353154554877,76.000637065784,90.61713712311143,76.09452611378099,87.0758817811858,61.6045053997066,68.93267537199306,77.51138299792258,73.87989865032598,48.51117240389254,66.68199606993441,73.01844309537968,58.9872697426685,76.27615990235645,62.746168904136795,56.457287788875206,79.89033265300873,73.35670857684387,79.10627646790704,67.09392505600051,68.43512663568609,47.40884601141647,80.45054151151022,89.53208361971845,86.79930379964115,72.11038986419427,67.52829211718955,70.48451005749513,70.12966067197546
Armenian,58.961366549209195,58.99685854067415,0,63.991332483920125,65.18394913637236,69.89360386113016,71.1634438864997,70.62381327452024,76.74905808037673,73.42961679647634,71.28718858390727,76.09301603360203,68.57099385735458,60.82138257766196,68.28066023339625,75.07710109114097,68.72950474661913,74.27798889976421,59.20537302661115,65.42104684803057,71.095187456357,69.90446851525098,51.544338623363004,63.25402746700068,66.58551063868802,60.7197591525073,66.71104864175825,60.08037882420399,57.901621796498624,74.55961541011912,68.36880921053064,69.77032946612063,64.47377602937678,64.03073094132485,56.9350367333601,71.1135271211774,76.58145740128964,76.30383335550566,64.95436144783497,64.39081202831862,64.84894183370773,65.81253351286625
Bengali,71.92752913374179,67.52318546421833,63.991332483920125,0,72.17440915848383,79.82126103376089,83.35365916075418,84.38753788563831,86.23366805740419,92.6944492042935,79.90627514725509,87.31136230418905,81.34082286702555,73.13502095894982,79.22456936749226,88.00372221740042,67.64471374764109,74.156237151375,70.69898125792182,77.75480484939385,75.55150043536817,80.08933708814683,50.86501018369569,72.47309071134781,68.23918958716428,57.00886306107208,83.53754450080037,74.17104775644997,64.58481299414609,78.30891437308303,74.91546083481784,82.20068651381291,74.75808545356593,74.26326138763402,62.13137310799007,83.75729011257164,93.42609192049866,82.17158686473418,76.95175185694312,72.61330569557673,65.61830636968648,69.1140269682662
Bosnian,64.83096665278816,65.88810956074457,65.18394913637236,72.17440915848383,0,62.754506872301995,79.6932085487884,52.96455501129978,71.84640752520272,79.22100104813379,76.0443355787706,84.96790326110843,74.59631721521708,67.64484409542246,76.01826205083727,83.51215349059322,78.11674366660537,83.19635926961976,67.32188626275436,74.1642602125317,75.85527572843668,70.9138480904021,54.36452511721105,49.74732606045301,75.32692944856981,67.35959555164237,71.2376809226194,68.61406396462733,65.39156573519708,67.54435696128279,75.25354297187094,77.61919350836256,55.045810938687964,40.49475418832906,64.25904209900052,61.424528298764365,65.43987215925654,82.10239248181924,72.68753582803024,56.14289506700919,71.90220829820306,73.82340836302537
Bulgarian,77.559859822902,78.34703426129732,69.89360386113016,79.82126103376089,62.754506872301995,0,84.30094643929391,66.01638920582671,76.53893994964203,93.44165527931251,84.43884220844933,87.02698000220506,85.45252555683788,75.50525331731833,84.88264869495713,89.58894117771527,84.1155293423052,88.72060495101633,75.0887842341891,86.37290974984028,73.34761457859291,83.76521338172793,55.6155752707476,57.63265723953169,83.19169596066746,75.6599729849217,87.02277257558039,80.1644180438099,72.26050855376553,74.17163695774491,82.31758054008066,84.8444597024266,65.77545895219276,62.13518264651291,71.62674927746035,75.15416536383273,77.28608285719837,86.5941322014864,81.492838958311,66.00261048143838,79.55267257164738,68.55509274277148
Catalan,83.71337121689797,83.64400267197783,71.1634438864997,83.35365916075418,79.6932085487884,84.30094643929391,0,88.04392477997389,92.28961945561323,100.89984052057028,87.1716875271153,88.3571980631257,84.40048927204936,73.02988707404174,85.32157192566441,92.41534412819415,83.85997878164142,88.75029240275462,78.2220694977904,89.63121310062006,62.828610451159356,90.92293470903608,56.96900505472999,79.44595669165516,84.84970212884974,77.76367081121403,92.6081667599462,88.4711997290314,73.8216353924274,84.79295341629283,68.8405455965474,82.82343447657591,81.50684225476938,81.65688167878373,75.00590781486935,92.94287663079801,99.05897308290723,69.56518130665141,84.70518866254548,79.3358252843682,83.75773306656087,70.12714768775945
Croatian,80.37244843432048,80.99572124797193,70.62381327452024,84.38753788563831,52.96455501129978,66.01638920582671,88.04392477997389,0,73.28103352961853,93.21572344015854,86.69222611760817,91.76345489828869,88.72127377384363,80.88453888277115,86.93843605024364,93.97456672648978,87.31181534142651,92.30750790274743,77.94053271552305,88.70625523312604,78.01018958903045,88.86691538204,56.19297885686719,60.06448136120594,86.37319403856377,76.74624093527832,88.50768147588435,82.04428664102821,74.38493762087109,74.19131739098681,85.35920761098608,88.07564265028432,67.91025169018597,51.82455776935249,75.14030299864721,69.39796886966508,70.68419735169726,89.3371129470705,84.70782409915968,65.44257317893378,83.47121859634797,72.92155302684519
Czech,85.65202617303467,87.58853544014205,76.74905808037673,86.23366805740419,71.84640752520272,76.53893994964203,92.28961945561323,73.28103352961853,0,93.08095152395911,87.36891949591092,95.35668917439207,93.03448787442454,87.30050778637907,90.35745630050975,97.34481229969631,91.7129796948277,96.44815366759374,83.80667526153175,91.48843215490288,83.53236068601652,90.36307266994103,62.897884858863726,73.3574358716211,90.7382880521345,80.41277716619138,90.98910291629994,86.60576389383549,78.62897716080622,74.30541792812608,87.51298418621928,93.53840241483748,74.09342323145249,71.84659811164134,80.93353229871177,65.690550231298,78.40081328163328,91.72290220382514,88.67146115112989,69.13825029088939,86.64262374855932,77.05032844350576
Danish,79.31250082316187,84.28219191070818,73.42961679647634,92.6944492042935,79.22100104813379,93.44165527931251,100.89984052057028,93.21572344015854,93.08095152395911,0,83.64198933249747,95.53111457820921,96.3267540313727,87.39116508594051,82.91926869999571,104.93625885084043,95.96546047919794,101.2370725089168,70.02834164351911,97.04201412813134,80.32169426265459,90.7837005433285,59.59535763458218,84.58702519095249,98.3065412577023,77.61699272806001,81.82937576964287,91.37514656919564,74.55455292112133,86.57157823121003,91.0109309043616,95.39002578288571,84.783431070196,86.26349690095569,75.21825306318347,96.98628350943373,99.8908048476581,98.9972412357613,77.72441838426758,81.80864952864357,91.63417742509215,73.77033619421894
Dutch,60.039656731626856,77.63009470696086,71.28718858390727,79.90627514725509,76.0443355787706,84.43884220844933,87.1716875271153,86.69222611760817,87.36891949591092,83.64198933249747,0,85.1093017427371,87.40939146516624,80.13697129142528,69.01184727638584,93.40769821957032,84.53391897736356,92.09991695545476,69.32671730204994,83.4042378980342,78.2007634028828,87.51605352407424,56.67339312558613,76.84001603929207,84.46063765475533,74.89635252372223,77.08489143774352,83.46564093753473,71.32434683191634,82.302541514151,78.26256084256796,89.35005751609063,80.52753128439792,78.05528987430958,72.95296361908903,86.66599526595786,91.13778026921362,85.555542836338,77.34802244463766,78.66112942909865,82.37470680234982,73.23153847280324
English,79.83774884707695,92.64827293498963,76.09301603360203,87.31136230418905,84.96790326110843,87.02698000220506,88.3571980631257,91.76345489828869,95.35668917439207,95.53111457820921,85.1093017427371,0,91.50687405052902,87.22067814953768,82.40449216825692,99.07661929706401,88.34557443751312,92.90813409205235,79.69041378109218,92.1850076218035,78.54893681649655,92.69566044667488,61.99874976293235,83.71741444151299,88.68898637193777,82.60405541954111,86.84339956734006,90.33685624423013,78.42963698864257,89.96013117035412,88.77227961512733,90.72435272471486,85.50445230514127,84.57836914271239,81.8867713722396,97.0477330011454,98.98255321166506,94.44734398846674,85.4518523997546,84.49217599130493,86.52539152064058,74.47304812911823
French,78.99916012819448,77.26321804522611,68.57099385735458,81.34082286702555,74.59631721521708,85.45252555683788,84.40048927204936,88.72127377384363,93.03448787442454,96.3267540313727,87.40939146516624,91.50687405052902,0,76.76307316736138,84.97126983449756,95.36576805874012,87.28110377210207,94.53728337111646,74.93199355439133,89.04691909389646,70.74658879002187,84.85264624982342,55.19293389189627,77.37486390632162,86.29617334086856,73.29487810850824,89.31800746891676,81.63445460051751,70.21066891891168,83.62097847293582,80.57819037283734,82.93219549750145,78.4847056562851,80.06642490657211,69.06346368508153,92.81945560895845,94.69195787526954,86.38398863747857,82.74947617359142,76.80029804136241,83.09534433473956,70.15824073195468
Galician,62.722208599235046,59.2353154554877,60.82138257766196,73.13502095894982,67.64484409542246,75.50525331731833,73.02988707404174,80.88453888277115,87.30050778637907,87.39116508594051,80.13697129142528,87.22067814953768,76.76307316736138,0,78.82670641343378,90.94939442372595,78.11283466166434,87.0112095902191,62.13903574397584,75.3978436310335,64.31771114562042,75.29811865829555,50.07735320995596,68.71075907196504,76.88656422862935,64.93630849950665,81.48163007691532,71.56657509272122,60.09165040778028,81.64922307938956,63.028634399859705,74.04787282748894,68.37846270937742,70.47771443793361,54.970659022583206,85.74768201306925,89.75776550093819,70.58447668695855,73.68829698035354,68.12132912610471,74.74203957129886,66.1402570516247
German,67.8003017510158,76.000637065784,68.28066023339625,79.22456936749226,76.01826205083727,84.88264869495713,85.32157192566441,86.93843605024364,90.35745630050975,82.91926869999571,69.01184727638584,82.40449216825692,84.97126983449756,78.82670641343378,0,91.95391702470151,82.80799988711446,89.31995965758928,70.4137896024908,81.5368037875797,76.35373627031257,86.36586527969301,55.45982062243932,77.76364246196067,83.52574773482917,72.76636132356543,79.77450247387533,79.78991408033554,70.35330603291344,82.99541570368287,81.51149211501505,85.45101867841198,80.06151684679021,78.8688355506587,71.41435437464393,87.58352171228275,90.70474329920188,86.84113510057347,74.75213050229976,78.11734053333714,79.30969215422355,71.3007083041946
Greek,92.73705984091369,90.61713712311143,75.07710109114097,88.00372221740042,83.51215349059322,89.58894117771527,92.41534412819415,93.97456672648978,97.34481229969631,104.93625885084043,93.40769821957032,99.07661929706401,95.36576805874012,90.94939442372595,91.95391702470151,0,91.59115520711137,93.61945276496522,87.35696070378336,95.97941915779278,81.81685006258093,90.25433184594837,60.98749948482092,85.48419044624279,92.2576626795409,81.48869916393583,97.83051919808791,92.16075956787022,80.29422430446245,88.57704879320282,89.0644685616312,94.52513562411195,87.84530822430311,86.87050620181455,81.73259765636215,97.34945926590396,100.75567761811352,89.76555894227515,92.59573394944269,84.61187468106866,87.67543088858223,76.20431246872006
Gujarati,77.83614953633598,76.09452611378099,68.72950474661913,67.64471374764109,78.11674366660537,84.1155293423052,83.85997878164142,87.31181534142651,91.7129796948277,95.96546047919794,84.53391897736356,88.34557443751312,87.28110377210207,78.11283466166434,82.80799988711446,91.59115520711137,0,66.521295501943,75.98424890389909,81.82129939918451,78.13030279158396,88.24350533579033,54.38022651820104,76.77458790670113,57.617950140303414,62.834640338901494,88.05631743793073,77.7714332302424,70.97870420814318,83.8226800230465,80.28454617345375,86.78748508908605,80.09840614799892,78.9816401385349,68.17203511784477,89.31722317876527,95.56636260240803,85.24105359639204,80.9024934026262,76.62440455591602,68.6792031516599,71.31646195869027
Hindi,87.30304868162044,87.0758817811858,74.27798889976421,74.156237151375,83.19635926961976,88.72060495101633,88.75029240275462,92.30750790274743,96.44815366759374,101.2370725089168,92.09991695545476,92.90813409205235,94.53728337111646,87.0112095902191,89.31995965758928,93.61945276496522,66.521295501943,0,82.65626241948829,91.70903691845743,81.36522954998989,94.9328668149313,59.41327705670804,82.7261883355718,71.01208635857921,69.5602919066281,94.41883136912884,85.66908225741123,78.47199578118634,87.65898924326684,88.87718281003026,88.38009532313848,85.55824165369685,85.70150308171307,77.54582790775535,94.56883344670946,98.87880348255024,89.20617157443685,85.46576542545967,83.17466198898406,63.073503665473204,76.24504288243241
Icelandic,55.954801916487995,61.6045053997066,59.20537302661115,70.69898125792182,67.32188626275436,75.0887842341891,78.2220694977904,77.94053271552305,83.80667526153175,70.02834164351911,69.32671730204994,79.69041378109218,74.93199355439133,62.13903574397584,70.4137896024908,87.35696070378336,75.98424890389909,82.65626241948829,0,72.48985662575936,73.3407372148281,75.54123068075562,49.48002908807139,67.17241591553575,73.56587140697171,64.25633631312697,63.673871320075484,67.10824249309144,59.06192044710544,79.21906883545223,74.20672317352327,76.60349818088918,68.17323725879348,68.52477178944297,55.62789036732539,80.44335079491577,84.82166952236369,83.34190581234498,60.99783690783758,67.7896164899489,71.12976817093354,67.33779150788162
Irish,74.63858698231078,68.93267537199306,65.42104684803057,77.75480484939385,74.1642602125317,86.37290974984028,89.63121310062006,88.70625523312604,91.48843215490288,97.04201412813134,83.4042378980342,92.1850076218035,89.04691909389646,75.3978436310335,81.5368037875797,95.97941915779278,81.82129939918451,91.70903691845743,72.48985662575936,0,76.6849592361043,84.84584377640985,52.49555091905918,75.62195305455319,80.97179601231417,68.60722483234774,88.91635337879697,78.34487122058177,66.01311308306335,83.70277793376336,77.37618475568546,86.5931333647638,78.46344499455179,77.60926879148154,64.26125740109569,90.34414284245129,97.49834215697761,86.82187060938807,80.15709245466678,76.39759938514767,79.76582717358635,66.62276158698715
Italian,73.57433618030313,77.51138299792258,71.095187456357,75.55150043536817,75.85527572843668,73.34761457859291,62.828610451159356,78.01018958903045,83.53236068601652,80.32169426265459,78.2007634028828,78.54893681649655,70.74658879002187,64.31771114562042,76.35373627031257,81.81685006258093,78.13030279158396,81.36522954998989,73.3407372148281,76.6849592361043,0,83.98714864871583,60.66726158344205,72.76615061928952,76.90439568584928,75.6391919158134,76.90110873503006,76.1551171133251,72.07902731585855,82.30667248703101,67.26215467197889,69.86877979003567,74.07342667262628,74.4193281991747,72.8717498747431,81.12202068868518,82.67312202267742,68.28054117897992,75.67726700052981,74.19446217127489,75.4021346079014,67.6658294022162
Latvian,74.73974517267513,73.87989865032598,69.90446851525098,80.08933708814683,70.9138480904021,83.76521338172793,90.92293470903608,88.86691538204,90.36307266994103,90.7837005433285,87.51605352407424,92.69566044667488,84.85264624982342,75.29811865829555,86.36586527969301,90.25433184594837,88.24350533579033,94.9328668149313,75.54123068075562,84.84584377640985,83.98714864871583,0,53.59607846952131,76.6228162251319,87.0196847028303,76.15125116220297,82.68280282905612,78.38919381540272,72.56632781267241,82.5276932464502,87.46586040793497,85.69483467214017,72.30753699472298,77.28446657819227,72.75607192887098,85.35984642283644,87.28799870739088,96.90495520628855,83.33048653159891,76.24801861099195,81.92452460032543,82.04888972390205
Lithuanian,47.65243818164162,48.51117240389254,51.544338623363004,50.86501018369569,54.36452511721105,55.6155752707476,56.96900505472999,56.19297885686719,62.897884858863726,59.59535763458218,56.67339312558613,61.99874976293235,55.19293389189627,50.07735320995596,55.45982062243932,60.98749948482092,54.38022651820104,59.41327705670804,49.48002908807139,52.49555091905918,60.66726158344205,53.59607846952131,0,50.95974486917028,53.37406553954268,50.359560453515705,53.46566281132033,50.0309700660013,51.21860124378629,62.168697729746384,55.02253655257463,58.027545874605906,52.727844024786044,51.06255561827838,48.348290667050875,56.11439697672863,61.095585944917744,59.97731513224781,52.901616642533234,52.57810262433963,52.281851783592316,58.8540101576439
Macedonian,67.11896148617362,66.68199606993441,63.25402746700068,72.47309071134781,49.74732606045301,57.63265723953169,79.44595669165516,60.06448136120594,73.3574358716211,84.58702519095249,76.84001603929207,83.71741444151299,77.37486390632162,68.71075907196504,77.76364246196067,85.48419044624279,76.77458790670113,82.7261883355718,67.17241591553575,75.62195305455319,72.76615061928952,76.6228162251319,50.95974486917028,0,75.28085816624342,65.71497273218642,76.92754642312354,70.89975151984343,64.91726399442423,70.36233568239814,74.70713810676166,80.07299246397737,57.735040995455094,46.722855949525844,61.713632520328076,66.35795147102091,71.79902635851123,81.73314231165205,73.9787704163804,56.95866291542092,72.42153923876714,68.45145660875387
Marathi,75.71185494400484,73.01844309537968,66.58551063868802,68.23918958716428,75.32692944856981,83.19169596066746,84.84970212884974,86.37319403856377,90.7382880521345,98.3065412577023,84.46063765475533,88.68898637193777,86.29617334086856,76.88656422862935,83.52574773482917,92.2576626795409,57.617950140303414,71.01208635857921,73.56587140697171,80.97179601231417,76.90439568584928,87.0196847028303,53.37406553954268,75.28085816624342,0,62.99292601900042,88.75403943038056,78.19833027602432,68.67112807408652,83.40488103396594,79.76600366442615,86.32238252846292,76.90787064037798,76.79714614517499,64.4082990362461,88.79757387958976,96.70055017761331,84.64658331736125,80.75824403142518,75.63338086790701,69.6317481030857,69.52517367862626
Nepali,61.2085041379923,58.9872697426685,60.7197591525073,57.00886306107208,67.35959555164237,75.6599729849217,77.76367081121403,76.74624093527832,80.41277716619138,77.61699272806001,74.89635252372223,82.60405541954111,73.29487810850824,64.93630849950665,72.76636132356543,81.48869916393583,62.834640338901494,69.5602919066281,64.25633631312697,68.60722483234774,75.6391919158134,76.15125116220297,50.359560453515705,65.71497273218642,62.99292601900042,0,71.85746958898366,61.87004316756936,61.13295330096327,76.91010436869144,72.00714520883778,76.32360749136146,69.41028720267809,67.55099728150729,55.185607744615375,75.20099439610554,81.81343033532208,80.74116767114857,69.14026865616688,67.89712135472386,60.11224174743167,68.87071794797222
Norwegian,69.13459730636603,76.27615990235645,66.71104864175825,83.53754450080037,71.2376809226194,87.02277257558039,92.6081667599462,88.50768147588435,90.98910291629994,81.82937576964287,77.08489143774352,86.84339956734006,89.31800746891676,81.48163007691532,79.77450247387533,97.83051919808791,88.05631743793073,94.41883136912884,63.673871320075484,88.91635337879697,76.90110873503006,82.68280282905612,53.46566281132033,76.92754642312354,88.75403943038056,71.85746958898366,0,85.30978118787624,68.81271410567759,81.82923102202058,82.86666881476059,88.85911556420197,77.79332368344173,77.51922386102895,68.17171713738101,90.70535593432534,95.70239306497498,90.65934014010234,63.118331626035896,76.6128524095682,82.60220050252391,71.55239747169406
Pashto,67.63283596070444,62.746168904136795,60.08037882420399,74.17104775644997,68.61406396462733,80.1644180438099,88.4711997290314,82.04428664102821,86.60576389383549,91.37514656919564,83.46564093753473,90.33685624423013,81.63445460051751,71.56657509272122,79.78991408033554,92.16075956787022,77.7714332302424,85.66908225741123,67.10824249309144,78.34487122058177,76.1551171133251,78.38919381540272,50.0309700660013,70.89975151984343,78.19833027602432,61.87004316756936,85.30978118787624,0,56.2987304764727,80.20233085266459,79.09597641270776,81.18727895216679,70.46189228636351,73.02616432266721,57.19624197624347,84.81155706692475,89.56485716365404,90.24046148146985,76.81231065465632,69.96555638352974,72.38716517085392,68.17148743654343
Persian,57.862281043009304,56.457287788875206,57.901621796498624,64.58481299414609,65.39156573519708,72.26050855376553,73.8216353924274,74.38493762087109,78.62897716080622,74.55455292112133,71.32434683191634,78.42963698864257,70.21066891891168,60.09165040778028,70.35330603291344,80.29422430446245,70.97870420814318,78.47199578118634,59.06192044710544,66.01311308306335,72.07902731585855,72.56632781267241,51.21860124378629,64.91726399442423,68.67112807408652,61.13295330096327,68.81271410567759,56.2987304764727,0,76.11132849234231,69.2383087823456,72.07669053776401,65.04887126085556,65.91743209357281,57.52214584559549,74.142229700866,79.90215931820109,77.1016929702338,67.0793529205534,65.40227600215268,63.92247050804808,65.97067385220548
Polish,78.82440351021603,79.89033265300873,74.55961541011912,78.30891437308303,67.54435696128279,74.17163695774491,84.79295341629283,74.19131739098681,74.30541792812608,86.57157823121003,82.302541514151,89.96013117035412,83.62097847293582,81.64922307938956,82.99541570368287,88.57704879320282,83.8226800230465,87.65898924326684,79.21906883545223,83.70277793376336,82.30667248703101,82.5276932464502,62.168697729746384,70.36233568239814,83.40488103396594,76.91010436869144,81.82923102202058,80.20233085266459,76.11132849234231,0,79.80889705966865,86.01247215055054,69.90634756226348,67.78308900957097,78.22087680773329,64.21959737665232,75.71097455682104,85.80425586164625,81.5723071899998,66.75297858462547,80.4037835942914,78.84984740498973
Portuguese,74.94899786360175,73.35670857684387,68.36880921053064,74.91546083481784,75.25354297187094,82.31758054008066,68.8405455965474,85.35920761098608,87.51298418621928,91.0109309043616,78.26256084256796,88.77227961512733,80.57819037283734,63.028634399859705,81.51149211501505,89.0644685616312,80.28454617345375,88.87718281003026,74.20672317352327,77.37618475568546,67.26215467197889,87.46586040793497,55.02253655257463,74.70713810676166,79.76600366442615,72.00714520883778,82.86666881476059,79.09597641270776,69.2383087823456,79.80889705966865,0,82.39822950775182,78.14986013384411,75.86145304900303,70.6240534922534,84.9582464930908,90.35299954528946,63.46610982383981,80.57560710294602,74.29953654697742,77.68477467501538,70.36774829703337
Romanian,77.95236369806543,79.10627646790704,69.77032946612063,82.20068651381291,77.61919350836256,84.8444597024266,82.82343447657591,88.07564265028432,93.53840241483748,95.39002578288571,89.35005751609063,90.72435272471486,82.93219549750145,74.04787282748894,85.45101867841198,94.52513562411195,86.78748508908605,88.38009532313848,76.60349818088918,86.5931333647638,69.86877979003567,85.69483467214017,58.027545874605906,80.07299246397737,86.32238252846292,76.32360749136146,88.85911556420197,81.18727895216679,72.07669053776401,86.01247215055054,82.39822950775182,0,78.55523942314746,81.09361125289051,71.08288377449519,92.23632069986265,95.19923708853322,87.43532752608667,83.29948479269156,79.4380886173635,81.74082432435826,72.7416417324978
Russian,68.01111873564956,67.09392505600051,64.47377602937678,74.75808545356593,55.045810938687964,65.77545895219276,81.50684225476938,67.91025169018597,74.09342323145249,84.783431070196,80.52753128439792,85.50445230514127,78.4847056562851,68.37846270937742,80.06151684679021,87.84530822430311,80.09840614799892,85.55824165369685,68.17323725879348,78.46344499455179,74.07342667262628,72.30753699472298,52.727844024786044,57.735040995455094,76.90787064037798,69.41028720267809,77.79332368344173,70.46189228636351,65.04887126085556,69.90634756226348,78.14986013384411,78.55523942314746,0,57.67080946963039,62.73513428872725,69.44263270237508,74.58692316621811,85.82621820529398,74.90817041770288,53.46709001099875,75.54803574410928,71.48357138755563
Serbian,68.06326810770634,68.43512663568609,64.03073094132485,74.26326138763402,40.49475418832906,62.13518264651291,81.65688167878373,51.82455776935249,71.84659811164134,86.26349690095569,78.05528987430958,84.57836914271239,80.06642490657211,70.47771443793361,78.8688355506587,86.87050620181455,78.9816401385349,85.70150308171307,68.52477178944297,77.60926879148154,74.4193281991747,77.28446657819227,51.06255561827838,46.722855949525844,76.79714614517499,67.55099728150729,77.51922386102895,73.02616432266721,65.91743209357281,67.78308900957097,75.86145304900303,81.09361125289051,57.67080946963039,0,64.9250896262081,64.31722199359865,67.86112158896285,83.28696244715799,75.63339927356517,57.23883126365262,74.4030230813091,69.27916232757026
Sinhala,55.11117050691368,47.40884601141647,56.9350367333601,62.13137310799007,64.25904209900052,71.62674927746035,75.00590781486935,75.14030299864721,80.93353229871177,75.21825306318347,72.95296361908903,81.8867713722396,69.06346368508153,54.970659022583206,71.41435437464393,81.73259765636215,68.17203511784477,77.54582790775535,55.62789036732539,64.26125740109569,72.8717498747431,72.75607192887098,48.348290667050875,61.713632520328076,64.4082990362461,55.185607744615375,68.17171713738101,57.19624197624347,57.52214584559549,78.22087680773329,70.6240534922534,71.08288377449519,62.73513428872725,64.9250896262081,0,75.63145327973324,82.65387297990554,77.99664176693655,64.52533541947491,64.0270619746588,65.25121682627224,66.60399270119198
Slovak,81.85733122809788,80.45054151151022,71.1135271211774,83.75729011257164,61.424528298764365,75.15416536383273,92.94287663079801,69.39796886966508,65.690550231298,96.98628350943373,86.66599526595786,97.0477330011454,92.81945560895845,85.74768201306925,87.58352171228275,97.34945926590396,89.31722317876527,94.56883344670946,80.44335079491577,90.34414284245129,81.12202068868518,85.35984642283644,56.11439697672863,66.35795147102091,88.79757387958976,75.20099439610554,90.70535593432534,84.81155706692475,74.142229700866,64.21959737665232,84.9582464930908,92.23632069986265,69.44263270237508,64.31722199359865,75.63145327973324,0,76.81892558621865,92.08770075437747,86.85153607506354,64.1455888169605,83.89378307654033,74.94746670173494
Slovenian,87.5713137764072,89.53208361971845,76.58145740128964,93.42609192049866,65.43987215925654,77.28608285719837,99.05897308290723,70.68419735169726,78.40081328163328,99.8908048476581,91.13778026921362,98.98255321166506,94.69195787526954,89.75776550093819,90.70474329920188,100.75567761811352,95.56636260240803,98.87880348255024,84.82166952236369,97.49834215697761,82.67312202267742,87.28799870739088,61.095585944917744,71.79902635851123,96.70055017761331,81.81343033532208,95.70239306497498,89.56485716365404,79.90215931820109,75.71097455682104,90.35299954528946,95.19923708853322,74.58692316621811,67.86112158896285,82.65387297990554,76.81892558621865,0,96.36519948626322,92.23074123494534,73.3615198551352,90.58874670579071,78.42442425335464
Spanish,87.2190285224218,86.79930379964115,76.30383335550566,82.17158686473418,82.10239248181924,86.5941322014864,69.56518130665141,89.3371129470705,91.72290220382514,98.9972412357613,85.555542836338,94.44734398846674,86.38398863747857,70.58447668695855,86.84113510057347,89.76555894227515,85.24105359639204,89.20617157443685,83.34190581234498,86.82187060938807,68.28054117897992,96.90495520628855,59.97731513224781,81.73314231165205,84.64658331736125,80.74116767114857,90.65934014010234,90.24046148146985,77.1016929702338,85.80425586164625,63.46610982383981,87.43532752608667,85.82621820529398,83.28696244715799,77.99664176693655,92.08770075437747,96.36519948626322,0,89.53898533867701,81.26908305064518,84.85047524375896,72.95468901381805
Swedish,65.51923463483162,72.11038986419427,64.95436144783497,76.95175185694312,72.68753582803024,81.492838958311,84.70518866254548,84.70782409915968,88.67146115112989,77.72441838426758,77.34802244463766,85.4518523997546,82.74947617359142,73.68829698035354,74.75213050229976,92.59573394944269,80.9024934026262,85.46576542545967,60.99783690783758,80.15709245466678,75.67726700052981,83.33048653159891,52.901616642533234,73.9787704163804,80.75824403142518,69.14026865616688,63.118331626035896,76.81231065465632,67.0793529205534,81.5723071899998,80.57560710294602,83.29948479269156,74.90817041770288,75.63339927356517,64.52533541947491,86.85153607506354,92.23074123494534,89.53898533867701,0,75.50239483723614,77.25796650614022,70.34071720839891
Ukrainian,67.65156580376508,67.52829211718955,64.39081202831862,72.61330569557673,56.14289506700919,66.00261048143838,79.3358252843682,65.44257317893378,69.13825029088939,81.80864952864357,78.66112942909865,84.49217599130493,76.80029804136241,68.12132912610471,78.11734053333714,84.61187468106866,76.62440455591602,83.17466198898406,67.7896164899489,76.39759938514767,74.19446217127489,76.24801861099195,52.57810262433963,56.95866291542092,75.63338086790701,67.89712135472386,76.6128524095682,69.96555638352974,65.40227600215268,66.75297858462547,74.29953654697742,79.4380886173635,53.46709001099875,57.23883126365262,64.0270619746588,64.1455888169605,73.3615198551352,81.26908305064518,75.50239483723614,0,72.78616316320561,69.03727504764565
Urdu,73.00468721826422,70.48451005749513,64.84894183370773,65.61830636968648,71.90220829820306,79.55267257164738,83.75773306656087,83.47121859634797,86.64262374855932,91.63417742509215,82.37470680234982,86.52539152064058,83.09534433473956,74.74203957129886,79.30969215422355,87.67543088858223,68.6792031516599,63.073503665473204,71.12976817093354,79.76582717358635,75.4021346079014,81.92452460032543,52.281851783592316,72.42153923876714,69.6317481030857,60.11224174743167,82.60220050252391,72.38716517085392,63.92247050804808,80.4037835942914,77.68477467501538,81.74082432435826,75.54803574410928,74.4030230813091,65.25121682627224,83.89378307654033,90.58874670579071,84.85047524375896,77.25796650614022,72.78616316320561,0,68.89340396249226
Welsh,67.07563693454293,70.12966067197546,65.81253351286625,69.1140269682662,73.82340836302537,68.55509274277148,70.12714768775945,72.92155302684519,77.05032844350576,73.77033619421894,73.23153847280324,74.47304812911823,70.15824073195468,66.1402570516247,71.3007083041946,76.20431246872006,71.31646195869027,76.24504288243241,67.33779150788162,66.62276158698715,67.6658294022162,82.04888972390205,58.8540101576439,68.45145660875387,69.52517367862626,68.87071794797222,71.55239747169406,68.17148743654343,65.97067385220548,78.84984740498973,70.36774829703337,72.7416417324978,71.48357138755563,69.27916232757026,66.60399270119198,74.94746670173494,78.42442425335464,72.95468901381805,70.34071720839891,69.03727504764565,68.89340396249226,0
