,Afrikaans,Albanian,Armenian,Bengali,Bosnian,Bulgarian,Catalan,Croatian,Czech,Danish,Dutch,English,French,Galician,German,Greek,Gujarati,Hindi,Icelandic,Irish,Italian,Latvian,Lithuanian,Macedonian,Marathi,Nepali,Norwegian,Pashto,Persian,Polish,Portuguese,Romanian,Russian,Serbian,Sinhala,Slovak,Slovenian,Spanish,Swedish,Ukrainian,Urdu,Welsh
Afrikaans,0,290.8851484525553,339.130750174206,311.45215033711514,324.51366123574485,295.5846288317161,305.2778780669182,299.7734044972096,306.37772270874433,250.47767440828738,231.0209358376304,271.3918008438915,283.95233338807196,276.1609948549174,265.9546324293217,308.56063529376564,318.7211461025279,329.88229816859064,269.04648116332015,276.5978605107122,324.3555956852893,337.87538071994487,390.68037798591104,302.8216583906484,303.94995253780104,298.3514505094344,258.4097276704407,287.3862073061097,319.28700072093955,352.68540230644265,293.07950804973854,307.2360903490697,311.9123059219378,306.3342549580336,290.2026489538379,291.0894475707857,306.6614301135125,294.0693254141153,269.1558673291744,309.61606868679905,306.17035494761404,312.61933358125407
Albanian,290.8851484525553,0,334.13792801296836,306.4895190675256,329.9293831090034,302.0224354962786,305.22959083945364,304.93878672508794,315.1291067638523,283.7768986208421,302.25832579565105,312.4344083907039,280.3196224293304,275.4757279275784,306.2446133789835,305.6527157534261,323.821465894712,326.45999745983374,302.3106261856878,277.14146181802147,320.7017062151734,347.64271840511526,397.50854567552375,307.09628212193843,301.8503880910521,294.1587618979188,302.8945182343926,284.5921957287134,317.0787876140954,358.9603553533665,291.1352180017109,305.9612551979826,312.48094299937145,314.19595258303696,278.8820449729694,297.01258214202477,309.51480356927294,291.7436957209868,307.8425878061774,307.00473502109696,299.82653248981313,316.39405725435466
Armenian,339.130750174206,334.13792801296836,0,359.0465961725286,363.84191854763304,351.848093472824,364.7768554731617,349.17094237695363,361.32364551587455,344.4051900795145,353.18552421182227,361.98914998023037,348.36315180333264,336.6017712872885,350.8146116126033,347.15585363029794,372.3238973499061,378.09344099747915,336.19686420148105,333.38020244286747,366.55027751687,373.8067856359695,416.6700379789282,349.4148478495736,357.20590536280525,352.6531177304445,348.64837217356154,337.0353662779089,347.92294067549636,398.611887408796,350.4636699061688,355.02431125457673,355.3840064468919,351.0769300350498,335.7903236142605,344.4615553882177,360.0888044552186,352.69303611028715,352.16278410499405,351.78902778757754,357.24864913449204,361.4883854922715
Bengali,311.45215033711514,306.4895190675256,359.0465961725286,0,334.13440834683763,300.7570274544576,311.65499853072004,307.347451245802,317.07157867983403,297.93486814246137,309.5901086463903,313.46523188693624,299.92173091654354,296.60901900944157,311.61549146883095,316.9495000699937,269.5630924721413,272.75802123137004,317.64192838439027,301.0381598307818,321.2184442084665,355.21328114845846,395.5986664862208,304.0665694996735,268.851496581507,264.6235567115664,313.4618779270651,295.6167169021185,328.71067806048524,350.65003085375093,307.763214424752,315.5723784309974,324.1428579255234,311.3934457004838,295.62837086544266,305.54505284343315,314.3205875004106,299.61034977581363,312.5284372514464,317.07784118017486,269.3397995426547,328.3333696057137
Bosnian,324.51366123574485,329.9293831090034,363.84191854763304,334.13440834683763,0,273.6157360856547,341.3500961157223,221.6280822741154,285.85076981356707,324.9054395423927,332.6320316341144,343.8404862122236,328.41077210430745,322.99674439559857,336.85624437707594,342.76536401497236,346.248990327052,353.76481781215443,330.5228252000282,335.79934078437583,335.9324767450185,342.71404541912034,375.8817098501743,247.7847805835865,337.7398544520686,331.1727958039896,330.9374947243245,330.7048813150579,340.933437395437,306.7721736044068,332.97563254513426,329.6373232119767,268.82769783957815,198.1207986076997,322.3651255428826,264.7447119941958,279.7555075517703,327.23941426592063,334.13690131113447,264.47540790285893,336.7939019047924,347.62746373970464
Bulgarian,295.5846288317161,302.0224354962786,351.848093472824,300.7570274544576,273.6157360856547,0,301.16124039306703,243.81942943921808,273.67004017976024,284.5365744700782,298.9500932649542,307.3616910694092,295.7236881736362,282.9902481785027,305.27599634488064,310.7988491427852,307.28654962836447,312.36710015362013,307.379135983743,290.79439879334797,315.0032430978508,345.68724605202044,377.2005856198416,234.92176846508383,296.15393685238075,301.1896371370629,304.9046238563048,296.7679342582421,320.47072702963004,313.772677070209,300.6637608529438,304.27666904940776,278.1274005730399,251.99296926986483,295.35950434892226,258.8926998277038,274.78365925887607,288.0661238154801,301.76796554077333,271.58614318010393,296.4837305510495,310.36387556293545
Catalan,305.2778780669182,305.22959083945364,364.7768554731617,311.65499853072004,341.3500961157223,301.16124039306703,0,307.9855985450709,323.0538552193248,284.8943802197988,304.5144256060901,305.2937572742956,266.85163191386926,239.6694933700969,312.70317568667997,313.7639731887053,327.658404025838,333.95659678158955,313.6904192607804,291.32038169108586,288.72906208325605,356.29484297499226,394.82027138338503,309.41850384144266,308.21872081295754,313.4503836764613,298.6307990292644,302.71387316755846,331.01121268018295,359.84794072966923,261.78849660617203,291.3248135294851,327.7160778453013,315.8251292261597,305.0299753499225,303.35901541143,316.3603508847436,243.47358933761987,302.6204388554188,319.2431583612916,311.53883686487933,325.55063825763364
Croatian,299.7734044972096,304.93878672508794,349.17094237695363,307.347451245802,221.6280822741154,243.81942943921808,307.9855985450709,0,261.18571515299806,290.5932989822844,302.56338168338687,311.9339007889102,298.4107785610324,290.2075365516104,306.56090484594563,312.71882318048347,316.4828095036604,320.74046924125344,308.86005782997563,297.89700725918027,312.60740406378346,336.4871272456603,366.26642514200796,243.33529529621165,304.7860345248418,308.46729836769856,307.0630594811445,300.6035710365202,318.03918227039696,294.85553279385164,305.5506089160671,303.34253541132733,270.25278258215656,206.3102055167891,297.87052949367404,245.18520567811973,253.32057809368692,297.88922522907023,304.35855625613624,259.1400222475927,306.05007766144064,316.69545624234433
Czech,306.37772270874433,315.1291067638523,361.32364551587455,317.07157867983403,285.85076981356707,273.67004017976024,323.0538552193248,261.18571515299806,0,294.07488894849257,311.2574043585677,315.7820348263533,305.80018757763514,299.76541509977915,315.87949982432855,325.8627796507369,322.2765945264679,329.238977833845,317.0781061306167,309.35598591547546,328.8899574237743,338.2260567598507,379.65270863492026,277.12729676607955,312.796392813338,312.6851893438334,314.6333242733554,307.58138521144195,330.7572680557931,293.7057882522903,314.36981192865767,313.3459223279157,282.53883209143254,263.2402382975377,311.27347912514165,222.7975463576543,283.1210095264904,304.97609360430835,316.9880908081728,267.8672456885901,310.41268870651453,323.6533998419894
Danish,250.47767440828738,283.7768986208421,344.4051900795145,297.93486814246137,324.9054395423927,284.5365744700782,284.8943802197988,290.5932989822844,294.07488894849257,0,265.2307902464679,256.83924662513806,268.7510640843249,261.03250521724675,254.5311442793783,299.51202752027865,301.16975682173353,309.6212932667891,255.30133635162696,251.8990512163597,311.05488577023044,351.6161155542935,396.6465703180325,300.3074182750413,284.499689864211,288.6871848151953,234.7193900415781,274.0056661689475,308.63223024696754,346.147013671886,281.28566055216544,291.2839071811957,310.7999716981782,304.2097350182364,278.0270184897764,281.23480852415844,296.8887345166827,273.5032145672796,247.06068917980252,301.22753644276054,288.6113440214783,293.1378171132081
Dutch,231.0209358376304,302.25832579565105,353.18552421182227,309.5901086463903,332.6320316341144,298.9500932649542,304.5144256060901,302.56338168338687,311.2574043585677,265.2307902464679,0,265.74849110920974,295.68837014186465,284.9644110215029,253.07614726627838,308.1306519253054,311.2818334575853,319.53628166117,285.56589826941405,287.5364310780411,323.56925157028326,346.36234422093395,386.70857439407314,305.89532127305284,299.17817632843077,303.663288193354,275.9835938000534,295.77894436421593,321.87804879962835,351.96900645759365,299.5866444029759,310.3882675312768,320.9523878326991,313.7064260566484,300.3012991035134,302.44297955298214,309.1853140301863,294.0701071315834,273.39171485090833,313.91230617008495,304.47257448370414,317.8907232787756
English,271.3918008438915,312.4344083907039,361.98914998023037,313.46523188693624,343.8404862122236,307.3616910694092,305.2937572742956,311.9339007889102,315.7820348263533,256.83924662513806,265.74849110920974,0,296.0450498073395,290.29378048252215,282.2252238643127,325.9455395650531,314.4905766175015,331.69897940484515,294.2713039096439,284.5817989600022,326.15109870530284,363.5507825201324,402.0235576616991,319.3859484449554,307.11122857202525,310.91560599715825,275.7816636979668,308.1645779275284,333.24877498988366,363.73973522323456,303.83139427335203,313.33366085697565,330.7708561791723,320.73333827365457,313.73512582458926,308.12085808750436,322.5935758506328,297.78190685047247,278.72130157137855,322.10936515585985,311.68321740191664,317.23539006823677
French,283.95233338807196,280.3196224293304,348.36315180333264,299.92173091654354,328.41077210430745,295.7236881736362,266.85163191386926,298.4107785610324,305.80018757763514,268.7510640843249,295.68837014186465,296.0450498073395,0,249.575643188551,300.8904776034483,299.25790836566057,314.50131201806477,317.1734319183663,299.6027318027697,266.21069074788625,291.9567035554417,343.42019509599726,392.84079024254294,299.9456361778093,291.6828787373321,292.6528397450472,289.11634581805214,278.9239818886677,316.36398470648106,351.0036678369212,267.57186713280885,291.28062038487917,313.31936762019507,305.06918783435384,285.41361038985525,291.1222464099918,304.3453206096026,260.97739148556934,298.55605307368126,307.95935267819556,292.34878852845856,303.7067690959372
Galician,276.1609948549174,275.4757279275784,336.6017712872885,296.60901900944157,322.99674439559857,282.9902481785027,239.6694933700969,290.2075365516104,299.76541509977915,261.03250521724675,284.9644110215029,290.29378048252215,249.575643188551,0,293.5544203762075,294.0422108863896,312.67068635052595,318.6586005970412,285.17148453113714,263.2163742524322,274.0380003946906,341.484374254694,387.4543179864294,293.1320023344078,291.17310423917263,288.6416990375669,285.15089748825625,279.75854276643804,307.28290642628014,346.6440679031106,222.8854507888055,277.88185259003274,309.1009299227797,300.4482918445342,279.92257948496604,283.12690892273844,302.36887537365914,205.26668340004804,284.6944050532645,301.91949332363663,294.96263277471814,294.93441288049524
German,265.9546324293217,306.2446133789835,350.8146116126033,311.61549146883095,336.85624437707594,305.27599634488064,312.70317568667997,306.56090484594563,315.87949982432855,254.5311442793783,253.07614726627838,282.2252238643127,300.8904776034483,293.5544203762075,0,304.67205476614646,317.84504533273866,324.80741413344566,284.27058819192393,284.0677181140868,319.74281784153993,352.6178424123603,393.43356688348103,316.16437797745436,307.5173867859828,309.1864023149504,285.76799408188805,302.62031951925997,322.27224220235513,360.75354336881344,315.6573525766975,308.4480719290355,331.45248841834217,319.1760660621595,310.4394399194198,306.1108076006351,317.976928987561,302.7390085900306,275.488048386751,320.28723182702856,312.80896451193706,322.1093876179813
Greek,308.56063529376564,305.6527157534261,347.15585363029794,316.9495000699937,342.76536401497236,310.7988491427852,313.7639731887053,312.71882318048347,325.8627796507369,299.51202752027865,308.1306519253054,325.9455395650531,299.25790836566057,294.0422108863896,304.67205476614646,0,327.85022178114184,335.90944509174847,303.04190124030384,299.62107225305033,326.34959743239307,343.02573938143627,380.61957484466865,319.76161978937387,316.07003531925,314.554871373694,316.88306794914484,306.2169406795242,331.4064563205497,366.25691031298317,309.267509106682,311.79822291709047,327.8278046244862,324.62979026230107,310.2430125403646,315.47768069111567,326.19274869447736,302.4178777707429,319.47788270443317,319.4400711435057,317.6131650900311,325.35113554448617
Gujarati,318.7211461025279,323.821465894712,372.3238973499061,269.5630924721413,346.248990327052,307.28654962836447,327.658404025838,316.4828095036604,322.2765945264679,301.16975682173353,311.2818334575853,314.4905766175015,314.50131201806477,312.67068635052595,317.84504533273866,327.85022178114184,0,253.6137828889205,326.3143566892562,309.8877040813484,339.58913399506275,368.3979660613455,404.89191402106735,316.2995550534104,232.32571849764864,276.83466863775357,321.63393163083555,305.93493288746663,338.57001301424805,361.59118842841934,326.70467007140206,326.71088091764676,341.8208260580995,326.51671416001636,313.8013214267749,318.90824328354864,328.6547691263434,310.98450384194126,321.5944436355681,330.273193444137,272.3321787125628,337.45700456729304
Hindi,329.88229816859064,326.45999745983374,378.09344099747915,272.75802123137004,353.76481781215443,312.36710015362013,333.95659678158955,320.74046924125344,329.238977833845,309.6212932667891,319.53628166117,331.69897940484515,317.1734319183663,318.6586005970412,324.80741413344566,335.90944509174847,253.6137828889205,0,340.82488261629345,316.2518389996925,343.2399782744383,375.33078673785263,411.9866783295969,321.7756197653173,260.44219846463113,278.6272715964537,329.9327634405356,307.4150808768154,336.9543884939384,363.957661062209,330.5968245147079,327.3278818504007,347.04319328951004,332.4505580187534,316.85080137307466,325.3996638103478,334.9678394214903,319.78205787328335,329.6631197182512,332.3138104855471,242.79531039359878,345.6760205654664
Icelandic,269.04648116332015,302.3106261856878,336.19686420148105,317.64192838439027,330.5228252000282,307.379135983743,313.6904192607804,308.86005782997563,317.0781061306167,255.30133635162696,285.56589826941405,294.2713039096439,299.6027318027697,285.17148453113714,284.27058819192393,303.04190124030384,326.3143566892562,340.82488261629345,0,291.45687526937866,322.70712586510723,337.5861284623337,367.469193791676,311.07256269145415,311.4221656292092,312.12400016452943,270.4798183707687,306.59932375266663,323.7406340133449,358.37410779515477,302.8088079458134,309.9762791752669,313.2512426727444,309.24595253997904,298.5050131880507,301.01343095765566,323.0784272276522,302.62236406503456,274.0073034478765,310.9077812896749,315.26016462225675,321.69939205550736
Irish,276.5978605107122,277.14146181802147,333.38020244286747,301.0381598307818,335.79934078437583,290.79439879334797,291.32038169108586,297.89700725918027,309.35598591547546,251.8990512163597,287.5364310780411,284.5817989600022,266.21069074788625,263.2163742524322,284.0677181140868,299.62107225305033,309.8877040813484,316.2518389996925,291.45687526937866,0,320.2100652264749,356.5870136225153,404.0594909522505,303.1472950232888,287.74159081480144,287.8892412566612,289.6361451619515,268.8988344940568,314.21353039940817,357.1340784910872,280.67732139746676,298.9006022524116,321.1557586131588,317.24029452225153,278.52229715294584,291.57076301622845,305.3494576659395,272.9186320544734,287.4152458868859,311.2917259465773,293.49498579543985,289.640657753533
Italian,324.3555956852893,320.7017062151734,366.55027751687,321.2184442084665,335.9324767450185,315.0032430978508,288.72906208325605,312.60740406378346,328.8899574237743,311.05488577023044,323.56925157028326,326.15109870530284,291.9567035554417,274.0380003946906,319.74281784153993,326.34959743239307,339.58913399506275,343.2399782744383,322.70712586510723,320.2100652264749,0,365.1415785935802,392.18928228693693,319.9044538699744,322.68123439250655,318.85441880947644,324.2495998798692,320.10578014497577,334.0509161621219,353.1404150266696,290.60650197002,287.0403617935424,329.7705023556739,319.20543662650005,320.6390988961679,315.22226668072904,330.55517558122733,280.0170759385997,319.97478694006685,323.04387330950993,330.3182882533658,320.67398715912304
Latvian,337.87538071994487,347.64271840511526,373.8067856359695,355.21328114845846,342.71404541912034,345.68724605202044,356.29484297499226,336.4871272456603,338.2260567598507,351.6161155542935,346.36234422093395,363.5507825201324,343.42019509599726,341.484374254694,352.6178424123603,343.02573938143627,368.3979660613455,375.33078673785263,337.5861284623337,356.5870136225153,365.1415785935802,0,333.83108950646726,333.3675589359932,350.6305341699831,360.7880193994767,347.42505150218494,351.64418873459647,367.44975697657156,363.7823412075686,345.6483058585086,347.04949629110274,322.7860482214102,322.88573303995594,347.4079417155394,327.79393965019955,337.70974805067885,355.3706225763018,353.7682118864167,333.4665621183593,352.49985828993493,379.627280499749
Lithuanian,390.68037798591104,397.50854567552375,416.6700379789282,395.5986664862208,375.8817098501743,377.2005856198416,394.82027138338503,366.26642514200796,379.65270863492026,396.6465703180325,386.70857439407314,402.0235576616991,392.84079024254294,387.4543179864294,393.43356688348103,380.61957484466865,404.89191402106735,411.9866783295969,367.469193791676,404.0594909522505,392.18928228693693,333.83108950646726,0,369.05249712084765,396.2496270803321,401.5591561607416,390.15398393719113,395.0805423789193,397.83682272939916,395.0544438132222,391.07456687105645,380.42170040929403,360.92956324363104,357.44278640446134,385.084360779979,367.9250301417648,380.70501513440223,391.1153882292233,392.6768019233747,364.5304931745557,400.0030456937765,413.711374601818
Macedonian,302.8216583906484,307.09628212193843,349.4148478495736,304.0665694996735,247.7847805835865,234.92176846508383,309.41850384144266,243.33529529621165,277.12729676607955,300.3074182750413,305.89532127305284,319.3859484449554,299.9456361778093,293.1320023344078,316.16437797745436,319.76161978937387,316.2995550534104,321.7756197653173,311.07256269145415,303.1472950232888,319.9044538699744,333.3675589359932,369.05249712084765,0,305.96373365113755,304.55587501625416,312.77424497474954,297.58127941018705,325.0318148856059,307.7160647971796,305.6286539070522,307.67623218655604,267.12398794707667,221.86554145954375,297.1954948931776,259.5706371847707,278.04508395060986,297.12060432070245,312.04678501770655,260.2393848943242,303.9103250976572,324.5526916955493
Marathi,303.94995253780104,301.8503880910521,357.20590536280525,268.851496581507,337.7398544520686,296.15393685238075,308.21872081295754,304.7860345248418,312.796392813338,284.499689864211,299.17817632843077,307.11122857202525,291.6828787373321,291.17310423917263,307.5173867859828,316.07003531925,232.32571849764864,260.44219846463113,311.4221656292092,287.74159081480144,322.68123439250655,350.6305341699831,396.2496270803321,305.96373365113755,0,273.2754171133513,307.5017138020021,288.44193844295717,327.4587448137339,351.4280571164407,300.9289297374594,310.1753546005053,322.85235982122634,313.9822400250743,292.3468043046136,301.04119732045586,312.31045051787476,292.6964802567702,305.6133589341704,316.38641089786483,269.24909794955516,320.05261602526696
Nepali,298.3514505094344,294.1587618979188,352.6531177304445,264.6235567115664,331.1727958039896,301.1896371370629,313.4503836764613,308.46729836769856,312.6851893438334,288.6871848151953,303.663288193354,310.91560599715825,292.6528397450472,288.6416990375669,309.1864023149504,314.554871373694,276.83466863775357,278.6272715964537,312.12400016452943,287.8892412566612,318.85441880947644,360.7880193994767,401.5591561607416,304.55587501625416,273.2754171133513,0,307.5007450917641,284.81601046754145,320.66427865731384,358.0251114401181,304.21069607020695,310.7285216322142,326.77480718749075,315.746888205666,285.21932948490615,304.67964293524585,316.5471683529161,293.8855067563874,307.73572532090026,314.09648848874855,269.6119271645403,317.22812336599713
Norwegian,258.4097276704407,302.8945182343926,348.64837217356154,313.4618779270651,330.9374947243245,304.9046238563048,298.6307990292644,307.0630594811445,314.6333242733554,234.7193900415781,275.9835938000534,275.7816636979668,289.11634581805214,285.15089748825625,285.76799408188805,316.88306794914484,321.63393163083555,329.9327634405356,270.4798183707687,289.6361451619515,324.2495998798692,347.42505150218494,390.15398393719113,312.77424497474954,307.5017138020021,307.5007450917641,0,301.76204161866644,325.42939696133385,355.9546810524194,300.89941178184574,308.0927658275239,321.3661707922924,311.8027364497564,300.94311676039814,297.7981961392005,309.5544296334977,296.0122458652712,233.29076440545808,313.91428709009557,305.70624834452127,324.46677267314305
Pashto,287.3862073061097,284.5921957287134,337.0353662779089,295.6167169021185,330.7048813150579,296.7679342582421,302.71387316755846,300.6035710365202,307.58138521144195,274.0056661689475,295.77894436421593,308.1645779275284,278.9239818886677,279.75854276643804,302.62031951925997,306.2169406795242,305.93493288746663,307.4150808768154,306.59932375266663,268.8988344940568,320.10578014497577,351.64418873459647,395.0805423789193,297.58127941018705,288.44193844295717,284.81601046754145,301.76204161866644,0,291.9574610618315,351.21727846546304,292.26576107016757,304.03216360589073,317.26729533398196,308.95729295529713,277.0933498827937,297.23441344662444,305.9960796499308,286.1824666644107,301.84687765561574,306.8400693531424,276.9789451156699,312.66227348470306
Persian,319.28700072093955,317.0787876140954,347.92294067549636,328.71067806048524,340.933437395437,320.47072702963004,331.01121268018295,318.03918227039696,330.7572680557931,308.63223024696754,321.87804879962835,333.24877498988366,316.36398470648106,307.28290642628014,322.27224220235513,331.4064563205497,338.57001301424805,336.9543884939384,323.7406340133449,314.21353039940817,334.0509161621219,367.44975697657156,397.83682272939916,325.0318148856059,327.4587448137339,320.66427865731384,325.42939696133385,291.9574610618315,0,362.6783278775043,327.5189466918687,323.9552052571997,336.2767484366523,326.8215314468564,312.92797843783427,320.51466504177205,328.7016544143925,318.8821287987354,322.74462084646433,322.4095722310907,313.48360796217787,339.2770268866364
Polish,352.68540230644265,358.9603553533665,398.611887408796,350.65003085375093,306.7721736044068,313.772677070209,359.84794072966923,294.85553279385164,293.7057882522903,346.147013671886,351.96900645759365,363.73973522323456,351.0036678369212,346.6440679031106,360.75354336881344,366.25691031298317,361.59118842841934,363.957661062209,358.37410779515477,357.1340784910872,353.1404150266696,363.7823412075686,395.0544438132222,307.7160647971796,351.4280571164407,358.0251114401181,355.9546810524194,351.21727846546304,362.6783278775043,0,348.0627079014614,343.32343567192305,304.98153376880714,293.0406931075138,353.16337369199243,270.2504230731841,312.2842387188631,349.7575487759367,354.9650825725329,289.35474594903576,353.4268699282691,365.43346892959164
Portuguese,293.07950804973854,291.1352180017109,350.4636699061688,307.763214424752,332.97563254513426,300.6637608529438,261.78849660617203,305.5506089160671,314.36981192865767,281.28566055216544,299.5866444029759,303.83139427335203,267.57186713280885,222.8854507888055,315.6573525766975,309.267509106682,326.70467007140206,330.5968245147079,302.8088079458134,280.67732139746676,290.60650197002,345.6483058585086,391.07456687105645,305.6286539070522,300.9289297374594,304.21069607020695,300.89941178184574,292.26576107016757,327.5189466918687,348.0627079014614,0,290.2980335542774,316.3625631732147,309.5689842103435,295.9889477470425,294.7048475657288,312.79291258626847,238.70107019226148,301.6920599586382,311.91253782919625,305.6149635774866,314.5060442598808
Romanian,307.2360903490697,305.9612551979826,355.02431125457673,315.5723784309974,329.6373232119767,304.27666904940776,291.3248135294851,303.34253541132733,313.3459223279157,291.2839071811957,310.3882675312768,313.33366085697565,291.28062038487917,277.88185259003274,308.4480719290355,311.79822291709047,326.71088091764676,327.3278818504007,309.9762791752669,298.9006022524116,287.0403617935424,347.04949629110274,380.42170040929403,307.67623218655604,310.1753546005053,310.7285216322142,308.0927658275239,304.03216360589073,323.9552052571997,343.32343567192305,290.2980335542774,0,320.35866747949524,311.462716146345,310.811268028406,305.00804063722154,316.4664607623758,284.66741138831907,309.3035116515004,310.6671378416853,315.83823585728163,318.42604820612496
Russian,311.9123059219378,312.48094299937145,355.3840064468919,324.1428579255234,268.82769783957815,278.1274005730399,327.7160778453013,270.25278258215656,282.53883209143254,310.7999716981782,320.9523878326991,330.7708561791723,313.31936762019507,309.1009299227797,331.45248841834217,327.8278046244862,341.8208260580995,347.04319328951004,313.2512426727444,321.1557586131588,329.7705023556739,322.7860482214102,360.92956324363104,267.12398794707667,322.85235982122634,326.77480718749075,321.3661707922924,317.26729533398196,336.2767484366523,304.98153376880714,316.3625631732147,320.35866747949524,0,252.30921397545626,309.74897136145887,260.87738664307784,289.1465626595672,317.35935388770304,324.63382629651574,243.01377984928413,326.0301055041104,341.238981160405
Serbian,306.3342549580336,314.19595258303696,351.0769300350498,311.3934457004838,198.1207986076997,251.99296926986483,315.8251292261597,206.3102055167891,263.2402382975377,304.2097350182364,313.7064260566484,320.73333827365457,305.06918783435384,300.4482918445342,319.1760660621595,324.62979026230107,326.51671416001636,332.4505580187534,309.24595253997904,317.24029452225153,319.20543662650005,322.88573303995594,357.44278640446134,221.86554145954375,313.9822400250743,315.746888205666,311.8027364497564,308.95729295529713,326.8215314468564,293.0406931075138,309.5689842103435,311.462716146345,252.30921397545626,0,304.99007301190653,244.61344078738105,257.9381764359487,307.7835144273898,313.187404137109,246.4873619738929,313.4854248295828,332.3028017932269
Sinhala,290.2026489538379,278.8820449729694,335.7903236142605,295.62837086544266,322.3651255428826,295.35950434892226,305.0299753499225,297.87052949367404,311.27347912514165,278.0270184897764,300.3012991035134,313.73512582458926,285.41361038985525,279.92257948496604,310.4394399194198,310.2430125403646,313.8013214267749,316.85080137307466,298.5050131880507,278.52229715294584,320.6390988961679,347.4079417155394,385.084360779979,297.1954948931776,292.3468043046136,285.21932948490615,300.94311676039814,277.0933498827937,312.92797843783427,353.16337369199243,295.9889477470425,310.811268028406,309.74897136145887,304.99007301190653,0,293.7035485862217,309.8572918778433,290.3874241557273,301.4757098351786,302.0746380825948,290.3861980438905,313.671723346977
Slovak,291.0894475707857,297.01258214202477,344.4615553882177,305.54505284343315,264.7447119941958,258.8926998277038,303.35901541143,245.18520567811973,222.7975463576543,281.23480852415844,302.44297955298214,308.12085808750436,291.1222464099918,283.12690892273844,306.1108076006351,315.47768069111567,318.90824328354864,325.3996638103478,301.01343095765566,291.57076301622845,315.22226668072904,327.79393965019955,367.9250301417648,259.5706371847707,301.04119732045586,304.67964293524585,297.7981961392005,297.23441344662444,320.51466504177205,270.2504230731841,294.7048475657288,305.00804063722154,260.87738664307784,244.61344078738105,293.7035485862217,0,266.25152653444025,292.32358548665565,298.8568889809778,252.19503773310245,305.82266852475186,313.04239754928113
Slovenian,306.6614301135125,309.51480356927294,360.0888044552186,314.3205875004106,279.7555075517703,274.78365925887607,316.3603508847436,253.32057809368692,283.1210095264904,296.8887345166827,309.1853140301863,322.5935758506328,304.3453206096026,302.36887537365914,317.976928987561,326.19274869447736,328.6547691263434,334.9678394214903,323.0784272276522,305.3494576659395,330.55517558122733,337.70974805067885,380.70501513440223,278.04508395060986,312.31045051787476,316.5471683529161,309.5544296334977,305.9960796499308,328.7016544143925,312.2842387188631,312.79291258626847,316.4664607623758,289.1465626595672,257.9381764359487,309.8572918778433,266.25152653444025,0,307.1194897283862,314.80001513569647,281.43806771505376,314.94236277779294,333.82768948844915
Spanish,294.0693254141153,291.7436957209868,352.69303611028715,299.61034977581363,327.23941426592063,288.0661238154801,243.47358933761987,297.88922522907023,304.97609360430835,273.5032145672796,294.0701071315834,297.78190685047247,260.97739148556934,205.26668340004804,302.7390085900306,302.4178777707429,310.98450384194126,319.78205787328335,302.62236406503456,272.9186320544734,280.0170759385997,355.3706225763018,391.1153882292233,297.12060432070245,292.6964802567702,293.8855067563874,296.0122458652712,286.1824666644107,318.8821287987354,349.7575487759367,238.70107019226148,284.66741138831907,317.35935388770304,307.7835144273898,290.3874241557273,292.32358548665565,307.1194897283862,0,296.52681693781,304.7114092879332,298.18072063457,303.7743561262492
Swedish,269.1558673291744,307.8425878061774,352.16278410499405,312.5284372514464,334.13690131113447,301.76796554077333,302.6204388554188,304.35855625613624,316.9880908081728,247.06068917980252,273.39171485090833,278.72130157137855,298.55605307368126,284.6944050532645,275.488048386751,319.47788270443317,321.5944436355681,329.6631197182512,274.0073034478765,287.4152458868859,319.97478694006685,353.7682118864167,392.6768019233747,312.04678501770655,305.6133589341704,307.73572532090026,233.29076440545808,301.84687765561574,322.74462084646433,354.9650825725329,301.6920599586382,309.3035116515004,324.63382629651574,313.187404137109,301.4757098351786,298.8568889809778,314.80001513569647,296.52681693781,0,314.33530396466665,308.78974096072693,315.5783321695329
Ukrainian,309.61606868679905,307.00473502109696,351.78902778757754,317.07784118017486,264.47540790285893,271.58614318010393,319.2431583612916,259.1400222475927,267.8672456885901,301.22753644276054,313.91230617008495,322.10936515585985,307.95935267819556,301.91949332363663,320.28723182702856,319.4400711435057,330.273193444137,332.3138104855471,310.9077812896749,311.2917259465773,323.04387330950993,333.4665621183593,364.5304931745557,260.2393848943242,316.38641089786483,314.09648848874855,313.91428709009557,306.8400693531424,322.4095722310907,289.35474594903576,311.91253782919625,310.6671378416853,243.01377984928413,246.4873619738929,302.0746380825948,252.19503773310245,281.43806771505376,304.7114092879332,314.33530396466665,0,317.8378942350113,325.24782349230566
Urdu,306.17035494761404,299.82653248981313,357.24864913449204,269.3397995426547,336.7939019047924,296.4837305510495,311.53883686487933,306.05007766144064,310.41268870651453,288.6113440214783,304.47257448370414,311.68321740191664,292.34878852845856,294.96263277471814,312.80896451193706,317.6131650900311,272.3321787125628,242.79531039359878,315.26016462225675,293.49498579543985,330.3182882533658,352.49985828993493,400.0030456937765,303.9103250976572,269.24909794955516,269.6119271645403,305.70624834452127,276.9789451156699,313.48360796217787,353.4268699282691,305.6149635774866,315.83823585728163,326.0301055041104,313.4854248295828,290.3861980438905,305.82266852475186,314.94236277779294,298.18072063457,308.78974096072693,317.8378942350113,0,322.51554687226877
Welsh,312.61933358125407,316.39405725435466,361.4883854922715,328.3333696057137,347.62746373970464,310.36387556293545,325.55063825763364,316.69545624234433,323.6533998419894,293.1378171132081,317.8907232787756,317.23539006823677,303.7067690959372,294.93441288049524,322.1093876179813,325.35113554448617,337.45700456729304,345.6760205654664,321.69939205550736,289.640657753533,320.67398715912304,379.627280499749,413.711374601818,324.5526916955493,320.05261602526696,317.22812336599713,324.46677267314305,312.66227348470306,339.2770268866364,365.43346892959164,314.5060442598808,318.42604820612496,341.238981160405,332.3028017932269,313.671723346977,313.04239754928113,333.82768948844915,303.7743561262492,315.5783321695329,325.24782349230566,322.51554687226877,0
