,Afrikaans,Albanian,Armenian,Bengali,Bosnian,Bulgarian,Catalan,Croatian,Czech,Danish,Dutch,English,French,Galician,German,Greek,Gujarati,Hindi,Icelandic,Irish,Italian,Latvian,Lithuanian,Macedonian,Marathi,Nepali,Norwegian,Pashto,Persian,Polish,Portuguese,Romanian,Russian,Serbian,Sinhala,Slovak,Slovenian,Spanish,Swedish,Ukrainian,Urdu,Welsh
Afrikaans,0,0.30256005108668177,0.30022525140587014,0.354354967227579,0.3032987119010978,0.3222759135830077,0.3417583614854083,0.3101426831759506,0.3182314181406584,0.2908329213440742,0.24567394813284352,0.2602361762975326,0.3384727505610952,0.30829920810512784,0.2973475414325505,0.37025901053887145,0.32955467200602906,0.32459182377923973,0.2725069197585232,0.36507155179401013,0.2805646084497533,0.42492322281573963,0.3327641171407409,0.30754483661496834,0.32592188815255363,0.2715879644759072,0.274498137997876,0.32389073248611716,0.3069123216063085,0.3564041624915667,0.33155382704440195,0.3201129633158243,0.32407999533551174,0.3058954407202779,0.2758607016917149,0.34000055693063436,0.3422497350981067,0.2949420595753091,0.259617658519004,0.307972503549896,0.3158858098765359,0.27131557601444545
Albanian,0.30256005108668177,0,0.27206835524017964,0.31043255174447265,0.2946638737196167,0.3027410761801761,0.32349266789268094,0.290378070888481,0.30672084098164437,0.3508488616701858,0.33156288387618466,0.32536754585399164,0.3253057161426952,0.28628931246073586,0.3488671484047045,0.3321941579229957,0.2999792401551393,0.292134856482894,0.30643234711906187,0.31995111316534103,0.26903474467582794,0.40222568559254174,0.32127299385866326,0.29549801302564005,0.2953530455263704,0.24386423085392142,0.32946943422021624,0.2934480950051975,0.2834312919396458,0.3479540102895109,0.3207208665456829,0.29838506957044586,0.29889376231839093,0.29398288682555646,0.23003109076045347,0.3159106262608526,0.32838608277447356,0.2728871336869342,0.2972829856110717,0.2789818407766458,0.27714574282302684,0.25525955439967973
Armenian,0.30022525140587014,0.27206835524017964,0,0.3185081698850937,0.27543863859671586,0.2937651141075113,0.3264076371398089,0.281407695327111,0.289152229997368,0.33628416408581335,0.30742930999762147,0.30294055205214504,0.32089734844955026,0.30106752167466816,0.305291576637417,0.31016257674776143,0.3058823423205742,0.3036071114788693,0.27595654003102266,0.3210528334546326,0.2685065550458283,0.33628286618685177,0.27592840493259896,0.2814220458791624,0.31067412771742114,0.2655799256626616,0.31859033962652905,0.29352754628804945,0.26676888387159275,0.3209309528061466,0.3112686073528403,0.29409425314242954,0.2845572251757264,0.2863432966111687,0.25924164737773897,0.30817283024173114,0.3133063270385206,0.29025237272698096,0.2930898142918978,0.27813750396776893,0.28748993712800575,0.25156147247780564
Bengali,0.354354967227579,0.31043255174447265,0.3185081698850937,0,0.32275546421966034,0.3405555673261831,0.3679963341441052,0.32271648075826476,0.3354073973402449,0.3833431620761323,0.3649763435763444,0.34482458628471874,0.36158544772175427,0.34219979000135425,0.38107053036796734,0.3651411593692645,0.276169525949234,0.2744300519225168,0.34507532670145624,0.3771683174098345,0.3016342373024278,0.42632465872702785,0.34891117232932306,0.3256495931969058,0.29669741341226813,0.22961079137106524,0.3739874265945552,0.33610786284929745,0.3252738662335079,0.36621169378857693,0.364983827229682,0.33901168105961704,0.3401004519921772,0.3333937118825931,0.28374190759083906,0.35429620228881803,0.3621801830182913,0.31576213578379636,0.3233100165152902,0.3245684262856574,0.27639510965484115,0.2936989410045471
Bosnian,0.3032987119010978,0.2946638737196167,0.27543863859671586,0.32275546421966034,0,0.22837731037093031,0.3385679187540715,0.18024837948713274,0.23563150667259672,0.33082785343852283,0.3109497718584684,0.29964043390131256,0.31974099553147095,0.32217658518683995,0.3164052718575844,0.33334525024991296,0.32419596358395203,0.3086515923327224,0.2895394276857776,0.35583604915656747,0.26814253287443546,0.33964373444667134,0.2754972308175908,0.20571660767640804,0.3235031765321386,0.2568974802141046,0.3135052737184969,0.31607089707215974,0.2822351088042435,0.23678077548733725,0.3143803423174255,0.2915178307379037,0.22522706196369066,0.16410055542281057,0.280256867286972,0.22815251490693952,0.23802361558225996,0.29391067527438375,0.2942584929050181,0.22630061790521377,0.2909155991010701,0.2609159489629553
Bulgarian,0.3222759135830077,0.3027410761801761,0.2937651141075113,0.3405555673261831,0.22837731037093031,0,0.3485734623220324,0.22774137215914397,0.256336531052052,0.3547940684361372,0.3296328491180945,0.32442831488187673,0.33854129246789955,0.316775683213739,0.3446966444941811,0.34846466428094597,0.3275236063126172,0.3067333081338996,0.30763150681969537,0.368875077476984,0.27164223356728556,0.39922115057247215,0.31185458569781727,0.2099102674995202,0.3171397258368133,0.27364207467347545,0.34333793245579886,0.3337863348193306,0.3093084523143208,0.29421667953513614,0.3333486029945634,0.31320282059582166,0.25752867146203823,0.22961823499242703,0.2795471015679337,0.2679142670014563,0.27099006595792224,0.2882964550838104,0.3096253896807211,0.2408892122146519,0.3009037029289136,0.2645581921615776
Catalan,0.3417583614854083,0.32349266789268094,0.3264076371398089,0.3679963341441052,0.3385679187540715,0.3485734623220324,0,0.3291778427528487,0.34928076863547497,0.36327422834611567,0.3602437453360699,0.3372523818392612,0.32950578931807256,0.2606376561314187,0.375213259939862,0.36074497245719106,0.3379659711791273,0.33722575663369025,0.33854217301707396,0.37914563130888806,0.2485766576882104,0.43997943127005595,0.3430323223027957,0.33576102547204195,0.3438277710721905,0.29707683658828765,0.3494148062208274,0.35732436360454967,0.3369305875849144,0.38405164773749967,0.30229027842698314,0.2998055632392722,0.34944591295870614,0.3425083101501693,0.3020964162070218,0.36771459682776836,0.36157313862095974,0.2394196052909923,0.3245670529012432,0.32686074469130477,0.33103695756134843,0.28737768287548815
Croatian,0.3101426831759506,0.290378070888481,0.281407695327111,0.32271648075826476,0.18024837948713274,0.22774137215914397,0.3291778427528487,0,0.23349293359085305,0.33184111456117515,0.32092098202229125,0.31161795172057905,0.3303592632563293,0.308446592873047,0.3300054410039084,0.3326200765851044,0.30592925444292085,0.29222272126956755,0.2985318244463075,0.3474529898363211,0.26400195675092886,0.38866672783900436,0.30578652483377944,0.21213599466677938,0.3052565640173691,0.2526334817429145,0.3216784831805329,0.3027745584093219,0.2882225947213787,0.27308839915346406,0.32940946442089936,0.29902798542922676,0.25112858961591994,0.17888836066793656,0.26026310619651793,0.23934672881768468,0.23789031781335146,0.27748583236543456,0.29211279690702036,0.2300270983752504,0.28003162472070925,0.25597431056385167
Czech,0.3182314181406584,0.30672084098164437,0.289152229997368,0.3354073973402449,0.23563150667259672,0.256336531052052,0.34928076863547497,0.23349293359085305,0,0.33663082921930365,0.3209403384434926,0.32048780701601626,0.33707673295264756,0.32428542067529265,0.33834666692527376,0.35320062877478703,0.3203458845346303,0.30630501591356485,0.30791198407953574,0.3572807354207374,0.27409820564750664,0.37922540107918984,0.30986772979012406,0.24832715196326854,0.31922010586942956,0.26142882266732265,0.3333046072812966,0.31901535268190645,0.3020431368823276,0.2655391341447899,0.32413377337507615,0.3194768138318875,0.25793427248203965,0.23302427393142325,0.2848594705157732,0.2170367783987678,0.25919011395162167,0.291903735017033,0.3064886984751061,0.23402008098614563,0.29578737928930715,0.2629651376687217
Danish,0.2908329213440742,0.3508488616701858,0.33628416408581335,0.3833431620761323,0.33082785343852283,0.3547940684361372,0.36327422834611567,0.33184111456117515,0.33663082921930365,0,0.3155908220087729,0.27592129442197905,0.3579956805270288,0.33527659377200064,0.3178598633557523,0.39799116701558507,0.3449965211751988,0.33912621614439803,0.28776153728231885,0.38519553002829127,0.28649629980303276,0.4612022507219628,0.3632581227868366,0.34111026262711536,0.34873272087321894,0.28795953875884905,0.24600962110205965,0.359685888886089,0.33601021453186813,0.37571878196539943,0.3562489312141422,0.3421780179200438,0.3616161598822104,0.3423767147020764,0.31256982475776196,0.3600984849925992,0.35569647975755403,0.3107416617907498,0.2447600222354663,0.33009732331996416,0.33807291020410324,0.27746917957060957
Dutch,0.24567394813284352,0.33156288387618466,0.30742930999762147,0.3649763435763444,0.3109497718584684,0.3296328491180945,0.3602437453360699,0.32092098202229125,0.3209403384434926,0.3155908220087729,0,0.26490116565300353,0.3501967249071876,0.3397565848324098,0.25915804303684886,0.35921578930003606,0.3424726982982276,0.3344744610105252,0.2804044699939244,0.37635363508979824,0.29185015607042514,0.40405611680859527,0.32590038941641963,0.31709841926936616,0.3441417603288101,0.2982179500869911,0.30467323642572713,0.35199284439558937,0.31201110620989053,0.3525825218888538,0.33448234818019584,0.32506791150848147,0.3255930826522941,0.3175061115624848,0.3084836155390315,0.34727538308491535,0.3440768848119171,0.3135386184767995,0.28393636320662863,0.3193872580805719,0.3329218923524829,0.28679430466561684
English,0.2602361762975326,0.32536754585399164,0.30294055205214504,0.34482458628471874,0.29964043390131256,0.32442831488187673,0.3372523818392612,0.31161795172057905,0.32048780701601626,0.27592129442197905,0.26490116565300353,0,0.32227763622703154,0.32344625775969205,0.2912877493194132,0.3633995152557815,0.32349386203440056,0.3186904138448755,0.27297777857520517,0.358064845251655,0.2728457636328073,0.4001592430043965,0.32206297665483297,0.3141537202062632,0.3300851592349209,0.2791754995951338,0.27228286991885664,0.3385763548756461,0.31023250179592815,0.338462570225986,0.32164872510684733,0.3102048512433689,0.3217131189955778,0.3131963275776218,0.2987340282564562,0.33596779640554003,0.33931092857710743,0.2998606155064058,0.25655178805188333,0.30875278855184235,0.31355987842172617,0.26827530941323746
French,0.3384727505610952,0.3253057161426952,0.32089734844955026,0.36158544772175427,0.31974099553147095,0.33854129246789955,0.32950578931807256,0.3303592632563293,0.33707673295264756,0.3579956805270288,0.3501967249071876,0.32227763622703154,0,0.3194773970496947,0.3568627899734446,0.36579650914183903,0.34461087913359384,0.3364429266163636,0.32646259297158686,0.374344565833955,0.2516819299327155,0.4293572694560667,0.3436575975535438,0.32318285021922627,0.339843355928516,0.28682618775264446,0.34985824571682295,0.3374319717937671,0.320984838649559,0.36347172982914533,0.33208114599843325,0.30440393754494965,0.34015359372511483,0.33273122061062566,0.2948682214168527,0.35236779143168784,0.3534793799224667,0.28720455640408926,0.3243610506823029,0.32300816850867486,0.3291730706233344,0.2815010790315065
Galician,0.30829920810512784,0.28628931246073586,0.30106752167466816,0.34219979000135425,0.32217658518683995,0.316775683213739,0.2606376561314187,0.308446592873047,0.32428542067529265,0.33527659377200064,0.3397565848324098,0.32344625775969205,0.3194773970496947,0,0.359441208411785,0.3556395337558959,0.3143139078776986,0.3107088499197037,0.30318822217436225,0.34396218200569906,0.22809175686138503,0.43214892743836875,0.33863069146162145,0.3088090024952565,0.31463053627901116,0.2682055397628035,0.33115186489022364,0.3312920661689142,0.31161206571309397,0.3747413001514494,0.25966660753428195,0.28773037371772103,0.32880680532292283,0.31941395112484994,0.26271437601490905,0.34791030386333854,0.34395634184328683,0.19667858107701033,0.2935120929870415,0.3025987258355036,0.3058089062740101,0.2612222294523552
German,0.2973475414325505,0.3488671484047045,0.305291576637417,0.38107053036796734,0.3164052718575844,0.3446966444941811,0.375213259939862,0.3300054410039084,0.33834666692527376,0.3178598633557523,0.25915804303684886,0.2912877493194132,0.3568627899734446,0.359441208411785,0,0.36305689442944084,0.35993100968490394,0.3468194692567933,0.2925085104595043,0.3905577478678986,0.2944704519876683,0.398747365705457,0.328324120460966,0.3297133585630344,0.36337172440125215,0.31160565710389465,0.3211736058198201,0.36149903564053026,0.3264924738940873,0.36163170672068007,0.3664784456270014,0.33221556018126863,0.34539747549890604,0.3300513542615573,0.3265964471876011,0.36284027700514326,0.35195261955768636,0.33624945821257124,0.2849556569845645,0.33079242063616915,0.3423602184285123,0.290768305754252
Greek,0.37025901053887145,0.3321941579229957,0.31016257674776143,0.3651411593692645,0.33334525024991296,0.34846466428094597,0.36074497245719106,0.3326200765851044,0.35320062877478703,0.39799116701558507,0.35921578930003606,0.3633995152557815,0.36579650914183903,0.3556395337558959,0.36305689442944084,0,0.35175154720155477,0.33681061548803015,0.3284078573181825,0.3943702373296129,0.30012230699169795,0.37014477123526446,0.3037313880672103,0.3434049865603616,0.35853945996347286,0.30204188499146123,0.38142541458615853,0.3627281691181063,0.33149861655828616,0.3904067630278403,0.3603955765088091,0.34126852950392783,0.3456923783272616,0.3456569059308168,0.3114651141307352,0.38275973293812177,0.36734739477437234,0.31928520258747667,0.3513031024691413,0.33239380089248594,0.3303616814307718,0.29056845590716934
Gujarati,0.32955467200602906,0.2999792401551393,0.3058823423205742,0.276169525949234,0.32419596358395203,0.3275236063126172,0.3379659711791273,0.30592925444292085,0.3203458845346303,0.3449965211751988,0.3424726982982276,0.32349386203440056,0.34461087913359384,0.3143139078776986,0.35993100968490394,0.35175154720155477,0,0.22852140056315315,0.32237926316127685,0.3589131367028306,0.27780138321820796,0.43160925294657726,0.34138096978117005,0.3090648350539853,0.2300711645254996,0.22015095332617235,0.34050828565592073,0.31257616764298973,0.3104337568541098,0.3611383383998944,0.34661571568981775,0.32204387836639076,0.33245704151650207,0.325890025634747,0.2687440529613524,0.33709776601537167,0.35234798956829005,0.29035497556143347,0.305015640284368,0.31042123637289015,0.25900048377871915,0.2730408931059114
Hindi,0.32459182377923973,0.292134856482894,0.3036071114788693,0.2744300519225168,0.3086515923327224,0.3067333081338996,0.33722575663369025,0.29222272126956755,0.30630501591356485,0.33912621614439803,0.3344744610105252,0.3186904138448755,0.3364429266163636,0.3107088499197037,0.3468194692567933,0.33681061548803015,0.22852140056315315,0,0.3172737516174573,0.3498276648661536,0.27184003770156406,0.428980263726651,0.335955420770676,0.2956106441752228,0.24694942584585192,0.21069504801250025,0.3376085640488543,0.30169756074720033,0.29889928059631765,0.3491558840421606,0.34041823725030507,0.31246097779535126,0.32197634999896346,0.30670732006633944,0.26156647364520413,0.3219966723635369,0.3302720857892192,0.28658880964148864,0.30171638455653277,0.30065008599774773,0.2153491892423845,0.2654435135845889
Icelandic,0.2725069197585232,0.30643234711906187,0.27595654003102266,0.34507532670145624,0.2895394276857776,0.30763150681969537,0.33854217301707396,0.2985318244463075,0.30791198407953574,0.28776153728231885,0.2804044699939244,0.27297777857520517,0.32646259297158686,0.30318822217436225,0.2925085104595043,0.3284078573181825,0.32237926316127685,0.3172737516174573,0,0.3468561862065522,0.27468064606294756,0.37076647186869366,0.2922018927834634,0.2961101280461047,0.32672383503190644,0.27496404220661297,0.2718187262871844,0.3302218418562741,0.29712935030807486,0.3427871863439027,0.32302442894157113,0.30809452125676773,0.29981951474448076,0.2974230538764495,0.27575537087835666,0.33509427178279216,0.3360073716631451,0.28926114676235565,0.2562438509977013,0.2926617493440186,0.3086443685946084,0.25693146197245587
Irish,0.36507155179401013,0.31995111316534103,0.3210528334546326,0.3771683174098345,0.35583604915656747,0.368875077476984,0.37914563130888806,0.3474529898363211,0.3572807354207374,0.38519553002829127,0.37635363508979824,0.358064845251655,0.374344565833955,0.34396218200569906,0.3905577478678986,0.3943702373296129,0.3589131367028306,0.3498276648661536,0.3468561862065522,0,0.30685038259789416,0.4664661666300462,0.3638445854315945,0.35278905558652185,0.35217115926419773,0.30157925872424773,0.37390845379411664,0.33945430367287677,0.3389643072791096,0.4018569657181134,0.3584688244888653,0.3457948070262282,0.36985966007284227,0.3637893927154971,0.2914006556628783,0.380830210496411,0.38679447758335683,0.3048959977249095,0.33291578791093046,0.3486623903064379,0.33785719907610995,0.27887981610985446
Italian,0.2805646084497533,0.26903474467582794,0.2685065550458283,0.3016342373024278,0.26814253287443546,0.27164223356728556,0.2485766576882104,0.26400195675092886,0.27409820564750664,0.28649629980303276,0.29185015607042514,0.2728457636328073,0.2516819299327155,0.22809175686138503,0.2944704519876683,0.30012230699169795,0.27780138321820796,0.27184003770156406,0.27468064606294756,0.30685038259789416,0,0.3653142785092354,0.2972528921340299,0.26623985491016117,0.28395113126394916,0.24189788731018189,0.2846641999279612,0.28219952668876175,0.2650115170766847,0.30113026356374745,0.2509079076817458,0.22167339209546302,0.27531156480382807,0.2682235626449898,0.254099416092495,0.28885274222073387,0.28425019874528423,0.21478406968142258,0.26389458405169414,0.2640530062896003,0.26961685875836905,0.22656734834447073
Latvian,0.42492322281573963,0.40222568559254174,0.33628286618685177,0.42632465872702785,0.33964373444667134,0.39922115057247215,0.43997943127005595,0.38866672783900436,0.37922540107918984,0.4612022507219628,0.40405611680859527,0.4001592430043965,0.4293572694560667,0.43214892743836875,0.398747365705457,0.37014477123526446,0.43160925294657726,0.428980263726651,0.37076647186869366,0.4664661666300462,0.3653142785092354,0,0.2521623452014378,0.38138491129589636,0.44450988348732084,0.3851607745525633,0.43717722147729404,0.4404231764694191,0.38219202733623214,0.3637812410694514,0.393303146647114,0.38609861080988384,0.34027200031065963,0.37648226162860554,0.401789824486385,0.3883919769021694,0.3972927972905965,0.4121092293206081,0.409933006510796,0.37206423510367775,0.4104563986451171,0.35315436795686417
Lithuanian,0.3327641171407409,0.32127299385866326,0.27592840493259896,0.34891117232932306,0.2754972308175908,0.31185458569781727,0.3430323223027957,0.30578652483377944,0.30986772979012406,0.3632581227868366,0.32590038941641963,0.32206297665483297,0.3436575975535438,0.33863069146162145,0.328324120460966,0.3037313880672103,0.34138096978117005,0.335955420770676,0.2922018927834634,0.3638445854315945,0.2972528921340299,0.2521623452014378,0,0.29884510431343386,0.3519900196093088,0.3120298521486971,0.3441699789519517,0.3481754539486349,0.3062606853356937,0.31110731944689257,0.3316499206160753,0.3128553446005787,0.2845200624762406,0.29639004289321313,0.31313302387626313,0.3225436794709222,0.3238512010729323,0.3202838267075124,0.32322332722315705,0.2948182470332024,0.3321632571917269,0.2827613338420915
Macedonian,0.30754483661496834,0.29549801302564005,0.2814220458791624,0.3256495931969058,0.20571660767640804,0.2099102674995202,0.33576102547204195,0.21213599466677938,0.24832715196326854,0.34111026262711536,0.31709841926936616,0.3141537202062632,0.32318285021922627,0.3088090024952565,0.3297133585630344,0.3434049865603616,0.3090648350539853,0.2956106441752228,0.2961101280461047,0.35278905558652185,0.26623985491016117,0.38138491129589636,0.29884510431343386,0,0.3118489191718667,0.25628114322059087,0.33076162762086253,0.3119943419817548,0.2956086594397838,0.28233738734904523,0.32388918928979377,0.29861141337765945,0.2463320336318951,0.19947369273625085,0.2661639491642791,0.25592207859214855,0.2640015355880802,0.2841747071610082,0.29938529993336527,0.22884782799377917,0.2888561039461651,0.2635215894471254
Marathi,0.32592188815255363,0.2953530455263704,0.31067412771742114,0.29669741341226813,0.3235031765321386,0.3171397258368133,0.3438277710721905,0.3052565640173691,0.31922010586942956,0.34873272087321894,0.3441417603288101,0.3300851592349209,0.339843355928516,0.31463053627901116,0.36337172440125215,0.35853945996347286,0.2300711645254996,0.24694942584585192,0.32672383503190644,0.35217115926419773,0.28395113126394916,0.44450988348732084,0.3519900196093088,0.3118489191718667,0,0.22853013758300747,0.340917407684934,0.31491037992677234,0.3197584538514507,0.3677897200300972,0.3496752641811609,0.32746179550361365,0.329886612149519,0.3244081016913893,0.25639124849927003,0.33004086721530856,0.3495482560465649,0.2886750995703644,0.3028617607826555,0.3133084838110349,0.2646933206348965,0.2746102882815315
Nepali,0.2715879644759072,0.24386423085392142,0.2655799256626616,0.22961079137106524,0.2568974802141046,0.27364207467347545,0.29707683658828765,0.2526334817429145,0.26142882266732265,0.28795953875884905,0.2982179500869911,0.2791754995951338,0.28682618775264446,0.2682055397628035,0.31160565710389465,0.30204188499146123,0.22015095332617235,0.21069504801250025,0.27496404220661297,0.30157925872424773,0.24189788731018189,0.3851607745525633,0.3120298521486971,0.25628114322059087,0.22853013758300747,0,0.2831779848028597,0.258375340006458,0.2626942800005883,0.3073197876706736,0.3019183525071495,0.27772385592800447,0.2827430527970461,0.2659331494931822,0.21421564416204178,0.2804579008851714,0.2827809909457856,0.2493682918432565,0.2509542199395002,0.26078822072104385,0.21206941319823092,0.23874572709388175
Norwegian,0.274498137997876,0.32946943422021624,0.31859033962652905,0.3739874265945552,0.3135052737184969,0.34333793245579886,0.3494148062208274,0.3216784831805329,0.3333046072812966,0.24600962110205965,0.30467323642572713,0.27228286991885664,0.34985824571682295,0.33115186489022364,0.3211736058198201,0.38142541458615853,0.34050828565592073,0.3376085640488543,0.2718187262871844,0.37390845379411664,0.2846641999279612,0.43717722147729404,0.3441699789519517,0.33076162762086253,0.340917407684934,0.2831779848028597,0,0.35612250456549327,0.32049643700433916,0.3656061246803653,0.350216894233615,0.33216721576438873,0.34049771073122304,0.32685015228085984,0.2949497468467583,0.35318912548094517,0.3456414023856743,0.30497211452397577,0.22801110651573675,0.32060841608294166,0.3298392875497048,0.2811346082115197
Pashto,0.32389073248611716,0.2934480950051975,0.29352754628804945,0.33610786284929745,0.31607089707215974,0.3337863348193306,0.35732436360454967,0.3027745584093219,0.31901535268190645,0.359685888886089,0.35199284439558937,0.3385763548756461,0.3374319717937671,0.3312920661689142,0.36149903564053026,0.3627281691181063,0.31257616764298973,0.30169756074720033,0.3302218418562741,0.33945430367287677,0.28219952668876175,0.4404231764694191,0.3481754539486349,0.3119943419817548,0.31491037992677234,0.258375340006458,0.35612250456549327,0,0.2679079990935686,0.36643437503267084,0.34696893967511006,0.3266760866065283,0.32728807948230354,0.31611437095050754,0.2546596558250751,0.3434620028722993,0.3458291333559745,0.2979944762563427,0.31998010966740636,0.3053486655759477,0.28508311899035066,0.2671256832654328
Persian,0.3069123216063085,0.2834312919396458,0.26676888387159275,0.3252738662335079,0.2822351088042435,0.3093084523143208,0.3369305875849144,0.2882225947213787,0.3020431368823276,0.33601021453186813,0.31201110620989053,0.31023250179592815,0.320984838649559,0.31161206571309397,0.3264924738940873,0.33149861655828616,0.3104337568541098,0.29889928059631765,0.29712935030807486,0.3389643072791096,0.2650115170766847,0.38219202733623214,0.3062606853356937,0.2956086594397838,0.3197584538514507,0.2626942800005883,0.32049643700433916,0.2679079990935686,0,0.3208955209463364,0.32355618130141073,0.29829747627092473,0.2934071508240484,0.2924888871553054,0.26921417312266005,0.3213066915988868,0.3203511069832811,0.2920436488923295,0.2935979407888495,0.2898943995332845,0.2752532123490905,0.25455295919873405
Polish,0.3564041624915667,0.3479540102895109,0.3209309528061466,0.36621169378857693,0.23678077548733725,0.29421667953513614,0.38405164773749967,0.27308839915346406,0.2655391341447899,0.37571878196539943,0.3525825218888538,0.338462570225986,0.36347172982914533,0.3747413001514494,0.36163170672068007,0.3904067630278403,0.3611383383998944,0.3491558840421606,0.3427871863439027,0.4018569657181134,0.30113026356374745,0.3637812410694514,0.31110731944689257,0.28233738734904523,0.3677897200300972,0.3073197876706736,0.3656061246803653,0.36643437503267084,0.3208955209463364,0,0.3336789284914292,0.33221136248753336,0.25821208823748415,0.2553729514738196,0.33371828031020195,0.23834736067345857,0.27948718081666635,0.3430720259950562,0.3486128781612618,0.26263515788301023,0.342388045328339,0.29400752230245064
Portuguese,0.33155382704440195,0.3207208665456829,0.3112686073528403,0.364983827229682,0.3143803423174255,0.3333486029945634,0.30229027842698314,0.32940946442089936,0.32413377337507615,0.3562489312141422,0.33448234818019584,0.32164872510684733,0.33208114599843325,0.25966660753428195,0.3664784456270014,0.3603955765088091,0.34661571568981775,0.34041823725030507,0.32302442894157113,0.3584688244888653,0.2509079076817458,0.393303146647114,0.3316499206160753,0.32388918928979377,0.3496752641811609,0.3019183525071495,0.350216894233615,0.34696893967511006,0.32355618130141073,0.3336789284914292,0,0.2991816624224947,0.31352528308671035,0.3236909153791576,0.3076689633921698,0.3258755214149394,0.3430187256558514,0.24917565283682053,0.3258010940362014,0.3171980145037974,0.3317719445399536,0.2785973514300945
Romanian,0.3201129633158243,0.29838506957044586,0.29409425314242954,0.33901168105961704,0.2915178307379037,0.31320282059582166,0.2998055632392722,0.29902798542922676,0.3194768138318875,0.3421780179200438,0.32506791150848147,0.3102048512433689,0.30440393754494965,0.28773037371772103,0.33221556018126863,0.34126852950392783,0.32204387836639076,0.31246097779535126,0.30809452125676773,0.3457948070262282,0.22167339209546302,0.38609861080988384,0.3128553446005787,0.29861141337765945,0.32746179550361365,0.27772385592800447,0.33216721576438873,0.3266760866065283,0.29829747627092473,0.33221136248753336,0.2991816624224947,0,0.30521503067430594,0.30181446557917807,0.2892175111930391,0.3321972894550243,0.32847047938077534,0.2646583764574975,0.3063355236853711,0.2996792263470025,0.30744497897393125,0.2623477681215241
Russian,0.32407999533551174,0.29889376231839093,0.2845572251757264,0.3401004519921772,0.22522706196369066,0.25752867146203823,0.34944591295870614,0.25112858961591994,0.25793427248203965,0.3616161598822104,0.3255930826522941,0.3217131189955778,0.34015359372511483,0.32880680532292283,0.34539747549890604,0.3456923783272616,0.33245704151650207,0.32197634999896346,0.29981951474448076,0.36985966007284227,0.27531156480382807,0.34027200031065963,0.2845200624762406,0.2463320336318951,0.329886612149519,0.2827430527970461,0.34049771073122304,0.32728807948230354,0.2934071508240484,0.25821208823748415,0.31352528308671035,0.30521503067430594,0,0.2355816217226914,0.2882287337640788,0.25153516277791416,0.28206803307198697,0.3043574644208892,0.31602952682425484,0.2206458269943906,0.31600219818128594,0.2696024609918512
Serbian,0.3058954407202779,0.29398288682555646,0.2863432966111687,0.3333937118825931,0.16410055542281057,0.22961823499242703,0.3425083101501693,0.17888836066793656,0.23302427393142325,0.3423767147020764,0.3175061115624848,0.3131963275776218,0.33273122061062566,0.31941395112484994,0.3300513542615573,0.3456569059308168,0.325890025634747,0.30670732006633944,0.2974230538764495,0.3637893927154971,0.2682235626449898,0.37648226162860554,0.29639004289321313,0.19947369273625085,0.3244081016913893,0.2659331494931822,0.32685015228085984,0.31611437095050754,0.2924888871553054,0.2553729514738196,0.3236909153791576,0.30181446557917807,0.2355816217226914,0,0.2775070019586707,0.23695152676279424,0.24220770067425207,0.29115650955761313,0.30039765403943364,0.22656041664962076,0.2965553247865785,0.26448057926280844
Sinhala,0.2758607016917149,0.23003109076045347,0.25924164737773897,0.28374190759083906,0.280256867286972,0.2795471015679337,0.3020964162070218,0.26026310619651793,0.2848594705157732,0.31256982475776196,0.3084836155390315,0.2987340282564562,0.2948682214168527,0.26271437601490905,0.3265964471876011,0.3114651141307352,0.2687440529613524,0.26156647364520413,0.27575537087835666,0.2914006556628783,0.254099416092495,0.401789824486385,0.31313302387626313,0.2661639491642791,0.25639124849927003,0.21421564416204178,0.2949497468467583,0.2546596558250751,0.26921417312266005,0.33371828031020195,0.3076689633921698,0.2892175111930391,0.2882287337640788,0.2775070019586707,0,0.2976445296737152,0.3070700082026983,0.24999473261988356,0.2655571527977375,0.27237679574974,0.2529334843816947,0.2405476922632679
Slovak,0.34000055693063436,0.3159106262608526,0.30817283024173114,0.35429620228881803,0.22815251490693952,0.2679142670014563,0.36771459682776836,0.23934672881768468,0.2170367783987678,0.3600984849925992,0.34727538308491535,0.33596779640554003,0.35236779143168784,0.34791030386333854,0.36284027700514326,0.38275973293812177,0.33709776601537167,0.3219966723635369,0.33509427178279216,0.380830210496411,0.28885274222073387,0.3883919769021694,0.3225436794709222,0.25592207859214855,0.33004086721530856,0.2804579008851714,0.35318912548094517,0.3434620028722993,0.3213066915988868,0.23834736067345857,0.3258755214149394,0.3321972894550243,0.25153516277791416,0.23695152676279424,0.2976445296737152,0,0.26295342565903934,0.3149112083915586,0.325018882711625,0.24966072517241472,0.31318483538936154,0.2821927544752295
Slovenian,0.3422497350981067,0.32838608277447356,0.3133063270385206,0.3621801830182913,0.23802361558225996,0.27099006595792224,0.36157313862095974,0.23789031781335146,0.25919011395162167,0.35569647975755403,0.3440768848119171,0.33931092857710743,0.3534793799224667,0.34395634184328683,0.35195261955768636,0.36734739477437234,0.35234798956829005,0.3302720857892192,0.3360073716631451,0.38679447758335683,0.28425019874528423,0.3972927972905965,0.3238512010729323,0.2640015355880802,0.3495482560465649,0.2827809909457856,0.3456414023856743,0.3458291333559745,0.3203511069832811,0.27948718081666635,0.3430187256558514,0.32847047938077534,0.28206803307198697,0.24220770067425207,0.3070700082026983,0.26295342565903934,0,0.30679984998683013,0.32075551232008287,0.26537266786106495,0.32084015860847864,0.2794226231497259
Spanish,0.2949420595753091,0.2728871336869342,0.29025237272698096,0.31576213578379636,0.29391067527438375,0.2882964550838104,0.2394196052909923,0.27748583236543456,0.291903735017033,0.3107416617907498,0.3135386184767995,0.2998606155064058,0.28720455640408926,0.19667858107701033,0.33624945821257124,0.31928520258747667,0.29035497556143347,0.28658880964148864,0.28926114676235565,0.3048959977249095,0.21478406968142258,0.4121092293206081,0.3202838267075124,0.2841747071610082,0.2886750995703644,0.2493682918432565,0.30497211452397577,0.2979944762563427,0.2920436488923295,0.3430720259950562,0.24917565283682053,0.2646583764574975,0.3043574644208892,0.29115650955761313,0.24999473261988356,0.3149112083915586,0.30679984998683013,0,0.2799972127736751,0.27684948829538447,0.28478330793540607,0.24376145860125376
Swedish,0.259617658519004,0.2972829856110717,0.2930898142918978,0.3233100165152902,0.2942584929050181,0.3096253896807211,0.3245670529012432,0.29211279690702036,0.3064886984751061,0.2447600222354663,0.28393636320662863,0.25655178805188333,0.3243610506823029,0.2935120929870415,0.2849556569845645,0.3513031024691413,0.305015640284368,0.30171638455653277,0.2562438509977013,0.33291578791093046,0.26389458405169414,0.409933006510796,0.32322332722315705,0.29938529993336527,0.3028617607826555,0.2509542199395002,0.22801110651573675,0.31998010966740636,0.2935979407888495,0.3486128781612618,0.3258010940362014,0.3063355236853711,0.31602952682425484,0.30039765403943364,0.2655571527977375,0.325018882711625,0.32075551232008287,0.2799972127736751,0,0.29712941764412815,0.29349017460680926,0.2552743979844912
Ukrainian,0.307972503549896,0.2789818407766458,0.27813750396776893,0.3245684262856574,0.22630061790521377,0.2408892122146519,0.32686074469130477,0.2300270983752504,0.23402008098614563,0.33009732331996416,0.3193872580805719,0.30875278855184235,0.32300816850867486,0.3025987258355036,0.33079242063616915,0.33239380089248594,0.31042123637289015,0.30065008599774773,0.2926617493440186,0.3486623903064379,0.2640530062896003,0.37206423510367775,0.2948182470332024,0.22884782799377917,0.3133084838110349,0.26078822072104385,0.32060841608294166,0.3053486655759477,0.2898943995332845,0.26263515788301023,0.3171980145037974,0.2996792263470025,0.2206458269943906,0.22656041664962076,0.27237679574974,0.24966072517241472,0.26537266786106495,0.27684948829538447,0.29712941764412815,0,0.2889754328514954,0.24607032514464458
Urdu,0.3158858098765359,0.27714574282302684,0.28748993712800575,0.27639510965484115,0.2909155991010701,0.3009037029289136,0.33103695756134843,0.28003162472070925,0.29578737928930715,0.33807291020410324,0.3329218923524829,0.31355987842172617,0.3291730706233344,0.3058089062740101,0.3423602184285123,0.3303616814307718,0.25900048377871915,0.2153491892423845,0.3086443685946084,0.33785719907610995,0.26961685875836905,0.4104563986451171,0.3321632571917269,0.2888561039461651,0.2646933206348965,0.21206941319823092,0.3298392875497048,0.28508311899035066,0.2752532123490905,0.342388045328339,0.3317719445399536,0.30744497897393125,0.31600219818128594,0.2965553247865785,0.2529334843816947,0.31318483538936154,0.32084015860847864,0.28478330793540607,0.29349017460680926,0.2889754328514954,0,0.2560951654953437
Welsh,0.27131557601444545,0.25525955439967973,0.25156147247780564,0.2936989410045471,0.2609159489629553,0.2645581921615776,0.28737768287548815,0.25597431056385167,0.2629651376687217,0.27746917957060957,0.28679430466561684,0.26827530941323746,0.2815010790315065,0.2612222294523552,0.290768305754252,0.29056845590716934,0.2730408931059114,0.2654435135845889,0.25693146197245587,0.27887981610985446,0.22656734834447073,0.35315436795686417,0.2827613338420915,0.2635215894471254,0.2746102882815315,0.23874572709388175,0.2811346082115197,0.2671256832654328,0.25455295919873405,0.29400752230245064,0.2785973514300945,0.2623477681215241,0.2696024609918512,0.26448057926280844,0.2405476922632679,0.2821927544752295,0.2794226231497259,0.24376145860125376,0.2552743979844912,0.24607032514464458,0.2560951654953437,0
