,Afrikaans,Albanian,Armenian,Bengali,Bosnian,Bulgarian,Catalan,Croatian,Czech,Danish,Dutch,English,French,Galician,German,Greek,Gujarati,Hindi,Icelandic,Irish,Italian,Latvian,Lithuanian,Macedonian,Marathi,Nepali,Norwegian,Pashto,Persian,Polish,Portuguese,Romanian,Russian,Serbian,Sinhala,Slovak,Slovenian,Spanish,Swedish,Ukrainian,Urdu,Welsh
Afrikaans,0,2.5043345972011775,2.2468541169129113,2.8742291128541795,2.326806501619515,2.5597656710586545,2.777113885034547,2.4032542941545936,2.4097245764080664,2.273072699926425,1.8804400992496442,2.307913452852114,2.451051291416913,2.469266099426621,2.3899185070634124,2.4487239125344806,2.8751327498003554,2.8051822372092943,2.2840775492740955,2.4779951669690172,2.283327471707453,2.5437205810255716,2.5462555368987623,2.5053658083372103,2.768241098658246,2.201228236467902,2.453324432473538,2.417102106963271,2.3730523370818606,2.455218933003518,2.4305248803013275,2.4822476394743966,2.4438524649338462,2.4822387836016926,2.2373728989178727,2.4576933754260626,2.499269742259709,2.375620431461532,2.450235557753308,2.365479539928118,2.5387216031979127,2.1377406411295907
Albanian,2.5043345972011775,0,2.2881382413219358,2.7354488559620305,2.3996237232315174,2.501934955240445,2.6479896838285746,2.3313483397603956,2.4712969037293333,2.363979105953136,2.4201643908113377,2.5941704628512205,2.2805081697429945,2.3370214351980296,2.6044661630251977,2.3414396651914173,2.845292598967284,2.739270980579691,2.511461950461148,2.287861101863616,2.2046198190485313,2.667284441446991,2.6428169615949884,2.4873813503788496,2.616420609207611,2.1881362727264038,2.6649764999043564,2.296304570987678,2.397011927794534,2.5150338365535156,2.309936806216061,2.426141413260835,2.485510143121202,2.5066066097021196,2.07607254633685,2.4508875527059835,2.455593004493166,2.248407687209799,2.6445214106412234,2.367008023567121,2.4181691143019384,2.1452813764780467
Armenian,2.2468541169129113,2.2881382413219358,0,2.5559582752942975,2.464241252389361,2.348835025489023,2.4765143023779177,2.2687066334307957,2.358698474535538,2.165982481092416,2.3008942850225087,2.456702667972326,2.174107974588236,2.191895045637108,2.4057080305655556,2.1754515762573683,2.672138400878865,2.596887941921649,2.26066409826726,2.105582167754179,2.3420597524015547,2.5976557524594286,2.7649701744029866,2.4059630602804205,2.4399899297946566,2.269245866826316,2.3465878799667945,2.14052888781412,2.309742446143296,2.569201389224606,2.261491014053826,2.333920507435079,2.400308565111179,2.403128151188433,2.180896982435069,2.2692059727477463,2.3870838477169705,2.2497398896949337,2.445968643698384,2.3464497034921856,2.359402106781716,2.2742447030088417
Bengali,2.8742291128541795,2.7354488559620305,2.5559582752942975,0,2.6217736272636496,2.7417252317255043,2.883831821900757,2.6009051438505137,2.6719018086038835,2.70961124731126,2.762203346238975,2.878660683860501,2.6558272445556628,2.677850571793547,2.8359105260362694,2.6188397729357975,2.6515426109902758,2.5371460664190324,2.8206352604116285,2.6932233967645893,2.4828007888290404,2.8982954726005374,2.806424701686642,2.6984557395081215,2.583216510037182,2.108676569784747,2.9600662291430857,2.6549483621256496,2.675836709811209,2.68150975295629,2.6746973232586764,2.716632201819693,2.7343284271460018,2.7301499578434347,2.4149320009290105,2.6745710468957165,2.697854230147942,2.58919845584458,2.8596073767378685,2.583020882190227,2.407355065321993,2.458440641349919
Bosnian,2.326806501619515,2.3996237232315174,2.464241252389361,2.6217736272636496,0,2.0157263236710126,2.586429114517363,1.6435721896979143,2.011467568529619,2.248957229891846,2.385150939746608,2.5697252792988716,2.2609991664945013,2.3030698559678897,2.493267434713849,2.3133091836827124,2.7046977167190005,2.703794367200604,2.3805962893980057,2.27274800468279,2.3499180198537237,2.446335522867162,2.5261836634813246,1.796379906446659,2.552352405504317,2.3386347781532697,2.437592569883039,2.2731052457678955,2.399008029849434,2.1161936136418134,2.3405513998550043,2.382440572185488,1.9278456545324596,1.4110663928937583,2.2697215799332398,1.915198449193593,1.992952176235307,2.2927942478048107,2.534943049776787,1.8488463270970306,2.4495812396736927,2.366646444033945
Bulgarian,2.5597656710586545,2.501934955240445,2.348835025489023,2.7417252317255043,2.0157263236710126,0,2.654040100081971,1.9090728037141111,2.1849679354940728,2.4438547344568313,2.5077352377362163,2.6097007201513907,2.4004072678611448,2.4226891135962205,2.6202939777867096,2.353022112276203,2.8108691945831907,2.7284760838739013,2.557617670897452,2.433252022470999,2.1983484376409286,2.5992422485650044,2.4820239437746623,1.9924007259037475,2.6769987352846956,2.243182396445971,2.6967146873645356,2.448445084590888,2.4409737695901352,2.191519456112395,2.427298488711065,2.4492597847234383,2.187491843977116,2.093962540884965,2.233934269267909,2.1621063414596478,2.1961327475687518,2.2679621051210033,2.644230916543128,2.111146831443228,2.448548483906838,2.1777505028771
Catalan,2.777113885034547,2.6479896838285746,2.4765143023779177,2.883831821900757,2.586429114517363,2.654040100081971,0,2.551422790984786,2.632990949471221,2.650028610088258,2.66532386911524,2.729251984684481,2.3938497192475103,2.229773873617067,2.774532887655336,2.556324397941559,2.97652501596884,2.9138074506608147,2.693488888044666,2.639888731462721,2.121734949882204,2.8333453430650697,2.6854440892451876,2.6635017795932874,2.8329712692660185,2.403038231962202,2.7933698590538256,2.6572952488969928,2.5961283458332827,2.6072928819726315,2.250472255424714,2.4419523566117474,2.662450641016408,2.7041170032844333,2.410991607179,2.6384399558800364,2.717693717308567,2.1334436496117513,2.770036997405432,2.56705428605864,2.7016896982767387,2.3968573944032756
Croatian,2.4032542941545936,2.3313483397603956,2.2687066334307957,2.6009051438505137,1.6435721896979143,1.9090728037141111,2.551422790984786,0,1.957426427060766,2.2319192878060683,2.336379960681397,2.493494502110411,2.2148249058000533,2.2701626353584348,2.4771798809665584,2.189267956751912,2.689519676105544,2.652913792109346,2.4190041029316407,2.2314466578175107,2.1008592978782206,2.4837463323329234,2.3942517563102412,1.946773743377754,2.5130908252329096,2.100817891463486,2.531594490277434,2.234661209836028,2.3025810805696416,2.0553033863932115,2.2945053788454306,2.295680709425707,2.069256367330837,1.6790996271281082,2.079301203136934,1.9294505378552775,1.8952829170858618,2.1345601666729834,2.497719147177549,1.9014507938545424,2.344186450196135,2.0816624878523133
Czech,2.4097245764080664,2.4712969037293333,2.358698474535538,2.6719018086038835,2.011467568529619,2.1849679354940728,2.632990949471221,1.957426427060766,0,2.3003322439586174,2.4245173827468958,2.4874956107963144,2.292463678501694,2.357916131864375,2.611789781419966,2.330226640868361,2.7363400678959326,2.7118480391404516,2.46309933311115,2.3205374986323766,2.3011318648417842,2.440865463936002,2.4992806532926117,2.1928453123110154,2.5896579569158877,2.20620618620867,2.54648076176762,2.31615270422532,2.410080882413837,2.077789007177208,2.4079737983224,2.4142960443673713,2.0935232249420284,2.0441357293895313,2.168764820750186,1.7797662702748858,2.114241053706984,2.2412393108615403,2.5610889155605507,1.9642594627999168,2.4025389533609274,2.1573179043985955
Danish,2.273072699926425,2.363979105953136,2.165982481092416,2.70961124731126,2.248957229891846,2.4438547344568313,2.650028610088258,2.2319192878060683,2.3003322439586174,0,2.1953399339671327,2.158452733331591,2.2699179534501375,2.310959819931667,2.2282401818024,2.2396301258101503,2.7467643844267764,2.63458190829536,2.117779339992585,2.2486438598627037,2.1135392290806463,2.531495835632232,2.5073000742906153,2.417153675598936,2.6232043769684297,2.010854934471225,2.259118969972471,2.2964205454969533,2.2622629973803896,2.331856554174276,2.2249026065171953,2.3513605099464856,2.3705727425467202,2.406800654844353,2.060771947590747,2.3287519781612067,2.3760678205233816,2.1327969057223672,2.2150532132319944,2.251734309712714,2.354781607219049,1.9640323253416605
Dutch,1.8804400992496442,2.4201643908113377,2.3008942850225087,2.762203346238975,2.385150939746608,2.5077352377362163,2.66532386911524,2.336379960681397,2.4245173827468958,2.1953399339671327,0,2.245504209246386,2.363301410373009,2.399177435877636,2.2162411841982776,2.314624763114848,2.796924588872531,2.715469422881595,2.341847408869303,2.357503378567257,2.2867211363919138,2.584697391304334,2.6066139013194225,2.479827356777639,2.6502378077778603,2.203044990373649,2.3857372145145144,2.36925727255836,2.3739561001575993,2.5087106535882735,2.3737244573711584,2.4622003310039267,2.4772743177240173,2.487635851638705,2.241559891635976,2.43435050657139,2.417504471312279,2.2899827779396262,2.3503080353825787,2.38545544961894,2.4492284495690857,2.166766092317277
English,2.307913452852114,2.5941704628512205,2.456702667972326,2.878660683860501,2.5697252792988716,2.6097007201513907,2.729251984684481,2.493494502110411,2.4874956107963144,2.158452733331591,2.245504209246386,0,2.413719558673817,2.4628705434859133,2.4300660091470667,2.5280677126808073,2.8622289629664333,2.841207974956039,2.4403533518024862,2.367627288354025,2.366246153628029,2.7930694856418756,2.7127709245454925,2.650588577080083,2.733364344740553,2.3449542935347827,2.4722578827300623,2.5037806457556875,2.5123548881456266,2.5801783386715917,2.41116894195801,2.562121203194461,2.6067558434986364,2.6509271913957364,2.410936414756074,2.519415991632778,2.6059693738014023,2.415241032211188,2.5126998077065785,2.5341044313701557,2.601810840929387,2.262795191577369
French,2.451051291416913,2.2805081697429945,2.174107974588236,2.6558272445556628,2.2609991664945013,2.4004072678611448,2.3938497192475103,2.2148249058000533,2.292463678501694,2.2699179534501375,2.363301410373009,2.413719558673817,0,2.1588765231744,2.5036883646422816,2.193313104687181,2.747728021299431,2.651166932346137,2.4194355412253263,2.251165129845152,1.9386115661459726,2.495188425865343,2.500374585028979,2.3869367941392685,2.5294684513856005,2.016950152781069,2.6028614950702256,2.2444339667176703,2.2935565851942075,2.351249216168591,2.1046792162414385,2.242506999463394,2.355707179897077,2.381213228719392,2.0642593377149385,2.335839943803358,2.3010263637195054,1.9824676780152284,2.555283550085019,2.2250742748584895,2.3483007320172185,1.9827978399295147
Galician,2.469266099426621,2.3370214351980296,2.191895045637108,2.677850571793547,2.3030698559678897,2.4226891135962205,2.229773873617067,2.2701626353584348,2.357916131864375,2.310959819931667,2.399177435877636,2.4628705434859133,2.1588765231744,0,2.5558348511091937,2.274193708677993,2.7674929246840283,2.665810728972738,2.3704721774324375,2.2957410917813004,1.8594510976060754,2.599792162110491,2.5380282960137492,2.3985107468961537,2.5917085973821568,2.0516465481066892,2.6102695779573484,2.3145111923340815,2.305081405255659,2.406929322744391,1.8445431904224188,2.244153072149843,2.4134897435644524,2.4292621925466893,2.0683311551644783,2.3823508814098604,2.423471523081336,1.5977388037289455,2.499126474484162,2.304377123231265,2.399894935390885,2.034362337933549
German,2.3899185070634124,2.6044661630251977,2.4057080305655556,2.8359105260362694,2.493267434713849,2.6202939777867096,2.774532887655336,2.4771798809665584,2.611789781419966,2.2282401818024,2.2162411841982776,2.4300660091470667,2.5036883646422816,2.5558348511091937,0,2.428243023122233,2.9314116640593153,2.828028934992145,2.446504326552642,2.490008272795923,2.363857308456153,2.6922656482736147,2.644940720464357,2.6332590383657406,2.7764365689528785,2.367782778132062,2.5612756721356305,2.540478224015513,2.4884749372592805,2.6260187705466675,2.6162983411576457,2.5315176883313977,2.643709154984199,2.609816812415859,2.4301806841392852,2.5887331064128443,2.548628188121087,2.453940628698814,2.471266570231418,2.516579347364387,2.6125762789238403,2.2808929292443345
Greek,2.4487239125344806,2.3414396651914173,2.1754515762573683,2.6188397729357975,2.3133091836827124,2.353022112276203,2.556324397941559,2.189267956751912,2.330226640868361,2.2396301258101503,2.314624763114848,2.5280677126808073,2.193313104687181,2.274193708677993,2.428243023122233,0,2.733385807994053,2.591387405922456,2.3936782051492256,2.215259319133432,2.0821084607548914,2.530152023312892,2.4533706851858947,2.4030295182193857,2.539837506013463,2.0404265799487318,2.5836919700745073,2.20928365674079,2.2916628469556177,2.3886827619850024,2.2524681290832467,2.3093108298210265,2.3968081474619605,2.411790156157931,2.0457209515703374,2.3598490578819677,2.357509396855059,2.1113294589168765,2.5256979059034155,2.252810431612227,2.333341143210001,2.003907817058761
Gujarati,2.8751327498003554,2.845292598967284,2.672138400878865,2.6515426109902758,2.7046977167190005,2.8108691945831907,2.97652501596884,2.689519676105544,2.7363400678959326,2.7467643844267764,2.796924588872531,2.8622289629664333,2.747728021299431,2.7674929246840283,2.9314116640593153,2.733385807994053,0,2.2610857475192265,2.8955993124625996,2.802895895841015,2.5581181783745564,3.001917065747426,2.8206366139661134,2.792617397674536,2.203094315451208,2.259283958468715,2.988497137428199,2.6901479681637337,2.7096097453449564,2.752508143745171,2.8248022216916655,2.7881928615834384,2.8445218945083064,2.827741850276164,2.529556589483268,2.825605433705479,2.8181128409625233,2.655059718279181,2.9650318005894745,2.734376839765526,2.477114806040712,2.54124045403946
Hindi,2.8051822372092943,2.739270980579691,2.596887941921649,2.5371460664190324,2.703794367200604,2.7284760838739013,2.9138074506608147,2.652913792109346,2.7118480391404516,2.63458190829536,2.715469422881595,2.841207974956039,2.651166932346137,2.665810728972738,2.828028934992145,2.591387405922456,2.2610857475192265,0,2.7879938575228556,2.6569726221762293,2.5061334519591973,2.9673272183157273,2.8237881281035984,2.69919294913873,2.2593255955626637,2.1295947810340734,2.901560777293283,2.5468370106960507,2.6282068548770767,2.75158828514416,2.7398415812121204,2.686470745805907,2.7924029997935556,2.822040533241039,2.442633760762118,2.773884776189673,2.7678775047470223,2.545783724828002,2.882482156700165,2.6802115908586446,2.0927543060211673,2.4564091201718186
Icelandic,2.2840775492740955,2.511461950461148,2.26066409826726,2.8206352604116285,2.3805962893980057,2.557617670897452,2.693488888044666,2.4190041029316407,2.46309933311115,2.117779339992585,2.341847408869303,2.4403533518024862,2.4194355412253263,2.3704721774324375,2.446504326552642,2.3936782051492256,2.8955993124625996,2.7879938575228556,0,2.394710095422935,2.316311135641675,2.5663389270256713,2.4991532097395184,2.5151142837847837,2.7165754087428744,2.3234703876756355,2.2954349105341785,2.419696122299486,2.367871527595949,2.5397913976813973,2.441500492082868,2.4771189259991115,2.4605410877162104,2.47455620573196,2.2516338200908397,2.4772333345485142,2.500269666494088,2.3901045428072325,2.3252763415221684,2.351275868712073,2.5296930086819844,2.2414222432507107
Irish,2.4779951669690172,2.287861101863616,2.105582167754179,2.6932233967645893,2.27274800468279,2.433252022470999,2.639888731462721,2.2314466578175107,2.3205374986323766,2.2486438598627037,2.357503378567257,2.367627288354025,2.251165129845152,2.2957410917813004,2.490008272795923,2.215259319133432,2.802895895841015,2.6569726221762293,2.394710095422935,0,2.1069621832701757,2.51091083760206,2.494931889009963,2.3911143025373964,2.5978671335041392,1.975398503884283,2.6945883566971793,2.2112682320743846,2.238037578593838,2.340780327092791,2.212596961359262,2.3436324325591755,2.376309225642903,2.4647384085059714,1.9977629498584475,2.3451448599145137,2.369534293574318,2.0849619807094872,2.5006231447811045,2.249783358180466,2.344451979389494,1.8784125770192523
Italian,2.283327471707453,2.2046198190485313,2.3420597524015547,2.4828007888290404,2.3499180198537237,2.1983484376409286,2.121734949882204,2.1008592978782206,2.3011318648417842,2.1135392290806463,2.2867211363919138,2.366246153628029,1.9386115661459726,1.8594510976060754,2.363857308456153,2.0821084607548914,2.5581181783745564,2.5061334519591973,2.316311135641675,2.1069621832701757,0,2.5984957914996576,2.6934926642992325,2.2931556789052396,2.3598112031880145,2.086596547872786,2.3436319492027677,2.1206161969216986,2.377339726307006,2.472231438337569,1.9885987051937741,1.968202861553466,2.3615634208950964,2.3047987044279057,2.090629071193936,2.2307658404526394,2.265731902459832,1.8294845806330147,2.379742669947281,2.239080843212992,2.286511299058688,2.0923572582779477
Latvian,2.5437205810255716,2.667284441446991,2.5976557524594286,2.8982954726005374,2.446335522867162,2.5992422485650044,2.8333453430650697,2.4837463323329234,2.440865463936002,2.531495835632232,2.584697391304334,2.7930694856418756,2.495188425865343,2.599792162110491,2.6922656482736147,2.530152023312892,3.001917065747426,2.9673272183157273,2.5663389270256713,2.51091083760206,2.5984957914996576,0,2.276561962908173,2.555331362732808,2.815958010922218,2.6240310396008777,2.6472748516115607,2.5669834685727775,2.658883856092523,2.5179522118153783,2.582578807266969,2.653319061499811,2.4495345863818225,2.451317561300829,2.5449435601999317,2.4508091652840873,2.5264502685348837,2.6386942489798866,2.767278726312503,2.44186324232592,2.7148512514543413,2.55273012427722
Lithuanian,2.5462555368987623,2.6428169615949884,2.7649701744029866,2.806424701686642,2.5261836634813246,2.4820239437746623,2.6854440892451876,2.3942517563102412,2.4992806532926117,2.5073000742906153,2.6066139013194225,2.7127709245454925,2.500374585028979,2.5380282960137492,2.644940720464357,2.4533706851858947,2.8206366139661134,2.8237881281035984,2.4991532097395184,2.494931889009963,2.6934926642992325,2.276561962908173,0,2.5307465104686973,2.7454547328175756,2.681742033008173,2.5143859929451717,2.5318029923417766,2.678473771897368,2.6884917592877713,2.6142208846794976,2.564638148726703,2.50184750133037,2.3927841213836043,2.6035654323527044,2.4775169571628446,2.4745599625270596,2.5814508454554614,2.66323280126362,2.4212701425285794,2.6812028508461063,2.7568313674009772
Macedonian,2.5053658083372103,2.4873813503788496,2.4059630602804205,2.6984557395081215,1.796379906446659,1.9924007259037475,2.6635017795932874,1.946773743377754,2.1928453123110154,2.417153675598936,2.479827356777639,2.650588577080083,2.3869367941392685,2.3985107468961537,2.6332590383657406,2.4030295182193857,2.792617397674536,2.69919294913873,2.5151142837847837,2.3911143025373964,2.2931556789052396,2.555331362732808,2.5307465104686973,0,2.6482058715450054,2.289276315038154,2.6509782508474866,2.3820246131812692,2.44944435376747,2.2047856638447736,2.4228976634574977,2.4520888287298863,2.0632847852916902,1.7908367216708614,2.259179439219648,2.118101464267019,2.202680837408737,2.3203754900578506,2.6267914400253463,1.9855511023189836,2.4661207006227124,2.303736115519085
Marathi,2.768241098658246,2.616420609207611,2.4399899297946566,2.583216510037182,2.552352405504317,2.6769987352846956,2.8329712692660185,2.5130908252329096,2.5896579569158877,2.6232043769684297,2.6502378077778603,2.733364344740553,2.5294684513856005,2.5917085973821568,2.7764365689528785,2.539837506013463,2.203094315451208,2.2593255955626637,2.7165754087428744,2.5978671335041392,2.3598112031880145,2.815958010922218,2.7454547328175756,2.6482058715450054,0,2.109457591987477,2.9044319834139607,2.50440628077735,2.542605473108581,2.6018754453075865,2.592632922361485,2.6200034423161855,2.651529209794603,2.691391034244858,2.297222879635833,2.647585075853911,2.673946066390578,2.44318805003332,2.834248041752686,2.5544115991382967,2.3729058361043425,2.3044394101598855
Nepali,2.201228236467902,2.1881362727264038,2.269245866826316,2.108676569784747,2.3386347781532697,2.243182396445971,2.403038231962202,2.100817891463486,2.20620618620867,2.010854934471225,2.203044990373649,2.3449542935347827,2.016950152781069,2.0516465481066892,2.367782778132062,2.0404265799487318,2.259283958468715,2.1295947810340734,2.3234703876756355,1.975398503884283,2.086596547872786,2.6240310396008777,2.681742033008173,2.289276315038154,2.109457591987477,0,2.332556550208789,1.9867558037003001,2.254439980038335,2.440532927431226,2.1426352322389866,2.2309216922991832,2.3559672390281388,2.339821034271207,1.8928373263478704,2.1887174655628616,2.22614006739767,1.9833882507812848,2.364414927472426,2.2304669456842845,1.9104769386498106,2.0605014991368975
Norwegian,2.453324432473538,2.6649764999043564,2.3465878799667945,2.9600662291430857,2.437592569883039,2.6967146873645356,2.7933698590538256,2.531594490277434,2.54648076176762,2.259118969972471,2.3857372145145144,2.4722578827300623,2.6028614950702256,2.6102695779573484,2.5612756721356305,2.5836919700745073,2.988497137428199,2.901560777293283,2.2954349105341785,2.6945883566971793,2.3436319492027677,2.6472748516115607,2.5143859929451717,2.6509782508474866,2.9044319834139607,2.332556550208789,0,2.6514684541473548,2.5009349586840592,2.488578562628949,2.5263148750693087,2.5956096292027904,2.5821247146052597,2.616533633128495,2.3931940282935904,2.5972079970925894,2.6258705393930026,2.4546317412999716,2.1035939744252814,2.4900102796703028,2.6372689898516284,2.2886696045654684
Pashto,2.417102106963271,2.296304570987678,2.14052888781412,2.6549483621256496,2.2731052457678955,2.448445084590888,2.6572952488969928,2.234661209836028,2.31615270422532,2.2964205454969533,2.36925727255836,2.5037806457556875,2.2444339667176703,2.3145111923340815,2.540478224015513,2.20928365674079,2.6901479681637337,2.5468370106960507,2.419696122299486,2.2112682320743846,2.1206161969216986,2.5669834685727775,2.5318029923417766,2.3820246131812692,2.50440628077735,1.9867558037003001,2.6514684541473548,0,2.117251113770321,2.390671115321659,2.2819609085332377,2.3436155827897927,2.3882748824595166,2.4131365903930555,1.9792528882167175,2.3739482483882246,2.372186977740082,2.1304074779974735,2.5694139986590883,2.272450414757512,2.2294748304076872,2.0124677442378927
Persian,2.3730523370818606,2.397011927794534,2.309742446143296,2.675836709811209,2.399008029849434,2.4409737695901352,2.5961283458332827,2.3025810805696416,2.410080882413837,2.2622629973803896,2.3739561001575993,2.5123548881456266,2.2935565851942075,2.305081405255659,2.4884749372592805,2.2916628469556177,2.7096097453449564,2.6282068548770767,2.367871527595949,2.238037578593838,2.377339726307006,2.658883856092523,2.678473771897368,2.44944435376747,2.542605473108581,2.254439980038335,2.5009349586840592,2.117251113770321,0,2.56151806054568,2.378621761724739,2.3961592867193553,2.472968964384905,2.4271989110262973,2.23132415748595,2.375936687185873,2.4144886803890784,2.291529455449543,2.4857622745817993,2.326127144879909,2.301538252830538,2.288901993575827
Polish,2.455218933003518,2.5150338365535156,2.569201389224606,2.68150975295629,2.1161936136418134,2.191519456112395,2.6072928819726315,2.0553033863932115,2.077789007177208,2.331856554174276,2.5087106535882735,2.5801783386715917,2.351249216168591,2.406929322744391,2.6260187705466675,2.3886827619850024,2.752508143745171,2.75158828514416,2.5397913976813973,2.340780327092791,2.472231438337569,2.5179522118153783,2.6884917592877713,2.2047856638447736,2.6018754453075865,2.440532927431226,2.488578562628949,2.390671115321659,2.56151806054568,0,2.4215822201201376,2.4469059824906685,2.130904767349012,2.090887626737608,2.377793278238362,1.9076847574986466,2.1669096072000364,2.3741006093606094,2.575880512937878,2.015874353324117,2.5266946335587024,2.428801710998316
Portuguese,2.4305248803013275,2.309936806216061,2.261491014053826,2.6746973232586764,2.3405513998550043,2.427298488711065,2.250472255424714,2.2945053788454306,2.4079737983224,2.2249026065171953,2.3737244573711584,2.41116894195801,2.1046792162414385,1.8445431904224188,2.6162983411576457,2.2524681290832467,2.8248022216916655,2.7398415812121204,2.441500492082868,2.212596961359262,1.9885987051937741,2.582578807266969,2.6142208846794976,2.4228976634574977,2.592632922361485,2.1426352322389866,2.5263148750693087,2.2819609085332377,2.378621761724739,2.4215822201201376,0,2.2626801833989356,2.379128435215487,2.4537718174149625,2.132837528134406,2.3453211551711797,2.3719148617646884,1.7893239607979188,2.4822581009239335,2.3030896399387606,2.387289887283968,2.10479846644337
Romanian,2.4822476394743966,2.426141413260835,2.333920507435079,2.716632201819693,2.382440572185488,2.4492597847234383,2.4419523566117474,2.295680709425707,2.4142960443673713,2.3513605099464856,2.4622003310039267,2.562121203194461,2.242506999463394,2.244153072149843,2.5315176883313977,2.3093108298210265,2.7881928615834384,2.686470745805907,2.4771189259991115,2.3436324325591755,1.968202861553466,2.653319061499811,2.564638148726703,2.4520888287298863,2.6200034423161855,2.2309216922991832,2.5956096292027904,2.3436155827897927,2.3961592867193553,2.4469059824906685,2.2626801833989356,0,2.480069458864661,2.4626908225103126,2.242574999862282,2.432288683976014,2.4501218733041368,2.178521066541008,2.588910371829819,2.3848886237701308,2.5001813576532315,2.1948225994235173
Russian,2.4438524649338462,2.485510143121202,2.400308565111179,2.7343284271460018,1.9278456545324596,2.187491843977116,2.662450641016408,2.069256367330837,2.0935232249420284,2.3705727425467202,2.4772743177240173,2.6067558434986364,2.355707179897077,2.4134897435644524,2.643709154984199,2.3968081474619605,2.8445218945083064,2.7924029997935556,2.4605410877162104,2.376309225642903,2.3615634208950964,2.4495345863818225,2.50184750133037,2.0632847852916902,2.651529209794603,2.3559672390281388,2.5821247146052597,2.3882748824595166,2.472968964384905,2.130904767349012,2.379128435215487,2.480069458864661,0,1.955406127338663,2.2722737286120953,1.986943407392284,2.2174838746561205,2.3609262037270726,2.6207934638410175,1.8128023059747587,2.524938693581395,2.33389842347679
Serbian,2.4822387836016926,2.5066066097021196,2.403128151188433,2.7301499578434347,1.4110663928937583,2.093962540884965,2.7041170032844333,1.6790996271281082,2.0441357293895313,2.406800654844353,2.487635851638705,2.6509271913957364,2.381213228719392,2.4292621925466893,2.609816812415859,2.411790156157931,2.827741850276164,2.822040533241039,2.47455620573196,2.4647384085059714,2.3047987044279057,2.451317561300829,2.3927841213836043,1.7908367216708614,2.691391034244858,2.339821034271207,2.616533633128495,2.4131365903930555,2.4271989110262973,2.090887626737608,2.4537718174149625,2.4626908225103126,1.955406127338663,0,2.3021960669615154,2.005918526388953,2.0177301723983314,2.3677510142430176,2.619038904544064,1.849761643810385,2.5403862898952236,2.3224221067668758
Sinhala,2.2373728989178727,2.07607254633685,2.180896982435069,2.4149320009290105,2.2697215799332398,2.233934269267909,2.410991607179,2.079301203136934,2.168764820750186,2.060771947590747,2.241559891635976,2.410936414756074,2.0642593377149385,2.0683311551644783,2.4301806841392852,2.0457209515703374,2.529556589483268,2.442633760762118,2.2516338200908397,1.9977629498584475,2.090629071193936,2.5449435601999317,2.6035654323527044,2.259179439219648,2.297222879635833,1.8928373263478704,2.3931940282935904,1.9792528882167175,2.23132415748595,2.377793278238362,2.132837528134406,2.242574999862282,2.2722737286120953,2.3021960669615154,0,2.1634252183990115,2.2402992057377107,1.9961797180409329,2.3902493089038974,2.1577636204998054,2.1534097522351985,2.0155515598237277
Slovak,2.4576933754260626,2.4508875527059835,2.2692059727477463,2.6745710468957165,1.915198449193593,2.1621063414596478,2.6384399558800364,1.9294505378552775,1.7797662702748858,2.3287519781612067,2.43435050657139,2.519415991632778,2.335839943803358,2.3823508814098604,2.5887331064128443,2.3598490578819677,2.825605433705479,2.773884776189673,2.4772333345485142,2.3451448599145137,2.2307658404526394,2.4508091652840873,2.4775169571628446,2.118101464267019,2.647585075853911,2.1887174655628616,2.5972079970925894,2.3739482483882246,2.375936687185873,1.9076847574986466,2.3453211551711797,2.432288683976014,1.986943407392284,2.005918526388953,2.1634252183990115,0,2.1173286578142876,2.246274533091025,2.552972774872437,1.9334465137878696,2.438055842421179,2.11547136224796
Slovenian,2.499269742259709,2.455593004493166,2.3870838477169705,2.697854230147942,1.992952176235307,2.1961327475687518,2.717693717308567,1.8952829170858618,2.114241053706984,2.3760678205233816,2.417504471312279,2.6059693738014023,2.3010263637195054,2.423471523081336,2.548628188121087,2.357509396855059,2.8181128409625233,2.7678775047470223,2.500269666494088,2.369534293574318,2.265731902459832,2.5264502685348837,2.4745599625270596,2.202680837408737,2.673946066390578,2.22614006739767,2.6258705393930026,2.372186977740082,2.4144886803890784,2.1669096072000364,2.3719148617646884,2.4501218733041368,2.2174838746561205,2.0177301723983314,2.2402992057377107,2.1173286578142876,0,2.2761683241735824,2.6118630043409494,2.1236853872095467,2.477859641572165,2.216118812512381
Spanish,2.375620431461532,2.248407687209799,2.2497398896949337,2.58919845584458,2.2927942478048107,2.2679621051210033,2.1334436496117513,2.1345601666729834,2.2412393108615403,2.1327969057223672,2.2899827779396262,2.415241032211188,1.9824676780152284,1.5977388037289455,2.453940628698814,2.1113294589168765,2.655059718279181,2.545783724828002,2.3901045428072325,2.0849619807094872,1.8294845806330147,2.6386942489798866,2.5814508454554614,2.3203754900578506,2.44318805003332,1.9833882507812848,2.4546317412999716,2.1304074779974735,2.291529455449543,2.3741006093606094,1.7893239607979188,2.178521066541008,2.3609262037270726,2.3677510142430176,1.9961797180409329,2.246274533091025,2.2761683241735824,0,2.4343096430860496,2.225376051640569,2.2738457977088866,2.0204556651427903
Swedish,2.450235557753308,2.6445214106412234,2.445968643698384,2.8596073767378685,2.534943049776787,2.644230916543128,2.770036997405432,2.497719147177549,2.5610889155605507,2.2150532132319944,2.3503080353825787,2.5126998077065785,2.555283550085019,2.499126474484162,2.471266570231418,2.5256979059034155,2.9650318005894745,2.882482156700165,2.3252763415221684,2.5006231447811045,2.379742669947281,2.767278726312503,2.66323280126362,2.6267914400253463,2.834248041752686,2.364414927472426,2.1035939744252814,2.5694139986590883,2.4857622745817993,2.575880512937878,2.4822581009239335,2.588910371829819,2.6207934638410175,2.619038904544064,2.3902493089038974,2.552972774872437,2.6118630043409494,2.4343096430860496,0,2.5030240277936247,2.5950693211464064,2.3204073346222756
Ukrainian,2.365479539928118,2.367008023567121,2.3464497034921856,2.583020882190227,1.8488463270970306,2.111146831443228,2.56705428605864,1.9014507938545424,1.9642594627999168,2.251734309712714,2.38545544961894,2.5341044313701557,2.2250742748584895,2.304377123231265,2.516579347364387,2.252810431612227,2.734376839765526,2.6802115908586446,2.351275868712073,2.249783358180466,2.239080843212992,2.44186324232592,2.4212701425285794,1.9855511023189836,2.5544115991382967,2.2304669456842845,2.4900102796703028,2.272450414757512,2.326127144879909,2.015874353324117,2.3030896399387606,2.3848886237701308,1.8128023059747587,1.849761643810385,2.1577636204998054,1.9334465137878696,2.1236853872095467,2.225376051640569,2.5030240277936247,0,2.4136469400058735,2.184920730227965
Urdu,2.5387216031979127,2.4181691143019384,2.359402106781716,2.407355065321993,2.4495812396736927,2.448548483906838,2.7016896982767387,2.344186450196135,2.4025389533609274,2.354781607219049,2.4492284495690857,2.601810840929387,2.3483007320172185,2.399894935390885,2.6125762789238403,2.333341143210001,2.477114806040712,2.0927543060211673,2.5296930086819844,2.344451979389494,2.286511299058688,2.7148512514543413,2.6812028508461063,2.4661207006227124,2.3729058361043425,1.9104769386498106,2.6372689898516284,2.2294748304076872,2.301538252830538,2.5266946335587024,2.387289887283968,2.5001813576532315,2.524938693581395,2.5403862898952236,2.1534097522351985,2.438055842421179,2.477859641572165,2.2738457977088866,2.5950693211464064,2.4136469400058735,0,2.198865372700754
Welsh,2.1377406411295907,2.1452813764780467,2.2742447030088417,2.458440641349919,2.366646444033945,2.1777505028771,2.3968573944032756,2.0816624878523133,2.1573179043985955,1.9640323253416605,2.166766092317277,2.262795191577369,1.9827978399295147,2.034362337933549,2.2808929292443345,2.003907817058761,2.54124045403946,2.4564091201718186,2.2414222432507107,1.8784125770192523,2.0923572582779477,2.55273012427722,2.7568313674009772,2.303736115519085,2.3044394101598855,2.0605014991368975,2.2886696045654684,2.0124677442378927,2.288901993575827,2.428801710998316,2.10479846644337,2.1948225994235173,2.33389842347679,2.3224221067668758,2.0155515598237277,2.11547136224796,2.216118812512381,2.0204556651427903,2.3204073346222756,2.184920730227965,2.198865372700754,0
