,Afrikaans,Albanian,Armenian,Bengali,Bosnian,Bulgarian,Catalan,Croatian,Czech,Danish,Dutch,English,French,Galician,German,Greek,Gujarati,Hindi,Icelandic,Irish,Italian,Latvian,Lithuanian,Macedonian,Marathi,Nepali,Norwegian,Pashto,Persian,Polish,Portuguese,Romanian,Russian,Serbian,Sinhala,Slovak,Slovenian,Spanish,Swedish,Ukrainian,Urdu,Welsh
Afrikaans,0,6.48960285666134,5.863272495930871,6.59253967300108,6.0646911700597625,6.525850113840405,6.5166866753246815,6.461167731581865,6.434853919810473,6.386455690689033,5.34282402703361,6.261478449353432,6.486515421634601,6.555306221636873,6.263774676714069,6.663948069309463,6.596667578514308,6.578514979391763,6.122169500255363,6.550256958866611,6.207913524115929,6.084874670511689,5.449634559932363,6.418802774800165,6.668693315282023,6.27739954396816,6.361117730822217,6.504604074307476,6.13881973051646,6.069819899480705,6.487841413247884,6.493916806064373,6.3069397829805105,6.395070587684547,6.279634498207971,6.468109971694426,6.432400415629325,6.592633291861585,6.284834512702917,6.287336884343229,6.536446130721914,5.955288523506651
Albanian,6.48960285666134,0,6.173927010802254,6.722068610135922,6.346496653026072,6.670515849209689,6.60197699370153,6.604885391077735,6.734713926101651,6.592884186217636,6.62053153957015,6.820940844061272,6.470505838981383,6.5318545354510205,6.660441930823183,6.760673728302732,6.829655820854223,6.777285927957648,6.597428457762711,6.4784504402455685,6.36298665090637,6.446629213998276,5.7737685847496865,6.540733377899104,6.745762822933274,6.641060611322329,6.642382242033611,6.626255940058042,6.423404373829735,6.412958795074848,6.546425802712273,6.734288181504814,6.549090575903741,6.563093161971833,6.346636544683736,6.703603692220037,6.585968812278233,6.670370256483798,6.732850547315687,6.57223894237015,6.693617079089334,6.266242296770494
Armenian,5.863272495930871,6.173927010802254,0,6.2755451230311685,6.6181515340579065,6.259646598247778,6.10181424493008,6.317935462897127,6.334124731159792,5.9168017098204695,6.233675970866844,6.39668037862762,5.953962725858816,6.009298668153244,6.245014613391171,6.274651111421042,6.368534137827827,6.395663294547942,6.144552744452145,5.79829587613166,6.62046488482712,6.408785523470522,6.2571839610177395,6.361300278642744,6.1981498934068755,6.628704940265576,5.932347984865319,6.0110278987473365,6.294553803681685,6.5559856752765855,6.216626614378058,6.3550952138975525,6.4045587595238445,6.393009987891118,6.334841449659353,6.197921601130751,6.291091291799241,6.373196815079541,6.233824661230361,6.488562599639126,6.310701743946791,6.6074431947827215
Bengali,6.59253967300108,6.722068610135922,6.2755451230311685,0,6.415191139138713,6.613405014545169,6.570568477100263,6.657002754373199,6.522611232986951,6.613504346526847,6.622557438258783,6.797297047319626,6.5254773082817925,6.591585199780452,6.5725353370336945,6.642720255267079,6.310815497851673,6.149917733162162,6.628773752058885,6.525277954935653,6.337278282254358,6.371895232828075,5.715593266955087,6.62742079959676,6.3677465566553915,5.945172340009045,6.659384213869324,6.580067030492719,6.376573334590427,6.236371918342325,6.536818348779254,6.64803190489096,6.562063853399775,6.640654656828129,6.4193182805498346,6.590775807962267,6.588419523739729,6.659383553132797,6.6695010473005505,6.534489559553104,6.1719717824548335,6.187120185507045
Bosnian,6.0646911700597625,6.346496653026072,6.6181515340579065,6.415191139138713,0,5.792336128143506,6.225616309647689,5.288122210664609,6.020566028844153,6.083374871908311,6.400843313585576,6.59342741995683,6.073290456155389,6.157403812094996,6.389095418093697,6.450802071965266,6.509669180886174,6.563850874466328,6.370663890323553,6.0612627108341925,6.560901137150193,6.329485947608464,6.089453431417947,5.4057040290014005,6.351746930942576,6.750320121723445,6.103717895192504,6.250783681873294,6.52639181071353,6.135434922310724,6.319772431067269,6.492024858802956,5.726366925476659,4.738871134983639,6.545427640792863,5.7223161920299255,5.857742099468588,6.428471705391786,6.385546097377237,5.80264524057257,6.4742537531431585,6.631906424728666
Bulgarian,6.525850113840405,6.670515849209689,6.259646598247778,6.613405014545169,5.792336128143506,0,6.429902367212958,5.823981283930663,6.192640700025087,6.556469276014309,6.623074179335255,6.574006149106778,6.4480905192877636,6.522962869553584,6.564574442782796,6.629771495167216,6.712758280800383,6.6968096297688025,6.600140834200765,6.51302803196354,6.129033684818162,6.234225551659271,5.564042541955357,5.90421248249484,6.684165085868082,6.562275720766741,6.569704377316961,6.601118030236346,6.450767564765001,5.932088093823815,6.556860301421718,6.5977811622027875,6.191908697339631,6.0592902535988875,6.495876946019717,6.171598003063538,6.159745412406598,6.553415977701037,6.549131407818797,6.219607755574402,6.65043458194806,6.108481821788844
Catalan,6.5166866753246815,6.60197699370153,6.10181424493008,6.570568477100263,6.225616309647689,6.429902367212958,0,6.40611091489557,6.390024376506714,6.5831030199098794,6.505377973190844,6.537897161610195,6.3239206962916485,6.15193431936382,6.498647395906796,6.541052011573364,6.567082591124519,6.518978914408802,6.422157968604367,6.4856393029437465,5.81900696142881,6.2049134334979215,5.555409069125302,6.406955634344247,6.591320267929071,6.467334853754227,6.584812131698471,6.595684164271582,6.3052624072942764,6.119530286669368,6.0543649981688805,6.349953463143126,6.360769650897274,6.438863270886137,6.367231263031029,6.456444413048898,6.483086501826989,6.080129305076261,6.520867609386401,6.375141908824805,6.5474228887725285,6.111855715001789
Croatian,6.461167731581865,6.604885391077735,6.317935462897127,6.657002754373199,5.288122210664609,5.823981283930663,6.40611091489557,0,6.210404679513124,6.476187694894237,6.5862677473270805,6.619445529659678,6.417252627328611,6.489469476869934,6.614897436365763,6.645169491092832,6.687210299424469,6.795242727841537,6.605817806863717,6.429944160566096,6.282434389316977,6.332226366602844,5.621056570053923,5.869094059260404,6.560246771271005,6.653052979366309,6.510508135010495,6.549052423405418,6.5468781145155495,5.972498373609129,6.602227784658179,6.575276523572133,6.121420022946942,5.47215513393621,6.558795726936165,5.9905413717122675,5.8452708028894955,6.548620100661711,6.595212684184441,6.073857423797185,6.706955366074327,6.299682633753342
Czech,6.434853919810473,6.734713926101651,6.334124731159792,6.522611232986951,6.020566028844153,6.192640700025087,6.390024376506714,6.210404679513124,0,6.389373958041914,6.593250131939805,6.54677797527508,6.416178820304582,6.461792497397305,6.681346488343846,6.699871212428728,6.683332941826898,6.766716407614176,6.584370548197838,6.380860591497292,6.434644188450247,6.32688988697301,5.854010722884786,6.268277543840282,6.602060216564154,6.541310176525189,6.413877945579719,6.533065632222332,6.533303589146338,6.008436704645803,6.584061990039249,6.550743296662618,6.131945310222873,6.129010223615508,6.486605657726258,5.818464499592399,6.078488732939625,6.5871077940083875,6.487496235845019,6.157356461397763,6.6056300001555925,6.296159386725933
Danish,6.386455690689033,6.592884186217636,5.9168017098204695,6.613504346526847,6.083374871908311,6.556469276014309,6.5831030199098794,6.476187694894237,6.389373958041914,0,6.29183188073437,6.259027524039954,6.546129425560954,6.586647500955422,6.246186108831428,6.605105349425227,6.555036404114404,6.525537469151999,6.166015766171521,6.51363147460806,6.050559795809061,6.118786903388953,5.421263603710116,6.435267055103338,6.648272700289449,6.200892332175879,6.353047022386718,6.628019994269069,6.159693213362561,6.017360007966127,6.4687817537467085,6.504173594565271,6.337969076290229,6.449714330069642,6.324128455851871,6.501082277894249,6.494742689731618,6.511155636135337,6.169623085482006,6.3265751063397255,6.491370758095518,5.84125151640678
Dutch,5.34282402703361,6.62053153957015,6.233675970866844,6.622557438258783,6.400843313585576,6.623074179335255,6.505377973190844,6.5862677473270805,6.593250131939805,6.29183188073437,0,6.400592928558516,6.497186094908345,6.613268194224393,6.188883006454984,6.666327312385251,6.649195733435241,6.649578225834817,6.386354414619754,6.454994831891174,6.379732406702543,6.3187807376433405,5.6927384727908805,6.566947924242236,6.6418582396886965,6.611502655634085,6.313639465144356,6.614419933785493,6.433843987961973,6.312754375251268,6.590275492308319,6.605570140366787,6.503271118474236,6.581925001260616,6.534604644400477,6.577038229995703,6.439039443650547,6.648465159909583,6.295359520391425,6.5407757883786655,6.625858098331578,6.251436560221634
English,6.261478449353432,6.820940844061272,6.39668037862762,6.797297047319626,6.59342741995683,6.574006149106778,6.537897161610195,6.619445529659678,6.54677797527508,6.259027524039954,6.400592928558516,0,6.520358826903034,6.603547579815608,6.397246966118156,6.796033639411159,6.733761314161377,6.759986948841024,6.635209208314176,6.300003095848383,6.385753324746751,6.5183041002188595,5.838823174605755,6.7354256802106045,6.655097905441027,6.668475118742911,6.431763300338592,6.619864852349793,6.541967062659856,6.437085847082607,6.565793286210513,6.711388483090696,6.664983080343804,6.700081822289164,6.660680202248491,6.562443962278214,6.699104498214164,6.747177274184418,6.668571003718177,6.68709722319656,6.8067364927977145,6.282468957372544
French,6.486515421634601,6.470505838981383,5.953962725858816,6.5254773082817925,6.073290456155389,6.4480905192877636,6.3239206962916485,6.417252627328611,6.416178820304582,6.546129425560954,6.497186094908345,6.520358826903034,0,6.44207495000698,6.4908134264945145,6.556940419571266,6.569661518761471,6.6022499301351605,6.462006746378194,6.510726334566762,5.902059030420516,6.061110457236011,5.411532111842815,6.366602378508075,6.563897325786707,6.294461003821425,6.57191143476268,6.529179577029217,6.21207546272835,6.053934101596284,6.328087910697098,6.3559001634725245,6.299471541043831,6.37211954968133,6.340707321590157,6.467899137759562,6.297566098803853,6.310463131025429,6.4643746448312625,6.245625533477948,6.505644932045952,5.97075057746336
Galician,6.555306221636873,6.5318545354510205,6.009298668153244,6.591585199780452,6.157403812094996,6.522962869553584,6.15193431936382,6.489469476869934,6.461792497397305,6.586647500955422,6.613268194224393,6.603547579815608,6.44207495000698,0,6.601826265899958,6.665127944832217,6.677566424402602,6.622138640181367,6.41510537790445,6.523087101538148,5.7074072667881035,6.269855442383864,5.536312158720475,6.435803259394827,6.705080562185587,6.326606887158266,6.677367786137612,6.623438751634377,6.21364614977939,6.198655036315678,5.839553061045492,6.462711120756174,6.38520965463814,6.422116706336645,6.2680736585444885,6.553832953293769,6.480952402452234,5.4313848473342405,6.539439832240918,6.392462125705791,6.602059895597065,5.964683498148479
German,6.263774676714069,6.660441930823183,6.245014613391171,6.5725353370336945,6.389095418093697,6.564574442782796,6.498647395906796,6.614897436365763,6.681346488343846,6.246186108831428,6.188883006454984,6.397246966118156,6.4908134264945145,6.601826265899958,0,6.661833956732574,6.692130839873084,6.73185207297599,6.4710458175803005,6.45200209872494,6.306526920243628,6.357126915687333,5.692418962082645,6.637786220704827,6.67284993244589,6.55952849224313,6.428739320663471,6.612285580872294,6.447843386805116,6.353166993419526,6.6807223122609365,6.595415098232232,6.548611723040717,6.613279428289253,6.625835433041184,6.598837083846205,6.428973263891559,6.597664479787723,6.318754628603784,6.53232841728079,6.658752529711004,6.201180041167537
Greek,6.663948069309463,6.760673728302732,6.274651111421042,6.642720255267079,6.450802071965266,6.629771495167216,6.541052011573364,6.645169491092832,6.699871212428728,6.605105349425227,6.666327312385251,6.796033639411159,6.556940419571266,6.665127944832217,6.661833956732574,0,6.753432415066848,6.616091934832131,6.676634140681125,6.5172178238692515,6.36614985757291,6.438032657641253,5.715326374506647,6.6365107567718,6.689082380173016,6.560684661585886,6.658071826044023,6.594759220757616,6.457877209477759,6.354918643471152,6.619375617155914,6.694036859860572,6.59107534051426,6.651147160990986,6.447468406321317,6.678400676771075,6.575044182410731,6.629858230964454,6.691784799335563,6.5927432014039145,6.609158193276133,6.236543370660701
Gujarati,6.596667578514308,6.829655820854223,6.368534137827827,6.310815497851673,6.509669180886174,6.712758280800383,6.567082591124519,6.687210299424469,6.683332941826898,6.555036404114404,6.649195733435241,6.733761314161377,6.569661518761471,6.677566424402602,6.692130839873084,6.753432415066848,0,5.729970714931523,6.768883056493701,6.576686774047052,6.49399032417103,6.514293052146465,5.806172254884805,6.714460064342378,5.594933830809643,6.254601325613346,6.652738285874691,6.609922365478821,6.527132274079923,6.400026040524555,6.686815112618287,6.7140771392571565,6.665322927703861,6.710636241636223,6.608568858557674,6.6857674557624724,6.549052251119959,6.744180860684771,6.718067870886019,6.646774565068534,6.3338442996219895,6.312220870034994
Hindi,6.578514979391763,6.777285927957648,6.395663294547942,6.149917733162162,6.563850874466328,6.6968096297688025,6.518978914408802,6.795242727841537,6.766716407614176,6.525537469151999,6.649578225834817,6.759986948841024,6.6022499301351605,6.622138640181367,6.73185207297599,6.616091934832131,5.729970714931523,0,6.640836787012979,6.499019841872757,6.548463382908784,6.548149985324733,5.837179466041791,6.653223306784876,5.884022739225924,6.123815226482682,6.604138497662981,6.548543172254134,6.517592219600771,6.501741380163993,6.726871343677287,6.65850058591348,6.68329765946253,6.814583524593733,6.552579257699414,6.714268270890492,6.569129999874277,6.673240750477377,6.637424609047662,6.706440093479293,5.762223481485925,6.359940331482884
Icelandic,6.122169500255363,6.597428457762711,6.144552744452145,6.628773752058885,6.370663890323553,6.600140834200765,6.422157968604367,6.605817806863717,6.584370548197838,6.166015766171521,6.386354414619754,6.635209208314176,6.462006746378194,6.41510537790445,6.4710458175803005,6.676634140681125,6.768883056493701,6.640836787012979,0,6.36574946214344,6.459164980995835,6.3295940860885205,5.715414393109928,6.545473649599591,6.672426724558796,6.650523559026042,6.171892339165667,6.502872570206312,6.3023477503108865,6.377236968870583,6.551007092125958,6.614772078341396,6.501025005034168,6.573009391342347,6.353855844411465,6.585367666583673,6.509124743425647,6.677483462283174,6.186503749316791,6.490135869358549,6.59021390838591,6.275550562518219
Irish,6.550256958866611,6.4784504402455685,5.79829587613166,6.525277954935653,6.0612627108341925,6.51302803196354,6.4856393029437465,6.429944160566096,6.380860591497292,6.51363147460806,6.454994831891174,6.300003095848383,6.510726334566762,6.523087101538148,6.45200209872494,6.5172178238692515,6.576686774047052,6.499019841872757,6.36574946214344,0,6.032774103311296,6.04189357275666,5.340882031956002,6.370557980884263,6.585222526570051,6.141194440894403,6.598356796182322,6.529870614283259,6.067408598694367,5.975671300834279,6.405724608492609,6.432217561677584,6.296754993854712,6.391275676365036,6.20361758629869,6.473148106953394,6.36261244510187,6.411127132492878,6.386447222803605,6.2519043306385775,6.461449968781145,5.691068336075104
Italian,6.207913524115929,6.36298665090637,6.62046488482712,6.337278282254358,6.560901137150193,6.129033684818162,5.81900696142881,6.282434389316977,6.434644188450247,6.050559795809061,6.379732406702543,6.385753324746751,5.902059030420516,5.7074072667881035,6.306526920243628,6.36614985757291,6.49399032417103,6.548463382908784,6.459164980995835,6.032774103311296,0,6.474199284922739,6.191769694995216,6.372932112646196,6.335010135028202,6.607012163119915,6.19900831082504,6.2922785378706685,6.653503970005733,6.606022735246259,5.94376129556408,6.107982959098928,6.495594124048053,6.4161180810489,6.518030154530194,6.2664788538739575,6.315656793867708,5.877895236648862,6.323989396258741,6.485433460445201,6.458011349033609,6.341506814708574
Latvian,6.084874670511689,6.446629213998276,6.408785523470522,6.371895232828075,6.329485947608464,6.234225551659271,6.2049134334979215,6.332226366602844,6.32688988697301,6.118786903388953,6.3187807376433405,6.5183041002188595,6.061110457236011,6.269855442383864,6.357126915687333,6.438032657641253,6.514293052146465,6.548149985324733,6.3295940860885205,6.04189357275666,6.474199284922739,0,5.453006801887916,6.325396884206117,6.393740362078282,6.684846582851024,6.113849912455907,6.32084640542276,6.456991813101935,6.233920581098718,6.3110550204142415,6.459208796307698,6.286392496840639,6.334548738742826,6.508517767182085,6.1705843424397635,6.249279277928899,6.478868004854679,6.376153433229514,6.401492391350124,6.46114146213121,6.480673718239324
Lithuanian,5.449634559932363,5.7737685847496865,6.2571839610177395,5.715593266955087,6.089453431417947,5.564042541955357,5.555409069125302,5.621056570053923,5.854010722884786,5.421263603710116,5.6927384727908805,5.838823174605755,5.411532111842815,5.536312158720475,5.692418962082645,5.715326374506647,5.806172254884805,5.837179466041791,5.715414393109928,5.340882031956002,6.191769694995216,5.453006801887916,0,5.75393432307004,5.703622774327506,6.131166985962202,5.4013495332838195,5.58653322611745,6.096513126543521,6.104625626352876,5.701371473742033,5.782367882790079,5.851988502520486,5.710592209677485,5.970311432443139,5.585728680436708,5.624301323850078,5.755838800477904,5.672129704969469,5.8682544924083455,5.76813411396833,6.368775029844552
Macedonian,6.418802774800165,6.540733377899104,6.361300278642744,6.62742079959676,5.4057040290014005,5.90421248249484,6.406955634344247,5.869094059260404,6.268277543840282,6.435267055103338,6.566947924242236,6.7354256802106045,6.366602378508075,6.435803259394827,6.637786220704827,6.6365107567718,6.714460064342378,6.653223306784876,6.545473649599591,6.370557980884263,6.372932112646196,6.325396884206117,5.75393432307004,0,6.630723606608676,6.6737810085136795,6.441416919202131,6.578937583966647,6.491631538111971,6.087783832330137,6.488052262026555,6.637315404258751,5.827071207145926,5.352063636409053,6.494625075809435,6.08399856865395,6.138987643386643,6.544550428625641,6.548762368177675,5.864353237360637,6.610218196596305,6.372530024453797
Marathi,6.668693315282023,6.745762822933274,6.1981498934068755,6.3677465566553915,6.351746930942576,6.684165085868082,6.591320267929071,6.560246771271005,6.602060216564154,6.648272700289449,6.6418582396886965,6.655097905441027,6.563897325786707,6.705080562185587,6.67284993244589,6.689082380173016,5.594933830809643,5.884022739225924,6.672426724558796,6.585222526570051,6.335010135028202,6.393740362078282,5.703622774327506,6.630723606608676,0,6.21673684185588,6.732975203487719,6.644407370678377,6.3921111913566,6.273670824338203,6.655378768638634,6.628795797064745,6.545296961990569,6.60405474391464,6.487407128138931,6.655023916582178,6.569313580226799,6.672016613731866,6.779955256378303,6.524657544435382,6.387043248254395,6.178027914572931
Nepali,6.27739954396816,6.641060611322329,6.628704940265576,5.945172340009045,6.750320121723445,6.562275720766741,6.467334853754227,6.653052979366309,6.541310176525189,6.200892332175879,6.611502655634085,6.668475118742911,6.294461003821425,6.326606887158266,6.55952849224313,6.560684661585886,6.254601325613346,6.123815226482682,6.650523559026042,6.141194440894403,6.607012163119915,6.684846582851024,6.131166985962202,6.6737810085136795,6.21673684185588,0,6.351561707702404,6.277866041750957,6.540280233772759,6.637964442186715,6.568672618626454,6.65462733463692,6.731767001577393,6.713704655920747,6.522147522571602,6.524971595175722,6.478205139515703,6.6118635658035885,6.601777467979772,6.754001835820296,6.101086233114847,6.487774363100066
Norwegian,6.361117730822217,6.642382242033611,5.932347984865319,6.659384213869324,6.103717895192504,6.569704377316961,6.584812131698471,6.510508135010495,6.413877945579719,6.353047022386718,6.313639465144356,6.431763300338592,6.57191143476268,6.677367786137612,6.428739320663471,6.658071826044023,6.652738285874691,6.604138497662981,6.171892339165667,6.598356796182322,6.19900831082504,6.113849912455907,5.4013495332838195,6.441416919202131,6.732975203487719,6.351561707702404,0,6.674365263291159,6.214767883315064,5.987646055124704,6.5300953296708535,6.562966852499684,6.314032744566258,6.44932214822607,6.377128895162835,6.513461960733961,6.416974145620139,6.554916276929581,5.830941595693119,6.344698689304893,6.562034171453796,6.034989782657781
Pashto,6.504604074307476,6.626255940058042,6.0110278987473365,6.580067030492719,6.250783681873294,6.601118030236346,6.595684164271582,6.549052423405418,6.533065632222332,6.628019994269069,6.614419933785493,6.619864852349793,6.529179577029217,6.623438751634377,6.612285580872294,6.594759220757616,6.609922365478821,6.548543172254134,6.502872570206312,6.529870614283259,6.2922785378706685,6.32084640542276,5.58653322611745,6.578937583966647,6.644407370678377,6.277866041750957,6.674365263291159,0,6.035786668405543,6.244055631422017,6.5915580989681475,6.605463483949803,6.4422870976274424,6.5289441803544195,6.3216649544741434,6.622572902244407,6.501785239386292,6.621723247173426,6.600780970982712,6.47512028034997,6.474151291091947,6.03903433489788
Persian,6.13881973051646,6.423404373829735,6.294553803681685,6.376573334590427,6.52639181071353,6.450767564765001,6.3052624072942764,6.5468781145155495,6.533303589146338,6.159693213362561,6.433843987961973,6.541967062659856,6.21207546272835,6.21364614977939,6.447843386805116,6.457877209477759,6.527132274079923,6.517592219600771,6.3023477503108865,6.067408598694367,6.653503970005733,6.456991813101935,6.096513126543521,6.491631538111971,6.3921111913566,6.540280233772759,6.214767883315064,6.035786668405543,0,6.574918168491763,6.412221150272633,6.556747238939092,6.512409853607536,6.532480431644538,6.51534331445161,6.392591184357022,6.412062153320245,6.518725206745629,6.312514181031469,6.520115766516836,6.284396840762258,6.431002616852742
Polish,6.069819899480705,6.412958795074848,6.5559856752765855,6.236371918342325,6.135434922310724,5.932088093823815,6.119530286669368,5.972498373609129,6.008436704645803,6.017360007966127,6.312754375251268,6.437085847082607,6.053934101596284,6.198655036315678,6.353166993419526,6.354918643471152,6.400026040524555,6.501741380163993,6.377236968870583,5.975671300834279,6.606022735246259,6.233920581098718,6.104625626352876,6.087783832330137,6.273670824338203,6.637964442186715,5.987646055124704,6.244055631422017,6.574918168491763,0,6.280473536072121,6.374744224560491,6.058597030060687,6.029770528461721,6.523981307112294,5.635855292498387,5.9259349584485435,6.39333417036658,6.218418331727154,6.008423436902967,6.3833990542378345,6.559791926049416
Portuguese,6.487841413247884,6.546425802712273,6.216626614378058,6.536818348779254,6.319772431067269,6.556860301421718,6.0543649981688805,6.602227784658179,6.584061990039249,6.4687817537467085,6.590275492308319,6.565793286210513,6.328087910697098,5.839553061045492,6.6807223122609365,6.619375617155914,6.686815112618287,6.726871343677287,6.551007092125958,6.405724608492609,5.94376129556408,6.3110550204142415,5.701371473742033,6.488052262026555,6.655378768638634,6.568672618626454,6.5300953296708535,6.5915580989681475,6.412221150272633,6.280473536072121,0,6.444145642343074,6.390205136609705,6.521039308686105,6.459567171020857,6.525929064779982,6.4580451967001355,5.857470290307532,6.504933663146453,6.417029179844799,6.577883507115998,6.197459159246071
Romanian,6.493916806064373,6.734288181504814,6.3550952138975525,6.64803190489096,6.492024858802956,6.5977811622027875,6.349953463143126,6.575276523572133,6.550743296662618,6.504173594565271,6.605570140366787,6.711388483090696,6.3559001634725245,6.462711120756174,6.595415098232232,6.694036859860572,6.7140771392571565,6.65850058591348,6.614772078341396,6.432217561677584,6.107982959098928,6.459208796307698,5.782367882790079,6.637315404258751,6.628795797064745,6.65462733463692,6.562966852499684,6.605463483949803,6.556747238939092,6.374744224560491,6.444145642343074,0,6.597366138972856,6.653787775752064,6.607745928297813,6.578009825932397,6.580601126048612,6.5616979986479915,6.671918358884031,6.677028364481931,6.728849305740774,6.313300084625783
Russian,6.3069397829805105,6.549090575903741,6.4045587595238445,6.562063853399775,5.726366925476659,6.191908697339631,6.360769650897274,6.121420022946942,6.131945310222873,6.337969076290229,6.503271118474236,6.664983080343804,6.299471541043831,6.38520965463814,6.548611723040717,6.59107534051426,6.665322927703861,6.68329765946253,6.501025005034168,6.296754993854712,6.495594124048053,6.286392496840639,5.851988502520486,5.827071207145926,6.545296961990569,6.731767001577393,6.314032744566258,6.4422870976274424,6.512409853607536,6.058597030060687,6.390205136609705,6.597366138972856,0,5.787583019454166,6.484694473831696,5.9400686124718165,6.175939885400696,6.536454833375291,6.502184845355257,5.580162489800721,6.603821660845336,6.452976662417125
Serbian,6.395070587684547,6.563093161971833,6.393009987891118,6.640654656828129,4.738871134983639,6.0592902535988875,6.438863270886137,5.47215513393621,6.129010223615508,6.449714330069642,6.581925001260616,6.700081822289164,6.37211954968133,6.422116706336645,6.613279428289253,6.651147160990986,6.710636241636223,6.814583524593733,6.573009391342347,6.391275676365036,6.4161180810489,6.334548738742826,5.710592209677485,5.352063636409053,6.60405474391464,6.713704655920747,6.44932214822607,6.5289441803544195,6.532480431644538,6.029770528461721,6.521039308686105,6.653787775752064,5.787583019454166,0,6.597612535190672,5.950485391557785,5.948775146773108,6.562975520268094,6.610110696353404,5.821590982791305,6.692041683007886,6.373393580048728
Sinhala,6.279634498207971,6.346636544683736,6.334841449659353,6.4193182805498346,6.545427640792863,6.495876946019717,6.367231263031029,6.558795726936165,6.486605657726258,6.324128455851871,6.534604644400477,6.660680202248491,6.340707321590157,6.2680736585444885,6.625835433041184,6.447468406321317,6.608568858557674,6.552579257699414,6.353855844411465,6.20361758629869,6.518030154530194,6.508517767182085,5.970311432443139,6.494625075809435,6.487407128138931,6.522147522571602,6.377128895162835,6.3216649544741434,6.51534331445161,6.523981307112294,6.459567171020857,6.607745928297813,6.484694473831696,6.597612535190672,0,6.47499840915514,6.5037984122598695,6.498048052481505,6.498442507038047,6.560958034799096,6.488284536391608,6.377889286480971
Slovak,6.468109971694426,6.703603692220037,6.197921601130751,6.590775807962267,5.7223161920299255,6.171598003063538,6.456444413048898,5.9905413717122675,5.818464499592399,6.501082277894249,6.577038229995703,6.562443962278214,6.467899137759562,6.553832953293769,6.598837083846205,6.678400676771075,6.6857674557624724,6.714268270890492,6.585367666583673,6.473148106953394,6.2664788538739575,6.1705843424397635,5.585728680436708,6.08399856865395,6.655023916582178,6.524971595175722,6.513461960733961,6.622572902244407,6.392591184357022,5.635855292498387,6.525929064779982,6.578009825932397,5.9400686124718165,5.950485391557785,6.47499840915514,0,6.115358953718837,6.563387965817956,6.539699888933579,5.977169892349808,6.645828088411749,6.189378776218638
Slovenian,6.432400415629325,6.585968812278233,6.291091291799241,6.588419523739729,5.857742099468588,6.159745412406598,6.483086501826989,5.8452708028894955,6.078488732939625,6.494742689731618,6.439039443650547,6.699104498214164,6.297566098803853,6.480952402452234,6.428973263891559,6.575044182410731,6.549052251119959,6.569129999874277,6.509124743425647,6.36261244510187,6.315656793867708,6.249279277928899,5.624301323850078,6.138987643386643,6.569313580226799,6.478205139515703,6.416974145620139,6.501785239386292,6.412062153320245,5.9259349584485435,6.4580451967001355,6.580601126048612,6.175939885400696,5.948775146773108,6.5037984122598695,6.115358953718837,0,6.426825796748198,6.594491153864304,6.283466106436273,6.5855379583324565,6.280471057346669
Spanish,6.592633291861585,6.670370256483798,6.373196815079541,6.659383553132797,6.428471705391786,6.553415977701037,6.080129305076261,6.548620100661711,6.5871077940083875,6.511155636135337,6.648465159909583,6.747177274184418,6.310463131025429,5.4313848473342405,6.597664479787723,6.629858230964454,6.744180860684771,6.673240750477377,6.677483462283174,6.411127132492878,5.877895236648862,6.478868004854679,5.755838800477904,6.544550428625641,6.672016613731866,6.6118635658035885,6.554916276929581,6.621723247173426,6.518725206745629,6.39333417036658,5.857470290307532,6.5616979986479915,6.536454833375291,6.562975520268094,6.498048052481505,6.563387965817956,6.426825796748198,0,6.6784364139113945,6.543592620184762,6.672318322751181,6.3096064406421535
Swedish,6.284834512702917,6.732850547315687,6.233824661230361,6.6695010473005505,6.385546097377237,6.549131407818797,6.520867609386401,6.595212684184441,6.487496235845019,6.169623085482006,6.295359520391425,6.668571003718177,6.4643746448312625,6.539439832240918,6.318754628603784,6.691784799335563,6.718067870886019,6.637424609047662,6.186503749316791,6.386447222803605,6.323989396258741,6.376153433229514,5.672129704969469,6.548762368177675,6.779955256378303,6.601777467979772,5.830941595693119,6.600780970982712,6.312514181031469,6.218418331727154,6.504933663146453,6.671918358884031,6.502184845355257,6.610110696353404,6.498442507038047,6.539699888933579,6.594491153864304,6.6784364139113945,0,6.564341808017734,6.652504965999888,6.2195844563569604
Ukrainian,6.287336884343229,6.57223894237015,6.488562599639126,6.534489559553104,5.80264524057257,6.219607755574402,6.375141908824805,6.073857423797185,6.157356461397763,6.3265751063397255,6.5407757883786655,6.68709722319656,6.245625533477948,6.392462125705791,6.53232841728079,6.5927432014039145,6.646774565068534,6.706440093479293,6.490135869358549,6.2519043306385775,6.485433460445201,6.401492391350124,5.8682544924083455,5.864353237360637,6.524657544435382,6.754001835820296,6.344698689304893,6.47512028034997,6.520115766516836,6.008423436902967,6.417029179844799,6.677028364481931,5.580162489800721,5.821590982791305,6.560958034799096,5.977169892349808,6.283466106436273,6.543592620184762,6.564341808017734,0,6.642542007918279,6.461383384737954
Urdu,6.536446130721914,6.693617079089334,6.310701743946791,6.1719717824548335,6.4742537531431585,6.65043458194806,6.5474228887725285,6.706955366074327,6.6056300001555925,6.491370758095518,6.625858098331578,6.8067364927977145,6.505644932045952,6.602059895597065,6.658752529711004,6.609158193276133,6.3338442996219895,5.762223481485925,6.59021390838591,6.461449968781145,6.458011349033609,6.46114146213121,5.76813411396833,6.610218196596305,6.387043248254395,6.101086233114847,6.562034171453796,6.474151291091947,6.284396840762258,6.3833990542378345,6.577883507115998,6.728849305740774,6.603821660845336,6.692041683007886,6.488284536391608,6.645828088411749,6.5855379583324565,6.672318322751181,6.652504965999888,6.642542007918279,0,6.273385680652289
Welsh,5.955288523506651,6.266242296770494,6.6074431947827215,6.187120185507045,6.631906424728666,6.108481821788844,6.111855715001789,6.299682633753342,6.296159386725933,5.84125151640678,6.251436560221634,6.282468957372544,5.97075057746336,5.964683498148479,6.201180041167537,6.236543370660701,6.312220870034994,6.359940331482884,6.275550562518219,5.691068336075104,6.341506814708574,6.480673718239324,6.368775029844552,6.372530024453797,6.178027914572931,6.487774363100066,6.034989782657781,6.03903433489788,6.431002616852742,6.559791926049416,6.197459159246071,6.313300084625783,6.452976662417125,6.373393580048728,6.377889286480971,6.189378776218638,6.280471057346669,6.3096064406421535,6.2195844563569604,6.461383384737954,6.273385680652289,0
