,Afrikaans,Albanian,Armenian,Bengali,Bosnian,Bulgarian,Catalan,Croatian,Czech,Danish,Dutch,English,French,Galician,German,Greek,Gujarati,Hindi,Icelandic,Irish,Italian,Latvian,Lithuanian,Macedonian,Marathi,Nepali,Norwegian,Pashto,Persian,Polish,Portuguese,Romanian,Russian,Serbian,Sinhala,Slovak,Slovenian,Spanish,Swedish,Ukrainian,Urdu,Welsh
Afrikaans,0,1.4178339362427614,1.3799722271413843,1.6215974928439445,1.404071907313031,1.449500850393644,1.5814687193056545,1.3666212329713616,1.3885811273611217,1.2847796989855946,1.0534253994894986,1.3055308460256152,1.3912263038872057,1.3887440337848571,1.346822090433745,1.3807141527152245,1.6280919204152957,1.5960850432491918,1.2976347573451266,1.4087494204274194,1.3769292106725628,1.5068524216045531,1.7024024136718163,1.439565876215434,1.5580791188293528,1.2944065419465258,1.385802756419351,1.3665796998129887,1.4157722405699744,1.4919889608140988,1.372478070602612,1.4230105104493467,1.427022993610129,1.4314619449729666,1.3047351539552554,1.4038123497736608,1.4512228929756017,1.3482345488706011,1.3776524903728167,1.3869916337904655,1.4414395047590782,1.3141379897790675
Albanian,1.4178339362427614,0,1.333526997335036,1.5202626306378713,1.3671154887159105,1.3842149593690718,1.4968725702156025,1.290358151286869,1.37281756016989,1.3561984565322251,1.3534670885485942,1.4302981315617536,1.2932148677784137,1.3174067421883506,1.451517146951056,1.2858968198276477,1.5793468176399081,1.5249489999471013,1.395191976220597,1.3324847905092703,1.2684762127775828,1.5066576456028127,1.6769106103858835,1.3791832781152498,1.4650778928682786,1.2200136718744834,1.5142376705140899,1.2986159486078137,1.3681689937185146,1.4564734883643462,1.2883717195854902,1.3440133893178547,1.385411258108671,1.395116389235694,1.1738702615775953,1.3608379251378528,1.3897239048533587,1.243048393488431,1.4628539513417096,1.3126533315573132,1.3449417850169,1.251420478067952
Armenian,1.3799722271413843,1.333526997335036,0,1.5027333524488444,1.3404139762785374,1.3806867971179884,1.4962924730193154,1.3018061773478018,1.3638859848266283,1.3598775307686357,1.3517150494676258,1.408520040312221,1.3385709049002519,1.3366865297478732,1.4120398946007777,1.2791790445936673,1.5630240725313147,1.5166684317888068,1.310231759117812,1.3440917599821753,1.2993844635498641,1.4317805878660521,1.5719155908746167,1.3712216924458365,1.4717776303026808,1.2691592034080028,1.4611602572010844,1.2988521305054337,1.306858231509251,1.426915246306692,1.3218339595661144,1.3512492297935035,1.3624911717957522,1.3652119916660346,1.2336383323472868,1.3501089728615632,1.4089371846121745,1.3037319576390258,1.4283939441845401,1.315626912003281,1.3735713133526661,1.2436416127455765
Bengali,1.6215974928439445,1.5202626306378713,1.5027333524488444,0,1.513925906328992,1.5271361165305537,1.6246933145544487,1.4454688303007888,1.524943933941255,1.5519772343656746,1.54452009217978,1.574659214090021,1.523510359566692,1.5152731487155346,1.6003965706193137,1.4577755299957762,1.4608960428809852,1.424511633744355,1.56926680857454,1.5708792603947541,1.4397359811381465,1.6598682592534362,1.797167236814629,1.5106978262875008,1.439673818274293,1.1871054174027706,1.6799470898987605,1.4924268081627334,1.5373319901454456,1.5651024955532085,1.4944524674129684,1.5211109070079465,1.5471199324603182,1.52838385423772,1.3622762092503742,1.5157599041815688,1.526740199130335,1.4360984878903316,1.5809259926277848,1.4698751269365256,1.3234926226859285,1.4471504614546982
Bosnian,1.404071907313031,1.3671154887159105,1.3404139762785374,1.513925906328992,0,1.1528682120397928,1.531918485020001,0.9152828905558321,1.148110218797433,1.3811597284557142,1.369244292467266,1.4499710357690978,1.3632240542003564,1.3728167874727661,1.430264827997012,1.3317158444197015,1.5524887600287514,1.5426439607330207,1.3485169124195593,1.4181021043414512,1.2912981648943054,1.3461530393905652,1.464736673786892,1.0053617291942942,1.5088619807806323,1.283764681191447,1.4806437866180284,1.3559952858244328,1.3425139021315444,1.1674684230418115,1.340084536204809,1.3479756474766798,1.072342980667379,0.7839398446630018,1.2619220853465232,1.1102589038268074,1.1565236357030109,1.3040981849871252,1.4456936764230144,1.0136267973189297,1.399792782069873,1.2926722710915142
Bulgarian,1.449500850393644,1.3842149593690718,1.3806867971179884,1.5271361165305537,1.1528682120397928,0,1.5062124697488335,1.0360340346963324,1.2148819662659065,1.3889398851646408,1.3861357018999647,1.4426773191168492,1.3643864980970803,1.3612469822950386,1.4501159883079302,1.3072396519892513,1.5600439965422566,1.5113753688653846,1.4197100471078306,1.4061554824813902,1.2668140099495724,1.4826065174319707,1.5895049216104318,1.0866615673624125,1.4909507742463595,1.260060200328954,1.5244942874745826,1.3829967081016739,1.3909618327296713,1.270259131795104,1.3388447155173002,1.3573217723503728,1.2194427960665242,1.1459602491682033,1.2538739429483965,1.1939558691906123,1.2453905784412427,1.2559875736193582,1.4691959982648828,1.1725941439215826,1.357221544881146,1.277278386418369
Catalan,1.5814687193056545,1.4968725702156025,1.4962924730193154,1.6246933145544487,1.531918485020001,1.5062124697488335,0,1.4503902961333148,1.5257271238437737,1.512596193163033,1.5131745812143644,1.5341310038564988,1.3702679843268255,1.2383634858251802,1.5903806077688871,1.4409035043284895,1.6945416872333243,1.6657899801042517,1.5431579136980798,1.535399624690217,1.2588693593335896,1.6541786336920428,1.7633576503525394,1.5282805301497149,1.6096183362851293,1.3877421822903329,1.5698577017953665,1.5082864323841996,1.5283139216154866,1.5635603343243594,1.262682843402953,1.3772343827524354,1.5448632093711017,1.5468413658108586,1.3961369698861517,1.5034369403693892,1.5516225357987155,1.1820198100876553,1.553437666973337,1.4859913564418825,1.5210303723527552,1.4403226294863969
Croatian,1.3666212329713616,1.290358151286869,1.3018061773478018,1.4454688303007888,0.9152828905558321,1.0360340346963324,1.4503902961333148,0,1.0822880240185395,1.2830850613446732,1.2963974025267238,1.3700329510688585,1.2616642062226497,1.2835959834878425,1.3652776551287844,1.2144937639894182,1.4861833145765164,1.4599836904916204,1.3372374180582198,1.3064634095931444,1.1887288301628383,1.3872010639395322,1.4997422243141714,1.066323264631853,1.4092672396175254,1.1688766135281365,1.443490069714802,1.2665249764767463,1.2938509172408066,1.1647691077777014,1.2562470945250728,1.2721129095655364,1.1421051166057132,0.8953487714080393,1.1553969685217702,1.0654502043434126,1.0645923268709128,1.1798102914525925,1.382979275707883,1.0463355600915398,1.288899322018512,1.196441941793181
Czech,1.3885811273611217,1.37281756016989,1.3638859848266283,1.524943933941255,1.148110218797433,1.2148819662659065,1.5257271238437737,1.0822880240185395,0,1.3407837723431875,1.361320613173505,1.4074704179378865,1.3175444909094198,1.3447162104133448,1.4461485098666507,1.3097443870822933,1.542554228940591,1.5199437801154345,1.372938065012149,1.3714580705116988,1.3046999010595437,1.3806338502158026,1.5509739168614847,1.221737444942142,1.4823216438696074,1.2450904223495785,1.4789756060106798,1.3258081428592652,1.3647744542129776,1.1719303192205226,1.3368750371860412,1.3566617653381643,1.17099010923152,1.1423050533875596,1.2329108238927866,0.9713556690543027,1.2308331762299702,1.2574527993534435,1.450418374639723,1.1030316127248396,1.3568204622015188,1.2463882509321644
Danish,1.2847796989855946,1.3561984565322251,1.3598775307686357,1.5519772343656746,1.3811597284557142,1.3889398851646408,1.512596193163033,1.2830850613446732,1.3407837723431875,0,1.2570596363733926,1.2345925470853836,1.2867838970258192,1.3069846345218559,1.279659176930947,1.2861636872497908,1.583029566323367,1.5299540158361071,1.2226817473319656,1.2885467317024597,1.2996148765581506,1.5362010327174735,1.7143765560426618,1.4063522076401527,1.4880556138770673,1.2026523002088185,1.2291135799106385,1.302448221039667,1.3719496482415476,1.4433216362482812,1.2747465519340695,1.3578494327661728,1.3978531748400547,1.3981270606582663,1.220371849522132,1.3313642672304482,1.3728822107241065,1.223429147955459,1.2543469337327544,1.3308236657216101,1.3513981951759024,1.235077082014567
Dutch,1.0534253994894986,1.3534670885485942,1.3517150494676258,1.54452009217978,1.369244292467266,1.3861357018999647,1.5131745812143644,1.2963974025267238,1.361320613173505,1.2570596363733926,0,1.2411360650141003,1.3422143024096267,1.3556084199277678,1.213139007322043,1.291129986136041,1.5601194845839945,1.5161671774232586,1.2969433893570645,1.3662824395403352,1.3207275760889838,1.473015156113991,1.6549929033611526,1.3876848737524692,1.4873096372725585,1.2409754535776982,1.3576767848152897,1.3340119085825335,1.3579192444033026,1.4523325804050458,1.3135799071186078,1.3741196086112302,1.4029329963300488,1.3918671990273983,1.266124069712846,1.3711593007172553,1.3868063050946047,1.2743361380532883,1.3061898951359232,1.3468902751347744,1.3673995527972362,1.2708242506432332
English,1.3055308460256152,1.4302981315617536,1.408520040312221,1.574659214090021,1.4499710357690978,1.4426773191168492,1.5341310038564988,1.3700329510688585,1.4074704179378865,1.2345925470853836,1.2411360650141003,0,1.367594051634287,1.3892405229211497,1.3493633303463173,1.391105675494709,1.575778050832592,1.5793680515625932,1.3376063581578828,1.3846835970090456,1.3529372791232879,1.5474609910394153,1.703797010238562,1.466700707924845,1.5283455733484588,1.3011526209802793,1.3908281466151746,1.4124833533630803,1.4292344077479617,1.489181187214428,1.342945689493334,1.4126742811670778,1.4555792647764647,1.462729305341545,1.3459377726823332,1.414962260543727,1.4553492788478304,1.3218899636952304,1.3581717676721496,1.405887718056382,1.4270250675667009,1.3000108364622842
French,1.3912263038872057,1.2932148677784137,1.3385709049002519,1.523510359566692,1.3632240542003564,1.3643864980970803,1.3702679843268255,1.2616642062226497,1.3175444909094198,1.2867838970258192,1.3422143024096267,1.367594051634287,0,1.210709092479785,1.4191798571231036,1.2431916763755742,1.5647417157477288,1.508006683619309,1.3879839768298057,1.2872452875182523,1.1720602866108774,1.481970217497928,1.67231622630609,1.3795982453888194,1.4378374100735207,1.1834561232099656,1.4725575440160383,1.277511744144123,1.363853820593001,1.4294125553591555,1.1861862932219522,1.2924189555714227,1.3784032321693889,1.3722745812935306,1.2042632425751922,1.3246454702232449,1.347774391319929,1.1272735808153107,1.4601647948891143,1.3092034153209193,1.3407635329769303,1.2173042442922368
Galician,1.3887440337848571,1.3174067421883506,1.3366865297478732,1.5152731487155346,1.3728167874727661,1.3612469822950386,1.2383634858251802,1.2835959834878425,1.3447162104133448,1.3069846345218559,1.3556084199277678,1.3892405229211497,1.210709092479785,0,1.448300204132051,1.2748564483615734,1.5672535316976546,1.5198058531412642,1.3483656514877391,1.312183865542481,1.112293088253449,1.520419437797564,1.6880742796130785,1.3703580711755674,1.4563296790524483,1.1975210440947026,1.461514923716434,1.3018644602104188,1.3594644718546562,1.4467743497143313,1.0163840599203042,1.262737355833702,1.395240129860822,1.391570439984785,1.2027163293336338,1.342199668531384,1.3942127886040814,0.8832804977637467,1.4080165510822313,1.3301060572265389,1.358087193950931,1.242110672974305
German,1.346822090433745,1.451517146951056,1.4120398946007777,1.6003965706193137,1.430264827997012,1.4501159883079302,1.5903806077688871,1.3652776551287844,1.4461485098666507,1.279659176930947,1.213139007322043,1.3493633303463173,1.4191798571231036,1.448300204132051,0,1.3590325887407815,1.6378312596340157,1.577986568333362,1.3514248939146678,1.4464996897275553,1.3561605811253123,1.5210162055467085,1.685064674840064,1.4690095086101433,1.5595438168225062,1.3300484920566404,1.4623212350045027,1.4392540836627927,1.4174844808751712,1.5152925570222082,1.4473183281201814,1.4176319483064719,1.4945561568897803,1.4547168551804677,1.3678755165279117,1.4421655460596332,1.4679004506508544,1.3740867024828995,1.3795766571112567,1.4228071960484934,1.4663045348808168,1.3380860199499778
Greek,1.3807141527152245,1.2858968198276477,1.2791790445936673,1.4577755299957762,1.3317158444197015,1.3072396519892513,1.4409035043284895,1.2144937639894182,1.3097443870822933,1.2861636872497908,1.291129986136041,1.391105675494709,1.2431916763755742,1.2748564483615734,1.3590325887407815,0,1.5186961933002219,1.4567825082482713,1.326663560420021,1.2859774281574425,1.1988253748874473,1.4305810981514298,1.5758636121459173,1.344257286770875,1.4280071395484162,1.1507827754627198,1.4647348396624538,1.2524443410783823,1.318135154822721,1.3964266127906795,1.249114732652056,1.2921492583896326,1.3499881229162127,1.3511049373719728,1.154417274602756,1.3162898714371283,1.3368034568267215,1.1658310563105692,1.3988802716798614,1.2663636760345376,1.3018976066042809,1.1766811857957467
Gujarati,1.6280919204152957,1.5793468176399081,1.5630240725313147,1.4608960428809852,1.5524887600287514,1.5600439965422566,1.6945416872333243,1.4861833145765164,1.542554228940591,1.583029566323367,1.5601194845839945,1.575778050832592,1.5647417157477288,1.5672535316976546,1.6378312596340157,1.5186961933002219,0,1.2564943013235002,1.608740539414025,1.626669868786207,1.4818936232880917,1.706623492960764,1.8037087224552102,1.5657790944490964,1.2193493048478101,1.2605017344315779,1.7101012427778925,1.5137182153815072,1.5499919540346376,1.607370426065507,1.5760066540164277,1.5615437286716662,1.60652175099894,1.5763660536401827,1.4232763048917259,1.58339166461917,1.6136057880916785,1.4763044190009857,1.6457441533529649,1.541783345435674,1.3578566511091472,1.4879207812265944
Hindi,1.5960850432491918,1.5249489999471013,1.5166684317888068,1.424511633744355,1.5426439607330207,1.5113753688653846,1.6657899801042517,1.4599836904916204,1.5199437801154345,1.5299540158361071,1.5161671774232586,1.5793680515625932,1.508006683619309,1.5198058531412642,1.577986568333362,1.4567825082482713,1.2564943013235002,0,1.5680468095822544,1.549278825137565,1.4380793357783526,1.6778477987265463,1.7882436312295231,1.5127308500927032,1.2761551088168808,1.1968609887176553,1.6699787630266836,1.4349127020345174,1.4840255227053378,1.5797633908769577,1.5183077763132875,1.5083586023161257,1.5819429740888453,1.5598247233797067,1.3646408334568434,1.5554746943599909,1.5903619275112717,1.4223018914196992,1.6080805818279662,1.5011820746435052,1.1526511059404418,1.4393535432176254
Icelandic,1.2976347573451266,1.395191976220597,1.310231759117812,1.56926680857454,1.3485169124195593,1.4197100471078306,1.5431579136980798,1.3372374180582198,1.372938065012149,1.2226817473319656,1.2969433893570645,1.3376063581578828,1.3879839768298057,1.3483656514877391,1.3514248939146678,1.326663560420021,1.608740539414025,1.5680468095822544,0,1.4036237853165823,1.3170077089276504,1.4419444019539922,1.574952332728956,1.3958800044996684,1.5334115022908594,1.2941314328831954,1.3136134654754392,1.3764961252979333,1.3549355519041226,1.4527165547735743,1.3556009259651618,1.3822539489875463,1.3724521993454648,1.3723496361664584,1.2686709968613454,1.3858727868424665,1.4357705087104706,1.321329083989537,1.2848600191714683,1.3181938927335095,1.4119675141215628,1.2944166396590977
Irish,1.4087494204274194,1.3324847905092703,1.3440917599821753,1.5708792603947541,1.4181021043414512,1.4061554824813902,1.535399624690217,1.3064634095931444,1.3714580705116988,1.2885467317024597,1.3662824395403352,1.3846835970090456,1.2872452875182523,1.312183865542481,1.4464996897275553,1.2859774281574425,1.626669868786207,1.549278825137565,1.4036237853165823,0,1.322727946837482,1.5504382794693548,1.737297814071313,1.4134009405152705,1.4942384545563812,1.201520338182716,1.5351076413740368,1.266176110967156,1.3799157232036676,1.4742565856120344,1.280670832156541,1.3791406968916475,1.4282664462622703,1.461316591919438,1.2033888605432665,1.3604657668603537,1.4057564690014788,1.2193641936625461,1.466129528927832,1.36009201991112,1.3673215189980117,1.2047236080718993
Italian,1.3769292106725628,1.2684762127775828,1.2993844635498641,1.4397359811381465,1.2912981648943054,1.2668140099495724,1.2588693593335896,1.1887288301628383,1.3046999010595437,1.2996148765581506,1.3207275760889838,1.3529372791232879,1.1720602866108774,1.112293088253449,1.3561605811253123,1.1988253748874473,1.4818936232880917,1.4380793357783526,1.3170077089276504,1.322727946837482,0,1.4450486494710182,1.5571754178276616,1.2996637260990742,1.3987683889485212,1.154760544379735,1.4310500374818071,1.2680768545786472,1.3180690884521429,1.3555353894873803,1.1426366138459974,1.1218060781937058,1.3275881619263887,1.298565014882461,1.1726915008700458,1.3008868301318062,1.3272329058915173,1.037475379664849,1.3701720186176287,1.2532508883683624,1.3172288742097633,1.154943667016832
Latvian,1.5068524216045531,1.5066576456028127,1.4317805878660521,1.6598682592534362,1.3461530393905652,1.4826065174319707,1.6541786336920428,1.3872010639395322,1.3806338502158026,1.5362010327174735,1.473015156113991,1.5474609910394153,1.481970217497928,1.520419437797564,1.5210162055467085,1.4305810981514298,1.706623492960764,1.6778477987265463,1.4419444019539922,1.5504382794693548,1.4450486494710182,0,1.3500466850409718,1.4338329010793371,1.6370319978901302,1.4473266380567853,1.5870317440003467,1.504690088329167,1.4972695604336173,1.408373207989429,1.4597403413199808,1.496206511025504,1.3666323497364177,1.3676087940378887,1.4185465288608958,1.4091031413272395,1.4583492569826761,1.48263403721909,1.5583250388464522,1.3542345472661586,1.536007802897584,1.4141035729983813
Lithuanian,1.7024024136718163,1.6769106103858835,1.5719155908746167,1.797167236814629,1.464736673786892,1.5895049216104318,1.7633576503525394,1.4997422243141714,1.5509739168614847,1.7143765560426618,1.6549929033611526,1.703797010238562,1.67231622630609,1.6880742796130785,1.685064674840064,1.5758636121459173,1.8037087224552102,1.7882436312295231,1.574952332728956,1.737297814071313,1.5571754178276616,1.3500466850409718,0,1.5725733501432126,1.8057596782553533,1.6043496714214465,1.7091910229528666,1.6730714554748949,1.5907152884915023,1.5457322117791668,1.6627574356872652,1.60987006283442,1.521792991415895,1.4864957428180652,1.5697130382520252,1.602864907372401,1.5899051176080505,1.626854999602235,1.6898243639193031,1.4718792530930094,1.7028963351017163,1.5619652196171918
Macedonian,1.439565876215434,1.3791832781152498,1.3712216924458365,1.5106978262875008,1.0053617291942942,1.0866615673624125,1.5282805301497149,1.066323264631853,1.221737444942142,1.4063522076401527,1.3876848737524692,1.466700707924845,1.3795982453888194,1.3703580711755674,1.4690095086101433,1.344257286770875,1.5657790944490964,1.5127308500927032,1.3958800044996684,1.4134009405152705,1.2996637260990742,1.4338329010793371,1.5725733501432126,0,1.5010315376382855,1.2747224628942422,1.5286632764934118,1.3540126258283531,1.3884220751103507,1.2527330833864654,1.3503948830323391,1.3615858838181316,1.146450697738828,0.9795985798889516,1.2641805505020836,1.1861887616682447,1.2498600990583888,1.291132480846321,1.467448795343912,1.0949922207635336,1.372645919941481,1.3183499542482855
Marathi,1.5580791188293528,1.4650778928682786,1.4717776303026808,1.439673818274293,1.5088619807806323,1.4909507742463595,1.6096183362851293,1.4092672396175254,1.4823216438696074,1.4880556138770673,1.4873096372725585,1.5283455733484588,1.4378374100735207,1.4563296790524483,1.5595438168225062,1.4280071395484162,1.2193493048478101,1.2761551088168808,1.5334115022908594,1.4942384545563812,1.3987683889485212,1.6370319978901302,1.8057596782553533,1.5010315376382855,0,1.2064287407966074,1.6404655309851588,1.4045159069939996,1.488408852677813,1.551571966024343,1.4537105088067541,1.4804147827408447,1.5247776278062892,1.5247886980899847,1.3184592066478775,1.4899311768031755,1.5242597427726703,1.370487074682674,1.5736626248862562,1.4664717367831868,1.3191911528887232,1.3909892322148498
Nepali,1.2944065419465258,1.2200136718744834,1.2691592034080028,1.1871054174027706,1.283764681191447,1.260060200328954,1.3877421822903329,1.1688766135281365,1.2450904223495785,1.2026523002088185,1.2409754535776982,1.3011526209802793,1.1834561232099656,1.1975210440947026,1.3300484920566404,1.1507827754627198,1.2605017344315779,1.1968609887176553,1.2941314328831954,1.201520338182716,1.154760544379735,1.4473266380567853,1.6043496714214465,1.2747224628942422,1.2064287407966074,0,1.381935385586832,1.1528806907460052,1.257320776804495,1.364702484881708,1.2048330289272031,1.2488689599679454,1.3138402427227827,1.2960365142017756,1.0515932787564444,1.2501055865389494,1.271338660466152,1.1059393413428202,1.3200610059918143,1.2326064260677645,1.0685518961386764,1.149007542598156
Norwegian,1.385802756419351,1.5142376705140899,1.4611602572010844,1.6799470898987605,1.4806437866180284,1.5244942874745826,1.5698577017953665,1.443490069714802,1.4789756060106798,1.2291135799106385,1.3576767848152897,1.3908281466151746,1.4725575440160383,1.461514923716434,1.4623212350045027,1.4647348396624538,1.7101012427778925,1.6699787630266836,1.3136134654754392,1.5351076413740368,1.4310500374818071,1.5870317440003467,1.7091910229528666,1.5286632764934118,1.6404655309851588,1.381935385586832,0,1.498589004047955,1.500748400717255,1.5324460495912762,1.4369821973992853,1.485336439820687,1.5177270065491488,1.509640320059568,1.4013349937707182,1.4782202208052346,1.5007762214110536,1.395068215868495,1.176071257209902,1.4583387202278468,1.495328315228907,1.4217005651121906
Pashto,1.3665796998129887,1.2986159486078137,1.2988521305054337,1.4924268081627334,1.3559952858244328,1.3829967081016739,1.5082864323841996,1.2665249764767463,1.3258081428592652,1.302448221039667,1.3340119085825335,1.4124833533630803,1.277511744144123,1.3018644602104188,1.4392540836627927,1.2524443410783823,1.5137182153815072,1.4349127020345174,1.3764961252979333,1.266176110967156,1.2680768545786472,1.504690088329167,1.6730714554748949,1.3540126258283531,1.4045159069939996,1.1528806907460052,1.498589004047955,0,1.2479165165577226,1.4334171208468607,1.285814685981232,1.3385239353449059,1.387580824151473,1.3735037614581385,1.1462893050168035,1.342851550945637,1.366874225846755,1.206584169839064,1.4491134995837185,1.3135296029659036,1.2465951379944973,1.2269575628570353
Persian,1.4157722405699744,1.3681689937185146,1.306858231509251,1.5373319901454456,1.3425139021315444,1.3909618327296713,1.5283139216154866,1.2938509172408066,1.3647744542129776,1.3719496482415476,1.3579192444033026,1.4292344077479617,1.363853820593001,1.3594644718546562,1.4174844808751712,1.318135154822721,1.5499919540346376,1.4840255227053378,1.3549355519041226,1.3799157232036676,1.3180690884521429,1.4972695604336173,1.5907152884915023,1.3884220751103507,1.488408852677813,1.257320776804495,1.500748400717255,1.2479165165577226,0,1.4299927515311688,1.3642543807867418,1.3606029838635236,1.402800802699312,1.3672959726154525,1.2468808025002098,1.3717729051867316,1.4054199939374823,1.305420804458551,1.43061202589175,1.3103820685019505,1.3124407158055358,1.2916727414099212
Polish,1.4919889608140988,1.4564734883643462,1.426915246306692,1.5651024955532085,1.1674684230418115,1.270259131795104,1.5635603343243594,1.1647691077777014,1.1719303192205226,1.4433216362482812,1.4523325804050458,1.489181187214428,1.4294125553591555,1.4467743497143313,1.5152925570222082,1.3964266127906795,1.607370426065507,1.5797633908769577,1.4527165547735743,1.4742565856120344,1.3555353894873803,1.408373207989429,1.5457322117791668,1.2527330833864654,1.551571966024343,1.364702484881708,1.5324460495912762,1.4334171208468607,1.4299927515311688,0,1.396373939381742,1.4033265059155575,1.1945890834497168,1.1867895636772414,1.3474892938421008,1.1158008810991706,1.2802861205028822,1.3663043504521724,1.492041985108489,1.1300567831676596,1.4617333755304573,1.3468485556018137
Portuguese,1.372478070602612,1.2883717195854902,1.3218339595661144,1.4944524674129684,1.340084536204809,1.3388447155173002,1.262682843402953,1.2562470945250728,1.3368750371860412,1.2747465519340695,1.3135799071186078,1.342945689493334,1.1861862932219522,1.0163840599203042,1.4473183281201814,1.249114732652056,1.5760066540164277,1.5183077763132875,1.3556009259651618,1.280670832156541,1.1426366138459974,1.4597403413199808,1.6627574356872652,1.3503948830323391,1.4537105088067541,1.2048330289272031,1.4369821973992853,1.285814685981232,1.3642543807867418,1.396373939381742,0,1.257478421581333,1.3475981475075964,1.3621371809042555,1.2002455574088737,1.3054641286585131,1.3535129298952282,0.9810480804385875,1.38762889688392,1.3004843502650367,1.3357310271964293,1.2265665735324718
Romanian,1.4230105104493467,1.3440133893178547,1.3512492297935035,1.5211109070079465,1.3479756474766798,1.3573217723503728,1.3772343827524354,1.2721129095655364,1.3566617653381643,1.3578494327661728,1.3741196086112302,1.4126742811670778,1.2924189555714227,1.262737355833702,1.4176319483064719,1.2921492583896326,1.5615437286716662,1.5083586023161257,1.3822539489875463,1.3791406968916475,1.1218060781937058,1.496206511025504,1.60987006283442,1.3615858838181316,1.4804147827408447,1.2488689599679454,1.485336439820687,1.3385239353449059,1.3606029838635236,1.4033265059155575,1.257478421581333,0,1.3894356775801782,1.3655034945135844,1.2667950467441957,1.3692472391985908,1.3888448548826913,1.1957357305214367,1.4306773921799647,1.322453849928924,1.3903392896150062,1.268151632511492
Russian,1.427022993610129,1.385411258108671,1.3624911717957522,1.5471199324603182,1.072342980667379,1.2194427960665242,1.5448632093711017,1.1421051166057132,1.17099010923152,1.3978531748400547,1.4029329963300488,1.4555792647764647,1.3784032321693889,1.395240129860822,1.4945561568897803,1.3499881229162127,1.60652175099894,1.5819429740888453,1.3724521993454648,1.4282664462622703,1.3275881619263887,1.3666323497364177,1.521792991415895,1.146450697738828,1.5247776278062892,1.3138402427227827,1.5177270065491488,1.387580824151473,1.402800802699312,1.1945890834497168,1.3475981475075964,1.3894356775801782,0,1.0825662725742535,1.2798959988385308,1.1254615384095534,1.2764500770982252,1.323173218852002,1.4704750764556946,0.9920118090603838,1.4238306069168438,1.3201905894822552
Serbian,1.4314619449729666,1.395116389235694,1.3652119916660346,1.52838385423772,0.7839398446630018,1.1459602491682033,1.5468413658108586,0.8953487714080393,1.1423050533875596,1.3981270606582663,1.3918671990273983,1.462729305341545,1.3722745812935306,1.391570439984785,1.4547168551804677,1.3511049373719728,1.5763660536401827,1.5598247233797067,1.3723496361664584,1.461316591919438,1.298565014882461,1.3676087940378887,1.4864957428180652,0.9795985798889516,1.5247886980899847,1.2960365142017756,1.509640320059568,1.3735037614581385,1.3672959726154525,1.1867895636772414,1.3621371809042555,1.3655034945135844,1.0825662725742535,0,1.2774624152373553,1.1135021066334105,1.1294436640282777,1.3220155535063087,1.4536816482368347,1.0141783875708559,1.405102683163111,1.3223200693247372
Sinhala,1.3047351539552554,1.1738702615775953,1.2336383323472868,1.3622762092503742,1.2619220853465232,1.2538739429483965,1.3961369698861517,1.1553969685217702,1.2329108238927866,1.220371849522132,1.266124069712846,1.3459377726823332,1.2042632425751922,1.2027163293336338,1.3678755165279117,1.154417274602756,1.4232763048917259,1.3646408334568434,1.2686709968613454,1.2033888605432665,1.1726915008700458,1.4185465288608958,1.5697130382520252,1.2641805505020836,1.3184592066478775,1.0515932787564444,1.4013349937707182,1.1462893050168035,1.2468808025002098,1.3474892938421008,1.2002455574088737,1.2667950467441957,1.2798959988385308,1.2774624152373553,0,1.2372154076159392,1.2840579083265569,1.123156452535588,1.344879306178514,1.2037946219958324,1.2051581104854538,1.146633087989849
Slovak,1.4038123497736608,1.3608379251378528,1.3501089728615632,1.5157599041815688,1.1102589038268074,1.1939558691906123,1.5034369403693892,1.0654502043434126,0.9713556690543027,1.3313642672304482,1.3711593007172553,1.414962260543727,1.3246454702232449,1.342199668531384,1.4421655460596332,1.3162898714371283,1.58339166461917,1.5554746943599909,1.3858727868424665,1.3604657668603537,1.3008868301318062,1.4091031413272395,1.602864907372401,1.1861887616682447,1.4899311768031755,1.2501055865389494,1.4782202208052346,1.342851550945637,1.3717729051867316,1.1158008810991706,1.3054641286585131,1.3692472391985908,1.1254615384095534,1.1135021066334105,1.2372154076159392,0,1.2113221489800472,1.2591446412300988,1.4297093463668538,1.092374004191275,1.3724016967849173,1.2578942642268895
Slovenian,1.4512228929756017,1.3897239048533587,1.4089371846121745,1.526740199130335,1.1565236357030109,1.2453905784412427,1.5516225357987155,1.0645923268709128,1.2308331762299702,1.3728822107241065,1.3868063050946047,1.4553492788478304,1.347774391319929,1.3942127886040814,1.4679004506508544,1.3368034568267215,1.6136057880916785,1.5903619275112717,1.4357705087104706,1.4057564690014788,1.3272329058915173,1.4583492569826761,1.5899051176080505,1.2498600990583888,1.5242597427726703,1.271338660466152,1.5007762214110536,1.366874225846755,1.4054199939374823,1.2802861205028822,1.3535129298952282,1.3888448548826913,1.2764500770982252,1.1294436640282777,1.2840579083265569,1.2113221489800472,0,1.2941981325027059,1.4644927769419762,1.201578884578045,1.3935812981550528,1.30962341650662
Spanish,1.3482345488706011,1.243048393488431,1.3037319576390258,1.4360984878903316,1.3040981849871252,1.2559875736193582,1.1820198100876553,1.1798102914525925,1.2574527993534435,1.223429147955459,1.2743361380532883,1.3218899636952304,1.1272735808153107,0.8832804977637467,1.3740867024828995,1.1658310563105692,1.4763044190009857,1.4223018914196992,1.321329083989537,1.2193641936625461,1.037475379664849,1.48263403721909,1.626854999602235,1.291132480846321,1.370487074682674,1.1059393413428202,1.395068215868495,1.206584169839064,1.305420804458551,1.3663043504521724,0.9810480804385875,1.1957357305214367,1.323173218852002,1.3220155535063087,1.123156452535588,1.2591446412300988,1.2941981325027059,0,1.3439208065539494,1.2431584071622321,1.2609009409905745,1.1675108196304116
Swedish,1.3776524903728167,1.4628539513417096,1.4283939441845401,1.5809259926277848,1.4456936764230144,1.4691959982648828,1.553437666973337,1.382979275707883,1.450418374639723,1.2543469337327544,1.3061898951359232,1.3581717676721496,1.4601647948891143,1.4080165510822313,1.3795766571112567,1.3988802716798614,1.6457441533529649,1.6080805818279662,1.2848600191714683,1.466129528927832,1.3701720186176287,1.5583250388464522,1.6898243639193031,1.467448795343912,1.5736626248862562,1.3200610059918143,1.176071257209902,1.4491134995837185,1.43061202589175,1.492041985108489,1.38762889688392,1.4306773921799647,1.4704750764556946,1.4536816482368347,1.344879306178514,1.4297093463668538,1.4644927769419762,1.3439208065539494,0,1.395008303507028,1.4304528876013853,1.3500547165051382
Ukrainian,1.3869916337904655,1.3126533315573132,1.315626912003281,1.4698751269365256,1.0136267973189297,1.1725941439215826,1.4859913564418825,1.0463355600915398,1.1030316127248396,1.3308236657216101,1.3468902751347744,1.405887718056382,1.3092034153209193,1.3301060572265389,1.4228071960484934,1.2663636760345376,1.541783345435674,1.5011820746435052,1.3181938927335095,1.36009201991112,1.2532508883683624,1.3542345472661586,1.4718792530930094,1.0949922207635336,1.4664717367831868,1.2326064260677645,1.4583387202278468,1.3135296029659036,1.3103820685019505,1.1300567831676596,1.3004843502650367,1.322453849928924,0.9920118090603838,1.0141783875708559,1.2037946219958324,1.092374004191275,1.201578884578045,1.2431584071622321,1.395008303507028,0,1.3514602413980792,1.23416385958655
Urdu,1.4414395047590782,1.3449417850169,1.3735713133526661,1.3234926226859285,1.399792782069873,1.357221544881146,1.5210303723527552,1.288899322018512,1.3568204622015188,1.3513981951759024,1.3673995527972362,1.4270250675667009,1.3407635329769303,1.358087193950931,1.4663045348808168,1.3018976066042809,1.3578566511091472,1.1526511059404418,1.4119675141215628,1.3673215189980117,1.3172288742097633,1.536007802897584,1.7028963351017163,1.372645919941481,1.3191911528887232,1.0685518961386764,1.495328315228907,1.2465951379944973,1.3124407158055358,1.4617333755304573,1.3357310271964293,1.3903392896150062,1.4238306069168438,1.405102683163111,1.2051581104854538,1.3724016967849173,1.3935812981550528,1.2609009409905745,1.4304528876013853,1.3514602413980792,0,1.2828043152195177
Welsh,1.3141379897790675,1.251420478067952,1.2436416127455765,1.4471504614546982,1.2926722710915142,1.277278386418369,1.4403226294863969,1.196441941793181,1.2463882509321644,1.235077082014567,1.2708242506432332,1.3000108364622842,1.2173042442922368,1.242110672974305,1.3380860199499778,1.1766811857957467,1.4879207812265944,1.4393535432176254,1.2944166396590977,1.2047236080718993,1.154943667016832,1.4141035729983813,1.5619652196171918,1.3183499542482855,1.3909892322148498,1.149007542598156,1.4217005651121906,1.2269575628570353,1.2916727414099212,1.3468485556018137,1.2265665735324718,1.268151632511492,1.3201905894822552,1.3223200693247372,1.146633087989849,1.2578942642268895,1.30962341650662,1.1675108196304116,1.3500547165051382,1.23416385958655,1.2828043152195177,0
