,Afrikaans,Albanian,Armenian,Bengali,Bosnian,Bulgarian,Catalan,Croatian,Czech,Danish,Dutch,English,French,Galician,German,Greek,Gujarati,Hindi,Icelandic,Irish,Italian,Latvian,Lithuanian,Macedonian,Marathi,Nepali,Norwegian,Pashto,Persian,Polish,Portuguese,Romanian,Russian,Serbian,Sinhala,Slovak,Slovenian,Spanish,Swedish,Ukrainian,Urdu,Welsh
Afrikaans,0,0.2683416566016211,0.2436703563725149,0.27469161102946044,0.2504195463886569,0.2718718710170879,0.27763619684462204,0.2680234900143957,0.26813593445464773,0.2768608588651613,0.21203955858945722,0.25328876250373744,0.2813948298482993,0.2797129824739104,0.2573826085227525,0.2744762182420139,0.2736108067650531,0.2713117468644951,0.2526635651112047,0.28954743302962765,0.2551392565419969,0.25141026218661855,0.22829080395843745,0.2653232592236163,0.2810106276387888,0.25886159367024275,0.2756181086857932,0.27644352053927607,0.25657467074737894,0.25162189810363034,0.26834066793651445,0.2680255276880871,0.26197056537316127,0.2651939207978698,0.2615610982850296,0.2751404301281727,0.277383736801499,0.2704977340185647,0.25652385307958936,0.261388450879153,0.27339721100294856,0.2466452980674974
Albanian,0.2683416566016211,0,0.23363891372106171,0.2632288571358354,0.2371362588698088,0.256295543036474,0.2655859048699331,0.2529281072788653,0.25817462434269545,0.27838298222940006,0.25795809776969475,0.25729998947237154,0.2666981504382753,0.26519901306849597,0.25919004854811206,0.2622489163514266,0.2659098824218367,0.26060643726313576,0.25469351666239703,0.28030075443411057,0.2382907761315001,0.24298150671371208,0.22054067134237643,0.24899685384985484,0.2697310089058112,0.24816201153614742,0.27829604963979004,0.27052044710311873,0.24421609158245342,0.24139155284225977,0.25492156928738313,0.25629939787525574,0.24792817383358187,0.2500968358709239,0.24410933048899552,0.264035007176722,0.2664397199679351,0.2540127627905596,0.2581040430167123,0.24560187359380117,0.2607462188809335,0.23385651335189966
Armenian,0.2436703563725149,0.23363891372106171,0,0.23994255041836643,0.22006272199903593,0.23933106710593877,0.2443915157965443,0.23477981525280645,0.2361062138945036,0.2528845518642375,0.23356693247083593,0.23326227575235364,0.24630554013179268,0.24595795240533666,0.23573932996488883,0.23798731638466747,0.24240334634733832,0.23857994389603712,0.2285036168331159,0.2548706235454582,0.22124454529453644,0.22025045426967807,0.1989874006895909,0.23107483690034195,0.24734973336480798,0.23128643392138623,0.2553452787352334,0.24598279449904245,0.22137606034053234,0.22086246117699987,0.23452030570932234,0.23592544047841513,0.2292103862021517,0.2321554464851693,0.22611901251792366,0.24317727866594946,0.2474468795343583,0.2350050048137865,0.23341174706102105,0.22893530877419066,0.23870154241396696,0.21526426337077206
Bengali,0.27469161102946044,0.2632288571358354,0.23994255041836643,0,0.2472502432777391,0.2630557365052196,0.2690416140403111,0.2630350588261257,0.26251838513942055,0.2825682255421573,0.26032718012018347,0.2594974722026482,0.2722753428852129,0.27344009221273674,0.2620662153943166,0.26123999949153875,0.24560868381507958,0.24022385312665762,0.2586521294965651,0.2857459154197409,0.24265652213239197,0.24840770090140551,0.2235005819354319,0.2581143802010386,0.25447987611774797,0.22854630708327608,0.2838922290309048,0.2709337407782568,0.24872465647877992,0.24309828969225294,0.2587564886012295,0.260930772547054,0.2561424855775847,0.2594943473607133,0.24847850178214842,0.2707109845466179,0.27018064758832805,0.25691681051165727,0.26119712927568906,0.2560919934804248,0.23966869455887738,0.23974304108685052
Bosnian,0.2504195463886569,0.2371362588698088,0.22006272199903593,0.2472502432777391,0,0.21580887444000194,0.2490815803791045,0.1870389494548797,0.2215821900846755,0.2585578483086809,0.24124425191612706,0.24116670918270056,0.2518264454934911,0.24878254401180985,0.243232038013961,0.24623865273912737,0.24793786514946087,0.24585896374088112,0.23678107557087077,0.2645444625761033,0.22205413097589466,0.22186393670077706,0.20220172077208667,0.19340745994853722,0.2522171379815855,0.23541857978166328,0.25812352994591375,0.2536162355004374,0.23032362502526327,0.20971318546387713,0.23884149006661243,0.23916338193937103,0.2026607810998099,0.16549555825650367,0.2330319746072134,0.2218753757720152,0.22532952947684567,0.2376683360138405,0.2402590165726113,0.20083150471562747,0.24481200342243378,0.2211902771767068
Bulgarian,0.2718718710170879,0.256295543036474,0.23933106710593877,0.2630557365052196,0.21580887444000194,0,0.26561108606741496,0.21783434573981358,0.2372203824425778,0.27806471066469435,0.25981639853130273,0.25481071038045777,0.2708548015546505,0.2665148737937956,0.26098399809278977,0.261935786540332,0.26393082561026715,0.26018359115091716,0.25665632089153134,0.2838618989996768,0.2354154390132374,0.2423752790332432,0.2176744102363422,0.21759590388167416,0.2694856157728552,0.24987169020514255,0.2768120035465349,0.2724375111454719,0.2479871543671569,0.22634968875706107,0.2554398467391874,0.25614156718263126,0.23289379099625043,0.22613885531695482,0.24830544105557786,0.24301225135569665,0.24794954157552865,0.2513804758752438,0.25916707232618974,0.2313138498920839,0.261078983605881,0.2347099244802042
Catalan,0.27763619684462204,0.2655859048699331,0.2443915157965443,0.2690416140403111,0.2490815803791045,0.26561108606741496,0,0.26292329856061175,0.2652315493835341,0.2841109584262663,0.2635129163207344,0.26073169381377215,0.2696929189538229,0.2522149673383608,0.2669453409995832,0.26541455806155456,0.26981601706452923,0.2645713481394774,0.2622961644899859,0.28993544735255333,0.2306708024475255,0.24949032452318515,0.22621878033435516,0.26060499758959293,0.2744496854705038,0.25792797932969397,0.28431343438452006,0.2785459211556953,0.25702964283189667,0.24718921679708303,0.24098745880828024,0.2521155817614699,0.25872891942683196,0.26193476254774933,0.25897506570620293,0.2721840587971468,0.2734113021831504,0.23677685809446605,0.2617895450884451,0.2585052969868185,0.26672525375248674,0.24379108702383018
Croatian,0.2680234900143957,0.2529281072788653,0.23477981525280645,0.2630350588261257,0.1870389494548797,0.21783434573981358,0.26292329856061175,0,0.23177521744857377,0.2747530610306075,0.25566039197738566,0.250736419553146,0.2682636331872202,0.26430470259438554,0.256976397315021,0.2601589561681841,0.260389130805186,0.26033030909496147,0.2548810153868848,0.28001013752125414,0.2329191377934229,0.2374433916984819,0.21364743343571785,0.217478906089495,0.2654300529614945,0.24738457667573197,0.274868509106202,0.2675164654994667,0.2451516895382333,0.22009977107312723,0.25339156705666877,0.25167901221926636,0.22603403286761867,0.19396276372434462,0.24819697586178885,0.23358173804294768,0.23186452516090428,0.25036910906009846,0.2569845081559176,0.22153092463971358,0.2600358153517573,0.23330484621266398
Czech,0.26813593445464773,0.25817462434269545,0.2361062138945036,0.26251838513942055,0.2215821900846755,0.2372203824425778,0.2652315493835341,0.23177521744857377,0,0.2732497658943642,0.25938714171922467,0.2549544627109389,0.26971833486064334,0.26543902736402797,0.26091715473540167,0.26332779157494085,0.26456205138138744,0.2622025133389874,0.2545072008501137,0.27990526522792036,0.2402470817289723,0.23780257315693618,0.2194601388529118,0.23757339834822622,0.27020698129797077,0.24794492349573644,0.27206552254195304,0.2692373666021031,0.24645688069363794,0.22001197922366886,0.2554539357695636,0.25448098669366337,0.2296637803188363,0.23241018039340522,0.2478053907242213,0.21895724195634078,0.24952755863164006,0.2539433976191931,0.25857348578823175,0.23014556385475923,0.2619407525129122,0.23516068411416707
Danish,0.2768608588651613,0.27838298222940006,0.2528845518642375,0.2825682255421573,0.2585578483086809,0.27806471066469435,0.2841109584262663,0.2747530610306075,0.2732497658943642,0,0.2655612708733416,0.26014725792921706,0.2871488840421088,0.2862030304645088,0.26529358364978944,0.2811598323110332,0.2810589535869848,0.2779228750725845,0.26014984247758244,0.2958548118304638,0.25596583114166205,0.2635592910459505,0.23504459292566396,0.2724358677938303,0.2880193768441495,0.2641000598289732,0.2688334695986412,0.28686247781626983,0.26372674524614764,0.25830962941477714,0.27422155778332874,0.27551348756481236,0.2684762348456636,0.2726145974784516,0.26759967927226336,0.28267175263498,0.2826546565463684,0.2736627559072004,0.259011526880516,0.2663771323212209,0.2764104054014669,0.24792490417120527
Dutch,0.21203955858945722,0.25795809776969475,0.23356693247083593,0.26032718012018347,0.24124425191612706,0.25981639853130273,0.2635129163207344,0.25566039197738566,0.25938714171922467,0.2655612708733416,0,0.24174262202046481,0.2697081883286529,0.27228426518290194,0.23497801335830185,0.2594569879440829,0.25928329018456153,0.2547133194243164,0.24442863958752686,0.2809630519381883,0.23914174963983892,0.24332513500426103,0.21961095778452047,0.2537775330589089,0.2669149069296334,0.2501103079159182,0.2673061178646151,0.2700218886828163,0.24705251313361107,0.2393014855992271,0.25586388761557755,0.256301604797365,0.25137902981177745,0.2544097977633825,0.25050481240868,0.26694344524738883,0.26719439064665657,0.25704478213410425,0.23964281902465312,0.25140371181356996,0.25950664139171004,0.23586604378682471
English,0.25328876250373744,0.25729998947237154,0.23326227575235364,0.2594974722026482,0.24116670918270056,0.25481071038045777,0.26073169381377215,0.250736419553146,0.2549544627109389,0.26014725792921706,0.24174262202046481,0,0.2663264118005816,0.2681420641419858,0.24584144969401356,0.25959113256887817,0.256926789137947,0.25905864177974836,0.2503089055650753,0.2705464581352841,0.23470585455800885,0.23964394445406753,0.21981068896470934,0.2533021513877057,0.26238604580417063,0.24638814501212628,0.26723701992264925,0.26875136591940496,0.24620500397190265,0.24031247419508275,0.250697531767355,0.2551656183588163,0.2490928706642913,0.2511859658739878,0.24983660132626256,0.259842153118472,0.2644185346058144,0.2529442096850889,0.24744568884544943,0.24761580633509103,0.25854390760501095,0.22885114775770507
French,0.2813948298482993,0.2666981504382753,0.24630554013179268,0.2722753428852129,0.2518264454934911,0.2708548015546505,0.2696929189538229,0.2682636331872202,0.26971833486064334,0.2871488840421088,0.2697081883286529,0.2663264118005816,0,0.27390169613573295,0.2695378419153281,0.27362710300557624,0.2746723489233339,0.272118509670167,0.26903530962307487,0.2923866593862821,0.24143202158237784,0.25481261887221446,0.22926400559733012,0.265081704317682,0.2786825502132071,0.25919322057254923,0.288904237355128,0.28117479633051773,0.2590944784559088,0.2517273056567166,0.2605561715162982,0.2646033968208056,0.2631170076840573,0.26542417695850956,0.2632327232511466,0.2764522747289838,0.27710257086115453,0.25815840440319276,0.26908968994311394,0.2615453008375523,0.2727541975924947,0.2454206897932154
Galician,0.2797129824739104,0.26519901306849597,0.24595795240533666,0.27344009221273674,0.24878254401180985,0.2665148737937956,0.2522149673383608,0.26430470259438554,0.26543902736402797,0.2862030304645088,0.27228426518290194,0.2681420641419858,0.27390169613573295,0,0.2728754199055829,0.2742948907706107,0.2764269365999791,0.27325771967095125,0.2633155810895723,0.29050311248262756,0.23079298678731996,0.2543031655612618,0.22917478566404118,0.26279100900533675,0.28144312233465246,0.2576259172312746,0.2837973273536006,0.27881661317136347,0.2553968860965185,0.2529891376566329,0.23222360179074533,0.25914818840049475,0.2614702527022676,0.2627316705098248,0.2573624275520496,0.2739046921777126,0.27347891807540153,0.2110199884622995,0.2689312915277076,0.25999710266878034,0.27226304053875033,0.24364895484939733
German,0.2573826085227525,0.25919004854811206,0.23573932996488883,0.2620662153943166,0.243232038013961,0.26098399809278977,0.2669453409995832,0.256976397315021,0.26091715473540167,0.26529358364978944,0.23497801335830185,0.24584144969401356,0.2695378419153281,0.2728754199055829,0,0.26099989984365984,0.2635794005212107,0.2599970286473562,0.2486199601893225,0.28283897832209043,0.23573310325025487,0.24396394673522703,0.22177815895742678,0.2567975163468443,0.2695968060783384,0.2506426214821914,0.27262455745464287,0.2751320884368914,0.24842236769026813,0.24162732456711875,0.25969870920153876,0.2575653256802184,0.2544123931808438,0.2566870144519423,0.2536480973559197,0.26686252111905784,0.2672365597240526,0.2566040273696788,0.24357386831505204,0.2521902580244456,0.2623135868891226,0.23560574706545115
Greek,0.2744762182420139,0.2622489163514266,0.23798731638466747,0.26123999949153875,0.24623865273912737,0.261935786540332,0.26541455806155456,0.2601589561681841,0.26332779157494085,0.2811598323110332,0.2594569879440829,0.25959113256887817,0.27362710300557624,0.2742948907706107,0.26099989984365984,0,0.26200773395407123,0.25757779722305524,0.25760598224339454,0.285459167629783,0.23941820769304273,0.24730057346479184,0.22188120747657478,0.2571993725184022,0.26987674655594335,0.24996721626992874,0.28469344747485925,0.2738889282632593,0.25158259986909814,0.24498600823330013,0.25945955769574824,0.2595358454494194,0.25398513812085205,0.2583752573074238,0.24820363211941635,0.269676756685316,0.2706711805150858,0.25491867473943985,0.2583664973980441,0.253607388405085,0.26032988831231363,0.23655367060835536
Gujarati,0.2736108067650531,0.2659098824218367,0.24240334634733832,0.24560868381507958,0.24793786514946087,0.26393082561026715,0.26981601706452923,0.260389130805186,0.26456205138138744,0.2810589535869848,0.25928329018456153,0.256926789137947,0.2746723489233339,0.2764269365999791,0.2635794005212107,0.26200773395407123,0,0.22309036407282562,0.2634264493959277,0.28705169690272536,0.24606098211896674,0.249989185726447,0.2258498321381061,0.2610720764305807,0.2211341145814257,0.2366966181349442,0.2850060730136063,0.2709320356289535,0.2535662256903327,0.24788756963983388,0.2636294688840982,0.26273343421309087,0.25811861261219027,0.25961695642849697,0.2545010489593015,0.27112321553882285,0.26919990184833764,0.26117459236338275,0.26291367921461434,0.2568593922767527,0.24447510308008286,0.24102872386409427
Hindi,0.2713117468644951,0.26060643726313576,0.23857994389603712,0.24022385312665762,0.24585896374088112,0.26018359115091716,0.2645713481394774,0.26033030909496147,0.2622025133389874,0.2779228750725845,0.2547133194243164,0.25905864177974836,0.272118509670167,0.27325771967095125,0.2599970286473562,0.25757779722305524,0.22309036407282562,0,0.2562489797905619,0.28402203607946763,0.2432827183505422,0.2476868788165172,0.223411933778,0.2543542875420428,0.23627245127861116,0.23107392810461874,0.2799843731454691,0.26681284928246235,0.24750663551331883,0.24528031860266764,0.25928255982527815,0.2579185220207422,0.2557398135478438,0.25883777273791375,0.24690693963738244,0.26815765939807024,0.26945006966418394,0.2550861250166978,0.2563245087025778,0.25508802436140876,0.21835234894038635,0.23987020168976844
Icelandic,0.2526635651112047,0.25469351666239703,0.2285036168331159,0.2586521294965651,0.23678107557087077,0.25665632089153134,0.2622961644899859,0.2548810153868848,0.2545072008501137,0.26014984247758244,0.24442863958752686,0.2503089055650753,0.26903530962307487,0.2633155810895723,0.2486199601893225,0.25760598224339454,0.2634264493959277,0.2562489797905619,0,0.27701253708420936,0.23887933415115725,0.23859275294183913,0.2152346490409872,0.2497071889917323,0.2681426421270496,0.24864155693199436,0.2587378000469127,0.26699027843635353,0.2407279283465695,0.23806657334671816,0.2527223857062096,0.25476199419711065,0.24736673727710212,0.2514892235320683,0.24275401325782353,0.2623117749347284,0.26629519277184355,0.253344972721217,0.23589590155075182,0.2472740109732618,0.25698731491457577,0.23207269968797312
Irish,0.28954743302962765,0.28030075443411057,0.2548706235454582,0.2857459154197409,0.2645444625761033,0.2838618989996768,0.28993544735255333,0.28001013752125414,0.27990526522792036,0.2958548118304638,0.2809630519381883,0.2705464581352841,0.2923866593862821,0.29050311248262756,0.28283897832209043,0.285459167629783,0.28705169690272536,0.28402203607946763,0.27701253708420936,0,0.26428264173232807,0.2675078136356649,0.23876686711365863,0.2772753048844771,0.29181683280495674,0.2673949366689956,0.2962979250478558,0.2885431165953367,0.26792117100504487,0.26325446722497986,0.27807160513765417,0.2807257519478226,0.27505508205852863,0.278910652521381,0.2705884666364952,0.2869092760719254,0.286912989019179,0.27795680221807423,0.2783382185874268,0.27419240021384494,0.2844985840109232,0.24930746252691505
Italian,0.2551392565419969,0.2382907761315001,0.22124454529453644,0.24265652213239197,0.22205413097589466,0.2354154390132374,0.2306708024475255,0.2329191377934229,0.2402470817289723,0.25596583114166205,0.23914174963983892,0.23470585455800885,0.24143202158237784,0.23079298678731996,0.23573310325025487,0.23941820769304273,0.24606098211896674,0.2432827183505422,0.23887933415115725,0.26428264173232807,0,0.22927044871068403,0.20603592003631946,0.23211464240194238,0.2504234628678475,0.23048077120568108,0.26336453123128845,0.25570085960800754,0.2326590929871036,0.22221602317762873,0.2225473311847325,0.22716788131354812,0.23233735342413875,0.2331007258495643,0.23107785535330946,0.2464892741275987,0.2477642922082927,0.211957867292684,0.23755254950892044,0.22866793830115484,0.24249421591519257,0.21168029619584183
Latvian,0.25141026218661855,0.24298150671371208,0.22025045426967807,0.24840770090140551,0.22186393670077706,0.2423752790332432,0.24949032452318515,0.2374433916984819,0.23780257315693618,0.2635592910459505,0.24332513500426103,0.23964394445406753,0.25481261887221446,0.2543031655612618,0.24396394673522703,0.24730057346479184,0.249989185726447,0.2476868788165172,0.23859275294183913,0.2675078136356649,0.22927044871068403,0,0.1896769642113056,0.23579192200685184,0.2552840765665414,0.24040088420636033,0.2615986858929797,0.2577600025614993,0.23452186942117578,0.2213997721163643,0.23871802294556688,0.24289328466945675,0.22994266942431654,0.23441166165710892,0.23754890297326337,0.24367511392083505,0.24811240024899112,0.243302721900492,0.24270583463973366,0.2326918547955502,0.24699057232111257,0.22473027582212984
Lithuanian,0.22829080395843745,0.22054067134237643,0.1989874006895909,0.2235005819354319,0.20220172077208667,0.2176744102363422,0.22621878033435516,0.21364743343571785,0.2194601388529118,0.23504459292566396,0.21961095778452047,0.21981068896470934,0.22926400559733012,0.22917478566404118,0.22177815895742678,0.22188120747657478,0.2258498321381061,0.223411933778,0.2152346490409872,0.23876686711365863,0.20603592003631946,0.1896769642113056,0,0.21429845099399036,0.23172361024873964,0.21448872308445963,0.2352348850667606,0.23064733017234051,0.21107185972930134,0.2026643812507845,0.21998333405219986,0.21824153096829765,0.21127955930124942,0.21279179451826896,0.21340410145965175,0.22603199318702796,0.22374865220121412,0.21761625488413344,0.21857640338772077,0.21027077563177132,0.22296812965458887,0.203834904058804
Macedonian,0.2653232592236163,0.24899685384985484,0.23107483690034195,0.2581143802010386,0.19340745994853722,0.21759590388167416,0.26060499758959293,0.217478906089495,0.23757339834822622,0.2724358677938303,0.2537775330589089,0.2533021513877057,0.265081704317682,0.26279100900533675,0.2567975163468443,0.2571993725184022,0.2610720764305807,0.2543542875420428,0.2497071889917323,0.2772753048844771,0.23211464240194238,0.23579192200685184,0.21429845099399036,0,0.2644511742614348,0.2464301080006022,0.27238213476173334,0.26700448507092345,0.24246761661473873,0.22318902799857648,0.25033898665454024,0.2507908986521228,0.2164273855148373,0.19537793939720258,0.24250707984954545,0.23788217003562342,0.2427312307252318,0.24778418102373242,0.25260944983243006,0.21467207479915013,0.2536000273560296,0.23241623267115533
Marathi,0.2810106276387888,0.2697310089058112,0.24734973336480798,0.25447987611774797,0.2522171379815855,0.2694856157728552,0.2744496854705038,0.2654300529614945,0.27020698129797077,0.2880193768441495,0.2669149069296334,0.26238604580417063,0.2786825502132071,0.28144312233465246,0.2695968060783384,0.26987674655594335,0.2211341145814257,0.23627245127861116,0.2681426421270496,0.29181683280495674,0.2504234628678475,0.2552840765665414,0.23172361024873964,0.2644511742614348,0,0.24666244254811137,0.29061607950482365,0.2775766159157304,0.2582469846560128,0.2528656495901679,0.26753346040926157,0.26688377731378005,0.2612349501206877,0.26460594294133805,0.2597253046979454,0.27521941859344456,0.27546303369276187,0.26523943189604304,0.27062186949142747,0.2601479854765023,0.2543588676884226,0.24562131548722604
Nepali,0.25886159367024275,0.24816201153614742,0.23128643392138623,0.22854630708327608,0.23541857978166328,0.24987169020514255,0.25792797932969397,0.24738457667573197,0.24794492349573644,0.2641000598289732,0.2501103079159182,0.24638814501212628,0.25919322057254923,0.2576259172312746,0.2506426214821914,0.24996721626992874,0.2366966181349442,0.23107392810461874,0.24864155693199436,0.2673949366689956,0.23048077120568108,0.24040088420636033,0.21448872308445963,0.2464301080006022,0.24666244254811137,0,0.267408753208564,0.25154758625447576,0.2358588721980043,0.23517161573289797,0.249637690478283,0.24946036049160436,0.24617299452805222,0.2469543312147839,0.23436184235076496,0.2556059146190003,0.2550562274761341,0.2454162941864119,0.24965457387971238,0.2435664789323317,0.22995187458962155,0.22482025873196249
Norwegian,0.2756181086857932,0.27829604963979004,0.2553452787352334,0.2838922290309048,0.25812352994591375,0.2768120035465349,0.28431343438452006,0.274868509106202,0.27206552254195304,0.2688334695986412,0.2673061178646151,0.26723701992264925,0.288904237355128,0.2837973273536006,0.27262455745464287,0.28469344747485925,0.2850060730136063,0.2799843731454691,0.2587378000469127,0.2962979250478558,0.26336453123128845,0.2615986858929797,0.2352348850667606,0.27238213476173334,0.29061607950482365,0.267408753208564,0,0.2854546946753289,0.2635937052352458,0.2556224768692165,0.2756745527670866,0.2758282519733003,0.26834277790098315,0.2726502217329508,0.2681294692948915,0.28029340266019526,0.2773340362815315,0.2744545962083248,0.24422007124717804,0.2669659255964105,0.2786228370365056,0.2558813092772332
Pashto,0.27644352053927607,0.27052044710311873,0.24598279449904245,0.2709337407782568,0.2536162355004374,0.2724375111454719,0.2785459211556953,0.2675164654994667,0.2692373666021031,0.28686247781626983,0.2700218886828163,0.26875136591940496,0.28117479633051773,0.27881661317136347,0.2751320884368914,0.2738889282632593,0.2709320356289535,0.26681284928246235,0.26699027843635353,0.2885431165953367,0.25570085960800754,0.2577600025614993,0.23064733017234051,0.26700448507092345,0.2775766159157304,0.25154758625447576,0.2854546946753289,0,0.24713882581827562,0.2547975526388631,0.2690207634877701,0.2688361506731869,0.2635194548011104,0.26575247448164113,0.2579379780971309,0.27751955100841114,0.27523526173298873,0.26836040799436045,0.2702060443539475,0.26271307861179666,0.2642670186493865,0.2470130448952033
Persian,0.25657467074737894,0.24421609158245342,0.22137606034053234,0.24872465647877992,0.23032362502526327,0.2479871543671569,0.25702964283189667,0.2451516895382333,0.24645688069363794,0.26372674524614764,0.24705251313361107,0.24620500397190265,0.2590944784559088,0.2553968860965185,0.24842236769026813,0.25158259986909814,0.2535662256903327,0.24750663551331883,0.2407279283465695,0.26792117100504487,0.2326590929871036,0.23452186942117578,0.21107185972930134,0.24246761661473873,0.2582469846560128,0.2358588721980043,0.2635937052352458,0.24713882581827562,0,0.23157817799689914,0.2471398795787367,0.24681442591401198,0.2417217121155214,0.24389094061085065,0.23709666622210368,0.25298958517038533,0.2560343414706996,0.24622118450437805,0.24511231919557155,0.23926211391670857,0.2415008601302236,0.22558968708825564
Polish,0.25162189810363034,0.24139155284225977,0.22086246117699987,0.24309828969225294,0.20971318546387713,0.22634968875706107,0.24718921679708303,0.22009977107312723,0.22001197922366886,0.25830962941477714,0.2393014855992271,0.24031247419508275,0.2517273056567166,0.2529891376566329,0.24162732456711875,0.24498600823330013,0.24788756963983388,0.24528031860266764,0.23806657334671816,0.26325446722497986,0.22221602317762873,0.2213997721163643,0.2026643812507845,0.22318902799857648,0.2528656495901679,0.23517161573289797,0.2556224768692165,0.2547975526388631,0.23157817799689914,0,0.2383698537008036,0.23810075028072858,0.21586771969094665,0.2211212056881719,0.23511402385219796,0.22046729298493764,0.23532860928785312,0.23848610821792743,0.2367011463380143,0.2136629430742665,0.24456035722612246,0.22271519682656035
Portuguese,0.26834066793651445,0.25492156928738313,0.23452030570932234,0.2587564886012295,0.23884149006661243,0.2554398467391874,0.24098745880828024,0.25339156705666877,0.2554539357695636,0.27422155778332874,0.25586388761557755,0.250697531767355,0.2605561715162982,0.23222360179074533,0.25969870920153876,0.25945955769574824,0.2636294688840982,0.25928255982527815,0.2527223857062096,0.27807160513765417,0.2225473311847325,0.23871802294556688,0.21998333405219986,0.25033898665454024,0.26753346040926157,0.249637690478283,0.2756745527670866,0.2690207634877701,0.2471398795787367,0.2383698537008036,0,0.24629354317027569,0.24785564132800894,0.2524610183100624,0.24816532721116188,0.26168442186979185,0.26421818158091476,0.22032405107021735,0.2541159357190205,0.24825467188946154,0.2589930446524168,0.23304393051168162
Romanian,0.2680255276880871,0.25629939787525574,0.23592544047841513,0.260930772547054,0.23916338193937103,0.25614156718263126,0.2521155817614699,0.25167901221926636,0.25448098669366337,0.27551348756481236,0.256301604797365,0.2551656183588163,0.2646033968208056,0.25914818840049475,0.2575653256802184,0.2595358454494194,0.26273343421309087,0.2579185220207422,0.25476199419711065,0.2807257519478226,0.22716788131354812,0.24289328466945675,0.21824153096829765,0.2507908986521228,0.26688377731378005,0.24946036049160436,0.2758282519733003,0.2688361506731869,0.24681442591401198,0.23810075028072858,0.24629354317027569,0,0.24884435041750194,0.2520738093420285,0.2511703794970536,0.2618435372388573,0.26322386371595047,0.2461130786075721,0.255620963949072,0.24800004507119452,0.2605934842096462,0.23505804110532713
Russian,0.26197056537316127,0.24792817383358187,0.2292103862021517,0.2561424855775847,0.2026607810998099,0.23289379099625043,0.25872891942683196,0.22603403286761867,0.2296637803188363,0.2684762348456636,0.25137902981177745,0.2490928706642913,0.2631170076840573,0.2614702527022676,0.2544123931808438,0.25398513812085205,0.25811861261219027,0.2557398135478438,0.24736673727710212,0.27505508205852863,0.23233735342413875,0.22994266942431654,0.21127955930124942,0.2164273855148373,0.2612349501206877,0.24617299452805222,0.26834277790098315,0.2635194548011104,0.2417217121155214,0.21586771969094665,0.24785564132800894,0.24884435041750194,0,0.21270530128884266,0.24144795201998373,0.23080931672246852,0.2441693426250356,0.2477273755422944,0.25056606792168723,0.1985067706044268,0.2554654804221706,0.23059703593457706
Serbian,0.2651939207978698,0.2500968358709239,0.2321554464851693,0.2594943473607133,0.16549555825650367,0.22613885531695482,0.26193476254774933,0.19396276372434462,0.23241018039340522,0.2726145974784516,0.2544097977633825,0.2511859658739878,0.26542417695850956,0.2627316705098248,0.2566870144519423,0.2583752573074238,0.25961695642849697,0.25883777273791375,0.2514892235320683,0.278910652521381,0.2331007258495643,0.23441166165710892,0.21279179451826896,0.19537793939720258,0.26460594294133805,0.2469543312147839,0.2726502217329508,0.26575247448164113,0.24389094061085065,0.2211212056881719,0.2524610183100624,0.2520738093420285,0.21270530128884266,0,0.24543344064286254,0.22961758228033896,0.23098942333254893,0.25037473555990375,0.2546911479194507,0.21034805377893817,0.2568950526993949,0.2321433861800394
Sinhala,0.2615610982850296,0.24410933048899552,0.22611901251792366,0.24847850178214842,0.2330319746072134,0.24830544105557786,0.25897506570620293,0.24819697586178885,0.2478053907242213,0.26759967927226336,0.25050481240868,0.24983660132626256,0.2632327232511466,0.2573624275520496,0.2536480973559197,0.24820363211941635,0.2545010489593015,0.24690693963738244,0.24275401325782353,0.2705884666364952,0.23107785535330946,0.23754890297326337,0.21340410145965175,0.24250707984954545,0.2597253046979454,0.23436184235076496,0.2681294692948915,0.2579379780971309,0.23709666622210368,0.23511402385219796,0.24816532721116188,0.2511703794970536,0.24144795201998373,0.24543344064286254,0,0.2568033933824896,0.25924402368659544,0.24556571206101854,0.24778243406427672,0.2412359103357795,0.24614035615709573,0.2250553064467143
Slovak,0.2751404301281727,0.264035007176722,0.24317727866594946,0.2707109845466179,0.2218753757720152,0.24301225135569665,0.2721840587971468,0.23358173804294768,0.21895724195634078,0.28267175263498,0.26694344524738883,0.259842153118472,0.2764522747289838,0.2739046921777126,0.26686252111905784,0.269676756685316,0.27112321553882285,0.26815765939807024,0.2623117749347284,0.2869092760719254,0.2464892741275987,0.24367511392083505,0.22603199318702796,0.23788217003562342,0.27521941859344456,0.2556059146190003,0.28029340266019526,0.27751955100841114,0.25298958517038533,0.22046729298493764,0.26168442186979185,0.2618435372388573,0.23080931672246852,0.22961758228033896,0.2568033933824896,0,0.25222310071708515,0.26126227345601655,0.2643149603531771,0.23227210775017823,0.26908733321693157,0.24343492009428067
Slovenian,0.277383736801499,0.2664397199679351,0.2474468795343583,0.27018064758832805,0.22532952947684567,0.24794954157552865,0.2734113021831504,0.23186452516090428,0.24952755863164006,0.2826546565463684,0.26719439064665657,0.2644185346058144,0.27710257086115453,0.27347891807540153,0.2672365597240526,0.2706711805150858,0.26919990184833764,0.26945006966418394,0.26629519277184355,0.286912989019179,0.2477642922082927,0.24811240024899112,0.22374865220121412,0.2427312307252318,0.27546303369276187,0.2550562274761341,0.2773340362815315,0.27523526173298873,0.2560343414706996,0.23532860928785312,0.26421818158091476,0.26322386371595047,0.2441693426250356,0.23098942333254893,0.25924402368659544,0.25222310071708515,0,0.2611536201611515,0.26782838462480685,0.24361529969759896,0.26696904199873206,0.2441509092850407
Spanish,0.2704977340185647,0.2540127627905596,0.2350050048137865,0.25691681051165727,0.2376683360138405,0.2513804758752438,0.23677685809446605,0.25036910906009846,0.2539433976191931,0.2736627559072004,0.25704478213410425,0.2529442096850889,0.25815840440319276,0.2110199884622995,0.2566040273696788,0.25491867473943985,0.26117459236338275,0.2550861250166978,0.253344972721217,0.27795680221807423,0.211957867292684,0.243302721900492,0.21761625488413344,0.24778418102373242,0.26523943189604304,0.2454162941864119,0.2744545962083248,0.26836040799436045,0.24622118450437805,0.23848610821792743,0.22032405107021735,0.2461130786075721,0.2477273755422944,0.25037473555990375,0.24556571206101854,0.26126227345601655,0.2611536201611515,0,0.25477929086996115,0.24505745266092835,0.25630168352050564,0.2329603232369575
Swedish,0.25652385307958936,0.2581040430167123,0.23341174706102105,0.26119712927568906,0.2402590165726113,0.25916707232618974,0.2617895450884451,0.2569845081559176,0.25857348578823175,0.259011526880516,0.23964281902465312,0.24744568884544943,0.26908968994311394,0.2689312915277076,0.24357386831505204,0.2583664973980441,0.26291367921461434,0.2563245087025778,0.23589590155075182,0.2783382185874268,0.23755254950892044,0.24270583463973366,0.21857640338772077,0.25260944983243006,0.27062186949142747,0.24965457387971238,0.24422007124717804,0.2702060443539475,0.24511231919557155,0.2367011463380143,0.2541159357190205,0.255620963949072,0.25056606792168723,0.2546911479194507,0.24778243406427672,0.2643149603531771,0.26782838462480685,0.25477929086996115,0,0.24983539017760792,0.2576320600055132,0.2344617861170414
Ukrainian,0.261388450879153,0.24560187359380117,0.22893530877419066,0.2560919934804248,0.20083150471562747,0.2313138498920839,0.2585052969868185,0.22153092463971358,0.23014556385475923,0.2663771323212209,0.25140371181356996,0.24761580633509103,0.2615453008375523,0.25999710266878034,0.2521902580244456,0.253607388405085,0.2568593922767527,0.25508802436140876,0.2472740109732618,0.27419240021384494,0.22866793830115484,0.2326918547955502,0.21027077563177132,0.21467207479915013,0.2601479854765023,0.2435664789323317,0.2669659255964105,0.26271307861179666,0.23926211391670857,0.2136629430742665,0.24825467188946154,0.24800004507119452,0.1985067706044268,0.21034805377893817,0.2412359103357795,0.23227210775017823,0.24361529969759896,0.24505745266092835,0.24983539017760792,0,0.2545534845719008,0.22853981216923658
Urdu,0.27339721100294856,0.2607462188809335,0.23870154241396696,0.23966869455887738,0.24481200342243378,0.261078983605881,0.26672525375248674,0.2600358153517573,0.2619407525129122,0.2764104054014669,0.25950664139171004,0.25854390760501095,0.2727541975924947,0.27226304053875033,0.2623135868891226,0.26032988831231363,0.24447510308008286,0.21835234894038635,0.25698731491457577,0.2844985840109232,0.24249421591519257,0.24699057232111257,0.22296812965458887,0.2536000273560296,0.2543588676884226,0.22995187458962155,0.2786228370365056,0.2642670186493865,0.2415008601302236,0.24456035722612246,0.2589930446524168,0.2605934842096462,0.2554654804221706,0.2568950526993949,0.24614035615709573,0.26908733321693157,0.26696904199873206,0.25630168352050564,0.2576320600055132,0.2545534845719008,0,0.23572875949023542
Welsh,0.2466452980674974,0.23385651335189966,0.21526426337077206,0.23974304108685052,0.2211902771767068,0.2347099244802042,0.24379108702383018,0.23330484621266398,0.23516068411416707,0.24792490417120527,0.23586604378682471,0.22885114775770507,0.2454206897932154,0.24364895484939733,0.23560574706545115,0.23655367060835536,0.24102872386409427,0.23987020168976844,0.23207269968797312,0.24930746252691505,0.21168029619584183,0.22473027582212984,0.203834904058804,0.23241623267115533,0.24562131548722604,0.22482025873196249,0.2558813092772332,0.2470130448952033,0.22558968708825564,0.22271519682656035,0.23304393051168162,0.23505804110532713,0.23059703593457706,0.2321433861800394,0.2250553064467143,0.24343492009428067,0.2441509092850407,0.2329603232369575,0.2344617861170414,0.22853981216923658,0.23572875949023542,0
