,Afrikaans,Albanian,Armenian,Bengali,Bosnian,Bulgarian,Catalan,Croatian,Czech,Danish,Dutch,English,French,Galician,German,Greek,Gujarati,Hindi,Icelandic,Irish,Italian,Latvian,Lithuanian,Macedonian,Marathi,Nepali,Norwegian,Pashto,Persian,Polish,Portuguese,Romanian,Russian,Serbian,Sinhala,Slovak,Slovenian,Spanish,Swedish,Ukrainian,Urdu,Welsh
Afrikaans,0,0.8475964821876218,0.9393653060322356,0.8459133295470751,0.9331184543509479,0.8492990253931846,0.8535899779249252,0.8587718704561779,0.8559770775823559,0.8291851128677126,0.8502005388047471,0.8737692342700025,0.8302159938817063,0.8220441963889474,0.8677675086579529,0.862216790733832,0.898262327183268,0.9019176810308062,0.8696717435063378,0.8112795306738588,0.9166474344352442,0.9412518908672579,1.04552888928097,0.8679957411616582,0.8600601254323014,0.8924490886089839,0.8267622695427581,0.8463870467596064,0.9141613640283117,0.9661582813174209,0.8488558478626587,0.8710336525523138,0.8913172714487367,0.861465458237858,0.8550427641283386,0.8549477552855026,0.9049689547715865,0.8402691218047778,0.855214462273478,0.8823055160324471,0.8342392228667413,0.9309278649962142
Albanian,0.8475964821876218,0,0.9325334152498871,0.8378964368468401,0.9174284135523768,0.8312351521020429,0.8512390387565548,0.8392189477008823,0.8354012787751393,0.8252633640482934,0.8679227172147955,0.8709763963366934,0.8182426037740754,0.8072732067209463,0.8726106243416664,0.8571154411839174,0.9021988767596951,0.9080383747201497,0.8764123693320129,0.8064038595274167,0.9074739587244225,0.9296602876985118,1.037171603121205,0.8515190424024187,0.859502537253615,0.8855467005260025,0.8188962445515595,0.8480502302996598,0.8967330231356289,0.9591959565354875,0.8340737141997115,0.8568083082526342,0.8706755493843931,0.8432555669241657,0.8312518813229177,0.8377176850253449,0.8940817248203281,0.8192690369238261,0.8463476698101451,0.8581402233007629,0.8169373648868706,0.9208542563990322
Armenian,0.9393653060322356,0.9325334152498871,0,0.9315897187530546,0.9997502043927314,0.9412824810215258,0.9468348939095441,0.9423378267942625,0.939530838724996,0.9380948039508342,0.9569413892615865,0.9657824967517634,0.9259044616605839,0.9152838353053554,0.9578427578127205,0.9434770416081123,0.9829952823628052,0.983729657595017,0.9563417199523557,0.9156397635991482,0.9824357843314501,1.0062880847451936,1.081752069852381,0.947457096985083,0.9493078670474078,0.9624837119232946,0.9366402609035709,0.9389365373172223,0.977547964251459,1.0278813440360606,0.935736158681032,0.9539949913083726,0.966456690335786,0.9423442720924547,0.9273577722652538,0.9447626454195347,0.9877046255766573,0.9206149228717724,0.9442306482496637,0.957433227617002,0.9200695182333364,0.9912409294062631
Bengali,0.8459133295470751,0.8378964368468401,0.9315897187530546,0,0.9148528113161448,0.8325544413656513,0.848279596338815,0.841103917061323,0.8447016043936024,0.8269693399136959,0.8670416423761448,0.8674968396508562,0.8174931331287227,0.8176428823878603,0.870887526805292,0.8556755533607884,0.8897923281094196,0.8933802037095402,0.8754399049195206,0.8086896571949083,0.9039278927075821,0.9268547167932527,1.030736162276517,0.8523214734093549,0.8505694105231975,0.8698543556816928,0.8231060745800517,0.84717405262431,0.9031078912661936,0.9564375923582111,0.8381333541497005,0.8594671329844171,0.8747636940006291,0.8463948189780789,0.8428240455344108,0.8438075514974287,0.8933313089770828,0.824572319681047,0.8467519482580518,0.8650076140153005,0.8125690695655146,0.9167432820355013
Bosnian,0.9331184543509479,0.9174284135523768,0.9997502043927314,0.9148528113161448,0,0.9003434836398977,0.9279969788301321,0.8985056390132942,0.9113765846413001,0.9099555555201662,0.9419084979463314,0.936210427806265,0.9069516668043517,0.8992049129708419,0.9464673930305181,0.9299306619952422,0.9760132060563936,0.9782531540781116,0.9521934474243526,0.899954680446463,0.9635565100965667,0.9886923692395707,1.0761004189354206,0.9043190852279319,0.9428735717307033,0.94790929717478,0.9067133541783216,0.9376872107016561,0.9672190826147016,1.001170984846569,0.9173300574353029,0.9302735304807628,0.9241387486703809,0.8877756768200641,0.9236551993048269,0.9135831427704062,0.9569081133382046,0.9052606128597529,0.9237537929757705,0.9076889937429478,0.8979869260062852,0.9748691785519965
Bulgarian,0.8492990253931846,0.8312351521020429,0.9412824810215258,0.8325544413656513,0.9003434836398977,0,0.8469147243808031,0.8121830467969764,0.8223231980516073,0.8155927637020102,0.8597100082611394,0.8464391738650238,0.8137362566411158,0.8158647203834704,0.8681150267630076,0.8511224409201437,0.9009367373540029,0.8999351269213677,0.8769054698827912,0.8067708817861592,0.8894353732529351,0.919818287510517,1.0282484103233913,0.84060007405117,0.8606207588768352,0.8742977186402102,0.8151488885577943,0.8524968589543448,0.9005643442125252,0.9426911138705327,0.8332976700291302,0.8447435870831534,0.8632042389841803,0.8322249486131881,0.8368899369358243,0.8288307632050664,0.8877004183986401,0.8220235652936493,0.8398552189201078,0.8470232897009394,0.8147257559700052,0.9015102287134219
Catalan,0.8535899779249252,0.8512390387565548,0.9468348939095441,0.848279596338815,0.9279969788301321,0.8469147243808031,0,0.8571263599633816,0.856844363163083,0.8354295088736667,0.8738639421803176,0.8768442404731811,0.8267331627476543,0.8167135346953963,0.8794784333466698,0.8616795400382209,0.9049177858779776,0.9117419553301217,0.8870164729261021,0.8175169568242279,0.908690984928559,0.937286110608688,1.0442938708842486,0.8699783960803185,0.8675669536395322,0.8918977226738787,0.8308883548368665,0.8574551999565646,0.9155679688799485,0.9699368578301032,0.841472622375478,0.8633346710268419,0.8903554438863065,0.8606872979793279,0.8606765920875497,0.8555463721574826,0.9034619235390119,0.8278529565361284,0.8524498147166841,0.8796523798004982,0.8339320888972407,0.9309442736189567
Croatian,0.8587718704561779,0.8392189477008823,0.9423378267942625,0.841103917061323,0.8985056390132942,0.8121830467969764,0.8571263599633816,0,0.8297245471024823,0.8301878012825022,0.8678248963346206,0.8604439803736618,0.8233478957700948,0.823364284204425,0.8730475626263922,0.8589346057843988,0.907112319527517,0.9095551198824999,0.8861816307689505,0.8194389774773874,0.8939729833118315,0.9282184658379988,1.0279193987000845,0.847615451514778,0.868465133825718,0.8810819283492098,0.828079558234683,0.8639363926314978,0.9038526028399329,0.944483483463548,0.838779324703969,0.8577565225730257,0.8707145720670845,0.8326725865165817,0.8453442777711094,0.8377256462028648,0.8954492629525347,0.8297035723475967,0.849939166848387,0.8525778168464138,0.82399361925699,0.9096832276883807
Czech,0.8559770775823559,0.8354012787751393,0.939530838724996,0.8447016043936024,0.9113765846413001,0.8223231980516073,0.856844363163083,0.8297245471024823,0,0.8334175352396475,0.8665382263000171,0.8712684102305339,0.8240849194504162,0.8191547786066741,0.8696031241561946,0.8591054376619133,0.9074843014505113,0.9085689583156503,0.8816696341655855,0.8150087268061571,0.8990800988064556,0.9294758624737661,1.030168587079956,0.8544527720296549,0.8694421650375546,0.8829937459617355,0.8262480664250113,0.8598084874857852,0.8998014722539495,0.942695981410451,0.8385508757585719,0.857767581238886,0.8719662971228536,0.8432596916038015,0.8468882848927551,0.8320088217926892,0.9018255359061823,0.8293984552742895,0.8508547427864382,0.8568989372714952,0.8237640637307417,0.9169653941678636
Danish,0.8291851128677126,0.8252633640482934,0.9380948039508342,0.8269693399136959,0.9099555555201662,0.8155927637020102,0.8354295088736667,0.8301878012825022,0.8334175352396475,0,0.8541395463748271,0.8457252160393185,0.8045526929322319,0.8017871509946555,0.8552195088187223,0.8522754759105057,0.8920937601977699,0.8959280475493482,0.8640822194625564,0.7894698018371008,0.899331129238353,0.9227978298311423,1.040151168073503,0.8461809066278697,0.8476687521610559,0.8753606480369209,0.7854755002493264,0.8391557471538885,0.8978755182877688,0.9563200768779994,0.8300082630477845,0.8457499072481357,0.8699993582036484,0.8352156205875303,0.8356710075205569,0.8293207349940642,0.8795138572466595,0.816657888344892,0.8281667237213027,0.8562770275018647,0.8104839970925535,0.91249047957359
Dutch,0.8502005388047471,0.8679227172147955,0.9569413892615865,0.8670416423761448,0.9419084979463314,0.8597100082611394,0.8738639421803176,0.8678248963346206,0.8665382263000171,0.8541395463748271,0,0.8867425128385458,0.8498361367217022,0.8488968894826392,0.874109430096197,0.8784866401307285,0.9149035601651683,0.918331498518193,0.8941584153081815,0.8376087202236171,0.9204599829277845,0.9538532346704884,1.051339308980749,0.8849200604437817,0.8813338945188707,0.9032150308427686,0.8496756792616639,0.8752314069369079,0.924990538091707,0.9711012051228097,0.8663664706252022,0.8820304779094492,0.9048263340105708,0.8769587415373888,0.8764405984406242,0.8764352429252384,0.9267542659613298,0.8592751847506971,0.8692321310833815,0.8927773580982178,0.8539009938133176,0.9374927167262558
English,0.8737692342700025,0.8709763963366934,0.9657824967517634,0.8674968396508562,0.936210427806265,0.8464391738650238,0.8768442404731811,0.8604439803736618,0.8712684102305339,0.8457252160393185,0.8867425128385458,0,0.8549383640069218,0.8538289142090741,0.8941646008195437,0.8838013704326193,0.9316572710512623,0.9312014928279999,0.9005040201335277,0.8449385583380274,0.9173876669977659,0.947686395749358,1.0478916275368222,0.8845706691370382,0.892131158871714,0.9047840320571068,0.8479485020680746,0.8841638108581187,0.9324571841529727,0.9760241999709304,0.8728297765557075,0.8771688311263108,0.9018073108073723,0.8748354629498533,0.8759830728821874,0.8717302115677005,0.9212729267878876,0.8614541031163357,0.8718633682748348,0.8880492404138121,0.852836067224944,0.9270856676373895
French,0.8302159938817063,0.8182426037740754,0.9259044616605839,0.8174931331287227,0.9069516668043517,0.8137362566411158,0.8267331627476543,0.8233478957700948,0.8240849194504162,0.8045526929322319,0.8498361367217022,0.8549383640069218,0,0.7912330631567563,0.851219343277469,0.8422423105396648,0.8858348465475986,0.8884576754379446,0.8625502489386854,0.7832812359954812,0.8863454324235944,0.918619830652527,1.0283862378517001,0.8420361815592937,0.8411639189611689,0.8683358009123138,0.7965134581887856,0.8318449900209217,0.890605528628873,0.9436884684867837,0.813689974248965,0.8419627397231587,0.8634708944498738,0.8303243808021727,0.826899790697281,0.823745341140711,0.8828437145610262,0.8034744868097721,0.8316955660845442,0.8530593077589996,0.8019102632367993,0.9091994120214438
Galician,0.8220441963889474,0.8072732067209463,0.9152838353053554,0.8176428823878603,0.8992049129708419,0.8158647203834704,0.8167135346953963,0.823364284204425,0.8191547786066741,0.8017871509946555,0.8488968894826392,0.8538289142090741,0.7912330631567563,0,0.8495572331954266,0.8376811336201418,0.8807731796701561,0.891099193330788,0.8527403284573463,0.7765296996557468,0.8865720107027757,0.9155716656072673,1.0246387430603738,0.8340285870000897,0.8401230124890314,0.8686481385883362,0.7943630625569473,0.822054100025838,0.8825487468130042,0.9435332043655539,0.8015109082371676,0.8388826974019259,0.8570503105094098,0.8270708922987705,0.8214657057983294,0.8204170124049631,0.8741024994113596,0.7854317450560738,0.8238688253720238,0.8452921991984387,0.7984239484761904,0.9085839548411855
German,0.8677675086579529,0.8726106243416664,0.9578427578127205,0.870887526805292,0.9464673930305181,0.8681150267630076,0.8794784333466698,0.8730475626263922,0.8696031241561946,0.8552195088187223,0.874109430096197,0.8941646008195437,0.851219343277469,0.8495572331954266,0,0.8805741804837436,0.9221919726317254,0.925665615170739,0.9004656329460048,0.8392456477769071,0.9258046689648272,0.9547830706565295,1.053398477972538,0.8865955159392066,0.8860834993584723,0.9115958025512668,0.850727244592478,0.880041332327501,0.9295997833239223,0.9779687228121331,0.8685861266487783,0.8888991272371629,0.9097120626368714,0.8782787502246939,0.8794482817705462,0.8770998306453159,0.9307583246814892,0.8601006563673602,0.8743141191607742,0.8960838394103859,0.8561983011097389,0.9460118629690334
Greek,0.862216790733832,0.8571154411839174,0.9434770416081123,0.8556755533607884,0.9299306619952422,0.8511224409201437,0.8616795400382209,0.8589346057843988,0.8591054376619133,0.8522754759105057,0.8784866401307285,0.8838013704326193,0.8422423105396648,0.8376811336201418,0.8805741804837436,0,0.9064195779826033,0.9123640582348483,0.8886588994795318,0.8314114255735215,0.9091455612219348,0.9405715002604584,1.0377369769641507,0.8742151377048158,0.8719038284840798,0.8929792924299844,0.8481039926929202,0.867660524270925,0.9173371779705705,0.9662250215972072,0.858257747756448,0.8732894188124294,0.8935702500188822,0.8654261991950815,0.8660009928064208,0.8636810431871103,0.9136233486313252,0.8440938705625728,0.8638237884973928,0.8780357576200496,0.8411776037544424,0.9255805674807904
Gujarati,0.898262327183268,0.9021988767596951,0.9829952823628052,0.8897923281094196,0.9760132060563936,0.9009367373540029,0.9049177858779776,0.907112319527517,0.9074843014505113,0.8920937601977699,0.9149035601651683,0.9316572710512623,0.8858348465475986,0.8807731796701561,0.9221919726317254,0.9064195779826033,0,0.9237048766074543,0.9263370961779755,0.8712177691142485,0.9588046243568188,0.9842852124549798,1.0779248325845272,0.9172441828808534,0.8803106264273715,0.9290578001279373,0.8891667042107039,0.8984081809043706,0.9591190213286556,1.00631451732627,0.9064721825975748,0.9197730636172667,0.9362806478367008,0.911383149798432,0.9076120642796468,0.9088909101488216,0.9542607629956533,0.8958392163191199,0.9104041420397476,0.9277999075057402,0.8782287343667664,0.974428550923252
Hindi,0.9019176810308062,0.9080383747201497,0.983729657595017,0.8933802037095402,0.9782531540781116,0.8999351269213677,0.9117419553301217,0.9095551198824999,0.9085689583156503,0.8959280475493482,0.918331498518193,0.9312014928279999,0.8884576754379446,0.891099193330788,0.925665615170739,0.9123640582348483,0.9237048766074543,0,0.9317430972620917,0.8768457194687268,0.9553557148280029,0.9887322846007502,1.0772157152320687,0.9204667288911026,0.8955695834709625,0.925659275227131,0.896724581728227,0.9027199257927196,0.9575156304537171,1.0024729992929102,0.9120229044558488,0.9186957352769529,0.9433472588759224,0.9146235710294406,0.9088147053655918,0.9102209490330764,0.958190470071773,0.9038270257024603,0.9150500977607993,0.9302740536210109,0.8797889196085315,0.9700727465025724
Icelandic,0.8696717435063378,0.8764123693320129,0.9563417199523557,0.8754399049195206,0.9521934474243526,0.8769054698827912,0.8870164729261021,0.8861816307689505,0.8816696341655855,0.8640822194625564,0.8941584153081815,0.9005040201335277,0.8625502489386854,0.8527403284573463,0.9004656329460048,0.8886588994795318,0.9263370961779755,0.9317430972620917,0,0.8473050294189911,0.9358383670108474,0.9614104321006052,1.0549136427195938,0.8934835554356829,0.8895504832421772,0.912641506988241,0.8595030017032889,0.878471376757106,0.9359150505741218,0.9848075680526381,0.8810178210988632,0.8956645574190489,0.913839103370398,0.8880544569196889,0.8816578887648819,0.883008348742358,0.9320079612247495,0.867682043647144,0.8826607208348798,0.9053067277771817,0.8618929499536064,0.9456877417117278
Irish,0.8112795306738588,0.8064038595274167,0.9156397635991482,0.8086896571949083,0.899954680446463,0.8067708817861592,0.8175169568242279,0.8194389774773874,0.8150087268061571,0.7894698018371008,0.8376087202236171,0.8449385583380274,0.7832812359954812,0.7765296996557468,0.8392456477769071,0.8314114255735215,0.8712177691142485,0.8768457194687268,0.8473050294189911,0,0.8874330856985747,0.9108203520468741,1.024550490886196,0.8266666638466749,0.8257418363874869,0.8609531496875028,0.7822510596473174,0.8104598782998058,0.8838282440830619,0.9405992465139317,0.8041265495320616,0.8356870055678308,0.8538998147783531,0.8218998296865346,0.8190070241614908,0.8134932987263344,0.8667767460075275,0.7927006610650903,0.8190422822433473,0.843254572667109,0.7926826463789716,0.9048546252024217
Italian,0.9166474344352442,0.9074739587244225,0.9824357843314501,0.9039278927075821,0.9635565100965667,0.8894353732529351,0.908690984928559,0.8939729833118315,0.8990800988064556,0.899331129238353,0.9204599829277845,0.9173876669977659,0.8863454324235944,0.8865720107027757,0.9258046689648272,0.9091455612219348,0.9588046243568188,0.9553557148280029,0.9358383670108474,0.8874330856985747,0,0.9819655328647011,1.0604544043792703,0.9172190412621232,0.9269894163237495,0.9297070763825696,0.9023297626247881,0.9211314941845576,0.9525016001211547,0.9937543103002096,0.9036166819821418,0.9077703070219915,0.9338141487631346,0.9079661835886715,0.9083134053946026,0.9087146622445738,0.9609084933266532,0.8903049441660547,0.907433008274753,0.9177678931881648,0.8898108248864647,0.9463837249809743
Latvian,0.9412518908672579,0.9296602876985118,1.0062880847451936,0.9268547167932527,0.9886923692395707,0.919818287510517,0.937286110608688,0.9282184658379988,0.9294758624737661,0.9227978298311423,0.9538532346704884,0.947686395749358,0.918619830652527,0.9155716656072673,0.9547830706565295,0.9405715002604584,0.9842852124549798,0.9887322846007502,0.9614104321006052,0.9108203520468741,0.9819655328647011,0,1.0760009976883236,0.9388775027025537,0.9490400657396371,0.9620452701496868,0.9207084969283736,0.9414493356656897,0.9869750757457859,1.025100451116401,0.9329504137299428,0.9434614141003099,0.9544222688955654,0.9324642515870977,0.9321199795996673,0.9309418271400031,0.9769875043665436,0.9203756696476565,0.9360284810427592,0.9454308501030159,0.9152622099941203,0.9876158132306284
Lithuanian,1.04552888928097,1.037171603121205,1.081752069852381,1.030736162276517,1.0761004189354206,1.0282484103233913,1.0442938708842486,1.0279193987000845,1.030168587079956,1.040151168073503,1.051339308980749,1.0478916275368222,1.0283862378517001,1.0246387430603738,1.053398477972538,1.0377369769641507,1.0779248325845272,1.0772157152320687,1.0549136427195938,1.024550490886196,1.0604544043792703,1.0760009976883236,0,1.037398975684071,1.0526503550078798,1.0464364716874768,1.0366529526624382,1.0472337505080418,1.071203583773629,1.1012043904121704,1.0365966715877233,1.0429884690495106,1.0515161573319898,1.0330779064369728,1.0307790311647944,1.0401190339905295,1.081920673644042,1.0214719621722304,1.039709929077787,1.0434622757431196,1.0204522550977864,1.065836266484242
Macedonian,0.8679957411616582,0.8515190424024187,0.947457096985083,0.8523214734093549,0.9043190852279319,0.84060007405117,0.8699783960803185,0.847615451514778,0.8544527720296549,0.8461809066278697,0.8849200604437817,0.8845706691370382,0.8420361815592937,0.8340285870000897,0.8865955159392066,0.8742151377048158,0.9172441828808534,0.9204667288911026,0.8934835554356829,0.8266666638466749,0.9172190412621232,0.9388775027025537,1.037398975684071,0,0.8792113914541982,0.8953595630340091,0.8429415254022554,0.8701267107559134,0.917502373619814,0.9594143360810735,0.8546294702630235,0.8737310148485135,0.8728406948503082,0.833778486846462,0.8624172114373861,0.8544182959141426,0.9013007731885883,0.8415656212460443,0.8667937652630489,0.857518922259945,0.8351077466561994,0.9282403361156272
Marathi,0.8600601254323014,0.859502537253615,0.9493078670474078,0.8505694105231975,0.9428735717307033,0.8606207588768352,0.8675669536395322,0.868465133825718,0.8694421650375546,0.8476687521610559,0.8813338945188707,0.892131158871714,0.8411639189611689,0.8401230124890314,0.8860834993584723,0.8719038284840798,0.8803106264273715,0.8955695834709625,0.8895504832421772,0.8257418363874869,0.9269894163237495,0.9490400657396371,1.0526503550078798,0.8792113914541982,0,0.8935553102563722,0.8450388176229382,0.8597612893853066,0.9247850514984195,0.9752683980340853,0.8645776529175985,0.8822346506553777,0.8979744170141702,0.8728016051836893,0.8659146585197519,0.8688520133470748,0.9121542443654982,0.8530163191539336,0.8715459470420202,0.8900566000447024,0.8380068001322211,0.9410859774324976
Nepali,0.8924490886089839,0.8855467005260025,0.9624837119232946,0.8698543556816928,0.94790929717478,0.8742977186402102,0.8918977226738787,0.8810819283492098,0.8829937459617355,0.8753606480369209,0.9032150308427686,0.9047840320571068,0.8683358009123138,0.8686481385883362,0.9115958025512668,0.8929792924299844,0.9290578001279373,0.925659275227131,0.912641506988241,0.8609531496875028,0.9297070763825696,0.9620452701496868,1.0464364716874768,0.8953595630340091,0.8935553102563722,0,0.8742411779439034,0.8879724127152675,0.9372340027916038,0.9825664249801673,0.8888419504333633,0.8966985889660376,0.9170607345605716,0.8899958421475408,0.8840458932250741,0.8897015927552132,0.9387036490828674,0.8772663569084318,0.8909505580675265,0.9036624965412515,0.8588978515148953,0.9388708715072694
Norwegian,0.8267622695427581,0.8188962445515595,0.9366402609035709,0.8231060745800517,0.9067133541783216,0.8151488885577943,0.8308883548368665,0.828079558234683,0.8262480664250113,0.7854755002493264,0.8496756792616639,0.8479485020680746,0.7965134581887856,0.7943630625569473,0.850727244592478,0.8481039926929202,0.8891667042107039,0.896724581728227,0.8595030017032889,0.7822510596473174,0.9023297626247881,0.9207084969283736,1.0366529526624382,0.8429415254022554,0.8450388176229382,0.8742411779439034,0,0.8348772306885666,0.892472874344071,0.9531125734350862,0.822242294370137,0.8470766914819596,0.862219823681516,0.8302804957037663,0.8322831926028348,0.8261070004481702,0.8723565043036945,0.8075597842727501,0.8246836274944889,0.8509944156014302,0.8029213972088839,0.9175697550413323
Pashto,0.8463870467596064,0.8480502302996598,0.9389365373172223,0.84717405262431,0.9376872107016561,0.8524968589543448,0.8574551999565646,0.8639363926314978,0.8598084874857852,0.8391557471538885,0.8752314069369079,0.8841638108581187,0.8318449900209217,0.822054100025838,0.880041332327501,0.867660524270925,0.8984081809043706,0.9027199257927196,0.878471376757106,0.8104598782998058,0.9211314941845576,0.9414493356656897,1.0472337505080418,0.8701267107559134,0.8597612893853066,0.8879724127152675,0.8348772306885666,0,0.9122746557136198,0.9710255656257194,0.8542005150139335,0.8736878332004068,0.8941671185328823,0.863678397314502,0.8487649739802582,0.8577278569971999,0.9011784255534936,0.844343678512469,0.8623452185313966,0.8845910091265277,0.830870362250333,0.932098177711067
Persian,0.9141613640283117,0.8967330231356289,0.977547964251459,0.9031078912661936,0.9672190826147016,0.9005643442125252,0.9155679688799485,0.9038526028399329,0.8998014722539495,0.8978755182877688,0.924990538091707,0.9324571841529727,0.890605528628873,0.8825487468130042,0.9295997833239223,0.9173371779705705,0.9591190213286556,0.9575156304537171,0.9359150505741218,0.8838282440830619,0.9525016001211547,0.9869750757457859,1.071203583773629,0.917502373619814,0.9247850514984195,0.9372340027916038,0.892472874344071,0.9122746557136198,0,0.9989625425593961,0.9017881053402844,0.9205426072310631,0.9358970947906838,0.9070857919934611,0.8999596283663952,0.9070555137450769,0.9580742033555772,0.8916319222584538,0.9122780384678943,0.9202826363824318,0.8841771996789777,0.9675647889358338
Polish,0.9661582813174209,0.9591959565354875,1.0278813440360606,0.9564375923582111,1.001170984846569,0.9426911138705327,0.9699368578301032,0.944483483463548,0.942695981410451,0.9563200768779994,0.9711012051228097,0.9760241999709304,0.9436884684867837,0.9435332043655539,0.9779687228121331,0.9662250215972072,1.00631451732627,1.0024729992929102,0.9848075680526381,0.9405992465139317,0.9937543103002096,1.025100451116401,1.1012043904121704,0.9594143360810735,0.9752683980340853,0.9825664249801673,0.9531125734350862,0.9710255656257194,0.9989625425593961,0,0.9551494627835715,0.9694670979321279,0.9737631485857667,0.9515334060797482,0.963390402501387,0.9507195621308665,1.0036172811126116,0.9491864372208988,0.9646871399995636,0.9619512748101327,0.9422013953308027,1.0047801179612714
Portuguese,0.8488558478626587,0.8340737141997115,0.935736158681032,0.8381333541497005,0.9173300574353029,0.8332976700291302,0.841472622375478,0.838779324703969,0.8385508757585719,0.8300082630477845,0.8663664706252022,0.8728297765557075,0.813689974248965,0.8015109082371676,0.8685861266487783,0.858257747756448,0.9064721825975748,0.9120229044558488,0.8810178210988632,0.8041265495320616,0.9036166819821418,0.9329504137299428,1.0365966715877233,0.8546294702630235,0.8645776529175985,0.8888419504333633,0.822242294370137,0.8542005150139335,0.9017881053402844,0.9551494627835715,0,0.8591394836538387,0.8767509030718511,0.8463990511364459,0.8466562364340804,0.8423859582680302,0.898274001357965,0.8038413898996943,0.84513886543521,0.8628966828248201,0.8215172818689453,0.9237425355913946
Romanian,0.8710336525523138,0.8568083082526342,0.9539949913083726,0.8594671329844171,0.9302735304807628,0.8447435870831534,0.8633346710268419,0.8577565225730257,0.857767581238886,0.8457499072481357,0.8820304779094492,0.8771688311263108,0.8419627397231587,0.8388826974019259,0.8888991272371629,0.8732894188124294,0.9197730636172667,0.9186957352769529,0.8956645574190489,0.8356870055678308,0.9077703070219915,0.9434614141003099,1.0429884690495106,0.8737310148485135,0.8822346506553777,0.8966985889660376,0.8470766914819596,0.8736878332004068,0.9205426072310631,0.9694670979321279,0.8591394836538387,0,0.8945150712033368,0.8681156120471468,0.8668758763982832,0.8635284282073132,0.9162583729707156,0.8456508743791502,0.8621657759679281,0.8789615711092786,0.8415065036506448,0.9248202512915779
Russian,0.8913172714487367,0.8706755493843931,0.966456690335786,0.8747636940006291,0.9241387486703809,0.8632042389841803,0.8903554438863065,0.8707145720670845,0.8719662971228536,0.8699993582036484,0.9048263340105708,0.9018073108073723,0.8634708944498738,0.8570503105094098,0.9097120626368714,0.8935702500188822,0.9362806478367008,0.9433472588759224,0.913839103370398,0.8538998147783531,0.9338141487631346,0.9544222688955654,1.0515161573319898,0.8728406948503082,0.8979744170141702,0.9170607345605716,0.862219823681516,0.8941671185328823,0.9358970947906838,0.9737631485857667,0.8767509030718511,0.8945150712033368,0,0.8619974166063544,0.883683924870835,0.8740575817196251,0.9220667008928406,0.8628802145747663,0.8849797679961765,0.8699561905106727,0.8563374588489743,0.9429276596396028
Serbian,0.861465458237858,0.8432555669241657,0.9423442720924547,0.8463948189780789,0.8877756768200641,0.8322249486131881,0.8606872979793279,0.8326725865165817,0.8432596916038015,0.8352156205875303,0.8769587415373888,0.8748354629498533,0.8303243808021727,0.8270708922987705,0.8782787502246939,0.8654261991950815,0.911383149798432,0.9146235710294406,0.8880544569196889,0.8218998296865346,0.9079661835886715,0.9324642515870977,1.0330779064369728,0.833778486846462,0.8728016051836893,0.8899958421475408,0.8302804957037663,0.863678397314502,0.9070857919934611,0.9515334060797482,0.8463990511364459,0.8681156120471468,0.8619974166063544,0,0.8538209833851359,0.8434964712001376,0.8881822951627346,0.8339371879168972,0.8546323767861664,0.8490546741889408,0.8270839888820861,0.9224119277294364
Sinhala,0.8550427641283386,0.8312518813229177,0.9273577722652538,0.8428240455344108,0.9236551993048269,0.8368899369358243,0.8606765920875497,0.8453442777711094,0.8468882848927551,0.8356710075205569,0.8764405984406242,0.8759830728821874,0.826899790697281,0.8214657057983294,0.8794482817705462,0.8660009928064208,0.9076120642796468,0.9088147053655918,0.8816578887648819,0.8190070241614908,0.9083134053946026,0.9321199795996673,1.0307790311647944,0.8624172114373861,0.8659146585197519,0.8840458932250741,0.8322831926028348,0.8487649739802582,0.8999596283663952,0.963390402501387,0.8466562364340804,0.8668758763982832,0.883683924870835,0.8538209833851359,0,0.8449066089706384,0.8995036111783141,0.8315547098450222,0.8576780148801428,0.8698720126278215,0.8230204526945228,0.918551719008049
Slovak,0.8549477552855026,0.8377176850253449,0.9447626454195347,0.8438075514974287,0.9135831427704062,0.8288307632050664,0.8555463721574826,0.8377256462028648,0.8320088217926892,0.8293207349940642,0.8764352429252384,0.8717302115677005,0.823745341140711,0.8204170124049631,0.8770998306453159,0.8636810431871103,0.9088909101488216,0.9102209490330764,0.883008348742358,0.8134932987263344,0.9087146622445738,0.9309418271400031,1.0401190339905295,0.8544182959141426,0.8688520133470748,0.8897015927552132,0.8261070004481702,0.8577278569971999,0.9070555137450769,0.9507195621308665,0.8423859582680302,0.8635284282073132,0.8740575817196251,0.8434964712001376,0.8449066089706384,0,0.8921812584331089,0.8320309483595758,0.8522771508580144,0.8632462714461504,0.8254395010828762,0.9234704300839458
Slovenian,0.9049689547715865,0.8940817248203281,0.9877046255766573,0.8933313089770828,0.9569081133382046,0.8877004183986401,0.9034619235390119,0.8954492629525347,0.9018255359061823,0.8795138572466595,0.9267542659613298,0.9212729267878876,0.8828437145610262,0.8741024994113596,0.9307583246814892,0.9136233486313252,0.9542607629956533,0.958190470071773,0.9320079612247495,0.8667767460075275,0.9609084933266532,0.9769875043665436,1.081920673644042,0.9013007731885883,0.9121542443654982,0.9387036490828674,0.8723565043036945,0.9011784255534936,0.9580742033555772,1.0036172811126116,0.898274001357965,0.9162583729707156,0.9220667008928406,0.8881822951627346,0.8995036111783141,0.8921812584331089,0,0.8837536044670021,0.902960956073648,0.911826358530825,0.8774630421710325,0.9724735609369577
Spanish,0.8402691218047778,0.8192690369238261,0.9206149228717724,0.824572319681047,0.9052606128597529,0.8220235652936493,0.8278529565361284,0.8297035723475967,0.8293984552742895,0.816657888344892,0.8592751847506971,0.8614541031163357,0.8034744868097721,0.7854317450560738,0.8601006563673602,0.8440938705625728,0.8958392163191199,0.9038270257024603,0.867682043647144,0.7927006610650903,0.8903049441660547,0.9203756696476565,1.0214719621722304,0.8415656212460443,0.8530163191539336,0.8772663569084318,0.8075597842727501,0.844343678512469,0.8916319222584538,0.9491864372208988,0.8038413898996943,0.8456508743791502,0.8628802145747663,0.8339371879168972,0.8315547098450222,0.8320309483595758,0.8837536044670021,0,0.8309096238757777,0.8487438833709784,0.8065183319095036,0.9114533548891215
Swedish,0.855214462273478,0.8463476698101451,0.9442306482496637,0.8467519482580518,0.9237537929757705,0.8398552189201078,0.8524498147166841,0.849939166848387,0.8508547427864382,0.8281667237213027,0.8692321310833815,0.8718633682748348,0.8316955660845442,0.8238688253720238,0.8743141191607742,0.8638237884973928,0.9104041420397476,0.9150500977607993,0.8826607208348798,0.8190422822433473,0.907433008274753,0.9360284810427592,1.039709929077787,0.8667937652630489,0.8715459470420202,0.8909505580675265,0.8246836274944889,0.8623452185313966,0.9122780384678943,0.9646871399995636,0.84513886543521,0.8621657759679281,0.8849797679961765,0.8546323767861664,0.8576780148801428,0.8522771508580144,0.902960956073648,0.8309096238757777,0,0.870487765030239,0.8304809891724686,0.9240293218517841
Ukrainian,0.8823055160324471,0.8581402233007629,0.957433227617002,0.8650076140153005,0.9076889937429478,0.8470232897009394,0.8796523798004982,0.8525778168464138,0.8568989372714952,0.8562770275018647,0.8927773580982178,0.8880492404138121,0.8530593077589996,0.8452921991984387,0.8960838394103859,0.8780357576200496,0.9277999075057402,0.9302740536210109,0.9053067277771817,0.843254572667109,0.9177678931881648,0.9454308501030159,1.0434622757431196,0.857518922259945,0.8900566000447024,0.9036624965412515,0.8509944156014302,0.8845910091265277,0.9202826363824318,0.9619512748101327,0.8628966828248201,0.8789615711092786,0.8699561905106727,0.8490546741889408,0.8698720126278215,0.8632462714461504,0.911826358530825,0.8487438833709784,0.870487765030239,0,0.8438633601595398,0.9289622419223311
Urdu,0.8342392228667413,0.8169373648868706,0.9200695182333364,0.8125690695655146,0.8979869260062852,0.8147257559700052,0.8339320888972407,0.82399361925699,0.8237640637307417,0.8104839970925535,0.8539009938133176,0.852836067224944,0.8019102632367993,0.7984239484761904,0.8561983011097389,0.8411776037544424,0.8782287343667664,0.8797889196085315,0.8618929499536064,0.7926826463789716,0.8898108248864647,0.9152622099941203,1.0204522550977864,0.8351077466561994,0.8380068001322211,0.8588978515148953,0.8029213972088839,0.830870362250333,0.8841771996789777,0.9422013953308027,0.8215172818689453,0.8415065036506448,0.8563374588489743,0.8270839888820861,0.8230204526945228,0.8254395010828762,0.8774630421710325,0.8065183319095036,0.8304809891724686,0.8438633601595398,0,0.9006657199254551
Welsh,0.9309278649962142,0.9208542563990322,0.9912409294062631,0.9167432820355013,0.9748691785519965,0.9015102287134219,0.9309442736189567,0.9096832276883807,0.9169653941678636,0.91249047957359,0.9374927167262558,0.9270856676373895,0.9091994120214438,0.9085839548411855,0.9460118629690334,0.9255805674807904,0.974428550923252,0.9700727465025724,0.9456877417117278,0.9048546252024217,0.9463837249809743,0.9876158132306284,1.065836266484242,0.9282403361156272,0.9410859774324976,0.9388708715072694,0.9175697550413323,0.932098177711067,0.9675647889358338,1.0047801179612714,0.9237425355913946,0.9248202512915779,0.9429276596396028,0.9224119277294364,0.918551719008049,0.9234704300839458,0.9724735609369577,0.9114533548891215,0.9240293218517841,0.9289622419223311,0.9006657199254551,0
