,Afrikaans,Albanian,Armenian,Bengali,Bosnian,Bulgarian,Catalan,Croatian,Czech,Danish,Dutch,English,French,Galician,German,Greek,Gujarati,Hindi,Icelandic,Irish,Italian,Latvian,Lithuanian,Macedonian,Marathi,Nepali,Norwegian,Pashto,Persian,Polish,Portuguese,Romanian,Russian,Serbian,Sinhala,Slovak,Slovenian,Spanish,Swedish,Ukrainian,Urdu,Welsh
Afrikaans,0,521.3262190745027,603.8348259619205,505.78000904533286,590.2129739343862,517.9305952380789,488.3696717074137,533.3596549009103,543.2997885251528,460.35067554220626,508.97743724363335,519.087927385335,479.5748856465055,476.31835218193913,509.99577452109077,505.5682023204042,504.43082658038844,514.8502129348658,509.64800319165863,446.9261609277266,602.7437154166995,569.1606468385729,714.3847259453333,531.2767625057616,485.1827006628859,568.4587652836065,461.9122522080488,477.21409284385754,579.0750498418238,601.8037195313938,516.2110603877452,523.1286938577076,549.1199084537825,532.057208417134,562.2016559943673,496.22730921862785,502.291214182211,522.7122868069059,511.67135362899126,559.0769092492723,515.2811782118742,614.0654817718296
Albanian,521.3262190745027,0,656.2554147458286,558.5216656033881,643.2538576009623,568.7705245097297,540.7349966643134,584.1359935933227,593.1365314658965,512.5416020354331,568.3171852290012,573.3982343326891,530.2398473062458,524.9149383015471,564.0663519512472,558.5086078475466,558.7452085341496,570.1962674811615,565.3899985130097,498.85137949125465,656.6518004699453,622.1553240259286,768.1308006813284,583.1086726988073,538.0598493608268,622.5298171628227,513.3143970309676,530.6038181837721,629.0913494072437,656.0058974863889,565.8737226417891,574.6397211908807,600.6831550204051,583.7016235317546,611.1206298284463,546.2237897788817,554.977579681795,572.1247619840804,563.9293899030323,609.9587062605151,566.4286023480398,668.3805431243586
Armenian,603.8348259619205,656.2554147458286,0,640.5727057134147,725.052828283062,655.6580973278394,623.8524589346017,669.1031464606015,679.0688318945511,599.2073141244219,652.0917883630422,656.2972934403928,616.5516877938218,611.02436638407,645.9632265488813,639.0635808326191,640.3746653562014,650.0149126841173,644.5900417573241,584.4227685124437,736.6407991237295,701.5667914732531,841.2788795447508,666.3460777988896,620.5545149058325,702.7359403525793,601.0749138187584,612.373228657188,710.6169617997913,735.5379911801335,649.7664495623876,658.2940919024811,683.2464973099193,667.5730276759588,693.9570719315402,631.6744428492891,637.5850798442124,654.8579071030643,647.7590249280944,694.5504131607197,650.9240549077093,745.3837607647224
Bengali,505.78000904533286,558.5216656033881,640.5727057134147,0,622.9301490328927,550.4054676330015,523.0472691874561,566.3441231473271,578.3088437804707,496.13502108018196,551.6180754514386,553.9037740514731,513.2299377173499,512.0827082238654,546.4762067848851,540.3232944534498,539.3657744063898,549.295932661814,549.3627674770302,482.4480593947868,636.0593209501121,601.713707527107,746.8525825762057,564.1393973911303,520.0662787913066,599.1570123932321,499.4037822778909,514.7462746274346,615.3948775275661,636.4978604136543,549.5024557693386,558.5900529309886,581.508638559876,565.3598603781882,598.189189077098,531.2317915370822,537.1869172313784,555.5012661969018,546.5928753555729,591.5784077759997,547.0171411916832,647.1764636715911
Bosnian,590.2129739343862,643.2538576009623,725.052828283062,622.9301490328927,0,632.1286101824927,607.034092674969,645.3778047249889,660.0647096689055,579.8031169353401,635.687429611467,635.0621534028842,598.3254820792423,594.8790205450495,629.3080908768246,622.4667094915135,624.166675335126,633.9139881127369,632.7254877478365,567.5179102505747,717.2716841483942,683.4470237366055,827.2891066575103,639.4067827306407,604.9670907757854,685.21451615949,583.2764682673187,599.6209498755086,698.7222356950024,715.5522955247201,633.7102920611038,640.0025685584064,657.4621727152326,638.6507843025428,683.3501632772463,613.1597584566994,617.8616784788308,640.1055609384057,630.0306171826174,665.7669155183041,632.2422487165561,728.4984514788257
Bulgarian,517.9305952380789,568.7705245097297,655.6580973278394,550.4054676330015,632.1286101824927,0,533.834404028877,570.7791077872797,585.5765539621174,504.79387650147277,561.8205825856894,560.0503692222561,523.3426386373156,523.49691511497,558.0436366575395,550.8272552409898,552.2581447967391,562.1396155064725,561.4410693104703,494.0019776260393,645.0073267515551,611.9619219108423,759.7246884099117,572.8120756953065,532.3746002819088,613.2687546759008,508.7493073475168,526.9304316873797,628.1829800914383,645.8377361305721,561.1833577753143,566.7674320981952,591.1189835443147,573.7539375622215,609.5885426720414,539.915955531381,547.0791767736875,567.0684982852913,556.4829737682064,599.5900837407145,559.283003330235,656.8724414359084
Catalan,488.3696717074137,540.7349966643134,623.8524589346017,523.0472691874561,607.034092674969,533.834404028877,0,550.3226762537076,561.0720422902797,478.5064966212806,533.5126712674515,536.7016029754254,495.9433286010542,492.59097772184083,528.6629211166355,521.8789642135681,523.2771461504143,534.7227257489166,532.05203053945,464.40595365481624,617.9564700413699,585.2968753873571,731.2544475951854,548.8067227088734,504.22148078280685,586.2077376439255,481.1525721432267,496.717573360093,598.7193777457859,620.0207906882292,530.7056628007454,538.8801660051105,565.307408664424,549.3122018886547,582.1026731316776,513.7992363719828,519.4539417979369,536.1350036734564,527.3616673304551,575.2640293331694,532.7632330791387,631.7229832417651
Croatian,533.3596549009103,584.1359935933227,669.1031464606015,566.3441231473271,645.3778047249889,570.7791077872797,550.3226762537076,0,601.4528786004325,521.6400829318513,577.2820703899021,577.0708915011382,539.123188564237,538.8008149847968,573.2259408359654,565.7316366397727,567.4235239002348,577.6998128565907,576.8094538206275,510.3655949323182,660.2582571715798,628.0322426695147,772.6774980353522,587.4576709539895,547.9051912967498,628.247625302171,524.7526145820202,542.5618063216194,642.3053248594334,659.653184316439,575.166100920891,583.6353535786675,605.6502691528926,587.4753558659123,624.4095592774939,555.1666357031606,562.1998801431047,582.4401244710767,573.5210328541959,614.0517477547427,575.443768510469,672.4034177350693
Czech,543.2997885251528,593.1365314658965,679.0688318945511,578.3088437804707,660.0647096689055,585.5765539621174,561.0720422902797,601.4528786004325,0,533.0308393688406,588.8397864114191,591.9416907917908,550.5309547964612,547.7221332946815,583.5437320695046,578.3291229660543,579.6174829252363,590.2804110859681,586.8426206751267,519.6225086065116,674.5600337376964,640.1808300465033,786.6159159775784,601.789816344143,559.8755627246717,641.1822099730538,533.8492917842798,552.0891078064731,652.0182267159872,672.4625953581939,585.8286560812315,593.7099661163212,619.007544319796,601.9497230730184,635.0907466772404,564.7815034533401,574.8492033684876,592.7754895593456,584.0498546841544,628.2823796445686,586.0780999639842,686.595474520296
Danish,460.35067554220626,512.5416020354331,599.2073141244219,496.13502108018196,579.8031169353401,504.79387650147277,478.5064966212806,521.6400829318513,533.0308393688406,0,506.9758684115039,507.63111261356215,468.7312791430705,466.30862040631786,501.6678069989232,497.23842326872693,496.3542187254172,507.6122793196493,504.5987907198531,437.12247093296844,593.0948210516967,559.8396770977455,707.635862464165,520.732294035797,476.8514085204029,559.0604331335334,450.13632323357655,470.4223982803647,571.7118998568108,594.1677004164656,506.35343790371104,513.3801449935513,538.5371880961479,520.8163210449128,553.8112513106695,486.3462310439476,492.72767913411946,512.3649860108536,500.7620678810303,547.6804641105834,504.7682613403224,605.500506869809
Dutch,508.97743724363335,568.3171852290012,652.0917883630422,551.6180754514386,635.687429611467,561.8205825856894,533.5126712674515,577.2820703899021,588.8397864114191,506.9758684115039,0,564.1445867012386,525.8796841868276,523.5154092636968,553.2755054494259,550.5594377955251,550.0083308939804,560.3836850027586,558.2611349516415,493.54444834677184,645.8604319819294,614.2997102696568,758.8826453255017,576.9535719935004,531.0607491119645,613.4390975921116,508.40698926872165,524.911274557509,625.6057001714851,646.2959068655009,561.4317172934161,567.3133356244705,594.7376325264524,577.7123213926471,610.2156063237171,543.3181612367914,548.5432691976669,568.1646573538909,556.436670577925,603.6598618176565,561.7642116038024,658.9846122280937
English,519.087927385335,573.3982343326891,656.2972934403928,553.9037740514731,635.0621534028842,560.0503692222561,536.7016029754254,577.0708915011382,591.9416907917908,507.63111261356215,564.1445867012386,0,528.5825489402213,526.7857790091659,559.5856560449581,553.1742413246889,554.7197391715176,564.4256793134439,562.2420374150087,497.5108691663457,645.7248245183249,614.615957059591,758.8300897908608,577.3124524023929,534.5201828893385,615.6994289006568,513.0284286959134,529.6785577095492,630.550450307889,648.6722803591805,565.7091872982883,569.2198200080709,593.9828075835671,577.812954337587,613.1496199896666,544.381945216498,550.02681756305,572.1036993634169,559.926623470169,603.39151824619,563.7359372924677,657.3799851364653
French,479.5748856465055,530.2398473062458,616.5516877938218,513.2299377173499,598.3254820792423,523.3426386373156,495.9433286010542,539.123188564237,550.5309547964612,468.7312791430705,525.8796841868276,528.5825489402213,0,483.8537954701508,519.5787787671395,514.6179770106622,515.4434421770915,526.2300836059588,524.0331959690391,454.73588883656157,609.7227823348609,577.3116261453271,723.6189804546167,538.7390934607557,495.04173150184545,576.4458068006753,470.2125737792039,488.436827172573,589.5995963899858,610.7643113759408,520.3185731814343,532.0246402349868,556.1578694167102,538.8150040269863,571.306603169135,504.4627197352141,511.55184905046247,527.5057128906525,520.1614016474239,566.3896171425388,522.208841501937,623.6434364090234
Galician,476.31835218193913,524.9149383015471,611.02436638407,512.0827082238654,594.8790205450495,523.49691511497,492.59097772184083,538.8008149847968,547.7221332946815,466.30862040631786,523.5154092636968,526.7857790091659,483.8537954701508,0,517.0342224723787,513.4144624536135,512.9204802119272,525.2425684985917,519.5764445543318,451.391397153968,609.0821040239415,575.834946216093,721.3849068279612,536.2479168802381,493.25326143556606,576.8249818833174,467.783173092572,484.3434907285475,584.5637375657726,609.7371211883441,516.2672505280632,528.91440776897,554.1890713476561,536.4034065549239,567.688798663639,501.0210179449961,508.26815114739486,520.8978282643928,516.8157390712867,563.4806494716051,519.9347770021287,621.8848928992204
German,509.99577452109077,564.0663519512472,645.9632265488813,546.4762067848851,629.3080908768246,558.0436366575395,528.6629211166355,573.2259408359654,583.5437320695046,501.6678069989232,553.2755054494259,559.5856560449581,519.5787787671395,517.0342224723787,0,545.3759875958582,546.0994806145408,556.9601852233812,554.0225768639491,487.4574961987473,641.167617120358,608.8658545242782,754.0239753071185,571.3918432618481,526.5993148188523,610.3352644514251,503.0591241469706,520.5178791837545,621.3569610306349,642.0034384605311,555.2599928174506,563.4951169669586,589.1131471530658,571.5635994148341,604.7986352244125,537.5992463115156,543.4420881545683,562.1475263884713,551.6256164111118,598.2795058383189,555.900014975086,655.1999334789291
Greek,505.5682023204042,558.5086078475466,639.0635808326191,540.3232944534498,622.4667094915135,550.8272552409898,521.8789642135681,565.7316366397727,578.3291229660543,497.23842326872693,550.5594377955251,553.1742413246889,514.6179770106622,513.4144624536135,545.3759875958582,0,538.8243123202784,549.254205168349,548.1143393493339,484.0845713328926,633.082200085168,601.676127177813,745.0805405758198,564.8981401570974,519.8244111895107,600.9021794849725,500.4201364017808,515.0042327693159,615.2608158575899,635.1104628522528,550.4445585980568,556.220021590943,581.9486800569557,565.6686029392857,598.6937829894877,531.8628966666884,537.2896359550851,556.198205419706,546.5569940028402,590.5792034132231,549.9658225650393,644.7202504056976
Gujarati,504.43082658038844,558.7452085341496,640.3746653562014,539.3657744063898,624.166675335126,552.2581447967391,523.2771461504143,567.4235239002348,579.6174829252363,496.3542187254172,550.0083308939804,554.7197391715176,515.4434421770915,512.9204802119272,546.0994806145408,538.8243123202784,0,543.5739409559895,547.9104085682283,483.66876397481946,635.9770746215218,603.5937497645161,748.0914003433146,566.1526118872631,512.6433941025407,600.8898957604379,499.42168992296035,513.262125571736,616.1953956023956,636.4210782300382,552.3344034275843,558.3902570285917,583.1853289785738,567.1149324871118,599.0558073320997,533.0800211245352,536.9413833400705,558.7013194846681,547.8055810106933,592.6574315961691,549.5900110945447,648.0072875302926
Hindi,514.8502129348658,570.1962674811615,650.0149126841173,549.295932661814,633.9139881127369,562.1396155064725,534.7227257489166,577.6998128565907,590.2804110859681,507.6122793196493,560.3836850027586,564.4256793134439,526.2300836059588,525.2425684985917,556.9601852233812,549.254205168349,543.5739409559895,0,558.601216200101,495.5084886898117,645.9068216505677,613.567340233714,756.5120630441983,576.3448760625448,526.2335817071149,609.5999764712664,511.0330017218248,524.1469981235119,625.5189984083909,645.1266961823985,564.1535877086149,567.8881382966761,593.8755317310555,577.289759577416,608.5727746054886,543.2015338004276,547.3316542643479,571.2822656756646,558.5820392119182,602.8222303426151,559.3365223825011,656.2500045961549
Icelandic,509.64800319165863,565.3899985130097,644.5900417573241,549.3627674770302,632.7254877478365,561.4410693104703,532.05203053945,576.8094538206275,586.8426206751267,504.5987907198531,558.2611349516415,562.2420374150087,524.0331959690391,519.5764445543318,554.0225768639491,548.1143393493339,547.9104085682283,558.601216200101,0,491.5479918001565,644.8851516474473,611.0574603598114,754.038787046662,573.956904526187,527.6919046042606,610.9556824610047,506.66922385647274,520.5944201386266,621.7061171472164,644.0715719921499,559.8121861966687,566.2755319861295,591.5454547120888,574.9816336207678,604.8589169008745,540.1499590542314,545.704152232271,565.6918911821753,555.1751460507555,601.7505028067526,558.6702749986921,655.1911445567131
Irish,446.9261609277266,498.85137949125465,584.4227685124437,482.4480593947868,567.5179102505747,494.0019776260393,464.40595365481624,510.3655949323182,519.6225086065116,437.12247093296844,493.54444834677184,497.5108691663457,454.73588883656157,451.391397153968,487.4574961987473,484.0845713328926,483.66876397481946,495.5084886898117,491.5479918001565,0,581.1794238149407,546.7733035630888,694.040231671854,507.0417598073967,463.1319688803902,546.7833630879624,438.5452991821199,454.98923728828163,558.0873001807998,581.2853860921465,489.85582321591016,501.41331196450994,525.7046734902863,508.42529069827384,540.681042847832,473.0251855374181,479.35959346343026,496.4895594778627,488.5001593725319,535.5990012818481,491.6147795725303,594.124099220064
Italian,602.7437154166995,656.6518004699453,736.6407991237295,636.0593209501121,717.2716841483942,645.0073267515551,617.9564700413699,660.2582571715798,674.5600337376964,593.0948210516967,645.8604319819294,645.7248245183249,609.7227823348609,609.0821040239415,641.167617120358,633.082200085168,635.9770746215218,645.9068216505677,644.8851516474473,581.1794238149407,0,697.5427736316891,839.9916858506548,660.2439433477062,617.2013786912128,696.6120606685015,597.3700424635523,612.2886976642975,711.107807160016,729.4855481888852,647.1359769345933,651.1712644903853,677.126652076108,660.7804713850906,696.3178104393031,627.890123529835,632.5021376702687,653.0498228845786,642.7945560322793,686.1601477941368,646.473831383163,737.4927758367055
Latvian,569.1606468385729,622.1553240259286,701.5667914732531,601.713707527107,683.4470237366055,611.9619219108423,585.2968753873571,628.0322426695147,640.1808300465033,559.8396770977455,614.2997102696568,614.615957059591,577.3116261453271,575.834946216093,608.8658545242782,601.676127177813,603.5937497645161,613.567340233714,611.0574603598114,546.7733035630888,697.5427736316891,0,800.8550447071427,625.4019124850929,583.6598647749458,663.510770529594,563.1978645591366,577.376561316278,678.548764847126,695.8532833204102,612.8058261734062,619.3314334676613,642.6358358545563,626.9364057603646,660.8582431560803,592.6855180034357,598.466278706705,619.1578764364708,609.7003718175295,653.2499145006416,612.6753060614931,706.7784892040631
Lithuanian,714.3847259453333,768.1308006813284,841.2788795447508,746.8525825762057,827.2891066575103,759.7246884099117,731.2544475951854,772.6774980353522,786.6159159775784,707.635862464165,758.8826453255017,758.8300897908608,723.6189804546167,721.3849068279612,754.0239753071185,745.0805405758198,748.0914003433146,756.5120630441983,754.038787046662,694.040231671854,839.9916858506548,800.8550447071427,0,770.1669490999273,728.4822254995921,805.618172914684,710.0607876264168,722.9199047390241,821.1413977100935,836.9493658955679,758.9055868307476,762.9887885657446,786.9392016800273,771.9347467482265,805.7389330604349,738.7240482533826,743.5031709934249,763.4605777879539,754.3181237336935,797.7429533692986,757.7487909890117,847.1639181875343
Macedonian,531.2767625057616,583.1086726988073,666.3460777988896,564.1393973911303,639.4067827306407,572.8120756953065,548.8067227088734,587.4576709539895,601.789816344143,520.732294035797,576.9535719935004,577.3124524023929,538.7390934607557,536.2479168802381,571.3918432618481,564.8981401570974,566.1526118872631,576.3448760625448,573.956904526187,507.0417598073967,660.2439433477062,625.4019124850929,770.1669490999273,0,545.8304781344001,626.5578204386951,524.1559423393427,539.7806364467951,640.7640286856645,658.9747264396,574.3687567725584,581.8988139201842,599.4158276911704,580.2239830540516,623.5902455041316,554.343010689703,559.4548434478394,580.6845504214384,572.009454790881,608.0150283431947,572.7108260489969,671.0529209098833
Marathi,485.1827006628859,538.0598493608268,620.5545149058325,520.0662787913066,604.9670907757854,532.3746002819088,504.22148078280685,547.9051912967498,559.8755627246717,476.8514085204029,531.0607491119645,534.5201828893385,495.04173150184545,493.25326143556606,526.5993148188523,519.8244111895107,512.6433941025407,526.2335817071149,527.6919046042606,463.1319688803902,617.2013786912128,583.6598647749458,728.4822254995921,545.8304781344001,0,581.4076213069309,479.4491600222677,493.4307058899889,595.968167639268,616.9955218177477,532.0099960174244,538.709378691761,562.7978569209322,546.850968350904,578.6043210420436,512.69719476353,517.0602295521834,538.6548936548261,528.2300861656885,573.2689938341615,529.4323913906475,628.071573510179
Nepali,568.4587652836065,622.5298171628227,702.7359403525793,599.1570123932321,685.21451615949,613.2687546759008,586.2077376439255,628.247625302171,641.1822099730538,559.0604331335334,613.4390975921116,615.6994289006568,576.4458068006753,576.8249818833174,610.3352644514251,600.9021794849725,600.8898957604379,609.5999764712664,610.9556824610047,546.7833630879624,696.6120606685015,663.510770529594,805.618172914684,626.5578204386951,581.4076213069309,0,562.6369343821264,575.4111904010225,678.0170883118896,697.5942011421345,614.7396167123653,619.616449223815,644.2067047520953,628.3234074877694,660.7003403106503,594.5694854534631,599.2756077816739,621.0325632623296,609.4001469951185,654.3980410800549,609.9309042982256,706.1569888019569
Norwegian,461.9122522080488,513.3143970309676,601.0749138187584,499.4037822778909,583.2764682673187,508.7493073475168,481.1525721432267,524.7526145820202,533.8492917842798,450.13632323357655,508.40698926872165,513.0284286959134,470.2125737792039,467.783173092572,503.0591241469706,500.4201364017808,499.42168992296035,511.0330017218248,506.66922385647274,438.5452991821199,597.3700424635523,563.1978645591366,710.0607876264168,524.1559423393427,479.4491600222677,562.6369343821264,0,471.66942822254214,572.2907933000912,596.1172487199169,506.8800718383078,516.4120108716068,541.465625441595,524.2111824278438,556.3241366219914,488.62063044812396,494.8155087526197,513.4357906800655,502.7711108128131,550.9785998065017,506.9617737769424,610.6455492980637
Pashto,477.21409284385754,530.6038181837721,612.373228657188,514.7462746274346,599.6209498755086,526.9304316873797,496.717573360093,542.5618063216194,552.0891078064731,470.4223982803647,524.911274557509,529.6785577095492,488.436827172573,484.3434907285475,520.5178791837545,515.0042327693159,513.262125571736,524.1469981235119,520.5944201386266,454.98923728828163,612.2886976642975,577.376561316278,722.9199047390241,539.7806364467951,493.4307058899889,575.4111904010225,471.66942822254214,0,587.4557557561382,611.2353991044889,524.9407259408022,532.19504178053,557.7727138950538,540.8900960752864,569.0434453774385,505.47495482445964,509.8317007557429,531.576578224783,521.7441876069447,568.3189914281535,523.0976736526923,622.9766904841998
Persian,579.0750498418238,629.0913494072437,710.6169617997913,615.3948775275661,698.7222356950024,628.1829800914383,598.7193777457859,642.3053248594334,652.0182267159872,571.7118998568108,625.6057001714851,630.550450307889,589.5995963899858,584.5637375657726,621.3569610306349,615.2608158575899,616.1953956023956,625.5189984083909,621.7061171472164,558.0873001807998,711.107807160016,678.548764847126,821.1413977100935,640.7640286856645,595.968167639268,678.0170883118896,572.2907933000912,587.4557557561382,0,710.0369043268055,624.8348963887684,633.0129220106517,658.5317550587974,641.0171410281581,670.0880938769377,605.2780443810152,612.0333967183577,631.3150824270376,622.1789727767461,667.5069716910422,623.957233253653,722.4508235934154
Polish,601.8037195313938,656.0058974863889,735.5379911801335,636.4978604136543,715.5522955247201,645.8377361305721,620.0207906882292,659.653184316439,672.4625953581939,594.1677004164656,646.2959068655009,648.6722803591805,610.7643113759408,609.7371211883441,642.0034384605311,635.1104628522528,636.4210782300382,645.1266961823985,644.0715719921499,581.2853860921465,729.4855481888852,695.8532833204102,836.9493658955679,658.9747264396,616.9955218177477,697.5942011421345,596.1172487199169,611.2353991044889,710.0369043268055,0,646.2819308875784,653.2958747232141,675.6507998258462,659.089104425336,695.2763949858368,625.2651228630184,632.2602969733979,653.5865419110928,643.6084567236073,685.1441214690319,645.8901154065283,740.0866142894796
Portuguese,516.2110603877452,565.8737226417891,649.7664495623876,549.5024557693386,633.7102920611038,561.1833577753143,530.7056628007454,575.166100920891,585.8286560812315,506.35343790371104,561.4317172934161,565.7091872982883,520.3185731814343,516.2672505280632,555.2599928174506,550.4445585980568,552.3344034275843,564.1535877086149,559.8121861966687,489.85582321591016,647.1359769345933,612.8058261734062,758.9055868307476,574.3687567725584,532.0099960174244,614.7396167123653,506.8800718383078,524.9407259408022,624.8348963887684,646.2819308875784,0,567.245654733281,592.3059107798813,575.4977165317599,607.7579642071164,539.3489981375857,547.7828161618942,557.5461608809444,555.1500424990852,602.3055274244969,558.7541595575362,660.2613838372358
Romanian,523.1286938577076,574.6397211908807,658.2940919024811,558.5900529309886,640.0025685584064,566.7674320981952,538.8801660051105,583.6353535786675,593.7099661163212,513.3801449935513,567.3133356244705,569.2198200080709,532.0246402349868,528.91440776897,563.4951169669586,556.220021590943,558.3902570285917,567.8881382966761,566.2755319861295,501.41331196450994,651.1712644903853,619.3314334676613,762.9887885657446,581.8988139201842,538.709378691761,619.616449223815,516.4120108716068,532.19504178053,633.0129220106517,653.2958747232141,567.245654733281,0,598.879987299472,583.5403391333157,616.5620904865848,548.6186460270098,554.2022316767857,573.7277417390276,562.7078442953065,608.2124230362626,567.1156184456513,662.4023905399496
Russian,549.1199084537825,600.6831550204051,683.2464973099193,581.508638559876,657.4621727152326,591.1189835443147,565.307408664424,605.6502691528926,619.007544319796,538.5371880961479,594.7376325264524,593.9828075835671,556.1578694167102,554.1890713476561,589.1131471530658,581.9486800569557,583.1853289785738,593.8755317310555,591.5454547120888,525.7046734902863,677.126652076108,642.6358358545563,786.9392016800273,599.4158276911704,562.7978569209322,644.2067047520953,541.465625441595,557.7727138950538,658.5317550587974,675.6507998258462,592.3059107798813,598.879987299472,0,599.5187177787041,641.6175478709242,571.8599403819604,577.2161550387352,597.8617576779657,589.0484525660676,623.1734632097002,589.8071795559918,687.1647534257
Serbian,532.057208417134,583.7016235317546,667.5730276759588,565.3598603781882,638.6507843025428,573.7539375622215,549.3122018886547,587.4753558659123,601.9497230730184,520.8163210449128,577.7123213926471,577.812954337587,538.8150040269863,536.4034065549239,571.5635994148341,565.6686029392857,567.1149324871118,577.289759577416,574.9816336207678,508.42529069827384,660.7804713850906,626.9364057603646,771.9347467482265,580.2239830540516,546.850968350904,628.3234074877694,524.2111824278438,540.8900960752864,641.0171410281581,659.089104425336,575.4977165317599,583.5403391333157,599.5187177787041,0,624.5898725093919,554.4137718986394,559.2706660575809,581.7137772422822,571.9886852254472,608.6551896425733,573.5750194552573,672.6674131739356
Sinhala,562.2016559943673,611.1206298284463,693.9570719315402,598.189189077098,683.3501632772463,609.5885426720414,582.1026731316776,624.4095592774939,635.0907466772404,553.8112513106695,610.2156063237171,613.1496199896666,571.306603169135,567.688798663639,604.7986352244125,598.6937829894877,599.0558073320997,608.5727746054886,604.8589169008745,540.681042847832,696.3178104393031,660.8582431560803,805.7389330604349,623.5902455041316,578.6043210420436,660.7003403106503,556.3241366219914,569.0434453774385,670.0880938769377,695.2763949858368,607.7579642071164,616.5620904865848,641.6175478709242,624.5898725093919,0,586.5363688015418,595.4972717308548,613.9767142782019,606.055705401102,651.5120580411744,607.0472708419451,705.7518736505664
Slovak,496.22730921862785,546.2237897788817,631.6744428492891,531.2317915370822,613.1597584566994,539.915955531381,513.7992363719828,555.1666357031606,564.7815034533401,486.3462310439476,543.3181612367914,544.381945216498,504.4627197352141,501.0210179449961,537.5992463115156,531.8628966666884,533.0800211245352,543.2015338004276,540.1499590542314,473.0251855374181,627.890123529835,592.6855180034357,738.7240482533826,554.343010689703,512.69719476353,594.5694854534631,488.62063044812396,505.47495482445964,605.2780443810152,625.2651228630184,539.3489981375857,548.6186460270098,571.8599403819604,554.4137718986394,586.5363688015418,0,526.5696024564327,546.0642331805137,536.8192726051343,581.9666812333925,539.9372338837516,639.5066861587136
Slovenian,502.291214182211,554.977579681795,637.5850798442124,537.1869172313784,617.8616784788308,547.0791767736875,519.4539417979369,562.1998801431047,574.8492033684876,492.72767913411946,548.5432691976669,550.02681756305,511.55184905046247,508.26815114739486,543.4420881545683,537.2896359550851,536.9413833400705,547.3316542643479,545.704152232271,479.35959346343026,632.5021376702687,598.466278706705,743.5031709934249,559.4548434478394,517.0602295521834,599.2756077816739,494.8155087526197,509.8317007557429,612.0333967183577,632.2602969733979,547.7828161618942,554.2022316767857,577.2161550387352,559.2706660575809,595.4972717308548,526.5696024564327,0,553.8710526168945,543.2051445853423,586.543621157923,546.2575152078422,643.6876934675932
Spanish,522.7122868069059,572.1247619840804,654.8579071030643,555.5012661969018,640.1055609384057,567.0684982852913,536.1350036734564,582.4401244710767,592.7754895593456,512.3649860108536,568.1646573538909,572.1036993634169,527.5057128906525,520.8978282643928,562.1475263884713,556.198205419706,558.7013194846681,571.2822656756646,565.6918911821753,496.4895594778627,653.0498228845786,619.1578764364708,763.4605777879539,580.6845504214384,538.6548936548261,621.0325632623296,513.4357906800655,531.576578224783,631.3150824270376,653.5865419110928,557.5461608809444,573.7277417390276,597.8617576779657,581.7137772422822,613.9767142782019,546.0642331805137,553.8710526168945,0,560.7444435814648,607.9015673243543,564.7353190325293,665.3412531060653
Swedish,511.67135362899126,563.9293899030323,647.7590249280944,546.5928753555729,630.0306171826174,556.4829737682064,527.3616673304551,573.5210328541959,584.0498546841544,500.7620678810303,556.436670577925,559.926623470169,520.1614016474239,516.8157390712867,551.6256164111118,546.5569940028402,547.8055810106933,558.5820392119182,555.1751460507555,488.5001593725319,642.7945560322793,609.7003718175295,754.3181237336935,572.009454790881,528.2300861656885,609.4001469951185,502.7711108128131,521.7441876069447,622.1789727767461,643.6084567236073,555.1500424990852,562.7078442953065,589.0484525660676,571.9886852254472,606.055705401102,536.8192726051343,543.2051445853423,560.7444435814648,0,598.3762971144125,555.6800026052443,654.7558425127506
Ukrainian,559.0769092492723,609.9587062605151,694.5504131607197,591.5784077759997,665.7669155183041,599.5900837407145,575.2640293331694,614.0517477547427,628.2823796445686,547.6804641105834,603.6598618176565,603.39151824619,566.3896171425388,563.4806494716051,598.2795058383189,590.5792034132231,592.6574315961691,602.8222303426151,601.7505028067526,535.5990012818481,686.1601477941368,653.2499145006416,797.7429533692986,608.0150283431947,573.2689938341615,654.3980410800549,550.9785998065017,568.3189914281535,667.5069716910422,685.1441214690319,602.3055274244969,608.2124230362626,623.1734632097002,608.6551896425733,651.5120580411744,581.9666812333925,586.543621157923,607.9015673243543,598.3762971144125,0,599.9809645214161,697.5271265968614
Urdu,515.2811782118742,566.4286023480398,650.9240549077093,547.0171411916832,632.2422487165561,559.283003330235,532.7632330791387,575.443768510469,586.0780999639842,504.7682613403224,561.7642116038024,563.7359372924677,522.208841501937,519.9347770021287,555.900014975086,549.9658225650393,549.5900110945447,559.3365223825011,558.6702749986921,491.6147795725303,646.473831383163,612.6753060614931,757.7487909890117,572.7108260489969,529.4323913906475,609.9309042982256,506.9617737769424,523.0976736526923,623.957233253653,645.8901154065283,558.7541595575362,567.1156184456513,589.8071795559918,573.5750194552573,607.0472708419451,539.9372338837516,546.2575152078422,564.7353190325293,555.6800026052443,599.9809645214161,0,656.9689183554437
Welsh,614.0654817718296,668.3805431243586,745.3837607647224,647.1764636715911,728.4984514788257,656.8724414359084,631.7229832417651,672.4034177350693,686.595474520296,605.500506869809,658.9846122280937,657.3799851364653,623.6434364090234,621.8848928992204,655.1999334789291,644.7202504056976,648.0072875302926,656.2500045961549,655.1911445567131,594.124099220064,737.4927758367055,706.7784892040631,847.1639181875343,671.0529209098833,628.071573510179,706.1569888019569,610.6455492980637,622.9766904841998,722.4508235934154,740.0866142894796,660.2613838372358,662.4023905399496,687.1647534257,672.6674131739356,705.7518736505664,639.5066861587136,643.6876934675932,665.3412531060653,654.7558425127506,697.5271265968614,656.9689183554437,0
