,Afrikaans,Albanian,Armenian,Bengali,Bosnian,Bulgarian,Catalan,Croatian,Czech,Danish,Dutch,English,French,Galician,German,Greek,Gujarati,Hindi,Icelandic,Irish,Italian,Latvian,Lithuanian,Macedonian,Marathi,Nepali,Norwegian,Pashto,Persian,Polish,Portuguese,Romanian,Russian,Serbian,Sinhala,Slovak,Slovenian,Spanish,Swedish,Ukrainian,Urdu,Welsh
Afrikaans,0,3.7910853707585557,3.2339144893584932,4.182342551541422,3.463888646492407,3.9677518948526616,4.319126465820998,3.8549549301650767,3.9353582792703445,3.8765353802035074,2.8836694453216363,3.5282210168753902,4.104326664590798,3.8890940901019584,3.5960534565835798,4.21309673479146,4.309279979052881,4.284184019162945,3.449604535979839,4.204135291061439,3.5139517205406925,3.7627504729812102,3.075757149671332,3.7941865156048977,4.303183278919058,3.4366992561583865,3.863027640089253,3.8670677729381637,3.476158171413051,3.617794838477624,3.863097479646467,3.999948951659044,3.6913370685515794,3.7904252580764446,3.3985522929480307,4.036267843032822,4.099283109855642,3.906736189815107,3.6260465931697445,3.6812320695148717,3.97385051888207,3.215623468040025
Albanian,3.7910853707585557,0,3.3201789451687835,3.9538937898450723,3.59605294725795,3.98565360763769,4.103259529872066,3.8887165001951955,4.040734147746125,4.189625691227302,3.9078175152934835,4.136285919812206,3.967399254273775,3.6720265471082842,4.049107552842872,4.134156224405021,4.17307742705624,4.229335275499049,3.803316657907647,3.9331151545336493,3.61430130662718,3.849285981031767,3.0919123593220563,3.7717945912253876,4.038578529179762,3.456229019319181,4.205149008797648,3.7107294020482846,3.488103373542255,3.702615784021921,3.77353197674036,4.012021902112707,3.7569277368286027,3.8467137914239267,3.111012389188305,4.0138139186607305,4.084914649918702,3.8732050364969024,3.9804455568380703,3.7384637475729763,3.8359980132144846,3.423300236679833
Armenian,3.2339144893584932,3.3201789451687835,0,3.4480930258033275,3.3491628258679405,3.3814192703104586,3.4938924937261366,3.292004225970163,3.50734899832866,3.4559074697545666,3.4216960248085857,3.5078542702769915,3.37606056472532,3.255145969454329,3.4100516193189225,3.3247654935422344,3.661270381768481,3.6116191411740997,3.168784042255818,3.3095052057073486,3.2804493898469027,3.4918401770917957,3.0765757669823337,3.353304336671087,3.4944582771152333,3.276168557061881,3.386155474900747,3.2001802810741578,3.1822288908116283,3.4340229521077617,3.33933466596567,3.3923654561930254,3.3399043705990916,3.3753637319453027,3.0659992461336922,3.3807203997235336,3.5412909340549725,3.395087248120212,3.3756480383758616,3.3482081462956725,3.398722309390505,3.1216332089101435
Bengali,4.182342551541422,3.9538937898450723,3.4480930258033275,0,3.6170230622854116,3.9957607261174926,4.252016176756643,3.9419248765562376,3.9936005395774283,4.377575369939197,4.096485635201529,4.104373028413705,4.175763356248964,4.036888174830724,4.115206197894196,4.1381878818956706,3.628877274850136,3.5195132377803073,4.029575039164509,4.255676942560244,3.5977579929345804,3.919373022146048,3.1724611348554945,3.8222686418872565,3.6937476454624827,2.989301898057185,4.390049411381163,4.04468066692539,3.713900431634876,3.6409416100405574,3.9288772257243076,4.064436664374898,3.8787113282574266,3.899811265341072,3.496857980078852,4.0336524428370755,4.121816988383976,3.921217438931093,4.097170336718032,3.7682544557617543,3.4401278347973516,3.469590678799416
Bosnian,3.463888646492407,3.59605294725795,3.3491628258679405,3.6170230622854116,0,2.861726047071708,3.761748638317467,2.2077919691754193,2.991921312900591,3.6116126449627797,3.573098107267063,3.760568811299842,3.5582817026198246,3.5005549893521044,3.5717743872428,3.652380887455351,3.8489674810023446,3.843047796185478,3.4724629588302127,3.6773214847515048,3.3259584145289045,3.3538390855616385,2.880857798343248,2.5264872084961043,3.7776834104158326,3.3588755376665933,3.6137478227695343,3.538114674061811,3.4546961817623765,2.821707676362147,3.4957670175306674,3.543828139244797,2.6951567582166533,1.9230640290378664,3.3904142353130404,2.7567375396497535,2.8956113483802257,3.528721509875548,3.624961634853706,2.705635200624735,3.592607879054831,3.362011803368325
Bulgarian,3.9677518948526616,3.98565360763769,3.3814192703104586,3.9957607261174926,2.861726047071708,0,4.0851128473262746,2.9672198501494216,3.4154104753732244,4.211401251800755,3.8996887566165386,3.997511076234579,4.028224775147396,3.878221705337296,4.030946044964787,3.99533290206634,4.227671212883642,4.172886307747762,3.8206300783635645,4.134432018984464,3.3557817331425897,3.775183092068784,2.9727086186648495,2.819326695788915,4.221243791400702,3.6207532129773297,4.236700768576208,3.996203161080197,3.6953506882549974,3.12440824374537,3.8138374767237915,3.9111343299164356,3.16144744461591,3.02102782393051,3.564366610959391,3.3885727279325937,3.453954261658576,3.752182589612912,4.017791747865702,3.18073986788631,3.8830654667772455,3.2394714680287793
Catalan,4.319126465820998,4.103259529872066,3.4938924937261366,4.252016176756643,3.761748638317467,4.0851128473262746,0,3.950494104568826,4.097115789397828,4.455140906604188,4.091884574269149,4.055060845412628,3.91173526661372,3.458175223139064,4.190878824383423,4.1804448790310955,4.453454807718398,4.393018612831534,4.016240030144689,4.340782442000329,3.0828410544410625,4.1739676453192365,3.2446967057799756,3.9444607307910156,4.387784561657542,3.7528163143403064,4.425391458618657,4.2880455037183784,3.800933871878278,3.741562056161797,3.3632087480644413,3.748315796704121,3.9541291040922193,4.0303322520753815,3.6958199514948378,4.147585582310958,4.284080818615338,3.203708027805147,4.133467294811078,3.8297803361185165,4.190049133624231,3.4354903464882933
Croatian,3.8549549301650767,3.8887165001951955,3.292004225970163,3.9419248765562376,2.2077919691754193,2.9672198501494216,3.950494104568826,0,3.1587880353164324,3.996321134686363,3.8466075572689533,3.9664992594928585,3.9091809359214706,3.770826619605034,3.92212846651159,3.887723275845727,4.135354072649483,4.138113199991957,3.7395646102628506,3.9862659607365685,3.345377775423439,3.777412632991435,2.8523602054911863,2.812157033727737,4.05788946924448,3.519835925233737,4.085631873004692,3.810178399991894,3.5870628760113203,3.0084838908657017,3.7941471233040995,3.7882989845785278,3.039383774022073,2.312391831386829,3.4452526885982206,3.053738148364561,2.9638712095924236,3.6420047747233117,3.8957474975227235,2.917940250836082,3.8731986360116624,3.230981195081834
Czech,3.9353582792703445,4.040734147746125,3.50734899832866,3.9936005395774283,2.991921312900591,3.4154104753732244,4.097115789397828,3.1587880353164324,0,3.9992275191580196,3.866835891153696,3.9546211561181446,3.9904820378428707,3.9796711824395303,4.073105715741921,4.091731576296752,4.2805756599664875,4.292069615398661,3.854351546975238,4.082853724776184,3.603468964735019,3.718588334251472,3.087524478484392,3.3394911063619332,4.234694508032443,3.6038736714521957,4.108540639389039,3.9220145608244334,3.6888053284767013,3.043532145663433,3.845748601194191,3.984006637598859,3.198871935588049,3.1494811667621043,3.6406732393130308,2.7897704807139676,3.3846053056642917,3.7821802360436165,3.9977199332300235,3.0705777887949264,3.8827698983923953,3.338311706780672
Danish,3.8765353802035074,4.189625691227302,3.4559074697545666,4.377575369939197,3.6116126449627797,4.211401251800755,4.455140906604188,3.996321134686363,3.9992275191580196,0,3.7275143865015496,3.6703321095838524,4.215448398286594,4.176993094225747,3.680928060092652,4.239908388898278,4.464279301111119,4.358306205052556,3.447713658175002,4.319335015904889,3.517803215522099,3.9949410520795876,3.228119187001438,4.00527463524271,4.517727104835655,3.5619145380196824,3.7675747926617515,4.201219451528199,3.730624320851513,3.6626532377584553,3.937537583036098,4.1219073447886245,3.9004525838603383,4.037666682033214,3.658812418370935,4.135504175875906,4.2128975280622925,3.952825101698312,3.5588753295217037,3.8229919407161517,4.103088944175204,3.2033950043038195
Dutch,2.8836694453216363,3.9078175152934835,3.4216960248085857,4.096485635201529,3.573098107267063,3.8996887566165386,4.091884574269149,3.8466075572689533,3.866835891153696,3.7275143865015496,0,3.439869258714193,4.006940370987999,3.9224294844786347,3.328996075942521,4.034605044151682,4.218956327028919,4.237771158714258,3.554826788576135,4.020838657728362,3.537517236489198,3.7980090040737013,3.1675662324284026,3.7717548181130245,4.202447606010864,3.583028052059097,3.692253904616776,3.9571507193745052,3.6002888988256587,3.689273703187334,3.7434943918052856,3.9937687066290306,3.7806050945321066,3.822129522495229,3.6166793565524236,3.9568631399771954,3.9469618913674154,3.7916738578722393,3.5671746942086324,3.749267213985548,3.902341958381862,3.27739534235059
English,3.5282210168753902,4.136285919812206,3.5078542702769915,4.104373028413705,3.760568811299842,3.997511076234579,4.055060845412628,3.9664992594928585,3.9546211561181446,3.6703321095838524,3.439869258714193,0,3.968678861323191,3.9445142213463895,3.5828921452034743,4.150219967191017,4.1807773198944895,4.189870811179774,3.6632180862257466,3.963096884238706,3.525631861425822,3.966601652990609,3.239658523398313,3.9417905244433027,4.158042543124959,3.603421325804978,3.7346106273097797,4.03484276888797,3.7287806276468767,3.7070913118733757,3.8123233992733594,4.021122759392745,3.891501932487742,3.976008610125883,3.748955094603432,4.013271854302964,4.144453297621367,3.8800964108052667,3.732877889037592,3.861134661825827,3.944028519238362,3.291675132777112
French,4.104326664590798,3.967399254273775,3.37606056472532,4.175763356248964,3.5582817026198246,4.028224775147396,3.91173526661372,3.9091809359214706,3.9904820378428707,4.215448398286594,4.006940370987999,3.968678861323191,0,3.7850302801635016,4.095461442820375,4.0916096054187046,4.427799369525134,4.349727317109023,3.91733437121415,4.228428257098366,3.1599139576626922,3.866746251230082,3.1862429423422207,3.8815444031728648,4.3202385426070835,3.550031103565672,4.371639252542667,4.017099521166543,3.686001999556,3.6573421592347937,3.636530398127346,3.8225334872309684,3.8076328419129126,3.9247684504766007,3.5763466813333236,4.137275805059311,4.060665769937272,3.593208850499682,4.139652182523826,3.7069897848515136,3.9801013814458575,3.181163837757702
Galician,3.8890940901019584,3.6720265471082842,3.255145969454329,4.036888174830724,3.5005549893521044,3.878221705337296,3.458175223139064,3.770826619605034,3.9796711824395303,4.176993094225747,3.9224294844786347,3.9445142213463895,3.7850302801635016,0,4.036906735956597,4.068771417091424,4.244875157317729,4.214478836124948,3.662250454911604,4.074680374279489,2.969657197578451,3.8980596061062065,3.109741861161703,3.718853136976134,4.179483626247182,3.433857483869417,4.2767866051809085,3.8995074820103364,3.4638721655276807,3.6525409108095794,2.964332608626228,3.667408776663135,3.712914247577844,3.7871914626857444,3.2570328223402627,4.0478925804725,4.104741447702091,2.721080465616437,3.8790213700289353,3.653386715270582,3.9452994512702406,3.1986684077244383
German,3.5960534565835798,4.049107552842872,3.4100516193189225,4.115206197894196,3.5717743872428,4.030946044964787,4.190878824383423,3.92212846651159,4.073105715741921,3.680928060092652,3.328996075942521,3.5828921452034743,4.095461442820375,4.036906735956597,0,4.05151791753456,4.319731806165374,4.284003972606917,3.618774555047496,4.095088839708023,3.5239275609284793,3.8829702625937896,3.192503220428511,3.9008958100191027,4.2958588344276745,3.6327198517172055,3.8815814110928915,4.061644464848874,3.700054307397754,3.729961060194828,4.004327930381359,3.9963080028808977,3.8683394488852985,3.908574109812452,3.747304347135164,4.091637488463973,4.033683926637074,3.8989009930327136,3.637831159515283,3.797849957195411,3.9823564806220246,3.2922592500116648
Greek,4.21309673479146,4.134156224405021,3.3247654935422344,4.1381878818956706,3.652380887455351,3.99533290206634,4.1804448790310955,3.887723275845727,4.091731576296752,4.239908388898278,4.034605044151682,4.150219967191017,4.0916096054187046,4.068771417091424,4.05151791753456,0,4.388785072593522,4.2087633925067225,3.9235446720460745,4.218596298264721,3.432253268281526,3.9497370681467614,3.1532558136052344,3.927934382784585,4.321898177508359,3.573078468098882,4.371461790715921,4.057285714606275,3.7751697582878734,3.728417980458571,3.9514862675686078,3.9137945685236657,3.8920824285807796,3.971080559034537,3.6097370039359626,4.134741618741165,4.1474247663174575,3.7617646088302106,4.171051302626268,3.7504493471783356,4.0236329256563526,3.265813267768477
Gujarati,4.309279979052881,4.17307742705624,3.661270381768481,3.628877274850136,3.8489674810023446,4.227671212883642,4.453454807718398,4.135354072649483,4.2805756599664875,4.464279301111119,4.218956327028919,4.1807773198944895,4.427799369525134,4.244875157317729,4.319731806165374,4.388785072593522,0,3.297767862190974,4.225353644398987,4.484049449935071,3.7888114386227456,4.236784114567485,3.3050743710577604,4.036506422712091,3.232083910890043,3.245385536634102,4.516701457678931,4.138517378348657,3.8817652266273126,3.907548729931989,4.288850400079269,4.288734368874437,4.12985077642558,4.146325360697509,3.70776508492527,4.360383321924176,4.349763676992576,4.1272752180274335,4.244436618991898,4.006561870889185,3.62133458788606,3.658918998763219
Hindi,4.284184019162945,4.229335275499049,3.6116191411740997,3.5195132377803073,3.843047796185478,4.172886307747762,4.393018612831534,4.138113199991957,4.292069615398661,4.358306205052556,4.237771158714258,4.189870811179774,4.349727317109023,4.214478836124948,4.284003972606917,4.2087633925067225,3.297767862190974,0,4.113033655416735,4.399381533848239,3.719721068779562,4.206818781622032,3.3437724612819464,3.989105336187287,3.452408652684632,3.143480242912129,4.41082353385512,4.032382053972858,3.863482682940879,3.940086482447887,4.28758495541165,4.101737223196275,4.078907810480393,4.191825863839146,3.722771006440885,4.320837676508949,4.352955628576629,4.070064388064842,4.1740789164113625,3.9999601155064384,2.9664116715044764,3.5668414299229396
Icelandic,3.449604535979839,3.803316657907647,3.168784042255818,4.029575039164509,3.4724629588302127,3.8206300783635645,4.016240030144689,3.7395646102628506,3.854351546975238,3.447713658175002,3.554826788576135,3.6632180862257466,3.91733437121415,3.662250454911604,3.618774555047496,3.9235446720460745,4.225353644398987,4.113033655416735,0,3.963334870895522,3.428267094829586,3.6735177615082497,2.98149409331435,3.6870276816997314,4.115362282576199,3.5468533905512527,3.4312029481879898,3.7756044162087647,3.433388402692051,3.594166509551983,3.7592713470498644,3.8520393596154037,3.5990699047362926,3.6923940229308685,3.335411419322586,3.8861216707561215,3.9510730621917114,3.770701530210099,3.302271258676577,3.528137814742985,3.8381751873727437,3.2562597824296815
Irish,4.204135291061439,3.9331151545336493,3.3095052057073486,4.255676942560244,3.6773214847515048,4.134432018984464,4.340782442000329,3.9862659607365685,4.082853724776184,4.319335015904889,4.020838657728362,3.963096884238706,4.228428257098366,4.074680374279489,4.095088839708023,4.218596298264721,4.484049449935071,4.399381533848239,3.963334870895522,0,3.584120404923658,4.0163369816015715,3.2239591858143752,3.9258281373763104,4.373168152003522,3.5439299197493748,4.574651139054477,4.029238239573336,3.6456957759004376,3.744410496045898,3.8204080748375904,4.119490978051319,3.9442403729937223,4.066005854805112,3.4478267889290466,4.190369432244361,4.227150932604123,3.7477299928830696,4.054530964218535,3.8460211311859362,4.019952155862769,3.1026535528477925
Italian,3.5139517205406925,3.61430130662718,3.2804493898469027,3.5977579929345804,3.3259584145289045,3.3557817331425897,3.0828410544410625,3.345377775423439,3.603468964735019,3.517803215522099,3.537517236489198,3.525631861425822,3.1599139576626922,2.969657197578451,3.5239275609284793,3.432253268281526,3.7888114386227456,3.719721068779562,3.428267094829586,3.584120404923658,0,3.70121062258804,3.174136667803569,3.383127943523784,3.6684635077711643,3.3309763143823017,3.5535230441853414,3.4813556920410056,3.5102610600882547,3.470848246232117,3.080882273730261,2.9841618157298853,3.384064822406625,3.437589333988508,3.38158435963834,3.485019034784617,3.543563819021239,2.9039977428041372,3.5456562148315016,3.3376264972586447,3.580653997124081,3.080502135268223
Latvian,3.7627504729812102,3.849285981031767,3.4918401770917957,3.919373022146048,3.3538390855616385,3.775183092068784,4.1739676453192365,3.777412632991435,3.718588334251472,3.9949410520795876,3.7980090040737013,3.966601652990609,3.866746251230082,3.8980596061062065,3.8829702625937896,3.9497370681467614,4.236784114567485,4.206818781622032,3.6735177615082497,4.0163369816015715,3.70121062258804,0,2.642473962539917,3.65701741800642,4.166627152256876,3.71865404955121,3.8652864502586213,3.918492000738253,3.706972556925745,3.406452140985466,3.8896608048487695,3.952921565699379,3.428478744618727,3.5532065354763107,3.721108034327803,3.6603949951984776,3.8089931974243516,4.07902575150482,3.9434963730359684,3.580946550154819,3.8672957947974242,3.582386060521629
Lithuanian,3.075757149671332,3.0919123593220563,3.0765757669823337,3.1724611348554945,2.880857798343248,2.9727086186648495,3.2446967057799756,2.8523602054911863,3.087524478484392,3.228119187001438,3.1675662324284026,3.239658523398313,3.1862429423422207,3.109741861161703,3.192503220428511,3.1532558136052344,3.3050743710577604,3.3437724612819464,2.98149409331435,3.2239591858143752,3.174136667803569,2.642473962539917,0,2.9493098082740192,3.2868450740884056,3.105975209504497,3.054586885823315,3.1104754681877194,3.091521973960417,3.032867700552333,3.178414176934417,3.151822752496161,2.8958474798410703,2.8198191781679034,3.0291016632343597,2.9841170137958533,3.034275400952999,3.1569371110878124,3.1116040625050423,2.879463788715947,3.1540356389333954,3.2197266594014704
Macedonian,3.7941865156048977,3.7717945912253876,3.353304336671087,3.8222686418872565,2.5264872084961043,2.819326695788915,3.9444607307910156,2.812157033727737,3.3394911063619332,4.00527463524271,3.7717548181130245,3.9417905244433027,3.8815444031728648,3.718853136976134,3.9008958100191027,3.927934382784585,4.036506422712091,3.989105336187287,3.6870276816997314,3.9258281373763104,3.383127943523784,3.65701741800642,2.9493098082740192,0,3.9935441403432415,3.4578860074013678,4.043920937920133,3.745700213936566,3.560497693619609,3.083835286574489,3.694596972556433,3.8167378835178396,2.9714137121624935,2.532809663581285,3.4069298011865135,3.19554169477981,3.3713036172065167,3.6494085988342584,3.8266588470446656,2.933503532946494,3.7413374192320688,3.327456019163269
Marathi,4.303183278919058,4.038578529179762,3.4944582771152333,3.6937476454624827,3.7776834104158326,4.221243791400702,4.387784561657542,4.05788946924448,4.234694508032443,4.517727104835655,4.202447606010864,4.158042543124959,4.3202385426070835,4.179483626247182,4.2958588344276745,4.321898177508359,3.232083910890043,3.452408652684632,4.115362282576199,4.373168152003522,3.6684635077711643,4.166627152256876,3.2868450740884056,3.9935441403432415,0,3.297754754173042,4.570651596085037,4.081538362025487,3.8180939887149794,3.8494896708951742,4.140883025878211,4.206304731057662,4.014328792097891,4.104512861196545,3.546496992146337,4.27129048489495,4.357211100711721,4.000122967523617,4.2305380164154345,3.9517405409359596,3.6584029750739666,3.4781911935400647
Nepali,3.4366992561583865,3.456229019319181,3.276168557061881,2.989301898057185,3.3588755376665933,3.6207532129773297,3.7528163143403064,3.519835925233737,3.6038736714521957,3.5619145380196824,3.583028052059097,3.603421325804978,3.550031103565672,3.433857483869417,3.6327198517172055,3.573078468098882,3.245385536634102,3.143480242912129,3.5468533905512527,3.5439299197493748,3.3309763143823017,3.71865404955121,3.105975209504497,3.4578860074013678,3.297754754173042,0,3.6871091300911885,3.317857512207031,3.402425115031544,3.49292493283244,3.515639288288074,3.5892444045840564,3.5403244347713643,3.5395539728069685,3.1004588101322783,3.5257289679586066,3.657711455843147,3.4766026801803065,3.572236505461463,3.478903347214838,3.002363645497222,3.1960992403247377
Norwegian,3.863027640089253,4.205149008797648,3.386155474900747,4.390049411381163,3.6137478227695343,4.236700768576208,4.425391458618657,4.085631873004692,4.108540639389039,3.7675747926617515,3.692253904616776,3.7346106273097797,4.371639252542667,4.2767866051809085,3.8815814110928915,4.371461790715921,4.516701457678931,4.41082353385512,3.4312029481879898,4.574651139054477,3.5535230441853414,3.8652864502586213,3.054586885823315,4.043920937920133,4.570651596085037,3.6871091300911885,0,4.380921531005317,3.7908930346232435,3.6363774669157936,4.012879445651141,4.155431565894249,3.9377034267757716,4.045576501484102,3.7169869890606035,4.226596395939466,4.313179290499175,4.01600348634516,3.0352315464712567,3.895617981892377,4.118127068687321,3.4006561046895967
Pashto,3.8670677729381637,3.7107294020482846,3.2001802810741578,4.04468066692539,3.538114674061811,3.996203161080197,4.2880455037183784,3.810178399991894,3.9220145608244334,4.201219451528199,3.9571507193745052,4.03484276888797,4.017099521166543,3.8995074820103364,4.061644464848874,4.057285714606275,4.138517378348657,4.032382053972858,3.7756044162087647,4.029238239573336,3.4813556920410056,3.918492000738253,3.1104754681877194,3.745700213936566,4.081538362025487,3.317857512207031,4.380921531005317,0,3.2616106245473597,3.668053076509271,3.8378071969818635,3.9397119141918377,3.735498993524934,3.8506356742327688,3.230249252967682,4.0827329588204435,4.058394796227465,3.7809688689633063,4.017658043197129,3.673849633075491,3.6962519228463324,3.2430881680362633
Persian,3.476158171413051,3.488103373542255,3.1822288908116283,3.713900431634876,3.4546961817623765,3.6953506882549974,3.800933871878278,3.5870628760113203,3.6888053284767013,3.730624320851513,3.6002888988256587,3.7287806276468767,3.686001999556,3.4638721655276807,3.700054307397754,3.7751697582878734,3.8817652266273126,3.863482682940879,3.433388402692051,3.6456957759004376,3.5102610600882547,3.706972556925745,3.091521973960417,3.560497693619609,3.8180939887149794,3.402425115031544,3.7908930346232435,3.2616106245473597,0,3.5857666059604587,3.582740160883996,3.6662497938315814,3.5550224078524675,3.606071860869319,3.304714711004213,3.6840877760457866,3.76223516529002,3.598226613312866,3.598594833874438,3.4558664282730045,3.4445599688035085,3.311974821798753
Polish,3.617794838477624,3.702615784021921,3.4340229521077617,3.6409416100405574,2.821707676362147,3.12440824374537,3.741562056161797,3.0084838908657017,3.043532145663433,3.6626532377584553,3.689273703187334,3.7070913118733757,3.6573421592347937,3.6525409108095794,3.729961060194828,3.728417980458571,3.907548729931989,3.940086482447887,3.594166509551983,3.744410496045898,3.470848246232117,3.406452140985466,3.032867700552333,3.083835286574489,3.8494896708951742,3.49292493283244,3.6363774669157936,3.668053076509271,3.5857666059604587,0,3.5360311521309664,3.638500241570689,2.943293870808239,2.9175355007667516,3.5064680622902595,2.704180763130559,3.1287735347574683,3.617461393683526,3.6660899745615096,2.866585989225845,3.6536892354087303,3.3761481273688294
Portuguese,3.863097479646467,3.77353197674036,3.33933466596567,3.9288772257243076,3.4957670175306674,3.8138374767237915,3.3632087480644413,3.7941471233040995,3.845748601194191,3.937537583036098,3.7434943918052856,3.8123233992733594,3.636530398127346,2.964332608626228,4.004327930381359,3.9514862675686078,4.288850400079269,4.28758495541165,3.7592713470498644,3.8204080748375904,3.080882273730261,3.8896608048487695,3.178414176934417,3.694596972556433,4.140883025878211,3.515639288288074,4.012879445651141,3.8378071969818635,3.582740160883996,3.5360311521309664,0,3.6568010140096794,3.683247162470024,3.7509191430514663,3.5041413583160543,3.8169623590871,3.8464899998801383,2.8482783447757782,3.825918010042905,3.6054983248443877,3.8176574935298184,3.2256021786758597
Romanian,3.999948951659044,4.012021902112707,3.3923654561930254,4.064436664374898,3.543828139244797,3.9111343299164356,3.748315796704121,3.7882989845785278,3.984006637598859,4.1219073447886245,3.9937687066290306,4.021122759392745,3.8225334872309684,3.667408776663135,3.9963080028808977,3.9137945685236657,4.288734368874437,4.101737223196275,3.8520393596154037,4.119490978051319,2.9841618157298853,3.952921565699379,3.151822752496161,3.8167378835178396,4.206304731057662,3.5892444045840564,4.155431565894249,3.9397119141918377,3.6662497938315814,3.638500241570689,3.6568010140096794,0,3.7598867768969284,3.850414397914366,3.612243053322197,3.9699399834380724,4.024026395735104,3.5971008978228074,3.975499771991817,3.7041592452493606,3.9841686774896847,3.291516191317701
Russian,3.6913370685515794,3.7569277368286027,3.3399043705990916,3.8787113282574266,2.6951567582166533,3.16144744461591,3.9541291040922193,3.039383774022073,3.198871935588049,3.9004525838603383,3.7806050945321066,3.891501932487742,3.8076328419129126,3.712914247577844,3.8683394488852985,3.8920824285807796,4.12985077642558,4.078907810480393,3.5990699047362926,3.9442403729937223,3.384064822406625,3.428478744618727,2.8958474798410703,2.9714137121624935,4.014328792097891,3.5403244347713643,3.9377034267757716,3.735498993524934,3.5550224078524675,2.943293870808239,3.683247162470024,3.7598867768969284,0,2.810192728368134,3.4251987679361666,3.0411103360029808,3.35472812074845,3.711351706608095,3.8315452905707033,2.6306103260422846,3.845025093716744,3.3689024792593365
Serbian,3.7904252580764446,3.8467137914239267,3.3753637319453027,3.899811265341072,1.9230640290378664,3.02102782393051,4.0303322520753815,2.312391831386829,3.1494811667621043,4.037666682033214,3.822129522495229,3.976008610125883,3.9247684504766007,3.7871914626857444,3.908574109812452,3.971080559034537,4.146325360697509,4.191825863839146,3.6923940229308685,4.066005854805112,3.437589333988508,3.5532065354763107,2.8198191781679034,2.532809663581285,4.104512861196545,3.5395539728069685,4.045576501484102,3.8506356742327688,3.606071860869319,2.9175355007667516,3.7509191430514663,3.850414397914366,2.810192728368134,0,3.518050658189915,3.0021395598368894,3.0447685061560854,3.724356127205256,3.8878793619809113,2.7741108780183277,3.882261965085472,3.372797185787062
Sinhala,3.3985522929480307,3.111012389188305,3.0659992461336922,3.496857980078852,3.3904142353130404,3.564366610959391,3.6958199514948378,3.4452526885982206,3.6406732393130308,3.658812418370935,3.6166793565524236,3.748955094603432,3.5763466813333236,3.2570328223402627,3.747304347135164,3.6097370039359626,3.70776508492527,3.722771006440885,3.335411419322586,3.4478267889290466,3.38158435963834,3.721108034327803,3.0291016632343597,3.4069298011865135,3.546496992146337,3.1004588101322783,3.7169869890606035,3.230249252967682,3.304714711004213,3.5064680622902595,3.5041413583160543,3.612243053322197,3.4251987679361666,3.518050658189915,0,3.5911060507802284,3.7245063053328082,3.399112398845203,3.5025358888030085,3.389240657273605,3.448529832024561,3.1650480088802504
Slovak,4.036267843032822,4.0138139186607305,3.3807203997235336,4.0336524428370755,2.7567375396497535,3.3885727279325937,4.147585582310958,3.053738148364561,2.7897704807139676,4.135504175875906,3.9568631399771954,4.013271854302964,4.137275805059311,4.0478925804725,4.091637488463973,4.134741618741165,4.360383321924176,4.320837676508949,3.8861216707561215,4.190369432244361,3.485019034784617,3.6603949951984776,2.9841170137958533,3.19554169477981,4.27129048489495,3.5257289679586066,4.226596395939466,4.0827329588204435,3.6840877760457866,2.704180763130559,3.8169623590871,3.9699399834380724,3.0411103360029808,3.0021395598368894,3.5911060507802284,0,3.3309186716526065,3.7957720561455193,4.044263047766382,2.974986390825814,3.940266239275891,3.2455195523923193
Slovenian,4.099283109855642,4.084914649918702,3.5412909340549725,4.121816988383976,2.8956113483802257,3.453954261658576,4.284080818615338,2.9638712095924236,3.3846053056642917,4.2128975280622925,3.9469618913674154,4.144453297621367,4.060665769937272,4.104741447702091,4.033683926637074,4.1474247663174575,4.349763676992576,4.352955628576629,3.9510730621917114,4.227150932604123,3.543563819021239,3.8089931974243516,3.034275400952999,3.3713036172065167,4.357211100711721,3.657711455843147,4.313179290499175,4.058394796227465,3.76223516529002,3.1287735347574683,3.8464899998801383,4.024026395735104,3.35472812074845,3.0447685061560854,3.7245063053328082,3.3309186716526065,0,3.8453063266513556,4.126673977174862,3.3088711989305604,4.0452337205031315,3.404725151217332
Spanish,3.906736189815107,3.8732050364969024,3.395087248120212,3.921217438931093,3.528721509875548,3.752182589612912,3.203708027805147,3.6420047747233117,3.7821802360436165,3.952825101698312,3.7916738578722393,3.8800964108052667,3.593208850499682,2.721080465616437,3.8989009930327136,3.7617646088302106,4.1272752180274335,4.070064388064842,3.770701530210099,3.7477299928830696,2.9039977428041372,4.07902575150482,3.1569371110878124,3.6494085988342584,4.000122967523617,3.4766026801803065,4.01600348634516,3.7809688689633063,3.598226613312866,3.617461393683526,2.8482783447757782,3.5971008978228074,3.711351706608095,3.724356127205256,3.399112398845203,3.7957720561455193,3.8453063266513556,0,3.89538698056159,3.564074834333391,3.833308421537229,3.2102815442855572
Swedish,3.6260465931697445,3.9804455568380703,3.3756480383758616,4.097170336718032,3.624961634853706,4.017791747865702,4.133467294811078,3.8957474975227235,3.9977199332300235,3.5588753295217037,3.5671746942086324,3.732877889037592,4.139652182523826,3.8790213700289353,3.637831159515283,4.171051302626268,4.244436618991898,4.1740789164113625,3.302271258676577,4.054530964218535,3.5456562148315016,3.9434963730359684,3.1116040625050423,3.8266588470446656,4.2305380164154345,3.572236505461463,3.0352315464712567,4.017658043197129,3.598594833874438,3.6660899745615096,3.825918010042905,3.975499771991817,3.8315452905707033,3.8878793619809113,3.5025358888030085,4.044263047766382,4.126673977174862,3.89538698056159,0,3.7883215308496165,3.9132117869744403,3.3411636472952737
Ukrainian,3.6812320695148717,3.7384637475729763,3.3482081462956725,3.7682544557617543,2.705635200624735,3.18073986788631,3.8297803361185165,2.917940250836082,3.0705777887949264,3.8229919407161517,3.749267213985548,3.861134661825827,3.7069897848515136,3.653386715270582,3.797849957195411,3.7504493471783356,4.006561870889185,3.9999601155064384,3.528137814742985,3.8460211311859362,3.3376264972586447,3.580946550154819,2.879463788715947,2.933503532946494,3.9517405409359596,3.478903347214838,3.895617981892377,3.673849633075491,3.4558664282730045,2.866585989225845,3.6054983248443877,3.7041592452493606,2.6306103260422846,2.7741108780183277,3.389240657273605,2.974986390825814,3.3088711989305604,3.564074834333391,3.7883215308496165,0,3.782974903682707,3.265517030108787
Urdu,3.97385051888207,3.8359980132144846,3.398722309390505,3.4401278347973516,3.592607879054831,3.8830654667772455,4.190049133624231,3.8731986360116624,3.8827698983923953,4.103088944175204,3.902341958381862,3.944028519238362,3.9801013814458575,3.9452994512702406,3.9823564806220246,4.0236329256563526,3.62133458788606,2.9664116715044764,3.8381751873727437,4.019952155862769,3.580653997124081,3.8672957947974242,3.1540356389333954,3.7413374192320688,3.6584029750739666,3.002363645497222,4.118127068687321,3.6962519228463324,3.4445599688035085,3.6536892354087303,3.8176574935298184,3.9841686774896847,3.845025093716744,3.882261965085472,3.448529832024561,3.940266239275891,4.0452337205031315,3.833308421537229,3.9132117869744403,3.782974903682707,0,3.3221118518414183
Welsh,3.215623468040025,3.423300236679833,3.1216332089101435,3.469590678799416,3.362011803368325,3.2394714680287793,3.4354903464882933,3.230981195081834,3.338311706780672,3.2033950043038195,3.27739534235059,3.291675132777112,3.181163837757702,3.1986684077244383,3.2922592500116648,3.265813267768477,3.658918998763219,3.5668414299229396,3.2562597824296815,3.1026535528477925,3.080502135268223,3.582386060521629,3.2197266594014704,3.327456019163269,3.4781911935400647,3.1960992403247377,3.4006561046895967,3.2430881680362633,3.311974821798753,3.3761481273688294,3.2256021786758597,3.291516191317701,3.3689024792593365,3.372797185787062,3.1650480088802504,3.2455195523923193,3.404725151217332,3.2102815442855572,3.3411636472952737,3.265517030108787,3.3221118518414183,0
