,Afrikaans,Albanian,Armenian,Bengali,Bosnian,Bulgarian,Catalan,Croatian,Czech,Danish,Dutch,English,French,Galician,German,Greek,Gujarati,Hindi,Icelandic,Irish,Italian,Latvian,Lithuanian,Macedonian,Marathi,Nepali,Norwegian,Pashto,Persian,Polish,Portuguese,Romanian,Russian,Serbian,Sinhala,Slovak,Slovenian,Spanish,Swedish,Ukrainian,Urdu,Welsh
Afrikaans,0,0.26201676751352343,0.2081049535838865,0.26395995478644635,0.22976482749044302,0.2605494345236779,0.2650262656740389,0.2508318226664334,0.2570978155440359,0.24737495309726665,0.17913840238814568,0.2306077745146803,0.2648260335910965,0.255404240444308,0.2314721075322646,0.27511118771007,0.26791784199571045,0.26035942171589244,0.22021351916645826,0.28134519409582026,0.22795066582811088,0.25174442965577304,0.18438357521566937,0.24689349958428708,0.27009816772865813,0.23150561789595542,0.23998446525101313,0.25903819071076095,0.23485351639231866,0.23907632909531443,0.25699434914202657,0.2520629014967728,0.24397501037442093,0.24367632574518558,0.23655612410240584,0.2678612586019048,0.2608130318973293,0.26692240619182916,0.22564786584651605,0.24195287723093656,0.2579113229273781,0.21150493203264548
Albanian,0.26201676751352343,0,0.2132831063907715,0.26204759839443065,0.24064530953147842,0.2746708420436865,0.2773542346449219,0.26307646921291067,0.27523272877690447,0.27645639348053047,0.27015520658828107,0.28064383446902225,0.2674230670040221,0.2552665104584307,0.2738981617071011,0.2771541708032638,0.2741939113192677,0.2654388673151068,0.2529097345122697,0.2802282785084392,0.24576974611923713,0.26108799027838964,0.19220759157927947,0.25480788134800697,0.27232061858943735,0.23411980011666847,0.28025507061405264,0.25314336558935724,0.24260491084939298,0.24935521589769613,0.26618778113412983,0.25635250613479693,0.24901775332019582,0.25420866094991496,0.2159281847429091,0.27419673765138414,0.27624424107973333,0.28098912414941696,0.2612904056326872,0.2503470144908029,0.26051767609671306,0.22713240401238438
Armenian,0.2081049535838865,0.2132831063907715,0,0.21890891436318555,0.21744669801281535,0.22637630669351588,0.22399340297579243,0.21698433125564112,0.2250322021924146,0.22540193308830192,0.2227602821053363,0.2262944203525464,0.2206104666964949,0.21255840521427843,0.2231064127679189,0.22450951034816702,0.22619224559960874,0.22389265861260146,0.20857517937426232,0.22176278291770235,0.22098577615490977,0.22242536404638533,0.18453450684225653,0.21640359491853378,0.22234665470050335,0.2120448739684695,0.21786391033164126,0.2080067086084598,0.2076278406163194,0.2239269474063014,0.22214089375955542,0.2189065740004401,0.21670585435134854,0.21633916215041463,0.20757832293890754,0.22329478218688376,0.2268214048271423,0.23498063088993404,0.21542453785347518,0.2181998015863089,0.21784638732939973,0.20909458539938755
Bengali,0.26395995478644635,0.26204759839443065,0.21890891436318555,0,0.2430200870558694,0.26021282555263187,0.26149458806137343,0.2613292277559464,0.25684619652963725,0.28606558215213584,0.25850302450294926,0.25794762643031627,0.2629389669821373,0.2622917856849958,0.2657753789470008,0.26215755170775773,0.22625450301215969,0.21862747323107717,0.25586310668005563,0.27228905276362003,0.23281001598264026,0.2559974661918269,0.1881526227271695,0.2534671439804859,0.2320714819942077,0.20349728112669324,0.2786512480451727,0.261071552681957,0.24068196096869723,0.238715543163074,0.252958135633504,0.2568013370590887,0.25326544512757315,0.2542561448466405,0.23607240165674326,0.26861913686698774,0.2743648532877288,0.2548913192436002,0.2605419519342747,0.2486002368479411,0.22222266408150526,0.2195178316480406
Bosnian,0.22976482749044302,0.24064530953147842,0.21744669801281535,0.2430200870558694,0,0.19979039441139795,0.2444383221082432,0.15324414509273723,0.20321574736210896,0.24115922689367308,0.2364226177337528,0.2502751177896989,0.23699720840268962,0.23449316913302762,0.24501998460875693,0.24517742954797947,0.2514490675237402,0.24615916922692094,0.23381719951559396,0.24656127070520806,0.23072122686005667,0.2245952428264537,0.1908661033265666,0.1677687453085377,0.2466611395471944,0.23189351056036225,0.23529720889069167,0.2349986367221444,0.23365187415428512,0.19863041091472364,0.23762842535539658,0.24011906185856238,0.18326398904965824,0.13116751933989318,0.23392654532420834,0.18986890764108533,0.19075236875204665,0.24612332764007694,0.24005079051443176,0.188413343164335,0.23820701587213372,0.22795723307763643
Bulgarian,0.2605494345236779,0.2746708420436865,0.22637630669351588,0.26021282555263187,0.19979039441139795,0,0.2526150695466972,0.19627561057887627,0.21391095652284847,0.2749993978388837,0.2531530872348856,0.25263596725364756,0.2622069246817739,0.2528586207417098,0.26774296318713886,0.25791713490069845,0.2641330346044219,0.25786233889792903,0.2520708964436895,0.27283568836245076,0.22041720351228258,0.25737097523312563,0.19219291203503475,0.18696632135458452,0.2639335338226284,0.2516900223984424,0.27309284133970746,0.2637915225122104,0.24778206597596306,0.21668929571466283,0.2521784138120531,0.2572521300868661,0.21536397196218077,0.19987981975197644,0.2500172742415383,0.22584715145716794,0.22256316483898633,0.2529750246617518,0.2616202478753779,0.21530022338470786,0.2554016890942387,0.20852681709548287
Catalan,0.2650262656740389,0.2773542346449219,0.22399340297579243,0.26149458806137343,0.2444383221082432,0.2526150695466972,0,0.2538012763471951,0.25809214155762644,0.28551556877925355,0.2556069403301222,0.24464527531080213,0.2491947976008734,0.2195722522263071,0.2636768869499818,0.26077921595962517,0.2563244312990706,0.25112918302318293,0.25290568059864865,0.2715075457418559,0.18636117456642382,0.2669352853362335,0.19336217622287286,0.24964510028903944,0.2593730321148843,0.2501387913438923,0.27606401299088684,0.27524680706947735,0.24631414783727934,0.2457250605346824,0.20803527991051132,0.23970330617458732,0.2523335277083851,0.2526733317040119,0.24974638739034627,0.2730264970737138,0.2717882034402417,0.20195394762745528,0.2596962674459458,0.24737991164818796,0.256566296811613,0.2093906751351785
Croatian,0.2508318226664334,0.26307646921291067,0.21698433125564112,0.2613292277559464,0.15324414509273723,0.19627561057887627,0.2538012763471951,0,0.20586520764182192,0.2640024944915323,0.25372673521140543,0.2526388216220398,0.2580688632475243,0.24889404802503795,0.26582183058131786,0.26336572462657926,0.2636345415107803,0.25935458232106867,0.24640556451588105,0.26821879828823936,0.22547068188459823,0.2547093736652775,0.18611621515137997,0.18461104908752252,0.26119265250439005,0.2444352672424463,0.2642819850395294,0.25206675831750347,0.24026033310427158,0.21251318971474362,0.2562615912905885,0.2515189942388443,0.20356318673528212,0.15327711387204085,0.24253238324803392,0.20770170148874517,0.19747889858985654,0.2576980386955891,0.2557916575792444,0.20160007589987322,0.254717492944205,0.2142425239156827
Czech,0.2570978155440359,0.27523272877690447,0.2250322021924146,0.25684619652963725,0.20321574736210896,0.21391095652284847,0.25809214155762644,0.20586520764182192,0,0.2601469919606731,0.25319090078543205,0.25034284417068603,0.262353923866786,0.257511618244581,0.2676302651851614,0.2657896643224845,0.26664863145273054,0.2630002421013133,0.2513212219720925,0.2701944231666451,0.2304893380635046,0.24684544549503656,0.19938601111652293,0.21509469289858857,0.2648153942064932,0.2468184752400064,0.2640124382282399,0.2556265835811304,0.243628834190188,0.20897593669176154,0.25645368710254735,0.25476048250425787,0.20890069113205068,0.20637492732136253,0.2489622792751744,0.1956418710521417,0.2156338645304978,0.2590141594648229,0.25977180959043833,0.2049553154210934,0.25328935283760096,0.216123185861249
Danish,0.24737495309726665,0.27645639348053047,0.22540193308830192,0.28606558215213584,0.24115922689367308,0.2749993978388837,0.28551556877925355,0.2640024944915323,0.2601469919606731,0,0.24612361347326703,0.2564338329391516,0.27959879327231296,0.27328515696483663,0.2547143270803186,0.28720524834142314,0.28568314374210624,0.2778861704046651,0.2255643288771939,0.2912858621409801,0.23074464986204343,0.2634052989096428,0.19953969776680924,0.2609277101923372,0.2909920826521247,0.24639675218568746,0.24710649791366682,0.2798366286988656,0.2481453886762319,0.24805688198514408,0.2724585685574514,0.2701663814820782,0.25517386900656575,0.2635739884164291,0.24523011524554753,0.2835391243044976,0.274588735299964,0.2783548183482096,0.23151462731568964,0.25095526980076505,0.2766540781994075,0.21440299970937324
Dutch,0.17913840238814568,0.27015520658828107,0.2227602821053363,0.25850302450294926,0.2364226177337528,0.2531530872348856,0.2556069403301222,0.25372673521140543,0.25319090078543205,0.24612361347326703,0,0.22874985697674943,0.25867460867656245,0.2571124825547717,0.2185787038877811,0.2640045777410908,0.2616271047522822,0.2581200403453677,0.22891631657217876,0.2669835275826285,0.2261473243206885,0.2537110912834792,0.1941842629473081,0.24718119117313658,0.26453595548802494,0.24652213535135786,0.23588310271996657,0.2663888568519657,0.24164684738655434,0.24026479808297385,0.24923148370418127,0.25548686485067323,0.24725513515816744,0.2470594595492937,0.24825411335483694,0.2644737849626703,0.25674720170512266,0.25349729885609773,0.23325787705509735,0.24835515018680496,0.2555798781866916,0.21628465612542058
English,0.2306077745146803,0.28064383446902225,0.2262944203525464,0.25794762643031627,0.2502751177896989,0.25263596725364756,0.24464527531080213,0.2526388216220398,0.25034284417068603,0.2564338329391516,0.22874985697674943,0,0.2575308251337637,0.25952932357974506,0.2407771473290436,0.26816037589185954,0.2538988805588032,0.25304342556070497,0.24525365126480964,0.25478046704421153,0.22442470606145842,0.2661098505517116,0.19884100092664142,0.2489372377924704,0.2540438172515131,0.24713315548260908,0.24653497284739473,0.2647593249179247,0.24351066783308842,0.24586541299187165,0.24628049425645193,0.25783892156172933,0.25433310535857295,0.24955644132758217,0.2557485055076982,0.2668226347837984,0.26269599218364786,0.2557752871291203,0.2502681351992001,0.251408945159533,0.25286771173732264,0.21176834307066916
French,0.2648260335910965,0.2674230670040221,0.2206104666964949,0.2629389669821373,0.23699720840268962,0.2622069246817739,0.2491947976008734,0.2580688632475243,0.262353923866786,0.27959879327231296,0.25867460867656245,0.2575308251337637,0,0.25105248664253793,0.26643147393890537,0.27033572718589294,0.27199147338358914,0.2688490527439844,0.2524145501476484,0.28113626409522635,0.20970688903533036,0.2584945881549733,0.19173534653652338,0.2512315921583945,0.2718934285831701,0.242479852991655,0.27918615309680905,0.26629698799895296,0.24221791592257838,0.24288493231005914,0.24693467141025272,0.2470478895016373,0.2516272720399588,0.254534940047763,0.2415018613959229,0.2797149188749047,0.26585398537703864,0.2483585490538717,0.2618326966204693,0.24547431864911143,0.26191558112228525,0.21015197367314678
Galician,0.255404240444308,0.2552665104584307,0.21255840521427843,0.2622917856849958,0.23449316913302762,0.2528586207417098,0.2195722522263071,0.24889404802503795,0.257511618244581,0.27328515696483663,0.2571124825547717,0.25952932357974506,0.25105248664253793,0,0.268217719911903,0.26503445239940415,0.2661206063117545,0.25899289717465407,0.2385772301175147,0.2746681150985923,0.19352173583164925,0.2554850720101635,0.1886842402255184,0.24669697206941937,0.26808250651205723,0.2385180868557804,0.27878284582986534,0.26605164698929246,0.23678381378166602,0.24722750023195056,0.19370357536622693,0.2333083037739013,0.2442174835978805,0.2455287242639154,0.2276649375076864,0.2725406089688878,0.2655808372205895,0.1880938626963654,0.2550476774481545,0.2400252407759828,0.2609557012687166,0.20682124344867944
German,0.2314721075322646,0.2738981617071011,0.2231064127679189,0.2657753789470008,0.24501998460875693,0.26774296318713886,0.2636768869499818,0.26582183058131786,0.2676302651851614,0.2547143270803186,0.2185787038877811,0.2407771473290436,0.26643147393890537,0.268217719911903,0,0.2699897316054876,0.2680289536732464,0.2630710641832237,0.24401937357720588,0.2720090976447999,0.23213107981215292,0.26391247340219554,0.19606943324822143,0.26057165138390287,0.27256392023599535,0.24725321558789573,0.2582771896908739,0.2686514339525486,0.24792454143068823,0.24724287493873598,0.2649318595325003,0.25868655123519135,0.2593685466358875,0.25866196539484565,0.25600780698428927,0.27439965540290295,0.26476752100777295,0.2644825551133854,0.24048650793962822,0.2570319842179021,0.25938522671173825,0.21959538763924158
Greek,0.27511118771007,0.2771541708032638,0.22450951034816702,0.26215755170775773,0.24517742954797947,0.25791713490069845,0.26077921595962517,0.26336572462657926,0.2657896643224845,0.28720524834142314,0.2640045777410908,0.26816037589185954,0.27033572718589294,0.26503445239940415,0.2699897316054876,0,0.2676402929179307,0.2592421957476934,0.26333345513740936,0.27874809430113584,0.2327914830902985,0.25484279157510237,0.19409931562388802,0.2551092244824847,0.2681143029826081,0.24865288046005374,0.2812754620105478,0.27271324409364317,0.24910149766303813,0.24830533017400302,0.2587246102794427,0.2623373199156541,0.25749625226602646,0.25699925897971504,0.2524108333560049,0.2773092188951002,0.2720910289234589,0.25490494158712296,0.27062155913806446,0.2517881696891772,0.25797713849176784,0.2194874766759105
Gujarati,0.26791784199571045,0.2741939113192677,0.22619224559960874,0.22625450301215969,0.2514490675237402,0.2641330346044219,0.2563244312990706,0.2636345415107803,0.26664863145273054,0.28568314374210624,0.2616271047522822,0.2538988805588032,0.27199147338358914,0.2661206063117545,0.2680289536732464,0.2676402929179307,0,0.19070858807978755,0.2611723991180918,0.2691372677419859,0.237317409757753,0.27204834757335333,0.1931417453221691,0.25659340430675975,0.1888573702314812,0.2142488811750808,0.2814343874805886,0.2595533775653591,0.25029736679657655,0.24988405943368178,0.25911883979001116,0.26247599888344914,0.26219677611151027,0.2581881368573496,0.24380303827815927,0.27659214719830855,0.2729506124567488,0.2578154345694811,0.2629146894431221,0.2529539293121647,0.22221500931197155,0.22114427694387884
Hindi,0.26035942171589244,0.2654388673151068,0.22389265861260146,0.21862747323107717,0.24615916922692094,0.25786233889792903,0.25112918302318293,0.25935458232106867,0.2630002421013133,0.2778861704046651,0.2581200403453677,0.25304342556070497,0.2688490527439844,0.25899289717465407,0.2630710641832237,0.2592421957476934,0.19070858807978755,0,0.2527250867832829,0.26324178620196514,0.23337951008964666,0.26885680920957855,0.19097204770017184,0.2484373531926901,0.20353693824992158,0.2073535672195848,0.27361980684018533,0.2525229466413333,0.24372462392978775,0.24631681368574396,0.2561940300518098,0.2512257386740402,0.25646962556252845,0.2547997119050105,0.2399743439095232,0.26870699006297055,0.26723599829225003,0.2509370525764147,0.2548600622210384,0.2506074451116222,0.17936980233980987,0.2205180909043305
Icelandic,0.22021351916645826,0.2529097345122697,0.20857517937426232,0.25586310668005563,0.23381719951559396,0.2520708964436895,0.25290568059864865,0.24640556451588105,0.2513212219720925,0.2255643288771939,0.22891631657217876,0.24525365126480964,0.2524145501476484,0.2385772301175147,0.24401937357720588,0.26333345513740936,0.2611723991180918,0.2527250867832829,0,0.26254827161634203,0.23221757865099207,0.25062930315551396,0.18691175013302208,0.24257788301908798,0.2588083701113124,0.23949057389094938,0.22172379234088188,0.24874347717297596,0.23100629184359994,0.24199339493386313,0.25166945152710907,0.24724436930849544,0.23999085689874258,0.24214822391601157,0.22473933483708233,0.26277984096396395,0.2575044615614385,0.2584810768676577,0.2120539884168004,0.23933918283644223,0.2507528047587378,0.21724957772628065
Irish,0.28134519409582026,0.2802282785084392,0.22176278291770235,0.27228905276362003,0.24656127070520806,0.27283568836245076,0.2715075457418559,0.26821879828823936,0.2701944231666451,0.2912858621409801,0.2669835275826285,0.25478046704421153,0.28113626409522635,0.2746681150985923,0.2720090976447999,0.27874809430113584,0.2691372677419859,0.26324178620196514,0.26254827161634203,0,0.22887827980509334,0.2682344942018928,0.19365614362512196,0.2619819524261936,0.27132868169414226,0.24670365468933303,0.2935108454308631,0.27793847016682477,0.24970163259700978,0.25017722576390394,0.261267268618499,0.2625150839172579,0.2629010283255972,0.26333956548001053,0.24849471349306418,0.2861395319543784,0.2781100434875041,0.25972504153527065,0.2649884700423496,0.25803542347616815,0.2657884327640968,0.2024288089684183
Italian,0.22795066582811088,0.24576974611923713,0.22098577615490977,0.23281001598264026,0.23072122686005667,0.22041720351228258,0.18636117456642382,0.22547068188459823,0.2304893380635046,0.23074464986204343,0.2261473243206885,0.22442470606145842,0.20970688903533036,0.19352173583164925,0.23213107981215292,0.2327914830902985,0.237317409757753,0.23337951008964666,0.23221757865099207,0.22887827980509334,0,0.2472349226535717,0.19790945912745433,0.22520082095067417,0.23381993254454328,0.2360142006152131,0.23109452415732998,0.2342842008805268,0.23208084486769745,0.23640208881847855,0.19688485405547052,0.20453235135949985,0.22811374120990224,0.2276656646483407,0.2370766269636728,0.23628279392564508,0.23295287768677625,0.19606007808660336,0.23157928623267657,0.22900831828924675,0.2307352496566682,0.20102973072723374
Latvian,0.25174442965577304,0.26108799027838964,0.22242536404638533,0.2559974661918269,0.2245952428264537,0.25737097523312563,0.2669352853362335,0.2547093736652775,0.24684544549503656,0.2634052989096428,0.2537110912834792,0.2661098505517116,0.2584945881549733,0.2554850720101635,0.26391247340219554,0.25484279157510237,0.27204834757335333,0.26885680920957855,0.25062930315551396,0.2682344942018928,0.2472349226535717,0,0.17774963563141957,0.24514960973057356,0.27191090133363277,0.24874158803835086,0.25935379209979487,0.2583217713623658,0.24733538929525267,0.23097320767576554,0.25824064335690605,0.25957133912697716,0.23326223627516512,0.24235417832069336,0.2560940776796936,0.24833050979989593,0.2472756617007731,0.2752114194189376,0.2643861821275096,0.24283461712797955,0.25922691310380075,0.2435502307686744
Lithuanian,0.18438357521566937,0.19220759157927947,0.18453450684225653,0.1881526227271695,0.1908661033265666,0.19219291203503475,0.19336217622287286,0.18611621515137997,0.19938601111652293,0.19953969776680924,0.1941842629473081,0.19884100092664142,0.19173534653652338,0.1886842402255184,0.19606943324822143,0.19409931562388802,0.1931417453221691,0.19097204770017184,0.18691175013302208,0.19365614362512196,0.19790945912745433,0.17774963563141957,0,0.18673446872657148,0.19313536791831432,0.1878420834895759,0.19140597607650808,0.18689771003536879,0.19773646564710134,0.19650736406380298,0.19357628989336959,0.19128081081813153,0.18762086287343085,0.18338164699577256,0.1895112803545035,0.19143677543548082,0.19632966721732378,0.20013244544501566,0.18941724165880292,0.18975697363380198,0.18824237187612508,0.19762659365395482
Macedonian,0.24689349958428708,0.25480788134800697,0.21640359491853378,0.2534671439804859,0.1677687453085377,0.18696632135458452,0.24964510028903944,0.18461104908752252,0.21509469289858857,0.2609277101923372,0.24718119117313658,0.2489372377924704,0.2512315921583945,0.24669697206941937,0.26057165138390287,0.2551092244824847,0.25659340430675975,0.2484373531926901,0.24257788301908798,0.2619819524261936,0.22520082095067417,0.24514960973057356,0.18673446872657148,0,0.2560208013628863,0.23594749272807045,0.25695200643855237,0.25050800238713367,0.24125146830176245,0.2123135180867087,0.24723100266692483,0.2492280287155599,0.19518598044614463,0.16094185789289037,0.23299531035532786,0.21156982439671068,0.2126561467507245,0.2522987649362263,0.2493917567648707,0.19615323004407642,0.24659208585031786,0.21736559402704045
Marathi,0.27009816772865813,0.27232061858943735,0.22234665470050335,0.2320714819942077,0.2466611395471944,0.2639335338226284,0.2593730321148843,0.26119265250439005,0.2648153942064932,0.2909920826521247,0.26453595548802494,0.2540438172515131,0.2718934285831701,0.26808250651205723,0.27256392023599535,0.2681143029826081,0.1888573702314812,0.20353693824992158,0.2588083701113124,0.27132868169414226,0.23381993254454328,0.27191090133363277,0.19313536791831432,0.2560208013628863,0,0.2194144496131318,0.2848727422119523,0.26609449827090553,0.24871409745851575,0.2491338133970488,0.2582184235725784,0.2636539401874189,0.2560221004278989,0.2563716927535957,0.23830961692095837,0.2768997092578807,0.2759501493165585,0.2548526711243953,0.26528691982624947,0.25201708755700675,0.2290864793378139,0.21587011413407586
Nepali,0.23150561789595542,0.23411980011666847,0.2120448739684695,0.20349728112669324,0.23189351056036225,0.2516900223984424,0.2501387913438923,0.2444352672424463,0.2468184752400064,0.24639675218568746,0.24652213535135786,0.24713315548260908,0.242479852991655,0.2385180868557804,0.24725321558789573,0.24865288046005374,0.2142488811750808,0.2073535672195848,0.23949057389094938,0.24670365468933303,0.2360142006152131,0.24874158803835086,0.1878420834895759,0.23594749272807045,0.2194144496131318,0,0.246719626252685,0.22449872457303977,0.23313649647088824,0.23608276265757402,0.24606434707111333,0.2406250728324659,0.2405931408212085,0.2383145437770319,0.21350334253163633,0.2473337209267892,0.2506462122640215,0.25560397514447414,0.23785184570071694,0.23893145537918073,0.2076244563518637,0.2210065476710659
Norwegian,0.23998446525101313,0.28025507061405264,0.21786391033164126,0.2786512480451727,0.23529720889069167,0.27309284133970746,0.27606401299088684,0.2642819850395294,0.2640124382282399,0.24710649791366682,0.23588310271996657,0.24653497284739473,0.27918615309680905,0.27878284582986534,0.2582771896908739,0.2812754620105478,0.2814343874805886,0.27361980684018533,0.22172379234088188,0.2935108454308631,0.23109452415732998,0.25935379209979487,0.19140597607650808,0.25695200643855237,0.2848727422119523,0.246719626252685,0,0.28571930132382184,0.2473794317842631,0.2416989756981233,0.2632920999975719,0.2691709862309721,0.2566874822378998,0.2556137528396623,0.24821598991822239,0.2788416856560425,0.2735030592416385,0.26574901400986156,0.2039526049680622,0.2536431147861394,0.2683329268577341,0.21916195852124276
Pashto,0.25903819071076095,0.25314336558935724,0.2080067086084598,0.261071552681957,0.2349986367221444,0.2637915225122104,0.27524680706947735,0.25206675831750347,0.2556265835811304,0.2798366286988656,0.2663888568519657,0.2647593249179247,0.26629698799895296,0.26605164698929246,0.2686514339525486,0.27271324409364317,0.2595533775653591,0.2525229466413333,0.24874347717297596,0.27793847016682477,0.2342842008805268,0.2583217713623658,0.18689771003536879,0.25050800238713367,0.26609449827090553,0.22449872457303977,0.28571930132382184,0,0.21613300111469674,0.24327884945919712,0.2631187284192725,0.25514717835360284,0.24547064482746758,0.2525526377414291,0.22560101467922541,0.2726204729963608,0.2641836919114985,0.2727091238087047,0.2603284164194395,0.2438776884849029,0.24752068252122836,0.2142337140174959
Persian,0.23485351639231866,0.24260491084939298,0.2076278406163194,0.24068196096869723,0.23365187415428512,0.24778206597596306,0.24631414783727934,0.24026033310427158,0.243628834190188,0.2481453886762319,0.24164684738655434,0.24351066783308842,0.24221791592257838,0.23678381378166602,0.24792454143068823,0.24910149766303813,0.25029736679657655,0.24372462392978775,0.23100629184359994,0.24970163259700978,0.23208084486769745,0.24733538929525267,0.19773646564710134,0.24125146830176245,0.24871409745851575,0.23313649647088824,0.2473794317842631,0.21613300111469674,0,0.2398108942957648,0.24342504594130504,0.23787680957269225,0.2350349577828085,0.23892604160447214,0.23704750128645713,0.24933495661633573,0.24774364700565077,0.24973572572327535,0.2418737755809937,0.23535435327502333,0.2298079259326404,0.21747068227407088
Polish,0.23907632909531443,0.24935521589769613,0.2239269474063014,0.238715543163074,0.19863041091472364,0.21668929571466283,0.2457250605346824,0.21251318971474362,0.20897593669176154,0.24805688198514408,0.24026479808297385,0.24586541299187165,0.24288493231005914,0.24722750023195056,0.24724287493873598,0.24830533017400302,0.24988405943368178,0.24631681368574396,0.24199339493386313,0.25017722576390394,0.23640208881847855,0.23097320767576554,0.19650736406380298,0.2123135180867087,0.2491338133970488,0.23608276265757402,0.2416989756981233,0.24327884945919712,0.2398108942957648,0,0.23827574381485245,0.2437650801965019,0.20710589352690312,0.20202573527399711,0.2457583466225762,0.18712718805422984,0.21520478873871488,0.24993382366849118,0.24384428244526432,0.2030256694844179,0.24087340321445216,0.2288248447635389
Portuguese,0.25699434914202657,0.26618778113412983,0.22214089375955542,0.252958135633504,0.23762842535539658,0.2521784138120531,0.20803527991051132,0.2562615912905885,0.25645368710254735,0.2724585685574514,0.24923148370418127,0.24628049425645193,0.24693467141025272,0.19370357536622693,0.2649318595325003,0.2587246102794427,0.25911883979001116,0.2561940300518098,0.25166945152710907,0.261267268618499,0.19688485405547052,0.25824064335690605,0.19357628989336959,0.24723100266692483,0.2582184235725784,0.24606434707111333,0.2632920999975719,0.2631187284192725,0.24342504594130504,0.23827574381485245,0,0.23823917255845742,0.24617975951861326,0.24663659275357655,0.2483383724428522,0.2631741834557284,0.25847483415870504,0.19144172202975887,0.2565755788718359,0.24045266220074854,0.2501136660710941,0.2131127575354322
Romanian,0.2520629014967728,0.25635250613479693,0.2189065740004401,0.2568013370590887,0.24011906185856238,0.2572521300868661,0.23970330617458732,0.2515189942388443,0.25476048250425787,0.2701663814820782,0.25548686485067323,0.25783892156172933,0.2470478895016373,0.2333083037739013,0.25868655123519135,0.2623373199156541,0.26247599888344914,0.2512257386740402,0.24724436930849544,0.2625150839172579,0.20453235135949985,0.25957133912697716,0.19128081081813153,0.2492280287155599,0.2636539401874189,0.2406250728324659,0.2691709862309721,0.25514717835360284,0.23787680957269225,0.2437650801965019,0.23823917255845742,0,0.24767767825217832,0.2514113289429632,0.23872564911682342,0.26545676827525727,0.26606664942298713,0.24159744445813497,0.258850571934486,0.24705765294408466,0.25323884384767226,0.214173230980217
Russian,0.24397501037442093,0.24901775332019582,0.21670585435134854,0.25326544512757315,0.18326398904965824,0.21536397196218077,0.2523335277083851,0.20356318673528212,0.20890069113205068,0.25517386900656575,0.24725513515816744,0.25433310535857295,0.2516272720399588,0.2442174835978805,0.2593685466358875,0.25749625226602646,0.26219677611151027,0.25646962556252845,0.23999085689874258,0.2629010283255972,0.22811374120990224,0.23326223627516512,0.18762086287343085,0.19518598044614463,0.2560221004278989,0.2405931408212085,0.2566874822378998,0.24547064482746758,0.2350349577828085,0.20710589352690312,0.24617975951861326,0.24767767825217832,0,0.19190836846737558,0.23332042007597303,0.21233868944851045,0.21726523868248382,0.2554513702159422,0.25069756229605616,0.17920178577321616,0.2522075650985523,0.2227260110403673
Serbian,0.24367632574518558,0.25420866094991496,0.21633916215041463,0.2542561448466405,0.13116751933989318,0.19987981975197644,0.2526733317040119,0.15327711387204085,0.20637492732136253,0.2635739884164291,0.2470594595492937,0.24955644132758217,0.254534940047763,0.2455287242639154,0.25866196539484565,0.25699925897971504,0.2581881368573496,0.2547997119050105,0.24214822391601157,0.26333956548001053,0.2276656646483407,0.24235417832069336,0.18338164699577256,0.16094185789289037,0.2563716927535957,0.2383145437770319,0.2556137528396623,0.2525526377414291,0.23892604160447214,0.20202573527399711,0.24663659275357655,0.2514113289429632,0.19190836846737558,0,0.23908554491664352,0.20046498952309397,0.19683738710647813,0.25305079719598034,0.2521104126933466,0.19395751617249762,0.2491775114316522,0.21801964950820452
Sinhala,0.23655612410240584,0.2159281847429091,0.20757832293890754,0.23607240165674326,0.23392654532420834,0.2500172742415383,0.24974638739034627,0.24253238324803392,0.2489622792751744,0.24523011524554753,0.24825411335483694,0.2557485055076982,0.2415018613959229,0.2276649375076864,0.25600780698428927,0.2524108333560049,0.24380303827815927,0.2399743439095232,0.22473933483708233,0.24849471349306418,0.2370766269636728,0.2560940776796936,0.1895112803545035,0.23299531035532786,0.23830961692095837,0.21350334253163633,0.24821598991822239,0.22560101467922541,0.23704750128645713,0.2457583466225762,0.2483383724428522,0.23872564911682342,0.23332042007597303,0.23908554491664352,0,0.2549142139032504,0.25575112283933926,0.25071698359536426,0.23394917088558112,0.23398481680705308,0.2398327486845613,0.21975338343272985
Slovak,0.2678612586019048,0.27419673765138414,0.22329478218688376,0.26861913686698774,0.18986890764108533,0.22584715145716794,0.2730264970737138,0.20770170148874517,0.1956418710521417,0.2835391243044976,0.2644737849626703,0.2668226347837984,0.2797149188749047,0.2725406089688878,0.27439965540290295,0.2773092188951002,0.27659214719830855,0.26870699006297055,0.26277984096396395,0.2861395319543784,0.23628279392564508,0.24833050979989593,0.19143677543548082,0.21156982439671068,0.2768997092578807,0.2473337209267892,0.2788416856560425,0.2726204729963608,0.24933495661633573,0.18712718805422984,0.2631741834557284,0.26545676827525727,0.21233868944851045,0.20046498952309397,0.2549142139032504,0,0.22050412152566234,0.26983242164460464,0.2698303805150574,0.2068173519833474,0.26201938531421537,0.22216049812228783
Slovenian,0.2608130318973293,0.27624424107973333,0.2268214048271423,0.2743648532877288,0.19075236875204665,0.22256316483898633,0.2717882034402417,0.19747889858985654,0.2156338645304978,0.274588735299964,0.25674720170512266,0.26269599218364786,0.26585398537703864,0.2655808372205895,0.26476752100777295,0.2720910289234589,0.2729506124567488,0.26723599829225003,0.2575044615614385,0.2781100434875041,0.23295287768677625,0.2472756617007731,0.19632966721732378,0.2126561467507245,0.2759501493165585,0.2506462122640215,0.2735030592416385,0.2641836919114985,0.24774364700565077,0.21520478873871488,0.25847483415870504,0.26606664942298713,0.21726523868248382,0.19683738710647813,0.25575112283933926,0.22050412152566234,0,0.2640541952498022,0.2677688845794751,0.21950203262865023,0.26514834972196655,0.22338623281185732
Spanish,0.26692240619182916,0.28098912414941696,0.23498063088993404,0.2548913192436002,0.24612332764007694,0.2529750246617518,0.20195394762745528,0.2576980386955891,0.2590141594648229,0.2783548183482096,0.25349729885609773,0.2557752871291203,0.2483585490538717,0.1880938626963654,0.2644825551133854,0.25490494158712296,0.2578154345694811,0.2509370525764147,0.2584810768676577,0.25972504153527065,0.19606007808660336,0.2752114194189376,0.20013244544501566,0.2522987649362263,0.2548526711243953,0.25560397514447414,0.26574901400986156,0.2727091238087047,0.24973572572327535,0.24993382366849118,0.19144172202975887,0.24159744445813497,0.2554513702159422,0.25305079719598034,0.25071698359536426,0.26983242164460464,0.2640541952498022,0,0.26624594047330175,0.24695326833515138,0.25483858317327107,0.21514072771308876
Swedish,0.22564786584651605,0.2612904056326872,0.21542453785347518,0.2605419519342747,0.24005079051443176,0.2616202478753779,0.2596962674459458,0.2557916575792444,0.25977180959043833,0.23151462731568964,0.23325787705509735,0.2502681351992001,0.2618326966204693,0.2550476774481545,0.24048650793962822,0.27062155913806446,0.2629146894431221,0.2548600622210384,0.2120539884168004,0.2649884700423496,0.23157928623267657,0.2643861821275096,0.18941724165880292,0.2493917567648707,0.26528691982624947,0.23785184570071694,0.2039526049680622,0.2603284164194395,0.2418737755809937,0.24384428244526432,0.2565755788718359,0.258850571934486,0.25069756229605616,0.2521104126933466,0.23394917088558112,0.2698303805150574,0.2677688845794751,0.26624594047330175,0,0.2516130002681399,0.2552498320891808,0.21919721610625345
Ukrainian,0.24195287723093656,0.2503470144908029,0.2181998015863089,0.2486002368479411,0.188413343164335,0.21530022338470786,0.24737991164818796,0.20160007589987322,0.2049553154210934,0.25095526980076505,0.24835515018680496,0.251408945159533,0.24547431864911143,0.2400252407759828,0.2570319842179021,0.2517881696891772,0.2529539293121647,0.2506074451116222,0.23933918283644223,0.25803542347616815,0.22900831828924675,0.24283461712797955,0.18975697363380198,0.19615323004407642,0.25201708755700675,0.23893145537918073,0.2536431147861394,0.2438776884849029,0.23535435327502333,0.2030256694844179,0.24045266220074854,0.24705765294408466,0.17920178577321616,0.19395751617249762,0.23398481680705308,0.2068173519833474,0.21950203262865023,0.24695326833515138,0.2516130002681399,0,0.24560114696272223,0.21826355386255136
Urdu,0.2579113229273781,0.26051767609671306,0.21784638732939973,0.22222266408150526,0.23820701587213372,0.2554016890942387,0.256566296811613,0.254717492944205,0.25328935283760096,0.2766540781994075,0.2555798781866916,0.25286771173732264,0.26191558112228525,0.2609557012687166,0.25938522671173825,0.25797713849176784,0.22221500931197155,0.17936980233980987,0.2507528047587378,0.2657884327640968,0.2307352496566682,0.25922691310380075,0.18824237187612508,0.24659208585031786,0.2290864793378139,0.2076244563518637,0.2683329268577341,0.24752068252122836,0.2298079259326404,0.24087340321445216,0.2501136660710941,0.25323884384767226,0.2522075650985523,0.2491775114316522,0.2398327486845613,0.26201938531421537,0.26514834972196655,0.25483858317327107,0.2552498320891808,0.24560114696272223,0,0.21593038232647663
Welsh,0.21150493203264548,0.22713240401238438,0.20909458539938755,0.2195178316480406,0.22795723307763643,0.20852681709548287,0.2093906751351785,0.2142425239156827,0.216123185861249,0.21440299970937324,0.21628465612542058,0.21176834307066916,0.21015197367314678,0.20682124344867944,0.21959538763924158,0.2194874766759105,0.22114427694387884,0.2205180909043305,0.21724957772628065,0.2024288089684183,0.20102973072723374,0.2435502307686744,0.19762659365395482,0.21736559402704045,0.21587011413407586,0.2210065476710659,0.21916195852124276,0.2142337140174959,0.21747068227407088,0.2288248447635389,0.2131127575354322,0.214173230980217,0.2227260110403673,0.21801964950820452,0.21975338343272985,0.22216049812228783,0.22338623281185732,0.21514072771308876,0.21919721610625345,0.21826355386255136,0.21593038232647663,0
