,Afrikaans,Albanian,Armenian,Bengali,Bosnian,Bulgarian,Catalan,Croatian,Czech,Danish,Dutch,English,French,Galician,German,Greek,Gujarati,Hindi,Icelandic,Irish,Italian,Latvian,Lithuanian,Macedonian,Marathi,Nepali,Norwegian,Pashto,Persian,Polish,Portuguese,Romanian,Russian,Serbian,Sinhala,Slovak,Slovenian,Spanish,Swedish,Ukrainian,Urdu,Welsh
Afrikaans,0,0.27035970287698047,0.2323728535460503,0.28364084199383505,0.22961940957105018,0.2749142366154902,0.2868336904260392,0.2647317668803355,0.2608634048157115,0.2531817354283676,0.19503262209344263,0.2390787895987486,0.2880975678704976,0.27615920662431165,0.2485151837263029,0.29252971339661105,0.286608731281835,0.28580252444863663,0.24017214100362025,0.29117670658483846,0.25087288605966357,0.24473977912226033,0.2037956073965715,0.2561473702661133,0.28623976831575504,0.24318622800582343,0.25232426903259714,0.27650060248244535,0.24685326830010912,0.24368041870948928,0.27192880374370637,0.27747165229910903,0.2515354731053871,0.252300915166282,0.23977620480939804,0.2731769413132138,0.2687746072723701,0.2753808645777929,0.2449267430523526,0.24682901793858317,0.27625784355775446,0.23647284103268182
Albanian,0.27035970287698047,0,0.23403108257523011,0.2662203019014208,0.23294757711533606,0.26240895490754934,0.2686183656038344,0.25591181570383287,0.26304535927548195,0.2795847516020863,0.265811677849546,0.27872081373422336,0.26213363944944584,0.259541268122904,0.27797938537879335,0.2792706225769468,0.2714661675308206,0.2662690468300263,0.265098769588457,0.26832073889481284,0.24194684733505203,0.25356482826385995,0.20738600839606802,0.24918699189347468,0.2658526805477937,0.23800306200183585,0.281854899007387,0.2623351987612878,0.2456714523760847,0.24282822529603076,0.2583463860885333,0.26572342181825237,0.24911261841686383,0.2503324635483865,0.22765304732213879,0.2672658511202612,0.2623594448818436,0.26392864965613455,0.27479222654921925,0.24431621350715801,0.2619072730679121,0.2377348557792062
Armenian,0.2323728535460503,0.23403108257523011,0,0.24377354511009458,0.23033946001130962,0.23631257197516367,0.23998060162852,0.23204781696574797,0.23580633745658153,0.23914732105687933,0.24138485835973142,0.2483960734487921,0.23938810449554002,0.23251733549551812,0.23708403457861774,0.23791472054815344,0.247204239219184,0.2458151511421187,0.23136769715993713,0.22921947296006498,0.23705275486419816,0.24130868668993305,0.21113199449295464,0.2341502389930563,0.2403403766848145,0.23457384345417454,0.24076713241211692,0.2327925510996806,0.22582543990195092,0.2390161355718909,0.23851939143477863,0.23790146654368927,0.2344344554514026,0.23526476822933218,0.2237766919202133,0.23432080331631377,0.23985452067564522,0.23921929418327986,0.23822256087940483,0.23414044273297072,0.24378655647459732,0.22917453053040399
Bengali,0.28364084199383505,0.2662203019014208,0.24377354511009458,0,0.23757453116757793,0.2629039552391937,0.27921708500991554,0.26251900317634386,0.2628264954608063,0.2911638298894987,0.27751086531530994,0.28457666935171394,0.27675897724499365,0.27113888654340873,0.28265119058956895,0.28065283376458056,0.22729432426701085,0.2209579643284556,0.27539072855944385,0.28489651999933296,0.24457789116277184,0.257829664424013,0.2079089500437036,0.2519793805944303,0.23413291923156454,0.1989243082281557,0.29210670166545527,0.2682961459545339,0.251191806045773,0.2408814787973901,0.26893890513414864,0.27450783857233035,0.25449643194095506,0.25498473985916725,0.23027640694422918,0.2703906377130361,0.26487580547181144,0.2658437312490926,0.278127612624284,0.2476231829568242,0.23298317739853538,0.24111890967173716
Bosnian,0.22961940957105018,0.23294757711533606,0.23033946001130962,0.23757453116757793,0,0.18479033373874884,0.23753647404806894,0.14639610481871126,0.19908094427758563,0.2383391009534526,0.2433379753119911,0.2545278541067875,0.23746925031617092,0.22722537062261863,0.2463977451828146,0.24349042072645957,0.24308907921566628,0.2447259401166256,0.23041685500964082,0.24046239378507805,0.22741405906960324,0.22591034753446526,0.194854437828496,0.16255283383555777,0.2404734720059518,0.23149790062476597,0.23708313429971772,0.23405452314392627,0.22841396025028093,0.1920105664116368,0.23847281116100258,0.23363470101027958,0.18353271222556256,0.1256876876752237,0.2191765861104008,0.18870177188674875,0.18784404454371098,0.2332375634078519,0.2363906492198293,0.18056094855809365,0.24161376117724065,0.23666500897092704
Bulgarian,0.2749142366154902,0.26240895490754934,0.23631257197516367,0.2629039552391937,0.18479033373874884,0,0.26025113164869756,0.19398216733578091,0.22730697701451774,0.28209686880790635,0.27454310314400115,0.2771410296844784,0.2710169186264065,0.25917196897368194,0.2801002623786986,0.26758687094367956,0.26799023159003593,0.2646005193604028,0.2688844937454463,0.2772389646472858,0.23100709414803836,0.2516785347050879,0.19539165115544105,0.18866073630858138,0.270214310088769,0.23743439849635223,0.2844498408179162,0.26867963500208886,0.24975338867744787,0.20867091192401763,0.2633889385904631,0.2609197570456328,0.21570190761525235,0.20174516082044364,0.23207633620225318,0.22632596210576583,0.22007776072597787,0.24731799093150375,0.2671292335480164,0.2112354584586924,0.2638761042005739,0.2285374398829236
Catalan,0.2868336904260392,0.2686183656038344,0.23998060162852,0.27921708500991554,0.23753647404806894,0.26025113164869756,0,0.2519223919648127,0.2651925239791842,0.29366089364440834,0.2770838959232703,0.27572434620030134,0.2516040656788314,0.22323808557516278,0.28046698699514017,0.275362920374029,0.2817648090933176,0.27600353126796895,0.27247573632882727,0.2860493975250072,0.2007479708968066,0.2649266742726244,0.20804758880178434,0.2569867159576485,0.2818495870033226,0.24474699768868183,0.30107139957968904,0.28497466654015374,0.25718456069319096,0.24320288029366832,0.22330429671320437,0.2471636802075255,0.2569089099223501,0.258144998115955,0.24076338707663647,0.2718985985104132,0.2683927276086262,0.20531300227171162,0.27850883855645386,0.2509328626514044,0.28132490641130903,0.2315123338219857
Croatian,0.2647317668803355,0.25591181570383287,0.23204781696574797,0.26251900317634386,0.14639610481871126,0.19398216733578091,0.2519223919648127,0,0.212568610298562,0.2684580883255261,0.2641121934600134,0.27287781429221963,0.26218138377910205,0.2536294931425294,0.2698590305855402,0.26138088808809434,0.2645906921717932,0.2640640366606003,0.2590239075718499,0.2657923686059603,0.22592911752351483,0.24933450402149437,0.19307914252647446,0.19126430837827446,0.2643821471784395,0.23740594727559397,0.2757717790949061,0.2596254037637349,0.2439873933358748,0.2002931016452114,0.26093577265716744,0.2474379080888789,0.20783521427561907,0.15952764820453239,0.230407379440543,0.20890545918106332,0.2003072047373563,0.24592032671399192,0.2620090778704415,0.19913367701748325,0.2659040653533006,0.22876034445084675
Czech,0.2608634048157115,0.26304535927548195,0.23580633745658153,0.2628264954608063,0.19908094427758563,0.22730697701451774,0.2651925239791842,0.212568610298562,0,0.2684841591742858,0.26428420096749333,0.2657396414666913,0.26886521723001133,0.26437244456812437,0.283358337055572,0.2809945314544389,0.27101692612806566,0.274644699237336,0.2626299225775199,0.2681440175098149,0.2512911893834869,0.2447003875774261,0.20314607520480568,0.22113596003094546,0.26824113716181247,0.24049330347596656,0.2717954314807591,0.2648691332413215,0.25198594310463734,0.20422590619283862,0.2662336953748039,0.2644004452124933,0.21685641649126988,0.2102906965769004,0.23294673491041668,0.18968804480641396,0.22395033707199824,0.25719169689768306,0.2641783727619631,0.20886465264375068,0.261876382492082,0.23801087643860916
Danish,0.2531817354283676,0.2795847516020863,0.23914732105687933,0.2911638298894987,0.2383391009534526,0.28209686880790635,0.29366089364440834,0.2684580883255261,0.2684841591742858,0,0.25653252196976895,0.24403248849914735,0.2901008297672991,0.2861073457222234,0.24710137878702776,0.29407662631340303,0.2891223008501168,0.2878722227674501,0.2321110870984133,0.28295927775239277,0.24675213584968547,0.26387946031716714,0.21283239420482594,0.2688668555466135,0.2947810857569566,0.2438943856869248,0.2509946511685581,0.2880429050593147,0.25249117905158336,0.24634548943583828,0.27586670064419366,0.28061915886941136,0.2624187181433886,0.2669813523656531,0.24438731034898079,0.2809125212499554,0.27645058153664287,0.27387273839693715,0.23393300221859795,0.2562982639987195,0.28212008164963315,0.2304471662031122
Dutch,0.19503262209344263,0.265811677849546,0.24138485835973142,0.27751086531530994,0.2433379753119911,0.27454310314400115,0.2770838959232703,0.2641121934600134,0.26428420096749333,0.25653252196976895,0,0.23734969199602682,0.2806986777750478,0.2750672631936927,0.23374233344676004,0.28412735516237847,0.2775915725656885,0.27806006771493563,0.2505046764127577,0.2809786140657707,0.25345923529349823,0.256029379397809,0.2117587954309955,0.26066445541130995,0.27736534734782586,0.2499434765195377,0.25375009662750175,0.27565457859313597,0.2511958137103968,0.24961064321742044,0.2705019079794901,0.2805030632229666,0.2613866422409958,0.2613008182413153,0.24485107385069005,0.27698049613616876,0.2690105688638345,0.2703830883667915,0.24116207706133272,0.25870356926736576,0.27244561549712215,0.23980883323137936
English,0.2390787895987486,0.27872081373422336,0.2483960734487921,0.28457666935171394,0.2545278541067875,0.2771410296844784,0.27572434620030134,0.27287781429221963,0.2657396414666913,0.24403248849914735,0.23734969199602682,0,0.27932476276048607,0.2759580251846622,0.24670669822206398,0.2940400814733727,0.28152506770837893,0.2838841246333144,0.25900916142645475,0.26771780109031773,0.2524603279390216,0.27278610030883027,0.21884560944957449,0.2760697386942197,0.2821548152781368,0.25223939325819233,0.26162591680739355,0.2828885239961919,0.25815017948342595,0.2541734706024817,0.26730273845008257,0.28280081219247466,0.2703469154945585,0.2734193309880567,0.25671867527464337,0.2764175920686846,0.2802846096730523,0.2727233807005345,0.2543369108644656,0.26861176991727875,0.2800156333943628,0.23580558423566564
French,0.2880975678704976,0.26213363944944584,0.23938810449554002,0.27675897724499365,0.23746925031617092,0.2710169186264065,0.2516040656788314,0.26218138377910205,0.26886521723001133,0.2901008297672991,0.2806986777750478,0.27932476276048607,0,0.25680386964469293,0.2864337585901321,0.2826170084385322,0.28085553605891544,0.2811252242695312,0.27463536032886415,0.2849305951394783,0.2230298310435819,0.26161488914425407,0.2092068600845292,0.26241905430856943,0.2813710612452299,0.24017098513332016,0.2994626951779805,0.27843437991609366,0.25360672136468143,0.24601182830054918,0.2517391702581631,0.2559263586691969,0.26039631108766864,0.26189620636529753,0.24293490412167423,0.28016601553715026,0.2675930022550252,0.24706837401102485,0.27978924223719936,0.25014596509475345,0.27549690249698766,0.23214111701831694
Galician,0.27615920662431165,0.259541268122904,0.23251733549551812,0.27113888654340873,0.22722537062261863,0.25917196897368194,0.22323808557516278,0.2536294931425294,0.26437244456812437,0.2861073457222234,0.2750672631936927,0.2759580251846622,0.25680386964469293,0,0.2808391057140894,0.28007985789904716,0.278131157817884,0.27750149265612833,0.2620483921422449,0.28245008985625203,0.20130616989185118,0.250717220092356,0.20253010262417173,0.24814661569650562,0.2782937846846216,0.23505978473004474,0.288404088837568,0.27781331117041524,0.24741134254493266,0.24179171414306372,0.2048993032235918,0.2476412407991262,0.2509617547424046,0.24922860792268495,0.2302737658912636,0.2707352570550672,0.26252940782025125,0.18307187182026605,0.2704388963553486,0.24619034223844172,0.2712943937040824,0.22716104273673557
German,0.2485151837263029,0.27797938537879335,0.23708403457861774,0.28265119058956895,0.2463977451828146,0.2801002623786986,0.28046698699514017,0.2698590305855402,0.283358337055572,0.24710137878702776,0.23374233344676004,0.24670669822206398,0.2864337585901321,0.2808391057140894,0,0.2783274679140802,0.286029622785008,0.2850702816221381,0.25420371579145834,0.2837662088243096,0.2456154189283068,0.26727219777930744,0.21496766792534927,0.27367754867938665,0.2875963319349183,0.2539448055892464,0.27078389828268234,0.28646457090652033,0.25750340418338286,0.25588091397043455,0.28481060435781924,0.2743573464072147,0.2707768728692791,0.272122069232434,0.25529949546663544,0.28543795238806347,0.27133843867015134,0.2707212307370149,0.24265030446162628,0.2628882080854899,0.2827866260962247,0.2362175039732007
Greek,0.29252971339661105,0.2792706225769468,0.23791472054815344,0.28065283376458056,0.24349042072645957,0.26758687094367956,0.275362920374029,0.26138088808809434,0.2809945314544389,0.29407662631340303,0.28412735516237847,0.2940400814733727,0.2826170084385322,0.28007985789904716,0.2783274679140802,0,0.28200133517282233,0.2754156741084442,0.2757110901387213,0.2911976311779615,0.23747634737560086,0.26689969575327943,0.20306215384562828,0.2664575209004688,0.2868981049410333,0.2465037087535105,0.30663169852131555,0.283815562233198,0.2588199633965517,0.2482867700606017,0.2777565153603848,0.2639531529109907,0.2620680909826707,0.26797364935221596,0.24912886163203468,0.2831754374378954,0.27364250628767683,0.2631636462191031,0.2853522095156497,0.2531369216394658,0.28280436411323656,0.23447426650413347
Gujarati,0.286608731281835,0.2714661675308206,0.247204239219184,0.22729432426701085,0.24308907921566628,0.26799023159003593,0.2817648090933176,0.2645906921717932,0.27101692612806566,0.2891223008501168,0.2775915725656885,0.28152506770837893,0.28085553605891544,0.278131157817884,0.286029622785008,0.28200133517282233,0,0.205910103584312,0.28013762574400203,0.28824140835290857,0.24804106029713532,0.26699694861509393,0.20987392907773728,0.25976831803118844,0.20035129925185763,0.20608077504332953,0.29012527210194056,0.2707930351555644,0.2537978879813767,0.2493623923404759,0.27803413043344594,0.2794740374689039,0.2657811548500814,0.2644387642815365,0.23996449205220852,0.2788980316288814,0.2704700402592248,0.2681120921601453,0.2775883053655427,0.2568456302378565,0.2339884603394,0.24321978221882398
Hindi,0.28580252444863663,0.2662690468300263,0.2458151511421187,0.2209579643284556,0.2447259401166256,0.2646005193604028,0.27600353126796895,0.2640640366606003,0.274644699237336,0.2878722227674501,0.27806006771493563,0.2838841246333144,0.2811252242695312,0.27750149265612833,0.2850702816221381,0.2754156741084442,0.205910103584312,0,0.2747466782634429,0.2837260632476372,0.248402395799343,0.26983687293352393,0.21170589983164576,0.2547383962560195,0.21990842550203288,0.2006343395697656,0.2892654959751225,0.26454014837360074,0.2529111343287453,0.2522614837113376,0.27522093191127445,0.27210822204285745,0.2614490581302933,0.26570441836709,0.23584323497605822,0.27563552606498415,0.2706031216598731,0.2615153118776527,0.2741166747628615,0.2544171155927425,0.1924767863155927,0.2437056437190255
Icelandic,0.24017214100362025,0.265098769588457,0.23136769715993713,0.27539072855944385,0.23041685500964082,0.2688844937454463,0.27247573632882727,0.2590239075718499,0.2626299225775199,0.2321110870984133,0.2505046764127577,0.25900916142645475,0.27463536032886415,0.2620483921422449,0.25420371579145834,0.2757110901387213,0.28013762574400203,0.2747466782634429,0,0.2733239776981653,0.24756259438369094,0.2431263981126393,0.1998405766643079,0.25416280870274593,0.2752124369203655,0.24980356128468897,0.23613840616494877,0.27325553783030976,0.24331634592483975,0.24360796286455563,0.2694729258028841,0.26660541522140885,0.24842367793727077,0.25073819500976513,0.23563479518206212,0.26748684135741274,0.2615991662781329,0.26772938729110934,0.2280543513902405,0.24447383404382952,0.27122495687887305,0.2399769543855616
Irish,0.29117670658483846,0.26832073889481284,0.22921947296006498,0.28489651999933296,0.24046239378507805,0.2772389646472858,0.2860493975250072,0.2657923686059603,0.2681440175098149,0.28295927775239277,0.2809786140657707,0.26771780109031773,0.2849305951394783,0.28245008985625203,0.2837662088243096,0.2911976311779615,0.28824140835290857,0.2837260632476372,0.2733239776981653,0,0.2448847863548806,0.2614079150988632,0.20999963081357845,0.2640327309975573,0.2854685613417719,0.2362831074813305,0.3056618622785372,0.2782095312396251,0.24900599342743543,0.24726873804428617,0.26808111692983316,0.2774267816359,0.2636210777526195,0.2698490059740284,0.2378365307719661,0.2818565582783409,0.2745118363640353,0.26419127337373394,0.276647680376997,0.2551457253990792,0.2766978551244038,0.21669057249486354
Italian,0.25087288605966357,0.24194684733505203,0.23705275486419816,0.24457789116277184,0.22741405906960324,0.23100709414803836,0.2007479708968066,0.22592911752351483,0.2512911893834869,0.24675213584968547,0.25345923529349823,0.2524603279390216,0.2230298310435819,0.20130616989185118,0.2456154189283068,0.23747634737560086,0.24804106029713532,0.248402395799343,0.24756259438369094,0.2448847863548806,0,0.25581850189182687,0.21270515718589575,0.2362741149741005,0.24622538189724488,0.2317813920299701,0.2530532138637604,0.24791528536568933,0.2466695924137133,0.23584298140779378,0.21536802310123698,0.2074206570657778,0.2379060254216041,0.23523136443083043,0.23117353328459345,0.23880014897715143,0.23548415051439017,0.19615993071694124,0.24310460418361743,0.23096667600705179,0.25374012421566133,0.22334721132562058
Latvian,0.24473977912226033,0.25356482826385995,0.24130868668993305,0.257829664424013,0.22591034753446526,0.2516785347050879,0.2649266742726244,0.24933450402149437,0.2447003875774261,0.26387946031716714,0.256029379397809,0.27278610030883027,0.26161488914425407,0.250717220092356,0.26727219777930744,0.26689969575327943,0.26699694861509393,0.26983687293352393,0.2431263981126393,0.2614079150988632,0.25581850189182687,0,0.18113943432189772,0.23741295939063492,0.2602564843978888,0.25340644962141234,0.25538455392594517,0.2585038236087288,0.24962593042556971,0.23364713023587408,0.25410101690720455,0.2645777427880109,0.23055434792882523,0.23339718234199675,0.2410022380516572,0.2452697875293983,0.2486213281776703,0.2655377879613139,0.25535233963624115,0.23565942442371474,0.2600727526277055,0.25352148349112813
Lithuanian,0.2037956073965715,0.20738600839606802,0.21113199449295464,0.2079089500437036,0.194854437828496,0.19539165115544105,0.20804758880178434,0.19307914252647446,0.20314607520480568,0.21283239420482594,0.2117587954309955,0.21884560944957449,0.2092068600845292,0.20253010262417173,0.21496766792534927,0.20306215384562828,0.20987392907773728,0.21170589983164576,0.1998405766643079,0.20999963081357845,0.21270515718589575,0.18113943432189772,0,0.19417845496171443,0.20867224899726372,0.20725037815136815,0.20634970879221975,0.2058231566799168,0.20871860744283102,0.20903673678760357,0.2127555396371985,0.20857249132275674,0.19549431122021474,0.18944686620847467,0.19964466714082296,0.20156697544583654,0.20119382559656207,0.20797730960067662,0.20600014330540434,0.19253547594933895,0.21106439936729354,0.21839053392847718
Macedonian,0.2561473702661133,0.24918699189347468,0.2341502389930563,0.2519793805944303,0.16255283383555777,0.18866073630858138,0.2569867159576485,0.19126430837827446,0.22113596003094546,0.2688668555466135,0.26066445541130995,0.2760697386942197,0.26241905430856943,0.24814661569650562,0.27367754867938665,0.2664575209004688,0.25976831803118844,0.2547383962560195,0.25416280870274593,0.2640327309975573,0.2362741149741005,0.23741295939063492,0.19417845496171443,0,0.2584153803453022,0.23476724202087543,0.2663655865426014,0.2546781150904523,0.23990828109110102,0.20604169416216733,0.2564284685512967,0.25399269040490796,0.19977561738914854,0.1652578930951618,0.22556043320764915,0.21647466697453022,0.21508275871628618,0.2504056297438976,0.25730111690301766,0.19665753389627463,0.2538421131335122,0.241213875898877
Marathi,0.28623976831575504,0.2658526805477937,0.2403403766848145,0.23413291923156454,0.2404734720059518,0.270214310088769,0.2818495870033226,0.2643821471784395,0.26824113716181247,0.2947810857569566,0.27736534734782586,0.2821548152781368,0.2813710612452299,0.2782937846846216,0.2875963319349183,0.2868981049410333,0.20035129925185763,0.21990842550203288,0.2752124369203655,0.2854685613417719,0.24622538189724488,0.2602564843978888,0.20867224899726372,0.2584153803453022,0,0.21036721364463967,0.2973063435626159,0.269299787157917,0.25314702885188667,0.24600089663905436,0.27156436624790586,0.27820722578378804,0.25893827534706254,0.2616978811717284,0.2307345738854957,0.27786032916872655,0.2751297778055343,0.26558780408955246,0.28015962246559906,0.25470545417304774,0.23903413700148865,0.236903815539257
Nepali,0.24318622800582343,0.23800306200183585,0.23457384345417454,0.1989243082281557,0.23149790062476597,0.23743439849635223,0.24474699768868183,0.23740594727559397,0.24049330347596656,0.2438943856869248,0.2499434765195377,0.25223939325819233,0.24017098513332016,0.23505978473004474,0.2539448055892464,0.2465037087535105,0.20608077504332953,0.2006343395697656,0.24980356128468897,0.2362831074813305,0.2317813920299701,0.25340644962141234,0.20725037815136815,0.23476724202087543,0.21036721364463967,0,0.25167010664443534,0.23023374751686002,0.23157331076171625,0.23751029083000683,0.24405893457873645,0.24744031186243035,0.24046096979137482,0.24076942154974706,0.2109225992829705,0.2413325388419571,0.23887219031811896,0.23641636374915767,0.2486951147256859,0.23435504889121536,0.2084570876074966,0.22895177368723685
Norwegian,0.25232426903259714,0.281854899007387,0.24076713241211692,0.29210670166545527,0.23708313429971772,0.2844498408179162,0.30107139957968904,0.2757717790949061,0.2717954314807591,0.2509946511685581,0.25375009662750175,0.26162591680739355,0.2994626951779805,0.288404088837568,0.27078389828268234,0.30663169852131555,0.29012527210194056,0.2892654959751225,0.23613840616494877,0.3056618622785372,0.2530532138637604,0.25538455392594517,0.20634970879221975,0.2663655865426014,0.2973063435626159,0.25167010664443534,0,0.29650440505037595,0.25832786662921386,0.2445842422118071,0.27901769926934844,0.287236632860908,0.26205685935397016,0.2653093002783253,0.24705233106215635,0.28547307397974064,0.28213843117855836,0.27895563815403535,0.20729371967780527,0.2569675345373355,0.28169070477924346,0.24329319049859657
Pashto,0.27650060248244535,0.2623351987612878,0.2327925510996806,0.2682961459545339,0.23405452314392627,0.26867963500208886,0.28497466654015374,0.2596254037637349,0.2648691332413215,0.2880429050593147,0.27565457859313597,0.2828885239961919,0.27843437991609366,0.27781331117041524,0.28646457090652033,0.283815562233198,0.2707930351555644,0.26454014837360074,0.27325553783030976,0.2782095312396251,0.24791528536568933,0.2585038236087288,0.2058231566799168,0.2546781150904523,0.269299787157917,0.23023374751686002,0.29650440505037595,0,0.22484861039114956,0.24808856105848426,0.26956870739371425,0.2731269338449425,0.2548217652909969,0.2569235667345826,0.22706252159181625,0.2780138171013465,0.26901597823885465,0.26738752044301056,0.2796270000237048,0.24930405468865918,0.25222899196150095,0.23518928317100132
Persian,0.24685326830010912,0.2456714523760847,0.22582543990195092,0.251191806045773,0.22841396025028093,0.24975338867744787,0.25718456069319096,0.2439873933358748,0.25198594310463734,0.25249117905158336,0.2511958137103968,0.25815017948342595,0.25360672136468143,0.24741134254493266,0.25750340418338286,0.2588199633965517,0.2537978879813767,0.2529111343287453,0.24331634592483975,0.24900599342743543,0.2466695924137133,0.24962593042556971,0.20871860744283102,0.23990828109110102,0.25314702885188667,0.23157331076171625,0.25832786662921386,0.22484861039114956,0,0.2438157758681383,0.25340711122881593,0.2509968845864584,0.24474877530226996,0.24116788694153143,0.22916729116169407,0.2519580196937224,0.2468633600326559,0.2509950060850434,0.24890675994315614,0.23713850122826727,0.23676286411023503,0.23490206255039453
Polish,0.24368041870948928,0.24282822529603076,0.2390161355718909,0.2408814787973901,0.1920105664116368,0.20867091192401763,0.24320288029366832,0.2002931016452114,0.20422590619283862,0.24634548943583828,0.24961064321742044,0.2541734706024817,0.24601182830054918,0.24179171414306372,0.25588091397043455,0.2482867700606017,0.2493623923404759,0.2522614837113376,0.24360796286455563,0.24726873804428617,0.23584298140779378,0.23364713023587408,0.20903673678760357,0.20604169416216733,0.24600089663905436,0.23751029083000683,0.2445842422118071,0.24808856105848426,0.2438157758681383,0,0.24389279721490909,0.23975906894122698,0.20055513106879885,0.1983400715329372,0.23046007764520038,0.18372032272379404,0.20930346627439206,0.24151858440175838,0.2419998869624591,0.19167933304620083,0.24907614282390966,0.23827706603069393
Portuguese,0.27192880374370637,0.2583463860885333,0.23851939143477863,0.26893890513414864,0.23847281116100258,0.2633889385904631,0.22330429671320437,0.26093577265716744,0.2662336953748039,0.27586670064419366,0.2705019079794901,0.26730273845008257,0.2517391702581631,0.2048993032235918,0.28481060435781924,0.2777565153603848,0.27803413043344594,0.27522093191127445,0.2694729258028841,0.26808111692983316,0.21536802310123698,0.25410101690720455,0.2127555396371985,0.2564284685512967,0.27156436624790586,0.24405893457873645,0.27901769926934844,0.26956870739371425,0.25340711122881593,0.24389279721490909,0,0.24817399616115865,0.2526090777998249,0.25789482876299114,0.2399411145794671,0.267381792466433,0.2621017498527209,0.21019911683072792,0.267219258508296,0.251334813539413,0.2679039732162426,0.23416195721375596
Romanian,0.27747165229910903,0.26572342181825237,0.23790146654368927,0.27450783857233035,0.23363470101027958,0.2609197570456328,0.2471636802075255,0.2474379080888789,0.2644004452124933,0.28061915886941136,0.2805030632229666,0.28280081219247466,0.2559263586691969,0.2476412407991262,0.2743573464072147,0.2639531529109907,0.2794740374689039,0.27210822204285745,0.26660541522140885,0.2774267816359,0.2074206570657778,0.2645777427880109,0.20857249132275674,0.25399269040490796,0.27820722578378804,0.24744031186243035,0.287236632860908,0.2731269338449425,0.2509968845864584,0.23975906894122698,0.24817399616115865,0,0.2519301066188118,0.25242906887750227,0.2442112979325854,0.26509429668636014,0.26187836255099983,0.24361062904125466,0.27494929004130325,0.24475685569602007,0.2776510507622281,0.23601526466586434
Russian,0.2515354731053871,0.24911261841686383,0.2344344554514026,0.25449643194095506,0.18353271222556256,0.21570190761525235,0.2569089099223501,0.20783521427561907,0.21685641649126988,0.2624187181433886,0.2613866422409958,0.2703469154945585,0.26039631108766864,0.2509617547424046,0.2707768728692791,0.2620680909826707,0.2657811548500814,0.2614490581302933,0.24842367793727077,0.2636210777526195,0.2379060254216041,0.23055434792882523,0.19549431122021474,0.19977561738914854,0.25893827534706254,0.24046096979137482,0.26205685935397016,0.2548217652909969,0.24474877530226996,0.20055513106879885,0.2526090777998249,0.2519301066188118,0,0.193270751962309,0.2263067219728444,0.2047658593651037,0.21836374675316866,0.2529156564244839,0.25638412256467485,0.1787933024060052,0.25993541726269564,0.24144596755258418
Serbian,0.252300915166282,0.2503324635483865,0.23526476822933218,0.25498473985916725,0.1256876876752237,0.20174516082044364,0.258144998115955,0.15952764820453239,0.2102906965769004,0.2669813523656531,0.2613008182413153,0.2734193309880567,0.26189620636529753,0.24922860792268495,0.272122069232434,0.26797364935221596,0.2644387642815365,0.26570441836709,0.25073819500976513,0.2698490059740284,0.23523136443083043,0.23339718234199675,0.18944686620847467,0.1652578930951618,0.2616978811717284,0.24076942154974706,0.2653093002783253,0.2569235667345826,0.24116788694153143,0.1983400715329372,0.25789482876299114,0.25242906887750227,0.193270751962309,0,0.23064355854054247,0.20517253799652527,0.19848013094393602,0.25171571411051,0.2585779460547585,0.18757511471566776,0.2606900969498501,0.24004622351420002
Sinhala,0.23977620480939804,0.22765304732213879,0.2237766919202133,0.23027640694422918,0.2191765861104008,0.23207633620225318,0.24076338707663647,0.230407379440543,0.23294673491041668,0.24438731034898079,0.24485107385069005,0.25671867527464337,0.24293490412167423,0.2302737658912636,0.25529949546663544,0.24912886163203468,0.23996449205220852,0.23584323497605822,0.23563479518206212,0.2378365307719661,0.23117353328459345,0.2410022380516572,0.19964466714082296,0.22556043320764915,0.2307345738854957,0.2109225992829705,0.24705233106215635,0.22706252159181625,0.22916729116169407,0.23046007764520038,0.2399411145794671,0.2442112979325854,0.2263067219728444,0.23064355854054247,0,0.23707310566110873,0.23699520265072305,0.2352120395548909,0.24251030625403666,0.22526185954553601,0.2329461074698557,0.22414133850772827
Slovak,0.2731769413132138,0.2672658511202612,0.23432080331631377,0.2703906377130361,0.18870177188674875,0.22632596210576583,0.2718985985104132,0.20890545918106332,0.18968804480641396,0.2809125212499554,0.27698049613616876,0.2764175920686846,0.28016601553715026,0.2707352570550672,0.28543795238806347,0.2831754374378954,0.2788980316288814,0.27563552606498415,0.26748684135741274,0.2818565582783409,0.23880014897715143,0.2452697875293983,0.20156697544583654,0.21647466697453022,0.27786032916872655,0.2413325388419571,0.28547307397974064,0.2780138171013465,0.2519580196937224,0.18372032272379404,0.267381792466433,0.26509429668636014,0.2047658593651037,0.20517253799652527,0.23707310566110873,0,0.22486422920062415,0.26118460312601627,0.2722193780065524,0.2029900736054763,0.27083756047127056,0.2361360232550145
Slovenian,0.2687746072723701,0.2623594448818436,0.23985452067564522,0.26487580547181144,0.18784404454371098,0.22007776072597787,0.2683927276086262,0.2003072047373563,0.22395033707199824,0.27645058153664287,0.2690105688638345,0.2802846096730523,0.2675930022550252,0.26252940782025125,0.27133843867015134,0.27364250628767683,0.2704700402592248,0.2706031216598731,0.2615991662781329,0.2745118363640353,0.23548415051439017,0.2486213281776703,0.20119382559656207,0.21508275871628618,0.2751297778055343,0.23887219031811896,0.28213843117855836,0.26901597823885465,0.2468633600326559,0.20930346627439206,0.2621017498527209,0.26187836255099983,0.21836374675316866,0.19848013094393602,0.23699520265072305,0.22486422920062415,0,0.25526072614932116,0.2706805009488234,0.21316703824840288,0.2692120137785537,0.23560095246302307
Spanish,0.2753808645777929,0.26392864965613455,0.23921929418327986,0.2658437312490926,0.2332375634078519,0.24731799093150375,0.20531300227171162,0.24592032671399192,0.25719169689768306,0.27387273839693715,0.2703830883667915,0.2727233807005345,0.24706837401102485,0.18307187182026605,0.2707212307370149,0.2631636462191031,0.2681120921601453,0.2615153118776527,0.26772938729110934,0.26419127337373394,0.19615993071694124,0.2655377879613139,0.20797730960067662,0.2504056297438976,0.26558780408955246,0.23641636374915767,0.27895563815403535,0.26738752044301056,0.2509950060850434,0.24151858440175838,0.21019911683072792,0.24361062904125466,0.2529156564244839,0.25171571411051,0.2352120395548909,0.26118460312601627,0.25526072614932116,0,0.26765805115100033,0.24405533421038267,0.2679579309146321,0.22800925509599665
Swedish,0.2449267430523526,0.27479222654921925,0.23822256087940483,0.278127612624284,0.2363906492198293,0.2671292335480164,0.27850883855645386,0.2620090778704415,0.2641783727619631,0.23393300221859795,0.24116207706133272,0.2543369108644656,0.27978924223719936,0.2704388963553486,0.24265030446162628,0.2853522095156497,0.2775883053655427,0.2741166747628615,0.2280543513902405,0.276647680376997,0.24310460418361743,0.25535233963624115,0.20600014330540434,0.25730111690301766,0.28015962246559906,0.2486951147256859,0.20729371967780527,0.2796270000237048,0.24890675994315614,0.2419998869624591,0.267219258508296,0.27494929004130325,0.25638412256467485,0.2585779460547585,0.24251030625403666,0.2722193780065524,0.2706805009488234,0.26765805115100033,0,0.2520599448123132,0.27157171450151896,0.23587534900256524
Ukrainian,0.24682901793858317,0.24431621350715801,0.23414044273297072,0.2476231829568242,0.18056094855809365,0.2112354584586924,0.2509328626514044,0.19913367701748325,0.20886465264375068,0.2562982639987195,0.25870356926736576,0.26861176991727875,0.25014596509475345,0.24619034223844172,0.2628882080854899,0.2531369216394658,0.2568456302378565,0.2544171155927425,0.24447383404382952,0.2551457253990792,0.23096667600705179,0.23565942442371474,0.19253547594933895,0.19665753389627463,0.25470545417304774,0.23435504889121536,0.2569675345373355,0.24930405468865918,0.23713850122826727,0.19167933304620083,0.251334813539413,0.24475685569602007,0.1787933024060052,0.18757511471566776,0.22526185954553601,0.2029900736054763,0.21316703824840288,0.24405533421038267,0.2520599448123132,0,0.2543021273162961,0.23299705754337738
Urdu,0.27625784355775446,0.2619072730679121,0.24378655647459732,0.23298317739853538,0.24161376117724065,0.2638761042005739,0.28132490641130903,0.2659040653533006,0.261876382492082,0.28212008164963315,0.27244561549712215,0.2800156333943628,0.27549690249698766,0.2712943937040824,0.2827866260962247,0.28280436411323656,0.2339884603394,0.1924767863155927,0.27122495687887305,0.2766978551244038,0.25374012421566133,0.2600727526277055,0.21106439936729354,0.2538421131335122,0.23903413700148865,0.2084570876074966,0.28169070477924346,0.25222899196150095,0.23676286411023503,0.24907614282390966,0.2679039732162426,0.2776510507622281,0.25993541726269564,0.2606900969498501,0.2329461074698557,0.27083756047127056,0.2692120137785537,0.2679579309146321,0.27157171450151896,0.2543021273162961,0,0.24172141068156
Welsh,0.23647284103268182,0.2377348557792062,0.22917453053040399,0.24111890967173716,0.23666500897092704,0.2285374398829236,0.2315123338219857,0.22876034445084675,0.23801087643860916,0.2304471662031122,0.23980883323137936,0.23580558423566564,0.23214111701831694,0.22716104273673557,0.2362175039732007,0.23447426650413347,0.24321978221882398,0.2437056437190255,0.2399769543855616,0.21669057249486354,0.22334721132562058,0.25352148349112813,0.21839053392847718,0.241213875898877,0.236903815539257,0.22895177368723685,0.24329319049859657,0.23518928317100132,0.23490206255039453,0.23827706603069393,0.23416195721375596,0.23601526466586434,0.24144596755258418,0.24004622351420002,0.22414133850772827,0.2361360232550145,0.23560095246302307,0.22800925509599665,0.23587534900256524,0.23299705754337738,0.24172141068156,0
