,Afrikaans,Albanian,Armenian,Bengali,Bosnian,Bulgarian,Catalan,Croatian,Czech,Danish,Dutch,English,French,Galician,German,Greek,Gujarati,Hindi,Icelandic,Irish,Italian,Latvian,Lithuanian,Macedonian,Marathi,Nepali,Norwegian,Pashto,Persian,Polish,Portuguese,Romanian,Russian,Serbian,Sinhala,Slovak,Slovenian,Spanish,Swedish,Ukrainian,Urdu,Welsh
Afrikaans,0,0.05938169381621961,0.05096677790839191,0.06539482603618813,0.05440075853966187,0.0637574905605887,0.06697526343778265,0.061922143881141464,0.06213785197121581,0.06378542159923974,0.04760458583078007,0.057798987801057605,0.06484688943778673,0.06175683916443215,0.058983904329810266,0.06504547561424462,0.06662900500645244,0.06529447593555164,0.05556554430583687,0.06741507698324345,0.05611415354173791,0.05794015012230099,0.04709472004678388,0.06006962475980739,0.06725913846067831,0.0561546998552681,0.06141693663904789,0.06177575505641137,0.055635978513028934,0.057259891316739045,0.06196118516454403,0.06165108186988125,0.0588466619061155,0.05963465044087466,0.05484189776380108,0.0639266311234583,0.06371609461384263,0.06351535317786758,0.05800000386063275,0.05796069193555303,0.06293727208101099,0.05275522261756355
Albanian,0.05938169381621961,0,0.050428419097461985,0.061956180532358664,0.05527543993488853,0.06305363455729278,0.06457754221417339,0.061078242224443476,0.06223940545685224,0.06309539027230353,0.05984723004183522,0.06375991019855853,0.06152132506588787,0.057180538548422796,0.06144783438462881,0.06207492642969599,0.06419199543100816,0.06312588578901045,0.05797914709522824,0.06191537171468209,0.05647146421938574,0.058641254694403365,0.047325791519473255,0.059146640649807576,0.06326627935763758,0.05397594344460271,0.06355400637142494,0.05772859947872282,0.054790500727053555,0.056669075027035894,0.059327300627541615,0.0598342149625859,0.05889137684895569,0.0597088015670861,0.04943930493006583,0.06201426525280398,0.062464889748950474,0.06217273517203367,0.060764478893443934,0.05817392408092649,0.0599434144183707,0.0535790895671994
Armenian,0.05096677790839191,0.050428419097461985,0,0.05342163514996872,0.052236307166746224,0.05358079824735983,0.05423520529273567,0.05295367297799287,0.0538478570108569,0.05420795826951232,0.05343742953461826,0.054894033064134554,0.05251997551355059,0.05039662596845052,0.054112989316639167,0.05280727425567728,0.05559117275962639,0.054834625512875546,0.050106433128932676,0.05305184968185018,0.053293343614396554,0.0539521105835021,0.04777812702506656,0.0521801770975624,0.05343235012676962,0.05130563755986284,0.05191858791981259,0.04991087200553042,0.05050738688556223,0.05375780435681844,0.053206258376854915,0.05264732849262491,0.052700129503424724,0.052603369025826394,0.048475685288237404,0.05324541981019457,0.054563944661606044,0.05472987720673802,0.051771349543639406,0.05233555427188962,0.05241444776474047,0.05113941458364687
Bengali,0.06539482603618813,0.061956180532358664,0.05342163514996872,0,0.05714971236548292,0.06372791630958763,0.06574476358430892,0.06305962183005205,0.061680940909036246,0.06900919961862778,0.0641464442375337,0.06440316435101844,0.06479796206840911,0.06288080811801264,0.06450380836637845,0.06357648395042129,0.0593623101820553,0.05739618307414393,0.061924369326608,0.06696925922794537,0.056704592079944785,0.06133959010636746,0.048975969960387396,0.061140793562681824,0.05964549687052022,0.05058545388659565,0.06733264135667033,0.06364192126683316,0.05831114881657439,0.05758481542163599,0.06221420213859986,0.06173049203862996,0.06054080144311695,0.061252224281155655,0.056511182862663795,0.063713250804984,0.06549594064520402,0.06220110775685845,0.06367168968191879,0.059001280960019616,0.05583694641073412,0.05418609330725134
Bosnian,0.05440075853966187,0.05527543993488853,0.052236307166746224,0.05714971236548292,0,0.04827691278285535,0.05841616794008781,0.04010562630863737,0.05000129122745067,0.05669287021535264,0.056298810406472576,0.058408867547265,0.05552637723206191,0.05403736397044566,0.0576876816641346,0.05693138343833771,0.05914207834612287,0.0578891395034924,0.05429124628144702,0.05772332929241955,0.05354985122486166,0.05469538223301036,0.04665351488128127,0.04223272279118465,0.057841298559612765,0.05420352968700219,0.056154044053681094,0.05470978363147329,0.05487139574847148,0.04750252724732678,0.05563062377417356,0.05528802996257359,0.04536933491433244,0.03364055985056125,0.05343568374725843,0.047427840178577554,0.04817197891095906,0.056438124420595676,0.05609976430874995,0.04543906696588547,0.05568887627613262,0.053769555651940394
Bulgarian,0.0637574905605887,0.06305363455729278,0.05358079824735983,0.06372791630958763,0.04827691278285535,0,0.06457522036782543,0.04961496007836523,0.05569955359199938,0.06682141079872983,0.06333358380708383,0.06270005173576522,0.0636408287856377,0.06155210352279523,0.0650971870430869,0.062247691894620885,0.06514170694176687,0.06416642748694061,0.060986834834301645,0.06640923266726648,0.05419351766655318,0.06032655954692817,0.04782784372756485,0.04764804893149645,0.06538563077948326,0.05861082344097627,0.06586990476201783,0.0628205116613039,0.05928019187133799,0.052168976338959165,0.0622058859065647,0.06134584236949351,0.05281509184749042,0.05046786881783284,0.057712262376035044,0.056521665710009474,0.055412704010399154,0.06157204583218931,0.06269147703238853,0.05272250182245839,0.061601434717636606,0.052420960295291384
Catalan,0.06697526343778265,0.06457754221417339,0.05423520529273567,0.06574476358430892,0.05841616794008781,0.06457522036782543,0,0.06343433533700417,0.06405803468369622,0.0708412061698706,0.0649270082562909,0.06380219360941439,0.06238900510625302,0.05715122155004855,0.06588180548941892,0.06484240871178035,0.06723677188917587,0.06567063113313068,0.06259774161502647,0.06913923511466459,0.05001841820468602,0.062396081672370846,0.04945349160584159,0.06214789296702693,0.06742749961336235,0.060403151361513176,0.06736088530779509,0.06731579372897027,0.059800898972478575,0.05952388633825983,0.05590003163538327,0.059256718138371564,0.06222785340273816,0.06294493169607242,0.05980723577496229,0.06640948792358034,0.06661746490278338,0.054143919077304474,0.06462378449676787,0.0608079740079261,0.06407720288986553,0.05461429757060927
Croatian,0.061922143881141464,0.061078242224443476,0.05295367297799287,0.06305962183005205,0.04010562630863737,0.04961496007836523,0.06343433533700417,0,0.05279128122525948,0.06408062776057691,0.06196429739421101,0.06219885010429723,0.06161910458190598,0.060363956347006156,0.063672093711309,0.06222597543345249,0.06493704805885415,0.06407670471982764,0.059702472942258625,0.06484494601173257,0.05454339279479488,0.061033299219906884,0.047359477367872306,0.04776573926565418,0.06366755832717935,0.05748126710958832,0.06425516659926087,0.06055482959485044,0.057817717378442796,0.05124673603288789,0.061753420753758635,0.05966112333814016,0.051715362202690594,0.040616901075919656,0.05646482108255152,0.05178677460147137,0.04985392813139102,0.06072290396533525,0.06160539227430108,0.04946362769573996,0.06095760259187273,0.05292986255044636
Czech,0.06213785197121581,0.06223940545685224,0.0538478570108569,0.061680940909036246,0.05000129122745067,0.05569955359199938,0.06405803468369622,0.05279128122525948,0,0.06350565986699247,0.06151058440226936,0.061515506889413346,0.06247157900569999,0.061544553355433136,0.06501026022144414,0.06290343557196676,0.06505252488711187,0.06419821657473374,0.06024258352565584,0.06498515599770133,0.0565881313582913,0.05937466627425465,0.049705264041943045,0.05447480730520993,0.06423607270824959,0.057093239388125286,0.06416606566086569,0.06086201857909162,0.058174325764846616,0.051405212314271136,0.06162161809420294,0.06079531970449672,0.053638268083680246,0.05206372035328492,0.05689422486961517,0.04894110276097171,0.05513318952597883,0.06099035956201001,0.06189373943432989,0.051723049235300946,0.06043543709787052,0.05336112929090476
Danish,0.06378542159923974,0.06309539027230353,0.05420795826951232,0.06900919961862778,0.05669287021535264,0.06682141079872983,0.0708412061698706,0.06408062776057691,0.06350565986699247,0,0.06065212162196496,0.06246515609343016,0.0672295244217283,0.06585412690388175,0.06204420283156935,0.06727306992263606,0.06959392591881844,0.06712637982698966,0.056911134402384246,0.07109657935353443,0.05561876396649055,0.06210755917568813,0.05010163737511602,0.06277022967216589,0.07045116128299467,0.05751880833121011,0.061894367173741784,0.06630270501149294,0.05904065615406918,0.058520998140560596,0.06515288517155977,0.06416474081072106,0.06125331068386024,0.06333653991993073,0.05665523169794291,0.06716649953212839,0.06700269984784554,0.06561080412591659,0.058407248318749536,0.060102507462575686,0.06536314801421791,0.052790968379880364
Dutch,0.04760458583078007,0.05984723004183522,0.05343742953461826,0.0641464442375337,0.056298810406472576,0.06333358380708383,0.0649270082562909,0.06196429739421101,0.06151058440226936,0.06065212162196496,0,0.05792161994010646,0.0633163473234485,0.061436324114372214,0.055521761303851586,0.06295059179881288,0.06532211807182221,0.06453558480313712,0.0572050691332256,0.06478652184153709,0.056209053104213307,0.060063264305840414,0.049141260339621386,0.060063870998337224,0.06544418422303133,0.058073785233520026,0.05949951071887249,0.06267782328849983,0.05721165934818816,0.05809250432442633,0.06038812841421523,0.061976971856266896,0.0601472228706223,0.06032779057705838,0.056862865082273804,0.06316344834987705,0.0622124414704102,0.061315338180733446,0.05803100439839696,0.0590757362903438,0.06197150178283879,0.05394335617441634
English,0.057798987801057605,0.06375991019855853,0.054894033064134554,0.06440316435101844,0.058408867547265,0.06270005173576522,0.06380219360941439,0.06219885010429723,0.061515506889413346,0.06246515609343016,0.05792161994010646,0,0.06294177442192887,0.06217213009587683,0.0599917776918537,0.06434373363644245,0.06467450449287833,0.06374846351173241,0.058831672920297194,0.06378094499652785,0.055865650265474326,0.061787644368251265,0.049880310275813425,0.061477549814388674,0.06424242768214605,0.058880882564134776,0.06107893864057203,0.06353931256848351,0.05911336592442358,0.05860697116953358,0.061224561804521495,0.06213730617614814,0.06064867263247434,0.061003014663241,0.05905802834410842,0.06351186363291343,0.06440365469861907,0.0633125281088521,0.06106655467452041,0.06051889236653066,0.06292548686716279,0.05365231222559705
French,0.06484688943778673,0.06152132506588787,0.05251997551355059,0.06479796206840911,0.05552637723206191,0.0636408287856377,0.06238900510625302,0.06161910458190598,0.06247157900569999,0.0672295244217283,0.0633163473234485,0.06294177442192887,0,0.061056405422939254,0.06505985557581527,0.06426288414607939,0.06664772211554898,0.06586566333895547,0.0607468297368821,0.06846563874743741,0.05166861297946315,0.06038394168144511,0.04845215055824747,0.060435093399961136,0.06629176845741672,0.057002009515994295,0.06719675194268318,0.06312929082580539,0.05806484078537089,0.057477154973918455,0.06045976877738654,0.05913860056445721,0.05995211873645015,0.06080193258013728,0.05542829486761316,0.06593132974455415,0.06343963419665731,0.0602248975374043,0.06351918416883898,0.05803193781475213,0.06286784020835756,0.05175885430575601
Galician,0.06175683916443215,0.057180538548422796,0.05039662596845052,0.06288080811801264,0.05403736397044566,0.06155210352279523,0.05715122155004855,0.060363956347006156,0.061544553355433136,0.06585412690388175,0.061436324114372214,0.06217213009587683,0.061056405422939254,0,0.0635974545309039,0.06168009166608932,0.06478730564278204,0.06323119478373984,0.056709261459381655,0.06482196860074291,0.048846808779005726,0.058578137348484445,0.04748891266019733,0.05881017576825471,0.06490600928007574,0.055358147303698126,0.06567095953176993,0.06139225855055831,0.0552919704827634,0.05706909400328455,0.05016245137618962,0.05701216668603276,0.058465077558673785,0.059143881446369756,0.05254878933741325,0.06367337459786493,0.0630996257602129,0.047226956646159515,0.06091664341859879,0.057245457076261844,0.06115571871506506,0.05121683138043306
German,0.058983904329810266,0.06144783438462881,0.054112989316639167,0.06450380836637845,0.0576876816641346,0.0650971870430869,0.06588180548941892,0.063672093711309,0.06501026022144414,0.06204420283156935,0.055521761303851586,0.0599917776918537,0.06505985557581527,0.0635974545309039,0,0.06454942245141727,0.06613564020328308,0.06498463563891552,0.05938027039519067,0.06599634178027111,0.05742447235790659,0.06115337920999688,0.04912678778203423,0.0622279626575425,0.06621761616950517,0.05761351841212606,0.06260253028190693,0.06351979973022731,0.058929047714873,0.05936670797937863,0.06355377930166484,0.06208673664382917,0.06190122976489048,0.06209425424601858,0.057661111657743166,0.0652195534106379,0.06363976799998348,0.0635130185768173,0.05960003030553369,0.06091706483601155,0.06292850144154594,0.05473741095066453
Greek,0.06504547561424462,0.06207492642969599,0.05280727425567728,0.06357648395042129,0.05693138343833771,0.062247691894620885,0.06484240871178035,0.06222597543345249,0.06290343557196676,0.06727306992263606,0.06295059179881288,0.06434373363644245,0.06426288414607939,0.06168009166608932,0.06454942245141727,0,0.06524361819375964,0.06320812763808145,0.0614046516127633,0.06611197070921597,0.05603167091401348,0.060109361828467475,0.04858172703806145,0.06123884834007299,0.06458740387031983,0.056951550355555866,0.06592575860712621,0.06271228405140311,0.058251181017847764,0.05839126294049556,0.06160763990675815,0.06136900035866621,0.061031383116972864,0.061277909018431595,0.056545655190923964,0.06493782177393825,0.0640586033127641,0.060104586914139835,0.06359391010221326,0.059507310355246215,0.061265262829532666,0.05314281431857378
Gujarati,0.06662900500645244,0.06419199543100816,0.05559117275962639,0.0593623101820553,0.05914207834612287,0.06514170694176687,0.06723677188917587,0.06493704805885415,0.06505252488711187,0.06959392591881844,0.06532211807182221,0.06467450449287833,0.06664772211554898,0.06478730564278204,0.06613564020328308,0.06524361819375964,0,0.05172849871824429,0.06366185817228422,0.06836713336998376,0.05819906691961802,0.06361450233207021,0.050333165817413705,0.06321605822177725,0.05133667339006881,0.05455508930383151,0.06831942470199917,0.0642723275507782,0.06038133416055334,0.05968842867901607,0.06434823501905203,0.0639953757887487,0.06286751785521551,0.06349228900006212,0.058656685687786876,0.0666433927749806,0.06671130157059672,0.06410257132798103,0.06588323670293987,0.061256640190696876,0.05736365444957812,0.05618635474335716
Hindi,0.06529447593555164,0.06312588578901045,0.054834625512875546,0.05739618307414393,0.0578891395034924,0.06416642748694061,0.06567063113313068,0.06407670471982764,0.06419821657473374,0.06712637982698966,0.06453558480313712,0.06374846351173241,0.06586566333895547,0.06323119478373984,0.06498463563891552,0.06320812763808145,0.05172849871824429,0,0.061613565580451196,0.06667259575428247,0.05738518482538093,0.0631686163938132,0.04991254001370759,0.06180277916496396,0.05402022762369494,0.05247157986117036,0.06648129717246284,0.06273203660362289,0.059717751748276225,0.059462282984603605,0.06405530806640364,0.06085218496525331,0.061766956114423836,0.06273868723171169,0.05776707479148255,0.06510586851242503,0.06526815349746107,0.0627657796792132,0.06358404136346764,0.060913040755015475,0.04851603367848116,0.05513432721821535
Icelandic,0.05556554430583687,0.05797914709522824,0.050106433128932676,0.061924369326608,0.05429124628144702,0.060986834834301645,0.06259774161502647,0.059702472942258625,0.06024258352565584,0.056911134402384246,0.0572050691332256,0.058831672920297194,0.0607468297368821,0.056709261459381655,0.05938027039519067,0.0614046516127633,0.06366185817228422,0.061613565580451196,0,0.06242242937809794,0.05571929640309006,0.05810747918723457,0.04697576738102875,0.058227608117534566,0.06267688517778292,0.05615322536208522,0.055151706988605526,0.05890712362584003,0.054302775344159615,0.05697913200711574,0.0601531862061311,0.059174183708393384,0.05752056789610684,0.05814344483315549,0.05248791669959607,0.06156038414056084,0.060855149918855794,0.06058763942321382,0.0531965313803387,0.0566423824077953,0.05962986936799195,0.05263217257230296
Irish,0.06741507698324345,0.06191537171468209,0.05305184968185018,0.06696925922794537,0.05772332929241955,0.06640923266726648,0.06913923511466459,0.06484494601173257,0.06498515599770133,0.07109657935353443,0.06478652184153709,0.06378094499652785,0.06846563874743741,0.06482196860074291,0.06599634178027111,0.06611197070921597,0.06836713336998376,0.06667259575428247,0.06242242937809794,0,0.057342014068515,0.06107848282738862,0.04884391846668347,0.06245540809864792,0.06839367910051514,0.057739176418180736,0.07143379260973975,0.06544402755283688,0.057947524726821985,0.058877426928568,0.06313460278364344,0.06395904101715165,0.0624801642992972,0.06344482663463033,0.05632562210520708,0.06737710369805175,0.06658579127092264,0.06302404759297918,0.06482350114916409,0.06120272681363935,0.06404788910174855,0.051715573853610086
Italian,0.05611415354173791,0.05647146421938574,0.053293343614396554,0.056704592079944785,0.05354985122486166,0.05419351766655318,0.05001841820468602,0.05454339279479488,0.0565881313582913,0.05561876396649055,0.056209053104213307,0.055865650265474326,0.05166861297946315,0.048846808779005726,0.05742447235790659,0.05603167091401348,0.05819906691961802,0.05738518482538093,0.05571929640309006,0.057342014068515,0,0.05867712528133576,0.0505561368928108,0.05421434150999602,0.05681092924877224,0.05458939945287968,0.05589698451762127,0.05561433589048863,0.05612089948207877,0.055803532680617746,0.05112042348130505,0.049417214871601174,0.05524268410940709,0.054685357828434554,0.05447542321602843,0.056682833425232865,0.056621599104193725,0.04932551544709328,0.05632454728565501,0.05410277034040433,0.05535423727934756,0.05015174133904243
Latvian,0.05794015012230099,0.058641254694403365,0.0539521105835021,0.06133959010636746,0.05469538223301036,0.06032655954692817,0.062396081672370846,0.061033299219906884,0.05937466627425465,0.06210755917568813,0.060063264305840414,0.061787644368251265,0.06038394168144511,0.058578137348484445,0.06115337920999688,0.060109361828467475,0.06361450233207021,0.0631686163938132,0.05810747918723457,0.06107848282738862,0.05867712528133576,0,0.042984608343130566,0.05769923746419818,0.0628733229749265,0.057440493333406194,0.06051079565795265,0.05927222337093105,0.05750369860979678,0.05555495232648043,0.060248024084403745,0.06002970645961878,0.05635318907524526,0.05725019821044574,0.05573356139835162,0.05866519574701081,0.0601362973295486,0.06289763185765031,0.060305434412587726,0.0574601466808952,0.06067843127830628,0.0570327595622457
Lithuanian,0.04709472004678388,0.047325791519473255,0.04777812702506656,0.048975969960387396,0.04665351488128127,0.04782784372756485,0.04945349160584159,0.047359477367872306,0.049705264041943045,0.05010163737511602,0.049141260339621386,0.049880310275813425,0.04845215055824747,0.04748891266019733,0.04912678778203423,0.04858172703806145,0.050333165817413705,0.04991254001370759,0.04697576738102875,0.04884391846668347,0.0505561368928108,0.042984608343130566,0,0.046916414152243686,0.04965023567609179,0.04753671503347489,0.047608921570244656,0.047376331733599945,0.04897647804630072,0.04876619898081408,0.04899253077725989,0.048614403559258224,0.04706167998335174,0.04572721206191424,0.04692215838410945,0.04792937713561844,0.04815482000173777,0.05018610171906865,0.047928183478637816,0.046731275120037184,0.048115313572072764,0.050311514968776776
Macedonian,0.06006962475980739,0.059146640649807576,0.0521801770975624,0.061140793562681824,0.04223272279118465,0.04764804893149645,0.06214789296702693,0.04776573926565418,0.05447480730520993,0.06277022967216589,0.060063870998337224,0.061477549814388674,0.060435093399961136,0.05881017576825471,0.0622279626575425,0.06123884834007299,0.06321605822177725,0.06180277916496396,0.058227608117534566,0.06245540809864792,0.05421434150999602,0.05769923746419818,0.046916414152243686,0,0.062869306580434,0.055920263526744306,0.06234593082207108,0.059567672405432315,0.057212946917255085,0.05085258770016439,0.05950548362341446,0.059211694354287456,0.04888363762117139,0.04170292866602144,0.05477349114337727,0.052893585760612136,0.05357000031592792,0.059448248380538235,0.059770914354316154,0.04816710930381624,0.05954389733911333,0.052786036523997604
Marathi,0.06725913846067831,0.06326627935763758,0.05343235012676962,0.05964549687052022,0.057841298559612765,0.06538563077948326,0.06742749961336235,0.06366755832717935,0.06423607270824959,0.07045116128299467,0.06544418422303133,0.06424242768214605,0.06629176845741672,0.06490600928007574,0.06621761616950517,0.06458740387031983,0.05133667339006881,0.05402022762369494,0.06267688517778292,0.06839367910051514,0.05681092924877224,0.0628733229749265,0.04965023567609179,0.062869306580434,0,0.054528505339699364,0.06942848393666762,0.06459935239293857,0.059110382806402836,0.05906850441074008,0.06400726054701396,0.06364855964131017,0.06180248847928473,0.06287741028768266,0.05735767294211383,0.06636915164063746,0.06680328412158022,0.0633703791192707,0.06589002490942293,0.06066328742773528,0.05831951694685075,0.05421028915099629
Nepali,0.0561546998552681,0.05397594344460271,0.05130563755986284,0.05058545388659565,0.05420352968700219,0.05861082344097627,0.060403151361513176,0.05748126710958832,0.057093239388125286,0.05751880833121011,0.058073785233520026,0.058880882564134776,0.057002009515994295,0.055358147303698126,0.05761351841212606,0.056951550355555866,0.05455508930383151,0.05247157986117036,0.05615322536208522,0.057739176418180736,0.05458939945287968,0.057440493333406194,0.04753671503347489,0.055920263526744306,0.054528505339699364,0,0.058181923185537956,0.05354862981474182,0.0546659377236335,0.05461575935112011,0.05677271757065266,0.05599466941752807,0.05622617180118141,0.05653732984678598,0.04966819663972394,0.056872506057646294,0.05879621236067209,0.05867960478859876,0.05702554810046955,0.05580823135321848,0.050257659642070934,0.052221051261060795
Norwegian,0.06141693663904789,0.06355400637142494,0.05191858791981259,0.06733264135667033,0.056154044053681094,0.06586990476201783,0.06736088530779509,0.06425516659926087,0.06416606566086569,0.061894367173741784,0.05949951071887249,0.06107893864057203,0.06719675194268318,0.06567095953176993,0.06260253028190693,0.06592575860712621,0.06831942470199917,0.06648129717246284,0.055151706988605526,0.07143379260973975,0.05589698451762127,0.06051079565795265,0.047608921570244656,0.06234593082207108,0.06942848393666762,0.058181923185537956,0,0.06695791962909316,0.05852292528231639,0.05749391284162468,0.06420543697730646,0.06341667725819482,0.06116860629976756,0.06235406982065816,0.05752283280214778,0.06617440631736497,0.06655821612624663,0.06343709202146276,0.05069666506770898,0.060801688882319134,0.06391870204676814,0.05384858343323547
Pashto,0.06177575505641137,0.05772859947872282,0.04991087200553042,0.06364192126683316,0.05470978363147329,0.0628205116613039,0.06731579372897027,0.06055482959485044,0.06086201857909162,0.06630270501149294,0.06267782328849983,0.06353931256848351,0.06312929082580539,0.06139225855055831,0.06351979973022731,0.06271228405140311,0.0642723275507782,0.06273203660362289,0.05890712362584003,0.06544402755283688,0.05561433589048863,0.05927222337093105,0.047376331733599945,0.059567672405432315,0.06459935239293857,0.05354862981474182,0.06695791962909316,0,0.05244552028597489,0.05677327918199084,0.06207293478386283,0.06025664570451584,0.058353615314771796,0.06014651570237455,0.05211615250235508,0.06332314040891371,0.06256694724792862,0.06277280293961096,0.06159194452913484,0.05746393372742666,0.05965561942521574,0.05194832861433423
Persian,0.055635978513028934,0.054790500727053555,0.05050738688556223,0.05831114881657439,0.05487139574847148,0.05928019187133799,0.059800898972478575,0.057817717378442796,0.058174325764846616,0.05904065615406918,0.05721165934818816,0.05911336592442358,0.05806484078537089,0.0552919704827634,0.058929047714873,0.058251181017847764,0.06038133416055334,0.059717751748276225,0.054302775344159615,0.057947524726821985,0.05612089948207877,0.05750369860979678,0.04897647804630072,0.057212946917255085,0.059110382806402836,0.0546659377236335,0.05852292528231639,0.05244552028597489,0,0.05706840578726518,0.05715465751808044,0.05737985008708212,0.05641285123312145,0.05703003538966569,0.05357899680042642,0.0581120573647623,0.058447513081955255,0.058423949922083364,0.05715663600638571,0.05545581987164791,0.05520826322809685,0.05321594661902263
Polish,0.057259891316739045,0.056669075027035894,0.05375780435681844,0.05758481542163599,0.04750252724732678,0.052168976338959165,0.05952388633825983,0.05124673603288789,0.051405212314271136,0.058520998140560596,0.05809250432442633,0.05860697116953358,0.057477154973918455,0.05706909400328455,0.05936670797937863,0.05839126294049556,0.05968842867901607,0.059462282984603605,0.05697913200711574,0.058877426928568,0.055803532680617746,0.05555495232648043,0.04876619898081408,0.05085258770016439,0.05906850441074008,0.05461575935112011,0.05749391284162468,0.05677327918199084,0.05706840578726518,0,0.056833324733971104,0.05720470999842295,0.04968477112885836,0.04875273100446355,0.05469170598201025,0.046418350668774054,0.052201894256842775,0.057985855508636754,0.05708821175838681,0.048456076044692514,0.057144934272277806,0.054585677949291714
Portuguese,0.06196118516454403,0.059327300627541615,0.053206258376854915,0.06221420213859986,0.05563062377417356,0.0622058859065647,0.05590003163538327,0.061753420753758635,0.06162161809420294,0.06515288517155977,0.06038812841421523,0.061224561804521495,0.06045976877738654,0.05016245137618962,0.06355377930166484,0.06160763990675815,0.06434823501905203,0.06405530806640364,0.0601531862061311,0.06313460278364344,0.05112042348130505,0.060248024084403745,0.04899253077725989,0.05950548362341446,0.06400726054701396,0.05677271757065266,0.06420543697730646,0.06207293478386283,0.05715465751808044,0.056833324733971104,0,0.05830888647312854,0.05943226685591737,0.06001439547758228,0.05651510898065555,0.062365892165833374,0.06198429107987445,0.049178771168945444,0.06231633837242408,0.058009483704646696,0.06044281275994767,0.053147354856173515
Romanian,0.06165108186988125,0.0598342149625859,0.05264732849262491,0.06173049203862996,0.05528802996257359,0.06134584236949351,0.059256718138371564,0.05966112333814016,0.06079531970449672,0.06416474081072106,0.061976971856266896,0.06213730617614814,0.05913860056445721,0.05701216668603276,0.06208673664382917,0.06136900035866621,0.0639953757887487,0.06085218496525331,0.059174183708393384,0.06395904101715165,0.049417214871601174,0.06002970645961878,0.048614403559258224,0.059211694354287456,0.06364855964131017,0.05599466941752807,0.06341667725819482,0.06025664570451584,0.05737985008708212,0.05720470999842295,0.05830888647312854,0,0.05873956900859489,0.05933368705913203,0.055472809155009156,0.06224127643406321,0.06216631843844181,0.05842620227758549,0.06156914609853125,0.05833101663770665,0.06044630998981186,0.052821329176278776
Russian,0.0588466619061155,0.05889137684895569,0.052700129503424724,0.06054080144311695,0.04536933491433244,0.05281509184749042,0.06222785340273816,0.051715362202690594,0.053638268083680246,0.06125331068386024,0.0601472228706223,0.06064867263247434,0.05995211873645015,0.058465077558673785,0.06190122976489048,0.061031383116972864,0.06286751785521551,0.061766956114423836,0.05752056789610684,0.0624801642992972,0.05524268410940709,0.05635318907524526,0.04706167998335174,0.04888363762117139,0.06180248847928473,0.05622617180118141,0.06116860629976756,0.058353615314771796,0.05641285123312145,0.04968477112885836,0.05943226685591737,0.05873956900859489,0,0.047686972032623155,0.0541789382693187,0.052000854764034765,0.054479270617794666,0.06064681002070389,0.059482652138531905,0.04479188761582623,0.05990816193742527,0.053901998674168526
Serbian,0.05963465044087466,0.0597088015670861,0.052603369025826394,0.061252224281155655,0.03364055985056125,0.05046786881783284,0.06294493169607242,0.040616901075919656,0.05206372035328492,0.06333653991993073,0.06032779057705838,0.061003014663241,0.06080193258013728,0.059143881446369756,0.06209425424601858,0.061277909018431595,0.06349228900006212,0.06273868723171169,0.05814344483315549,0.06344482663463033,0.054685357828434554,0.05725019821044574,0.04572721206191424,0.04170292866602144,0.06287741028768266,0.05653732984678598,0.06235406982065816,0.06014651570237455,0.05703003538966569,0.04875273100446355,0.06001439547758228,0.05933368705913203,0.047686972032623155,0,0.056028851478567746,0.05034915264020599,0.050127865449391365,0.06002978270917178,0.06009362874859351,0.04665570259718818,0.060066333636150944,0.05321625078105043
Sinhala,0.05484189776380108,0.04943930493006583,0.048475685288237404,0.056511182862663795,0.05343568374725843,0.057712262376035044,0.05980723577496229,0.05646482108255152,0.05689422486961517,0.05665523169794291,0.056862865082273804,0.05905802834410842,0.05542829486761316,0.05254878933741325,0.057661111657743166,0.056545655190923964,0.058656685687786876,0.05776707479148255,0.05248791669959607,0.05632562210520708,0.05447542321602843,0.05573356139835162,0.04692215838410945,0.05477349114337727,0.05735767294211383,0.04966819663972394,0.05752283280214778,0.05211615250235508,0.05357899680042642,0.05469170598201025,0.05651510898065555,0.055472809155009156,0.0541789382693187,0.056028851478567746,0,0.057209715137010606,0.05805819210881978,0.05677486662626755,0.05535244829444945,0.0539978004715077,0.055530947079581484,0.051076493758994215
Slovak,0.0639266311234583,0.06201426525280398,0.05324541981019457,0.063713250804984,0.047427840178577554,0.056521665710009474,0.06640948792358034,0.05178677460147137,0.04894110276097171,0.06716649953212839,0.06316344834987705,0.06351186363291343,0.06593132974455415,0.06367337459786493,0.0652195534106379,0.06493782177393825,0.0666433927749806,0.06510586851242503,0.06156038414056084,0.06737710369805175,0.056682833425232865,0.05866519574701081,0.04792937713561844,0.052893585760612136,0.06636915164063746,0.056872506057646294,0.06617440631736497,0.06332314040891371,0.0581120573647623,0.046418350668774054,0.062365892165833374,0.06224127643406321,0.052000854764034765,0.05034915264020599,0.057209715137010606,0,0.0553067550298194,0.06286866823692222,0.06361235162894535,0.050810714075787695,0.0620027178052998,0.05380322077582271
Slovenian,0.06371609461384263,0.062464889748950474,0.054563944661606044,0.06549594064520402,0.04817197891095906,0.055412704010399154,0.06661746490278338,0.04985392813139102,0.05513318952597883,0.06700269984784554,0.0622124414704102,0.06440365469861907,0.06343963419665731,0.0630996257602129,0.06363976799998348,0.0640586033127641,0.06671130157059672,0.06526815349746107,0.060855149918855794,0.06658579127092264,0.056621599104193725,0.0601362973295486,0.04815482000173777,0.05357000031592792,0.06680328412158022,0.05879621236067209,0.06655821612624663,0.06256694724792862,0.058447513081955255,0.052201894256842775,0.06198429107987445,0.06216631843844181,0.054479270617794666,0.050127865449391365,0.05805819210881978,0.0553067550298194,0,0.0626432043983541,0.06383313320149418,0.05407019724746227,0.06331875477697119,0.05438544909800868
Spanish,0.06351535317786758,0.06217273517203367,0.05472987720673802,0.06220110775685845,0.056438124420595676,0.06157204583218931,0.054143919077304474,0.06072290396533525,0.06099035956201001,0.06561080412591659,0.061315338180733446,0.0633125281088521,0.0602248975374043,0.047226956646159515,0.0635130185768173,0.060104586914139835,0.06410257132798103,0.0627657796792132,0.06058763942321382,0.06302404759297918,0.04932551544709328,0.06289763185765031,0.05018610171906865,0.059448248380538235,0.0633703791192707,0.05867960478859876,0.06343709202146276,0.06277280293961096,0.058423949922083364,0.057985855508636754,0.049178771168945444,0.05842620227758549,0.06064681002070389,0.06002978270917178,0.05677486662626755,0.06286866823692222,0.0626432043983541,0,0.06314085127685148,0.058424009697943154,0.060695028593638144,0.053307319536527786
Swedish,0.05800000386063275,0.060764478893443934,0.051771349543639406,0.06367168968191879,0.05609976430874995,0.06269147703238853,0.06462378449676787,0.06160539227430108,0.06189373943432989,0.058407248318749536,0.05803100439839696,0.06106655467452041,0.06351918416883898,0.06091664341859879,0.05960003030553369,0.06359391010221326,0.06588323670293987,0.06358404136346764,0.0531965313803387,0.06482350114916409,0.05632454728565501,0.060305434412587726,0.047928183478637816,0.059770914354316154,0.06589002490942293,0.05702554810046955,0.05069666506770898,0.06159194452913484,0.05715663600638571,0.05708821175838681,0.06231633837242408,0.06156914609853125,0.059482652138531905,0.06009362874859351,0.05535244829444945,0.06361235162894535,0.06383313320149418,0.06314085127685148,0,0.05934405323030262,0.06150134166586374,0.05379518212792688
Ukrainian,0.05796069193555303,0.05817392408092649,0.05233555427188962,0.059001280960019616,0.04543906696588547,0.05272250182245839,0.0608079740079261,0.04946362769573996,0.051723049235300946,0.060102507462575686,0.0590757362903438,0.06051889236653066,0.05803193781475213,0.057245457076261844,0.06091706483601155,0.059507310355246215,0.061256640190696876,0.060913040755015475,0.0566423824077953,0.06120272681363935,0.05410277034040433,0.0574601466808952,0.046731275120037184,0.04816710930381624,0.06066328742773528,0.05580823135321848,0.060801688882319134,0.05746393372742666,0.05545581987164791,0.048456076044692514,0.058009483704646696,0.05833101663770665,0.04479188761582623,0.04665570259718818,0.0539978004715077,0.050810714075787695,0.05407019724746227,0.058424009697943154,0.05934405323030262,0,0.058436197361717034,0.05272959859179605
Urdu,0.06293727208101099,0.0599434144183707,0.05241444776474047,0.05583694641073412,0.05568887627613262,0.061601434717636606,0.06407720288986553,0.06095760259187273,0.06043543709787052,0.06536314801421791,0.06197150178283879,0.06292548686716279,0.06286784020835756,0.06115571871506506,0.06292850144154594,0.061265262829532666,0.05736365444957812,0.04851603367848116,0.05962986936799195,0.06404788910174855,0.05535423727934756,0.06067843127830628,0.048115313572072764,0.05954389733911333,0.05831951694685075,0.050257659642070934,0.06391870204676814,0.05965561942521574,0.05520826322809685,0.057144934272277806,0.06044281275994767,0.06044630998981186,0.05990816193742527,0.060066333636150944,0.055530947079581484,0.0620027178052998,0.06331875477697119,0.060695028593638144,0.06150134166586374,0.058436197361717034,0,0.05271363377871692
Welsh,0.05275522261756355,0.0535790895671994,0.05113941458364687,0.05418609330725134,0.053769555651940394,0.052420960295291384,0.05461429757060927,0.05292986255044636,0.05336112929090476,0.052790968379880364,0.05394335617441634,0.05365231222559705,0.05175885430575601,0.05121683138043306,0.05473741095066453,0.05314281431857378,0.05618635474335716,0.05513432721821535,0.05263217257230296,0.051715573853610086,0.05015174133904243,0.0570327595622457,0.050311514968776776,0.052786036523997604,0.05421028915099629,0.052221051261060795,0.05384858343323547,0.05194832861433423,0.05321594661902263,0.054585677949291714,0.053147354856173515,0.052821329176278776,0.053901998674168526,0.05321625078105043,0.051076493758994215,0.05380322077582271,0.05438544909800868,0.053307319536527786,0.05379518212792688,0.05272959859179605,0.05271363377871692,0
