,Afrikaans,Albanian,Armenian,Bengali,Bosnian,Bulgarian,Catalan,Croatian,Czech,Danish,Dutch,English,French,Galician,German,Greek,Gujarati,Hindi,Icelandic,Irish,Italian,Latvian,Lithuanian,Macedonian,Marathi,Nepali,Norwegian,Pashto,Persian,Polish,Portuguese,Romanian,Russian,Serbian,Sinhala,Slovak,Slovenian,Spanish,Swedish,Ukrainian,Urdu,Welsh
Afrikaans,0,42.193120581848184,46.44807443998971,42.46098982531309,45.27352186666672,42.1485718056802,41.579388327037485,42.7008698305808,43.25860779780253,39.124511946843256,35.32865688060292,41.098955179474224,40.850912340569835,40.874570860137744,40.444773217349805,42.78851393806225,42.4795386253463,43.14895403496227,40.58942050539818,39.6788832411654,46.48339627391627,44.62186314048973,50.99278683722861,43.066570294510804,41.86710101929559,44.7713343073315,39.1220738950224,40.79491552331809,45.07626798052289,46.34214598062421,42.06432177860001,43.03627089639107,43.68943706452541,42.77137288553418,44.55676590642836,42.125850572204996,42.65429020477846,43.23234048328324,40.7687780017648,44.0076076769049,42.56818727146421,46.70138859168097
Albanian,42.193120581848184,0,47.48513936930873,44.280730420203774,46.297270035577746,43.4988364222285,43.2023119486084,43.9826952759014,45.07502701112456,42.51255320819386,44.13149122007408,44.57290154826789,42.37646259886634,42.292363292087934,44.17499209505834,44.207029624807724,44.762680396581615,45.06852640245273,44.136221870222606,41.839490324215234,47.18732270890945,46.1015679140493,52.275834143593,44.054103603493765,43.59647796585245,46.050240734385035,42.589269170555795,42.95241270286477,46.56795701299828,47.67315087443585,43.62086808320493,44.49269504231504,44.93353467214293,44.110779556780244,45.141182535579574,43.67627664188543,44.187300405466736,44.11201832677387,44.20622008224207,45.15303897019177,44.08148788395697,47.87735785602918
Armenian,46.44807443998971,47.48513936930873,0,48.17813357387981,50.03393148437994,48.14543113452938,47.44347780293581,48.15124291871656,48.85432999829826,46.784936217406454,47.845577239975,48.367359589441485,47.159447844649684,46.7629134208092,48.17377855943021,48.36887478253848,48.74250268947628,48.96060839286686,47.34160220427262,46.37151921542029,51.20406043683048,49.14476273618266,54.07294067245205,48.26986125255251,48.09364699744695,50.05549308786688,46.85988007058436,46.8291000681965,49.077683151062544,50.838136399664094,47.601347070329425,48.699079062227746,48.96739567204394,48.24236465332948,48.9953257284707,48.07080361979733,48.71698595077259,48.59330712170986,47.88677603833728,49.04874438498923,48.01067519548396,51.01255412894246
Bengali,42.46098982531309,44.280730420203774,48.17813357387981,0,47.14154403689699,43.76245518631605,43.02397765869354,44.59810895954993,45.03733406553243,42.45121900060098,43.93931803298858,44.47111855219048,42.47935225398961,42.583692991939664,43.99057646780824,43.71994833495472,41.47627983022852,41.65619975294076,44.15278036322868,41.97148137806483,47.43517993574782,46.506927909901094,52.24881151728908,44.77222893146066,41.2781706148215,42.98735737304503,42.30194239802479,42.75614221662559,46.44483898605127,47.493473483533066,43.47072795671102,44.62461094827207,45.541660323782224,44.7755825104,45.43153337805976,44.0830993451134,44.19747326367731,44.21848655008775,43.82025801629699,45.8409537723531,40.849768427312775,48.37523097140449
Bosnian,45.27352186666672,46.297270035577746,50.03393148437994,47.14154403689699,0,42.59268491170381,46.3053089098737,38.253444778575094,44.60583270417491,45.51851057912415,46.73439400625317,47.55869216547788,45.51740464572813,45.55084919494511,46.641261805630684,47.31019730749119,47.51878905654317,47.91799446376087,46.63289744146371,45.65310967983571,48.88574700700137,47.47658001119914,52.613076725070705,40.237710773676525,46.72204194854042,48.912261540440525,45.31192857965223,46.31036272006384,49.087848234537326,46.64554078916555,46.25062921709849,47.15878863382771,42.803945382701244,35.34483160375677,48.329001505997276,42.77884604534552,43.267906118441985,46.962832021016,46.69967257495986,42.62676728641417,47.136557033865515,50.259236914467536
Bulgarian,42.1485718056802,43.4988364222285,48.14543113452938,43.76245518631605,42.59268491170381,0,42.80585027887104,39.1678948706557,41.96672776845111,41.87217072802913,43.78274397024765,44.07616659122278,42.40961185263741,41.898237424234466,43.77018519963335,43.8313606040103,43.87836000271726,44.35122171143072,43.87678819690501,41.83630944257237,46.329788414167616,45.782847318306715,51.31067842045446,39.32447012465909,43.072609488714825,45.920421020430645,41.86666648653416,42.8681636763182,46.26367469042525,45.13737904788657,43.262641013348166,44.066221347634944,42.51332627950605,40.325762988345886,45.342044989169544,40.63344200414836,41.39143956558547,43.543143306622675,43.554253957776986,42.7979298373494,43.72728160688321,47.706087884530156
Catalan,41.579388327037485,43.2023119486084,47.44347780293581,43.02397765869354,46.3053089098737,42.80585027887104,0,43.57843213825228,44.295192926378064,40.98625038037012,42.9456572010832,43.34574162171692,40.54551091213342,38.79107844981474,43.02784136322753,42.67456810146609,43.36193708543746,43.58916348472608,43.34644394544169,40.91895663290996,44.357335768510225,45.24981398955701,51.42179043469782,43.757692786342766,42.49365683488619,45.824236629640026,40.58164766059766,42.30874407602673,46.12243632783236,46.98266546531488,40.08322907356863,42.038132824983684,44.73804665657047,43.78394820810844,45.393438964286986,42.825196081763075,42.885059863610465,40.28105437697675,42.34375419506024,44.90625235106801,43.08045693066346,47.967033273935
Croatian,42.7008698305808,43.9826952759014,48.15124291871656,44.59810895954993,38.253444778575094,39.1678948706557,43.57843213825228,0,42.16004634991094,42.65395239771546,44.337716607635556,44.58689068861332,42.758915131257886,42.81399394485271,44.13780114431681,44.5794144149862,44.39195998888979,45.177778692446275,44.50358157828908,42.42366528157611,46.72122757342309,46.02350669731849,51.260421525828896,39.960873372400506,43.421077235072396,46.448530449979856,42.555934533221404,43.3108399599569,46.89900005327345,44.6608591371531,43.98212827082838,44.71017038738494,42.20856516395833,36.14141127622059,46.142469439027394,40.10054764103843,39.65357343457387,44.49950814853574,44.365705337711745,41.93328169969731,44.55986700627008,48.373060971965764
Czech,43.25860779780253,45.07502701112456,48.85432999829826,45.03733406553243,44.60583270417491,41.96672776845111,44.295192926378064,42.16004634991094,0,42.920419588620064,44.95316960474257,45.36710875997385,43.468058541203206,43.06359220531117,44.59528077940715,45.32564956252599,45.38944762029721,45.8564949593843,44.84264950561487,42.97524518903107,47.6450986868289,46.51833314630748,52.62124965326227,43.35295100775121,44.742030488875976,46.69356433045994,43.06079737210674,44.06057755739459,47.131086304924445,44.74135732243897,44.54345441243319,45.05182077719884,43.158973517460645,42.44243232799164,46.5511801508337,38.315022293135215,43.15816432727419,45.03520769854034,44.91015941899743,43.3948182895509,45.16566898825002,48.65471778466519
Danish,39.124511946843256,42.51255320819386,46.784936217406454,42.45121900060098,45.51851057912415,41.87217072802913,40.98625038037012,42.65395239771546,42.920419588620064,0,40.90621543853227,41.224776708737956,40.293571394872075,40.36199194939198,40.49230691325021,42.431014494220825,42.32543319093248,43.04127455191889,40.79316009127447,39.271189295938555,45.71607413688701,45.1057855153243,51.2671138260543,42.89757256126506,41.423912029156675,44.525338487288636,36.963038330734065,40.91193553255488,45.09201824374567,46.34846188941224,41.84322103829585,42.68349725865146,43.80436362431388,42.888790989961294,44.42283117753969,41.68268709503662,42.05991985012468,42.509844301178894,39.97385848311488,43.83253309693474,42.104596145111586,46.54502948253011
Dutch,35.32865688060292,44.13149122007408,47.845577239975,43.93931803298858,46.73439400625317,43.78274397024765,42.9456572010832,44.337716607635556,44.95316960474257,40.90621543853227,0,42.61572947207375,42.64765362426185,42.884191091481895,40.65769403146102,44.280946411392684,43.83418402969559,44.16933862283082,42.71158698450017,41.584939834538,47.39133005177157,46.08779370408223,51.73941259132617,44.70818016762494,43.2521496136606,46.37550596251454,40.50822725814525,42.90221778518133,46.35346428121489,47.39321907265157,43.726826565610665,44.31831582296211,45.471775760999655,44.60652292740433,46.42675440185732,43.979583268782044,44.16603242513243,44.71638301828007,41.785297781649724,45.6355916131718,44.18420167864068,48.121598472913
English,41.098955179474224,44.57290154826789,48.367359589441485,44.47111855219048,47.55869216547788,44.07616659122278,43.34574162171692,44.58689068861332,45.36710875997385,41.224776708737956,42.61572947207375,0,43.12963101241095,43.273030998999346,43.03230551769297,44.97632659064783,44.27539222586494,45.55933118094216,44.382517254883375,41.43078380679412,47.871444822605724,46.18145618625485,52.65416375272794,45.39561712135601,43.49565539207569,46.51419097564253,41.38759393589217,43.43836523869312,47.291521738009116,48.314490979104555,44.08981256304979,45.10891958138733,45.891839337629946,44.85753065382588,46.913784807801264,43.71584870542669,44.45256512918294,44.81137235900872,43.52348141790655,45.84310284283157,44.52385103269565,47.97713820880777
French,40.850912340569835,42.37646259886634,47.159447844649684,42.47935225398961,45.51740464572813,42.40961185263741,40.54551091213342,42.758915131257886,43.468058541203206,40.293571394872075,42.64765362426185,43.12963101241095,0,40.17944245880761,42.416872396545706,42.88071083919498,42.60531801611451,43.21891438535609,43.19593067501456,39.985343197582154,44.82210738210044,45.117698129098486,51.07387296043306,43.43319580028125,41.614037342548045,45.063692779340755,40.51184113909564,41.56005718413921,45.55072121227759,46.45266791860991,41.547849451192135,42.835656723251994,44.01510530831278,43.09562968987267,45.16664374051952,42.082764132480754,42.449741726745756,41.98536810710918,42.58438281436655,44.16650652609677,42.74048123974794,47.114412086946324
Galician,40.874570860137744,42.292363292087934,46.7629134208092,42.583692991939664,45.55084919494511,41.898237424234466,38.79107844981474,42.81399394485271,43.06359220531117,40.36199194939198,42.884191091481895,43.273030998999346,40.17944245880761,0,42.78514778413513,42.768050119490034,43.295452978294136,43.59109456984433,42.43477149832334,40.02221523701817,42.70778945839537,45.0977017645657,51.38869207528662,43.10504163054639,42.269779651797535,44.862047891148336,40.595664470984396,41.44258909860439,45.1008038076461,46.636917159374555,37.56258812796299,42.230772209084996,44.00535926909877,43.04254176693909,44.19056413540801,42.00133283395195,42.58120380675236,35.4860582106446,42.37497895398382,44.124359858635486,42.79318556013191,46.592478670224516
German,40.444773217349805,44.17499209505834,48.17377855943021,43.99057646780824,46.641261805630684,43.77018519963335,43.02784136322753,44.13780114431681,44.59528077940715,40.49230691325021,40.65769403146102,43.03230551769297,42.416872396545706,42.78514778413513,0,44.199517432415306,43.974544334518136,44.70230279150181,43.21208106804614,41.7604171133753,46.91999285320862,45.92043780240179,51.97767270385138,44.9090674443786,43.36970691997113,46.30507490519705,41.28188511942095,43.19009430869275,46.41742509020009,47.33079967812152,44.15251980141411,44.54105282047574,45.37646925803898,44.409963027601115,46.5264847098746,43.30182945672299,44.24296598615975,44.69207100309156,42.12048796518231,45.36238573746642,44.3394051963948,48.19137938323825
Greek,42.78851393806225,44.207029624807724,48.36887478253848,43.71994833495472,47.31019730749119,43.8313606040103,42.67456810146609,44.5794144149862,45.32564956252599,42.431014494220825,44.280946411392684,44.97632659064783,42.88071083919498,42.768050119490034,44.199517432415306,0,43.84732984326643,44.331590569375365,44.25406442652364,42.14312864104066,47.195594677066836,46.43861538920521,52.01122866024435,44.99313899242229,43.40418494122654,46.04408370197871,42.385930669411835,43.07747508734712,47.11250235690355,47.90380134039949,43.970081567327725,44.65486131798801,45.7368883123281,44.9219813654271,45.677758561270686,43.895489382838726,44.14729214923225,44.2207532805387,43.70572795856831,45.67216864911488,43.79838817391655,48.470400156879585
Gujarati,42.4795386253463,44.762680396581615,48.74250268947628,41.47627983022852,47.51878905654317,43.87836000271726,43.36193708543746,44.39195998888979,45.38944762029721,42.32543319093248,43.83418402969559,44.27539222586494,42.60531801611451,43.295452978294136,43.974544334518136,43.84732984326643,0,39.037397865558205,44.71503560798981,42.128854797701294,47.71511541042905,46.772858372311205,52.36855315825396,45.42680016797785,36.75957642777589,44.02431582176825,42.63141419932917,42.85794937545875,47.049049921970955,48.19120864775075,44.379269247048164,45.014615103949595,46.15238669291363,44.970078227408955,46.55074859030166,44.194082129466324,44.22379425149341,44.82094142897383,44.10629073953787,46.14736633155666,41.47957353192398,48.60925227212239
Hindi,43.14895403496227,45.06852640245273,48.96060839286686,41.65619975294076,47.91799446376087,44.35122171143072,43.58916348472608,45.177778692446275,45.8564949593843,43.04127455191889,44.16933862283082,45.55933118094216,43.21891438535609,43.59109456984433,44.70230279150181,44.331590569375365,39.037397865558205,0,44.75386637687967,42.68656661006197,48.20754821112494,47.124133557469996,52.74172170260658,45.538868058508996,39.678223533171625,44.183875158078784,42.8335767861736,43.1589323362786,46.80314068472543,48.437442108531016,44.41443334475671,45.09296739728828,46.60908199437868,45.730567912537275,46.09413703552565,44.636217490740165,44.761676953886,44.9885674194825,44.06333421656534,46.80723004075653,38.92344123695476,49.26116631810608
Icelandic,40.58942050539818,44.136221870222606,47.34160220427262,44.15278036322868,46.63289744146371,43.87678819690501,43.34644394544169,44.50358157828908,44.84264950561487,40.79316009127447,42.71158698450017,44.382517254883375,43.19593067501456,42.43477149832334,43.21208106804614,44.25406442652364,44.71503560798981,44.75386637687967,0,42.105276403939044,47.68540998087494,46.01998534296959,51.69025421091815,44.48741863924619,43.90385974216638,46.58873758010625,40.27339633621874,43.28743177065513,46.1191205094456,47.72328284553712,43.68598854273477,44.77661332672766,45.12768812764812,44.53610245265651,45.32938516782675,43.9400653534358,44.848687552352715,44.71538108781489,41.38697494376052,45.38080671047337,44.08465195235085,47.890742553369414
Irish,39.6788832411654,41.839490324215234,46.37151921542029,41.97148137806483,45.65310967983571,41.83630944257237,40.91895663290996,42.42366528157611,42.97524518903107,39.271189295938555,41.584939834538,41.43078380679412,39.985343197582154,40.02221523701817,41.7604171133753,42.14312864104066,42.128854797701294,42.68656661006197,42.105276403939044,0,46.12203074867945,44.66251123181864,51.00411080707456,42.62169488618764,41.01684373740985,44.26744418297411,39.28894019731593,40.18321260675043,44.99100461638171,46.13541336782407,41.39171553283288,42.67274984387745,43.69574991551519,42.91657365157444,44.0249484018636,41.48241883065122,41.8878286886562,42.178519980573654,41.490268627356336,44.05170010240683,42.01386487551262,45.67845473964536
Italian,46.48339627391627,47.18732270890945,51.20406043683048,47.43517993574782,48.88574700700137,46.329788414167616,44.357335768510225,46.72122757342309,47.6450986868289,45.71607413688701,47.39133005177157,47.871444822605724,44.82210738210044,42.70778945839537,46.91999285320862,47.195594677066836,47.71511541042905,48.20754821112494,47.68540998087494,46.12203074867945,0,49.51813600798963,54.19108161982276,47.35633543105207,47.0334127586347,48.64678869510744,46.0772885260175,46.888193211301186,49.770985297791064,49.71303502278324,44.435934244830705,45.94067219684351,48.19970561375622,47.08178274876136,49.06718622042749,46.66423544445469,47.19879350609636,43.95732019899944,46.950415783517705,47.81116918257637,47.63037750548762,49.79815649274578
Latvian,44.62186314048973,46.1015679140493,49.14476273618266,46.506927909901094,47.47658001119914,45.782847318306715,45.24981398955701,46.02350669731849,46.51833314630748,45.1057855153243,46.08779370408223,46.18145618625485,45.117698129098486,45.0977017645657,45.92043780240179,46.43861538920521,46.772858372311205,47.124133557469996,46.01998534296959,44.66251123181864,49.51813600798963,0,49.712024539877724,45.927503356123765,46.01362166836672,48.753056225625166,44.38322055064446,45.90258932492532,48.532770347912205,48.2265818558741,45.65901132313897,46.97674753443093,46.080629780862374,45.59421041506891,47.901300488495885,45.23170775645228,45.7962236456885,46.75568739545687,46.17012419600525,46.67908197156862,46.217115587853,49.837542387546414
Lithuanian,50.99278683722861,52.275834143593,54.07294067245205,52.24881151728908,52.613076725070705,51.31067842045446,51.42179043469782,51.260421525828896,52.62124965326227,51.2671138260543,51.73941259132617,52.65416375272794,51.07387296043306,51.38869207528662,51.97767270385138,52.01122866024435,52.36855315825396,52.74172170260658,51.69025421091815,51.00411080707456,54.19108161982276,49.712024539877724,0,51.62703766955781,52.20912002563077,53.65851177423826,50.81997564554034,51.89619194224024,53.6766607714394,53.313202345161805,51.96145867399065,52.22668187584758,51.9266689478305,51.34787481725551,53.28538297547474,51.828310126290766,51.75885939615741,52.096845608427685,51.64173296854392,52.00633781451071,52.21563308779879,54.907834177092845
Macedonian,43.066570294510804,44.054103603493765,48.26986125255251,44.77222893146066,40.237710773676525,39.32447012465909,43.757692786342766,39.960873372400506,43.35295100775121,42.89757256126506,44.70818016762494,45.39561712135601,43.43319580028125,43.10504163054639,44.9090674443786,44.99313899242229,45.42680016797785,45.538868058508996,44.48741863924619,42.62169488618764,47.35633543105207,45.927503356123765,51.62703766955781,0,44.3629412813778,46.90646900671822,42.74195895607614,43.69848878456934,47.07455334324841,45.72886978989485,44.1258159813133,44.962626910831275,41.352092419217435,37.18260494129393,45.93515576281392,41.292019736740706,42.04682265552633,44.446491698053386,44.432852533177865,41.6208878835072,44.4108698534673,48.64830635704526
Marathi,41.86710101929559,43.59647796585245,48.09364699744695,41.2781706148215,46.72204194854042,43.072609488714825,42.49365683488619,43.421077235072396,44.742030488875976,41.423912029156675,43.2521496136606,43.49565539207569,41.614037342548045,42.269779651797535,43.36970691997113,43.40418494122654,36.75957642777589,39.678223533171625,43.90385974216638,41.01684373740985,47.0334127586347,46.01362166836672,52.20912002563077,44.3629412813778,0,44.009690676125565,41.58598870580537,42.018795732801046,46.44216947007106,47.45761010651631,43.44621317207213,43.86421015874474,45.247164979048755,44.05082027136563,45.807039096429854,43.106614076853994,43.24178078612517,43.85538998942734,43.62372796249815,45.20292660017187,41.5137975972877,48.07877730438295
Nepali,44.7713343073315,46.050240734385035,50.05549308786688,42.98735737304503,48.912261540440525,45.920421020430645,45.824236629640026,46.448530449979856,46.69356433045994,44.525338487288636,46.37550596251454,46.51419097564253,45.063692779340755,44.862047891148336,46.30507490519705,46.04408370197871,44.02431582176825,44.183875158078784,46.58873758010625,44.26744418297411,48.64678869510744,48.753056225625166,53.65851177423826,46.90646900671822,44.009690676125565,0,45.18007145594664,44.61150610693727,48.189637029377515,49.80785096545065,45.930889740631685,46.79749499217209,47.82772021463254,46.96498997553938,46.98096498670271,46.25108475689651,46.447409230654834,46.28961439981287,46.2504843249786,47.82411895265064,43.301595575736826,49.41793899229476
Norwegian,39.1220738950224,42.589269170555795,46.85988007058436,42.30194239802479,45.31192857965223,41.86666648653416,40.58164766059766,42.555934533221404,43.06079737210674,36.963038330734065,40.50822725814525,41.38759393589217,40.51184113909564,40.595664470984396,41.28188511942095,42.385930669411835,42.63141419932917,42.8335767861736,40.27339633621874,39.28894019731593,46.0772885260175,44.38322055064446,50.81997564554034,42.74195895607614,41.58598870580537,45.18007145594664,0,41.065783470334424,45.25870043714412,45.96798404331634,42.0427612636399,42.79927746963342,43.65833307475638,42.71706613169082,44.23983237176859,41.572415132789885,41.464865856460094,42.37961605764901,37.37463347555547,43.69610433405299,42.00756446050311,47.01373266914158
Pashto,40.79491552331809,42.95241270286477,46.8291000681965,42.75614221662559,46.31036272006384,42.8681636763182,42.30874407602673,43.3108399599569,44.06057755739459,40.91193553255488,42.90221778518133,43.43836523869312,41.56005718413921,41.44258909860439,43.19009430869275,43.07747508734712,42.85794937545875,43.1589323362786,43.28743177065513,40.18321260675043,46.888193211301186,45.90258932492532,51.89619194224024,43.69848878456934,42.018795732801046,44.61150610693727,41.065783470334424,0,44.073087079818634,47.189846128344286,42.697086035664675,43.647377091239896,44.68759976733267,43.45709521518578,44.330720583479014,42.883393100892924,42.815611177183904,43.31880514113575,42.951904412536365,44.80370280425633,41.94804640269767,47.184836074921435
Persian,45.07626798052289,46.56795701299828,49.077683151062544,46.44483898605127,49.087848234537326,46.26367469042525,46.12243632783236,46.89900005327345,47.131086304924445,45.09201824374567,46.35346428121489,47.291521738009116,45.55072121227759,45.1008038076461,46.41742509020009,47.11250235690355,47.049049921970955,46.80314068472543,46.1191205094456,44.99100461638171,49.770985297791064,48.532770347912205,53.6766607714394,47.07455334324841,46.44216947007106,48.189637029377515,45.25870043714412,44.073087079818634,0,49.635639219027,46.33748966320243,47.22001301757967,47.85067873763231,47.07839103789313,47.65000191191034,46.150627129331646,47.07546926312157,47.22121955725029,46.17659016747465,47.839435899911784,45.38776345514739,50.11633601556757
Polish,46.34214598062421,47.67315087443585,50.838136399664094,47.493473483533066,46.64554078916555,45.13737904788657,46.98266546531488,44.6608591371531,44.74135732243897,46.34846188941224,47.39321907265157,48.314490979104555,46.45266791860991,46.636917159374555,47.33079967812152,47.90380134039949,48.19120864775075,48.437442108531016,47.72328284553712,46.13541336782407,49.71303502278324,48.2265818558741,53.313202345161805,45.72886978989485,47.45761010651631,49.80785096545065,45.96798404331634,47.189846128344286,49.635639219027,0,46.978989861757356,47.76490017966795,45.46047573457799,45.04255250287871,49.44407377550991,43.315324171821,45.667199956044776,48.06519093233402,47.25447180344511,45.21709274946087,47.82226977213347,51.22492439686553
Portuguese,42.06432177860001,43.62086808320493,47.601347070329425,43.47072795671102,46.25062921709849,43.262641013348166,40.08322907356863,43.98212827082838,44.54345441243319,41.84322103829585,43.726826565610665,44.08981256304979,41.547849451192135,37.56258812796299,44.15251980141411,43.970081567327725,44.379269247048164,44.41443334475671,43.68598854273477,41.39171553283288,44.435934244830705,45.65901132313897,51.96145867399065,44.1258159813133,43.44621317207213,45.930889740631685,42.0427612636399,42.697086035664675,46.33748966320243,46.978989861757356,0,43.3246503583844,44.92466634878407,44.15698686260032,45.63697401322521,43.19742610544967,43.983408746627155,39.53539552367951,43.329352625128884,45.143708842814185,43.74854736057645,47.49576686607202
Romanian,43.03627089639107,44.49269504231504,48.699079062227746,44.62461094827207,47.15878863382771,44.066221347634944,42.038132824983684,44.71017038738494,45.05182077719884,42.68349725865146,44.31831582296211,45.10891958138733,42.835656723251994,42.230772209084996,44.54105282047574,44.65486131798801,45.014615103949595,45.09296739728828,44.77661332672766,42.67274984387745,45.94067219684351,46.97674753443093,52.22668187584758,44.962626910831275,43.86421015874474,46.79749499217209,42.79927746963342,43.647377091239896,47.22001301757967,47.76490017966795,43.3246503583844,0,45.839423330582115,44.97779323490288,46.941271417774075,44.10151540651915,44.325008235220935,43.73352035657122,44.358294938754646,45.77784476378791,44.76893514645714,48.50840570308896
Russian,43.68943706452541,44.93353467214293,48.96739567204394,45.541660323782224,42.803945382701244,42.51332627950605,44.73804665657047,42.20856516395833,43.158973517460645,43.80436362431388,45.471775760999655,45.891839337629946,44.01510530831278,44.00535926909877,45.37646925803898,45.7368883123281,46.15238669291363,46.60908199437868,45.12768812764812,43.69574991551519,48.19970561375622,46.080629780862374,51.9266689478305,41.352092419217435,45.247164979048755,47.82772021463254,43.65833307475638,44.68759976733267,47.85067873763231,45.46047573457799,44.92466634878407,45.839423330582115,0,40.63496668475398,46.93950837181001,41.39260113185142,43.53050676978129,45.46650314915322,45.190776553552425,39.68986635260083,45.78745437918895,49.31841750978412
Serbian,42.77137288553418,44.110779556780244,48.24236465332948,44.7755825104,35.34483160375677,40.325762988345886,43.78394820810844,36.14141127622059,42.44243232799164,42.888790989961294,44.60652292740433,44.85753065382588,43.09562968987267,43.04254176693909,44.409963027601115,44.9219813654271,44.970078227408955,45.730567912537275,44.53610245265651,42.91657365157444,47.08178274876136,45.59421041506891,51.34787481725551,37.18260494129393,44.05082027136563,46.96498997553938,42.71706613169082,43.45709521518578,47.07839103789313,45.04255250287871,44.15698686260032,44.97779323490288,40.63496668475398,0,46.23276515414024,40.0914627379273,40.06366346597338,44.69030997748465,44.646234024989944,40.691666051083835,44.66241043270608,48.51678368209118
Sinhala,44.55676590642836,45.141182535579574,48.9953257284707,45.43153337805976,48.329001505997276,45.342044989169544,45.393438964286986,46.142469439027394,46.5511801508337,44.42283117753969,46.42675440185732,46.913784807801264,45.16664374051952,44.19056413540801,46.5264847098746,45.677758561270686,46.55074859030166,46.09413703552565,45.32938516782675,44.0249484018636,49.06718622042749,47.901300488495885,53.28538297547474,45.93515576281392,45.807039096429854,46.98096498670271,44.23983237176859,44.330720583479014,47.65000191191034,49.44407377550991,45.63697401322521,46.941271417774075,46.93950837181001,46.23276515414024,0,45.59444196774274,46.22587520131743,46.03625448322661,45.85822697984849,47.39366917270163,45.1555891967125,49.50992406934709
Slovak,42.125850572204996,43.67627664188543,48.07080361979733,44.0830993451134,42.77884604534552,40.63344200414836,42.825196081763075,40.10054764103843,38.315022293135215,41.68268709503662,43.979583268782044,43.71584870542669,42.082764132480754,42.00133283395195,43.30182945672299,43.895489382838726,44.194082129466324,44.636217490740165,43.9400653534358,41.48241883065122,46.66423544445469,45.23170775645228,51.828310126290766,41.292019736740706,43.106614076853994,46.25108475689651,41.572415132789885,42.883393100892924,46.150627129331646,43.315324171821,43.19742610544967,44.10151540651915,41.39260113185142,40.0914627379273,45.59444196774274,0,41.092727679721925,43.78744504755599,43.518942135046515,41.70686430327067,43.96988570318921,48.039354394782315
Slovenian,42.65429020477846,44.187300405466736,48.71698595077259,44.19747326367731,43.267906118441985,41.39143956558547,42.885059863610465,39.65357343457387,43.15816432727419,42.05991985012468,44.16603242513243,44.45256512918294,42.449741726745756,42.58120380675236,44.24296598615975,44.14729214923225,44.22379425149341,44.761676953886,44.848687552352715,41.8878286886562,47.19879350609636,45.7962236456885,51.75885939615741,42.04682265552633,43.24178078612517,46.447409230654834,41.464865856460094,42.815611177183904,47.07546926312157,45.667199956044776,43.983408746627155,44.325008235220935,43.53050676978129,40.06366346597338,46.22587520131743,41.092727679721925,0,43.848535408205244,43.91269653321526,43.6418188935465,43.90075913709691,48.837652730335755
Spanish,43.23234048328324,44.11201832677387,48.59330712170986,44.21848655008775,46.962832021016,43.543143306622675,40.28105437697675,44.49950814853574,45.03520769854034,42.509844301178894,44.71638301828007,44.81137235900872,41.98536810710918,35.4860582106446,44.69207100309156,44.2207532805387,44.82094142897383,44.9885674194825,44.71538108781489,42.178519980573654,43.95732019899944,46.75568739545687,52.096845608427685,44.446491698053386,43.85538998942734,46.28961439981287,42.37961605764901,43.31880514113575,47.22121955725029,48.06519093233402,39.53539552367951,43.73352035657122,45.46650314915322,44.69030997748465,46.03625448322661,43.78744504755599,43.848535408205244,0,44.322423901392085,45.4994859679718,44.326466057138745,48.446720713634306
Swedish,40.7687780017648,44.20622008224207,47.88677603833728,43.82025801629699,46.69967257495986,43.554253957776986,42.34375419506024,44.365705337711745,44.91015941899743,39.97385848311488,41.785297781649724,43.52348141790655,42.58438281436655,42.37497895398382,42.12048796518231,43.70572795856831,44.10629073953787,44.06333421656534,41.38697494376052,41.490268627356336,46.950415783517705,46.17012419600525,51.64173296854392,44.432852533177865,43.62372796249815,46.2504843249786,37.37463347555547,42.951904412536365,46.17659016747465,47.25447180344511,43.329352625128884,44.358294938754646,45.190776553552425,44.646234024989944,45.85822697984849,43.518942135046515,43.91269653321526,44.322423901392085,0,45.32929200105943,43.5835539631644,47.88349409063069
Ukrainian,44.0076076769049,45.15303897019177,49.04874438498923,45.8409537723531,42.62676728641417,42.7979298373494,44.90625235106801,41.93328169969731,43.3948182895509,43.83253309693474,45.6355916131718,45.84310284283157,44.16650652609677,44.124359858635486,45.36238573746642,45.67216864911488,46.14736633155666,46.80723004075653,45.38080671047337,44.05170010240683,47.81116918257637,46.67908197156862,52.00633781451071,41.6208878835072,45.20292660017187,47.82411895265064,43.69610433405299,44.80370280425633,47.839435899911784,45.21709274946087,45.143708842814185,45.77784476378791,39.68986635260083,40.691666051083835,47.39366917270163,41.70686430327067,43.6418188935465,45.4994859679718,45.32929200105943,0,45.983344467203885,49.564695224171174
Urdu,42.56818727146421,44.08148788395697,48.01067519548396,40.849768427312775,47.136557033865515,43.72728160688321,43.08045693066346,44.55986700627008,45.16566898825002,42.104596145111586,44.18420167864068,44.52385103269565,42.74048123974794,42.79318556013191,44.3394051963948,43.79838817391655,41.47957353192398,38.92344123695476,44.08465195235085,42.01386487551262,47.63037750548762,46.217115587853,52.21563308779879,44.4108698534673,41.5137975972877,43.301595575736826,42.00756446050311,41.94804640269767,45.38776345514739,47.82226977213347,43.74854736057645,44.76893514645714,45.78745437918895,44.66241043270608,45.1555891967125,43.96988570318921,43.90075913709691,44.326466057138745,43.5835539631644,45.983344467203885,0,48.09191003460958
Welsh,46.70138859168097,47.87735785602918,51.01255412894246,48.37523097140449,50.259236914467536,47.706087884530156,47.967033273935,48.373060971965764,48.65471778466519,46.54502948253011,48.121598472913,47.97713820880777,47.114412086946324,46.592478670224516,48.19137938323825,48.470400156879585,48.60925227212239,49.26116631810608,47.890742553369414,45.67845473964536,49.79815649274578,49.837542387546414,54.907834177092845,48.64830635704526,48.07877730438295,49.41793899229476,47.01373266914158,47.184836074921435,50.11633601556757,51.22492439686553,47.49576686607202,48.50840570308896,49.31841750978412,48.51678368209118,49.50992406934709,48.039354394782315,48.837652730335755,48.446720713634306,47.88349409063069,49.564695224171174,48.09191003460958,0
