,Afrikaans,Albanian,Armenian,Bengali,Bosnian,Bulgarian,Catalan,Croatian,Czech,Danish,Dutch,English,French,Galician,German,Greek,Gujarati,Hindi,Icelandic,Irish,Italian,Latvian,Lithuanian,Macedonian,Marathi,Nepali,Norwegian,Pashto,Persian,Polish,Portuguese,Romanian,Russian,Serbian,Sinhala,Slovak,Slovenian,Spanish,Swedish,Ukrainian,Urdu,Welsh
Afrikaans,0,3956.51268305096,4806.027222663735,4179.910508340663,4590.731749905952,4016.0705686490073,4044.2607672905388,4074.328172216516,4203.222079552591,3273.5904280159652,3000.3216061618637,3837.189660886183,3735.635564369972,3644.590715503443,3724.7940082522373,4165.792767913788,4299.334491128549,4525.6719738032425,3711.0745808691786,3494.0780465401167,4813.78692318214,4631.119558283396,6203.576398277213,4192.156604204814,4051.938885821359,4188.51417542968,3370.5436468511944,3705.9244777220874,4576.353253647733,5059.653507763689,3979.9822009845134,4275.037869139766,4364.733355790313,4161.834088580268,4098.059754651482,3940.6307864804753,4151.2874473401125,4104.443806132187,3715.796108836294,4320.249031142504,4083.583140104854,4785.902335867266
Albanian,3956.51268305096,0,5003.202714657235,4380.908496241643,4886.97181514089,4323.525703019947,4303.964869877571,4356.635150536156,4607.916790240438,3945.023529729302,4323.154468639273,4666.947786994127,3934.541304594745,3858.3600420749776,4483.695189842236,4321.608150825562,4648.781925387289,4717.509354907262,4386.776319087433,3744.3447198168474,4866.595551800462,5018.435709702183,6476.130678676761,4454.49103412137,4270.036212465712,4386.697948731598,4128.715380709349,3947.524512353587,4829.4598466302405,5407.786534252256,4208.566197389967,4470.813870756952,4656.810499694838,4507.1178928411555,4121.940409618712,4294.374445397064,4468.645048396066,4250.065853953071,4454.983452412641,4548.044977539772,4285.456659965272,4964.976841287941
Armenian,4806.027222663735,5003.202714657235,0,5279.80181970656,5712.184567261551,5208.156946022215,5239.948186425804,5166.779892058386,5426.894069076134,4873.500053375673,5223.211581591101,5517.622138751851,4896.586051740198,4796.281684650608,5306.950232180241,5163.98686711378,5564.03484014459,5689.391398216939,5055.247081846901,4650.4154887602945,5857.556147209054,5699.665673001771,7015.487031765071,5324.42986275901,5227.786671860041,5383.073431831743,4974.081694271963,4781.097820554417,5437.378153119674,6222.972108067512,5120.515416709508,5358.323030982556,5484.208646799758,5288.176358810241,5090.505073199069,5135.61556602618,5398.561679662187,5271.321091357484,5254.353707752939,5426.458147366836,5229.166964191609,5782.460056271681
Bengali,4179.910508340663,4380.908496241643,5279.80181970656,0,5111.601062796993,4374.787944287167,4354.176434307642,4487.44461682545,4643.493181016226,4137.201182791535,4464.815296964079,4675.494733165714,4175.546345811609,4073.4749538194606,4571.106245178491,4457.275418455238,3940.1759094375852,4005.6138888609394,4569.598057907668,4001.5149043872293,5034.352342937227,5214.182217782088,6574.09725183405,4557.681018665974,3858.7052462203847,3862.3251709399324,4264.149247362084,4085.3576333901915,4936.060200358871,5380.225252400627,4404.568351898066,4624.582064407145,4856.604152771067,4602.4528575216045,4328.845240555301,4410.719114785953,4549.082257442528,4392.101697486513,4503.568229974258,4758.8015239297,3823.3797650274664,5186.041946942283
Bosnian,4590.731749905952,4886.97181514089,5712.184567261551,5111.601062796993,0,4101.585792006706,5078.771281961544,3310.529680349952,4384.168332805373,4680.582182298968,5049.721908337543,5424.831842298147,4779.635959064011,4636.2712512741355,5177.762885174444,5167.261939171107,5341.337072324423,5527.644856536107,4933.6101349577975,4674.787493911654,5579.251280932519,5267.098252545628,6551.503319688191,3716.316977099389,5108.953846788838,5270.14901911437,4722.482010190445,4753.939913241201,5438.435244253839,4958.022498401863,4986.831010247547,5142.387865217021,4190.059804279381,2874.591104238044,5007.518390100685,4005.431315755653,4228.236016046296,5026.757777297199,5063.006736092048,4079.4220916236136,5105.005073388902,5774.108560355466
Bulgarian,4016.0705686490073,4323.525703019947,5208.156946022215,4374.787944287167,4101.585792006706,0,4222.3278800104,3458.167186113704,4010.637231190108,3969.893343373579,4360.372814131908,4557.866705136397,4109.516007895373,3909.583335430548,4474.768229031428,4358.82513674009,4533.892739599611,4627.042514763632,4440.824559819026,3936.0611819446117,4833.469343823365,5000.645856333719,6188.784222241183,3471.9813399569884,4283.2067551028,4487.601158025228,4113.89696287863,4124.160650624427,4869.010175196597,4753.467419631703,4300.730331374229,4433.596485332171,4150.180015605514,3672.7082921628435,4332.040091756009,3711.310222114247,3925.3639865532314,4201.054276665914,4383.1916066528265,4115.949788714596,4278.42721144979,4984.830524526629
Catalan,4044.2607672905388,4303.964869877571,5239.948186425804,4354.176434307642,5078.771281961544,4222.3278800104,0,4365.584317764376,4602.214939992893,3937.4793491773307,4338.356817697555,4465.840501760137,3744.453525749993,3257.447969359006,4525.484922775696,4325.424056116779,4524.281816951886,4626.170236721237,4463.1524464339855,3859.511136438858,4380.647378192116,5144.1072181393265,6467.217015448202,4514.961052471845,4242.743982113874,4534.196150442838,3993.9925345336924,4088.6745183899043,4930.880367594647,5374.639948786148,3666.793301525303,4152.416593482561,4812.249779203303,4553.224602133047,4384.571690518367,4291.706486338831,4484.524981725854,3511.346149714485,4309.665290361749,4714.021895362702,4338.463512233575,5115.01732381289
Croatian,4074.328172216516,4356.635150536156,5166.779892058386,4487.44461682545,3310.529680349952,3458.167186113704,4365.584317764376,0,3907.406858968587,4050.0469939266245,4438.057584418172,4684.758845128726,4161.682554114004,4037.859707673422,4540.2838277381,4455.629635678765,4635.374481964925,4777.816373312874,4490.4655495029765,3995.517154766374,4873.484229125469,4957.976293475261,6031.359456320728,3631.4643134416315,4364.479777754954,4574.253020043566,4202.992762087228,4131.82861095664,4875.473421372568,4621.371569201517,4406.321158587098,4516.143869840381,4081.367504528351,2986.364558946413,4407.210850937552,3591.887752882136,3615.8603504960206,4332.562994257531,4480.789462552808,3928.800920207776,4399.8737245165,5066.054631361465
Czech,4203.222079552591,4607.916790240438,5426.894069076134,4643.493181016226,4384.168332805373,4010.637231190108,4602.214939992893,3907.406858968587,0,4167.6244619034205,4640.709101914081,4814.374839283014,4327.947263301104,4183.652442922784,4760.709983839084,4724.816147273791,4827.238647298953,4999.8974916179695,4637.135691566103,4129.747057898372,5253.376782077505,5035.82963734083,6459.054052532973,4208.013352489636,4595.058731941159,4736.795390440909,4327.475107452088,4304.321048450715,5125.830335915003,4644.179499764049,4653.578620556781,4734.54284869766,4212.654993909875,3950.7216954366327,4622.370282083689,3228.1182195300685,4180.709224027838,4563.9841965686155,4663.242735632436,4109.482155183449,4553.377687906651,5232.840204142863
Danish,3273.5904280159652,3945.023529729302,4873.500053375673,4137.201182791535,4680.582182298968,3969.893343373579,3937.4793491773307,4050.0469939266245,4167.6244619034205,0,3676.9766607774586,3783.6410537641614,3645.098211718711,3540.376815587806,3627.0571541925956,4076.7009333346737,4226.034334672421,4377.848797296312,3593.6631373826353,3318.7121420648377,4680.266963430407,4796.814533523666,6252.658227209599,4227.231033632761,3953.1016279053515,4091.942762013738,3039.939326815779,3648.9069007842522,4543.223649419576,5069.732806290249,3922.204144847546,4176.420286007123,4409.763227674615,4223.145526030016,4020.9859885433316,3902.687579814264,4091.5452357986137,3945.8956707771194,3457.086742207791,4354.516586988339,3985.367068992844,4648.382206676792
Dutch,3000.3216061618637,4323.154468639273,5223.211581591101,4464.815296964079,5049.721908337543,4360.372814131908,4338.356817697555,4438.057584418172,4640.709101914081,3676.9766607774586,0,4098.566555132394,4114.741225304413,4040.211447726516,3763.664663120148,4401.5150699159285,4581.342851887848,4703.824995058095,4168.448825764876,3865.3979268346293,5121.48793930881,5035.219163212242,6542.733502616203,4593.295181545713,4336.6445804807645,4536.404326419339,3774.7940115857746,4091.856124133714,4898.796607716358,5436.316245823591,4327.971963166736,4592.16816908778,4833.232058779576,4603.070537307281,4475.47977134324,4374.884948130568,4491.8522063935225,4383.222454331174,4028.8201106275387,4771.780660376539,4370.368568085345,5119.6010319243105
English,3837.189660886183,4666.947786994127,5517.622138751851,4675.494733165714,5424.831842298147,4557.866705136397,4465.840501760137,4684.758845128726,4814.374839283014,3783.6410537641614,4098.566555132394,0,4275.893746787185,4244.470628925475,4318.026154504773,4763.941372167377,4711.409473425819,5022.052868125429,4497.699435981242,3959.8154582262396,5302.038961266816,5381.366764109902,6838.1907059956175,4898.243513921472,4508.654288501935,4778.260806745354,4011.593062460331,4383.2327448552805,5247.9121352986895,5695.633494082638,4465.907387276292,4815.5215939216405,5084.61383668166,4858.37600978257,4859.4051418639865,4551.676308957648,4756.728397553688,4579.091181445248,4332.9332362416835,5048.8205964243525,4597.920909607587,5215.094891740134
French,3735.635564369972,3934.541304594745,4896.586051740198,4175.546345811609,4779.635959064011,4109.516007895373,3744.453525749993,4161.682554114004,4327.947263301104,3645.098211718711,4114.741225304413,4275.893746787185,0,3453.5933454121537,4218.727821889085,4142.917690790643,4368.6268556760315,4515.632448080736,4211.841817486113,3510.1529818529084,4438.389510703313,4788.828408924234,6244.063865292777,4321.760108527043,4033.6014624851446,4217.6375637563415,3862.1562203361264,3749.9977326934086,4658.797821636671,5178.621008158082,3778.0759663741633,4145.484040228168,4511.040045347115,4297.140942247184,4145.078345970186,4041.182474813022,4208.89410564087,3833.632486641196,4209.33252961818,4435.209771481023,4093.8332382614462,4767.242726149659
Galician,3644.590715503443,3858.3600420749776,4796.281684650608,4073.4749538194606,4636.2712512741355,3909.583335430548,3257.447969359006,4037.859707673422,4183.652442922784,3540.376815587806,4040.211447726516,4244.470628925475,3453.5933454121537,0,4193.383063310261,4038.575641708135,4288.452828022508,4407.052362418306,3998.8849422476474,3452.847590818921,4030.128197159273,4788.505418228604,6193.204300598521,4171.141799763028,3957.5521300782184,4078.736605996952,3747.5406151940783,3719.1156086030173,4513.164321216865,5102.448440800904,3112.8827405640486,3943.75525898263,4432.094379117924,4193.5208931749885,3942.028595212431,3919.455305459987,4175.577802051408,2789.4541221091913,4016.8980490414247,4330.419961071428,4027.334787908693,4624.167797845554
German,3724.7940082522373,4483.695189842236,5306.950232180241,4571.106245178491,5177.762885174444,4474.768229031428,4525.484922775696,4540.2838277381,4760.709983839084,3627.0571541925956,3763.664663120148,4318.026154504773,4218.727821889085,4193.383063310261,0,4485.23464037728,4743.861971586969,4895.4105725076115,4273.558625573874,3975.3297693684854,5137.470035473091,5147.362082158384,6612.378524761958,4764.883149291749,4516.767914622825,4686.393639741883,3992.94266085915,4265.576146499542,4950.740925081095,5586.014394482068,4609.425222377304,4638.5230733769895,5015.46206862644,4730.9872404476655,4717.203100955702,4463.03604279956,4627.242286455394,4587.164663181769,4111.404232659799,4925.472322312297,4556.670220900955,5220.440956950511
Greek,4165.792767913788,4321.608150825562,5163.98686711378,4457.275418455238,5167.261939171107,4358.82513674009,4325.424056116779,4455.629635678765,4724.816147273791,4076.7009333346737,4401.5150699159285,4763.941372167377,4142.917690790643,4038.575641708135,4485.23464037728,0,4617.150204031644,4732.02435181014,4454.139450257183,3931.90310652005,4981.305686652958,5020.580871474463,6276.046994557907,4648.3640030135375,4395.68249768955,4508.937636541711,4248.822438394565,4100.502572529362,4938.7959043655555,5489.475919559154,4360.945280205477,4584.142824673548,4846.958113883421,4690.696694880146,4405.789884961356,4429.218503339234,4613.851738292714,4286.693597541893,4522.134570105535,4760.831892438664,4432.238775055533,5048.916966263259
Gujarati,4299.334491128549,4648.781925387289,5564.03484014459,3940.1759094375852,5341.337072324423,4533.892739599611,4524.281816951886,4635.374481964925,4827.238647298953,4226.034334672421,4581.342851887848,4711.409473425819,4368.6268556760315,4288.452828022508,4743.861971586969,4617.150204031644,0,3736.020356222292,4798.5008947912875,4164.29897447237,5279.982711316181,5509.3923515072365,6830.5071220683785,4793.142295983427,3299.327733368175,4116.411532646203,4406.613162518725,4206.435834813876,5162.717682282203,5701.509785351575,4682.809360418492,4847.747400935207,5148.421180864992,4826.525351486828,4632.286272212966,4621.72041128198,4754.230830952508,4504.400698818794,4690.42569628029,5029.350016054219,3947.418508479648,5359.282282903127
Hindi,4525.6719738032425,4717.509354907262,5689.391398216939,4005.6138888609394,5527.644856536107,4627.042514763632,4626.170236721237,4777.816373312874,4999.8974916179695,4377.848797296312,4703.824995058095,5022.052868125429,4515.632448080736,4407.052362418306,4895.4105725076115,4732.02435181014,3736.020356222292,0,4924.296721952146,4287.177240541085,5393.58072957634,5682.663460864069,6976.7512465698555,4876.111503355536,3763.5220183969345,4176.813688294321,4507.56118535637,4302.65384444715,5163.8171227560915,5820.273795432792,4787.426029131756,4909.416074401255,5316.721494099324,4994.608772723314,4646.431686632198,4793.524739871943,4907.421464140634,4613.618347892755,4770.028510786003,5127.830215947352,3494.2277408015752,5523.805505974175
Icelandic,3711.0745808691786,4386.776319087433,5055.247081846901,4569.598057907668,4933.6101349577975,4440.824559819026,4463.1524464339855,4490.4655495029765,4637.135691566103,3593.6631373826353,4168.448825764876,4497.699435981242,4211.841817486113,3998.8849422476474,4273.558625573874,4454.139450257183,4798.5008947912875,4924.296721952146,0,3992.7857627579074,5122.33225016476,4897.859585915481,6253.64073569701,4556.360410725591,4518.413458908641,4689.0036745709385,3630.172339554283,4228.562905461215,4849.437709751129,5451.161903703495,4423.949310825865,4629.229608366688,4691.611871768273,4508.669453076843,4425.274081897827,4398.021231059224,4641.316724934141,4515.294789245245,3905.7675480382013,4637.34385520618,4514.108763729279,5194.516627000825
Irish,3494.0780465401167,3744.3447198168474,4650.4154887602945,4001.5149043872293,4674.787493911654,3936.0611819446117,3859.511136438858,3995.517154766374,4129.747057898372,3318.7121420648377,3865.3979268346293,3959.8154582262396,3510.1529818529084,3452.847590818921,3975.3297693684854,3931.90310652005,4164.29897447237,4287.177240541085,3992.7857627579074,0,4634.786814366454,4708.535125338134,6171.907324865204,4147.662014513817,3811.3099149172153,3945.059659515146,3653.482336723893,3445.5932413771384,4446.310611022986,5020.2074749827,3763.46812031182,4098.565927678558,4374.934851122596,4253.063500626284,3876.306891146037,3819.159972883491,4048.8205753905654,3821.1072615627277,3913.8746820637675,4294.709913085503,3864.680150315413,4381.100621323618
Italian,4813.78692318214,4866.595551800462,5857.556147209054,5034.352342937227,5579.251280932519,4833.469343823365,4380.647378192116,4873.484229125469,5253.376782077505,4680.266963430407,5121.48793930881,5302.038961266816,4438.389510703313,4030.128197159273,5137.470035473091,4981.305686652958,5279.982711316181,5393.58072957634,5122.33225016476,4634.786814366454,0,5839.004600218241,6976.979774297488,5126.135417445666,4970.623605731677,5018.195252500428,4872.005750058724,4757.594573794288,5543.894359600691,5999.918993370427,4528.625057096795,4598.845231721858,5416.0070866279175,5110.818176459365,4975.861464774159,4992.719856789282,5151.902766257949,4261.4941491583795,5055.12735605909,5256.480180718691,5056.963458060284,5445.378854173917
Latvian,4631.119558283396,5018.435709702183,5699.665673001771,5214.182217782088,5267.098252545628,5000.645856333719,5144.1072181393265,4957.976293475261,5035.82963734083,4796.814533523666,5035.219163212242,5381.366764109902,4788.828408924234,4788.505418228604,5147.362082158384,5020.580871474463,5509.3923515072365,5682.663460864069,4897.859585915481,4708.535125338134,5839.004600218241,0,5866.540967169211,5029.290610063593,5205.463124415628,5477.711214051125,4785.661244572907,4884.00489049775,5642.945177671165,5656.752830299061,4992.963218390283,5294.5774615483215,4997.561635900174,4855.645567228301,5222.745875710344,4751.487886980697,5011.06183266959,5281.9849516818795,5117.469881978927,5077.690995919773,5184.183814722008,5930.235293949911
Lithuanian,6203.576398277213,6476.130678676761,7015.487031765071,6574.09725183405,6551.503319688191,6188.784222241183,6467.217015448202,6031.359456320728,6459.054052532973,6252.658227209599,6542.733502616203,6838.1907059956175,6244.063865292777,6193.204300598521,6612.378524761958,6276.046994557907,6830.5071220683785,6976.7512465698555,6253.64073569701,6171.907324865204,6976.979774297488,5866.540967169211,0,6329.682646658756,6664.224064118069,6721.838483860643,6154.526497126146,6254.940335235224,6862.009152028539,7052.54079656763,6549.3095652384045,6512.118890552526,6383.663526973355,6079.157836688589,6424.910641491617,6221.542389425643,6318.147889918298,6487.621218070237,6434.627988328488,6264.908879816029,6576.154651671259,7193.574565323951
Macedonian,4192.156604204814,4454.49103412137,5324.42986275901,4557.681018665974,3716.316977099389,3471.9813399569884,4514.961052471845,3631.4643134416315,4208.013352489636,4227.231033632761,4593.295181545713,4898.243513921472,4321.760108527043,4171.141799763028,4764.883149291749,4648.3640030135375,4793.142295983427,4876.111503355536,4556.360410725591,4147.662014513817,5126.135417445666,5029.290610063593,6329.682646658756,0,4544.099905432394,4728.736711879778,4294.756024426726,4251.979236651065,5048.883455346447,4852.000155067214,4517.156497411025,4673.338886573601,4042.561700528315,3264.595257198877,4537.113777357361,3837.941218811218,4110.510506254882,4498.2127754607345,4594.083035819057,3970.690578862473,4492.197403368251,5338.437319947833
Marathi,4051.938885821359,4270.036212465712,5227.786671860041,3858.7052462203847,5108.953846788838,4283.2067551028,4242.743982113874,4364.479777754954,4595.058731941159,3953.1016279053515,4336.6445804807645,4508.654288501935,4033.6014624851446,3957.5521300782184,4516.767914622825,4395.68249768955,3299.327733368175,3763.5220183969345,4518.413458908641,3811.3099149172153,4970.623605731677,5205.463124415628,6664.224064118069,4544.099905432394,0,3985.277619917039,4135.892543071445,3915.606154780322,4921.754878195931,5456.097139718924,4313.590570225158,4542.545253863952,4811.294113430192,4582.099913164036,4306.713020047492,4331.403088252218,4462.270573497741,4222.951820334976,4445.378879161654,4720.797080521927,3833.590364200074,5042.995567985021
Nepali,4188.51417542968,4386.697948731598,5383.073431831743,3862.3251709399324,5270.14901911437,4487.601158025228,4534.196150442838,4574.253020043566,4736.795390440909,4091.942762013738,4536.404326419339,4778.260806745354,4217.6375637563415,4078.736605996952,4686.393639741883,4508.937636541711,4116.411532646203,4176.813688294321,4689.0036745709385,3945.059659515146,5018.195252500428,5477.711214051125,6721.838483860643,4728.736711879778,3985.277619917039,0,4372.1851768868,4039.1005852080725,4970.605285057218,5684.667710740888,4514.654852823969,4746.826571354271,5058.508359240498,4808.206576367727,4269.850650721566,4549.177470169129,4699.166930217825,4375.901764036961,4607.364587201177,4916.615202560971,3897.7794293645466,5115.933838390374
Norwegian,3370.5436468511944,4128.715380709349,4974.081694271963,4264.149247362084,4722.482010190445,4113.89696287863,3993.9925345336924,4202.992762087228,4327.475107452088,3039.939326815779,3774.7940115857746,4011.593062460331,3862.1562203361264,3747.5406151940783,3992.94266085915,4248.822438394565,4406.613162518725,4507.56118535637,3630.172339554283,3653.482336723893,4872.005750058724,4785.661244572907,6154.526497126146,4294.756024426726,4135.892543071445,4372.1851768868,0,3903.329073377124,4697.187283852007,5090.2634336930605,4084.1653496599492,4323.933058375277,4515.013305508,4260.524642760831,4232.217289439794,4032.8945823747354,4185.7032392319325,4117.322201444659,3166.5477380690336,4424.908657503629,4134.348359615476,4982.504895410035
Pashto,3705.9244777220874,3947.524512353587,4781.097820554417,4085.3576333901915,4753.939913241201,4124.160650624427,4088.6745183899043,4131.82861095664,4304.321048450715,3648.9069007842522,4091.856124133714,4383.2327448552805,3749.9977326934086,3719.1156086030173,4265.576146499542,4100.502572529362,4206.435834813876,4302.65384444715,4228.562905461215,3445.5932413771384,4757.594573794288,4884.00489049775,6254.940335235224,4251.979236651065,3915.606154780322,4039.1005852080725,3903.329073377124,0,4249.822565073797,5178.905204120536,4044.3453702770694,4292.028386235832,4517.934339941088,4283.990587337993,3958.531046106796,4079.075994707877,4198.595944811473,4037.5368126076105,4193.944853007051,4443.719485015768,3794.4786318021725,4740.096553075314
Persian,4576.353253647733,4829.4598466302405,5437.378153119674,4936.060200358871,5438.435244253839,4869.010175196597,4930.880367594647,4875.473421372568,5125.830335915003,4543.223649419576,4898.796607716358,5247.9121352986895,4658.797821636671,4513.164321216865,4950.740925081095,4938.7959043655555,5162.717682282203,5163.8171227560915,4849.437709751129,4446.310611022986,5543.894359600691,5642.945177671165,6862.009152028539,5048.883455346447,4921.754878195931,4970.605285057218,4697.187283852007,4249.822565073797,0,5936.141406649435,4967.3599994983915,5026.086305237849,5323.837588416237,5019.252542521008,4838.320133114137,4852.389843424811,5062.722184483494,4944.40062102489,4906.192731135747,5116.900058862846,4648.26165894789,5588.673707425338
Polish,5059.653507763689,5407.786534252256,6222.972108067512,5380.225252400627,4958.022498401863,4753.467419631703,5374.639948786148,4621.371569201517,4644.179499764049,5069.732806290249,5436.316245823591,5695.633494082638,5178.621008158082,5102.448440800904,5586.014394482068,5489.475919559154,5701.509785351575,5820.273795432792,5451.161903703495,5020.2074749827,5999.918993370427,5656.752830299061,7052.54079656763,4852.000155067214,5456.097139718924,5684.667710740888,5090.2634336930605,5178.905204120536,5936.141406649435,0,5297.391356036826,5463.05762280249,4825.843707083012,4613.046118907589,5542.839517864116,4142.646998132274,4857.291532980295,5401.083779084523,5395.055456474099,4684.052113592071,5456.963482647416,6135.697197739158
Portuguese,3979.9822009845134,4208.566197389967,5120.515416709508,4404.568351898066,4986.831010247547,4300.730331374229,3666.793301525303,4406.321158587098,4653.578620556781,3922.204144847546,4327.971963166736,4465.907387276292,3778.0759663741633,3112.8827405640486,4609.425222377304,4360.945280205477,4682.809360418492,4787.426029131756,4423.949310825865,3763.46812031182,4528.625057096795,4992.963218390283,6549.3095652384045,4517.156497411025,4313.590570225158,4514.654852823969,4084.1653496599492,4044.3453702770694,4967.3599994983915,5297.391356036826,0,4315.522563537203,4713.674193021461,4527.270103031747,4384.3244715677065,4244.826296390051,4512.553603491775,3491.7047277707375,4373.764718576724,4676.24407697672,4367.262240869769,5036.645912430016
Romanian,4275.037869139766,4470.813870756952,5358.323030982556,4624.582064407145,5142.387865217021,4433.596485332171,4152.416593482561,4516.143869840381,4734.54284869766,4176.420286007123,4592.16816908778,4815.5215939216405,4145.484040228168,3943.75525898263,4638.5230733769895,4584.142824673548,4847.747400935207,4909.416074401255,4629.229608366688,4098.565927678558,4598.845231721858,5294.5774615483215,6512.118890552526,4673.338886573601,4542.545253863952,4746.826571354271,4323.933058375277,4292.028386235832,5026.086305237849,5463.05762280249,4315.522563537203,0,4936.614168173234,4686.002999331236,4662.461792992102,4523.042198087781,4677.869660003702,4277.6689853318885,4599.086321181455,4815.9152682835675,4622.644917436906,5202.136339360401
Russian,4364.733355790313,4656.810499694838,5484.208646799758,4856.604152771067,4190.059804279381,4150.180015605514,4812.249779203303,4081.367504528351,4212.654993909875,4409.763227674615,4833.232058779576,5084.61383668166,4511.040045347115,4432.094379117924,5015.46206862644,4846.958113883421,5148.421180864992,5316.721494099324,4691.611871768273,4374.934851122596,5416.0070866279175,4997.561635900174,6383.663526973355,4042.561700528315,4811.294113430192,5058.508359240498,4515.013305508,4517.934339941088,5323.837588416237,4825.843707083012,4713.674193021461,4936.614168173234,0,3850.3349370007822,4776.156939922946,3859.130746655275,4381.437799796549,4809.926780157678,4818.014288221835,3723.609219966331,4870.763381018606,5576.770673621856
Serbian,4161.834088580268,4507.1178928411555,5288.176358810241,4602.4528575216045,2874.591104238044,3672.7082921628435,4553.224602133047,2986.364558946413,3950.7216954366327,4223.145526030016,4603.070537307281,4858.37600978257,4297.140942247184,4193.5208931749885,4730.9872404476655,4690.696694880146,4826.525351486828,4994.608772723314,4508.669453076843,4253.063500626284,5110.818176459365,4855.645567228301,6079.157836688589,3264.595257198877,4582.099913164036,4808.206576367727,4260.524642760831,4283.990587337993,5019.252542521008,4613.046118907589,4527.270103031747,4686.002999331236,3850.3349370007822,0,4589.95172612326,3605.440836487743,3719.8536097516608,4566.087089457085,4591.884287898955,3733.7000325912004,4591.625813160893,5342.099300106428
Sinhala,4098.059754651482,4121.940409618712,5090.505073199069,4328.845240555301,5007.518390100685,4332.040091756009,4384.571690518367,4407.210850937552,4622.370282083689,4020.9859885433316,4475.47977134324,4859.4051418639865,4145.078345970186,3942.028595212431,4717.203100955702,4405.789884961356,4632.286272212966,4646.431686632198,4425.274081897827,3876.306891146037,4975.861464774159,5222.745875710344,6424.910641491617,4537.113777357361,4306.713020047492,4269.850650721566,4232.217289439794,3958.531046106796,4838.320133114137,5542.839517864116,4384.3244715677065,4662.461792992102,4776.156939922946,4589.95172612326,0,4391.425305151508,4621.343579365481,4320.212802479295,4500.053432920328,4656.11952801974,4271.763059782562,5066.08297659444
Slovak,3940.6307864804753,4294.374445397064,5135.61556602618,4410.719114785953,4005.431315755653,3711.310222114247,4291.706486338831,3591.887752882136,3228.1182195300685,3902.687579814264,4374.884948130568,4551.676308957648,4041.182474813022,3919.455305459987,4463.03604279956,4429.218503339234,4621.72041128198,4793.524739871943,4398.021231059224,3819.159972883491,4992.719856789282,4751.487886980697,6221.542389425643,3837.941218811218,4331.403088252218,4549.177470169129,4032.8945823747354,4079.075994707877,4852.389843424811,4142.646998132274,4244.826296390051,4523.042198087781,3859.130746655275,3605.440836487743,4391.425305151508,0,3873.5733477639515,4290.228368596818,4345.846165809743,3842.7182855189562,4368.800720149349,5030.126582282334
Slovenian,4151.2874473401125,4468.645048396066,5398.561679662187,4549.082257442528,4228.236016046296,3925.3639865532314,4484.524981725854,3615.8603504960206,4180.709224027838,4091.5452357986137,4491.8522063935225,4756.728397553688,4208.89410564087,4175.577802051408,4627.242286455394,4613.851738292714,4754.230830952508,4907.421464140634,4641.316724934141,4048.8205753905654,5151.902766257949,5011.06183266959,6318.147889918298,4110.510506254882,4462.270573497741,4699.166930217825,4185.7032392319325,4198.595944811473,5062.722184483494,4857.291532980295,4512.553603491775,4677.869660003702,4381.437799796549,3719.8536097516608,4621.343579365481,3873.5733477639515,0,4469.914129630809,4557.046648452665,4301.141661590198,4510.849300241039,5285.537243086104
Spanish,4104.443806132187,4250.065853953071,5271.321091357484,4392.101697486513,5026.757777297199,4201.054276665914,3511.346149714485,4332.562994257531,4563.9841965686155,3945.8956707771194,4383.222454331174,4579.091181445248,3833.632486641196,2789.4541221091913,4587.164663181769,4286.693597541893,4504.400698818794,4613.618347892755,4515.294789245245,3821.1072615627277,4261.4941491583795,5281.9849516818795,6487.621218070237,4498.2127754607345,4222.951820334976,4375.901764036961,4117.322201444659,4037.5368126076105,4944.40062102489,5401.083779084523,3491.7047277707375,4277.6689853318885,4809.926780157678,4566.087089457085,4320.212802479295,4290.228368596818,4469.914129630809,0,4400.605370268231,4673.044712283519,4307.056934698995,4976.553882713808
Swedish,3715.796108836294,4454.983452412641,5254.353707752939,4503.568229974258,5063.006736092048,4383.1916066528265,4309.665290361749,4480.789462552808,4663.242735632436,3457.086742207791,4028.8201106275387,4332.9332362416835,4209.33252961818,4016.8980490414247,4111.404232659799,4522.134570105535,4690.42569628029,4770.028510786003,3905.7675480382013,3913.8746820637675,5055.12735605909,5117.469881978927,6434.627988328488,4594.083035819057,4445.378879161654,4607.364587201177,3166.5477380690336,4193.944853007051,4906.192731135747,5395.055456474099,4373.764718576724,4599.086321181455,4818.014288221835,4591.884287898955,4500.053432920328,4345.846165809743,4557.046648452665,4400.605370268231,0,4708.963520420632,4410.078443090293,5134.900750282345
Ukrainian,4320.249031142504,4548.044977539772,5426.458147366836,4758.8015239297,4079.4220916236136,4115.949788714596,4714.021895362702,3928.800920207776,4109.482155183449,4354.516586988339,4771.780660376539,5048.8205964243525,4435.209771481023,4330.419961071428,4925.472322312297,4760.831892438664,5029.350016054219,5127.830215947352,4637.34385520618,4294.709913085503,5256.480180718691,5077.690995919773,6264.908879816029,3970.690578862473,4720.797080521927,4916.615202560971,4424.908657503629,4443.719485015768,5116.900058862846,4684.052113592071,4676.24407697672,4815.9152682835675,3723.609219966331,3733.7000325912004,4656.11952801974,3842.7182855189562,4301.141661590198,4673.044712283519,4708.963520420632,0,4760.10671894453,5408.224723218053
Urdu,4083.583140104854,4285.456659965272,5229.166964191609,3823.3797650274664,5105.005073388902,4278.42721144979,4338.463512233575,4399.8737245165,4553.377687906651,3985.367068992844,4370.368568085345,4597.920909607587,4093.8332382614462,4027.334787908693,4556.670220900955,4432.238775055533,3947.418508479648,3494.2277408015752,4514.108763729279,3864.680150315413,5056.963458060284,5184.183814722008,6576.154651671259,4492.197403368251,3833.590364200074,3897.7794293645466,4134.348359615476,3794.4786318021725,4648.26165894789,5456.963482647416,4367.262240869769,4622.644917436906,4870.763381018606,4591.625813160893,4271.763059782562,4368.800720149349,4510.849300241039,4307.056934698995,4410.078443090293,4760.10671894453,0,5068.169200226743
Welsh,4785.902335867266,4964.976841287941,5782.460056271681,5186.041946942283,5774.108560355466,4984.830524526629,5115.01732381289,5066.054631361465,5232.840204142863,4648.382206676792,5119.6010319243105,5215.094891740134,4767.242726149659,4624.167797845554,5220.440956950511,5048.916966263259,5359.282282903127,5523.805505974175,5194.516627000825,4381.100621323618,5445.378854173917,5930.235293949911,7193.574565323951,5338.437319947833,5042.995567985021,5115.933838390374,4982.504895410035,4740.096553075314,5588.673707425338,6135.697197739158,5036.645912430016,5202.136339360401,5576.770673621856,5342.099300106428,5066.08297659444,5030.126582282334,5285.537243086104,4976.553882713808,5134.900750282345,5408.224723218053,5068.169200226743,0
