,Afrikaans,Albanian,Armenian,Bengali,Bosnian,Bulgarian,Catalan,Croatian,Czech,Danish,Dutch,English,French,Galician,German,Greek,Gujarati,Hindi,Icelandic,Irish,Italian,Latvian,Lithuanian,Macedonian,Marathi,Nepali,Norwegian,Pashto,Persian,Polish,Portuguese,Romanian,Russian,Serbian,Sinhala,Slovak,Slovenian,Spanish,Swedish,Ukrainian,Urdu,Welsh
Afrikaans,0,1.1961929678308998,1.1277196748142853,1.2559029390589846,1.1814207676602018,1.1512987090265354,1.2402978483743303,1.1593172501824303,1.2037848853417323,1.1595725293595074,1.0088441275106568,1.0868129082366718,1.1652558912862716,1.1750950490758065,1.1080339412293039,1.1922990574993928,1.2777792013688547,1.2567336214296863,1.072828964293768,1.2331362045497263,1.1395362717364366,1.2754159078989984,1.2925075652624003,1.1818270205227916,1.2764153003887508,1.1712548653628863,1.1164100070005318,1.1566689547055413,1.1785888964604325,1.235670607441159,1.1934414843302035,1.1810689904198908,1.1660886421564154,1.174324097299281,1.1824510635284062,1.2233953350878746,1.2357494310291746,1.1732904126625454,1.12487854408967,1.1717057624820142,1.2320936545452883,1.1090423041618067
Albanian,1.1961929678308998,0,1.1339535211763485,1.2881967029411483,1.265218503874157,1.2286677144057336,1.277033617399951,1.2246911321787175,1.287032369531486,1.3534070175949138,1.2836593872730255,1.2891006936668596,1.2398464760762011,1.209104101307049,1.2920268462824092,1.2287842605522197,1.3425433925874666,1.309135462401856,1.223735250500082,1.2714719066278333,1.20699817770111,1.3433192936657212,1.3375413048873368,1.2477752673090041,1.3067409659799314,1.2408632344097907,1.3405669547899002,1.1758403856065425,1.2010999140984282,1.2999149116380442,1.253017679928552,1.2622025789332132,1.2301315153174164,1.244969798945571,1.1218149483114004,1.2793449462755002,1.3106348879557113,1.2255246337582462,1.2817645950968553,1.221248889148754,1.2694853232669838,1.1804934839987964
Armenian,1.1277196748142853,1.1339535211763485,0,1.2443486365991923,1.0954851835267414,1.1994802363516546,1.2777065316805065,1.1705439104932887,1.2383442259179172,1.3071306170742722,1.2630925668566013,1.2395973536152043,1.189399343010477,1.2166309541392752,1.223750146347566,1.1471418944637752,1.3073856760971816,1.248089832203129,1.1243206724785346,1.24174149308949,1.135293289008414,1.1935407154825028,1.2294933826486505,1.214317317919596,1.2803456287411288,1.1498243066159821,1.2261573122744371,1.1440004895876117,1.1337047714872017,1.2350383314643438,1.2322140588530643,1.1899971933936628,1.1713054010195265,1.1758453839389358,1.1068675724450383,1.2315786312065893,1.2414889918535117,1.2208218857593496,1.2371663962210777,1.183534689393243,1.2337204177913805,1.1251940575695578
Bengali,1.2559029390589846,1.2881967029411483,1.2443486365991923,0,1.1836457780640985,1.08720405905122,1.146686833931468,1.1014696593854392,1.1461643057837452,1.1605217261861989,1.1577367867476527,1.107079168103347,1.145306139358059,1.182907909097725,1.1204069490068063,1.1312240086529817,1.0335193052844514,1.0255635844723834,1.172522151215176,1.2231480452294652,1.0568750182301248,1.2173071538287081,1.2276336649837776,1.0851641351867576,1.0543082803911061,1.0677436979315522,1.2569476893502414,1.1569624218524897,1.1865665189732413,1.1183199880988601,1.1387248864108033,1.1038753155131507,1.132546361640493,1.115329608750659,1.188480917160179,1.1420016163950344,1.1773097947063338,1.108033772155836,1.1468638417970858,1.1028148612544164,0.9885572137148968,1.0441545938031391
Bosnian,1.1814207676602018,1.265218503874157,1.0954851835267414,1.1836457780640985,0,1.0519338376711889,1.2555293704008534,0.9170980707814416,1.063246434394919,1.1592900455836623,1.2258973261952524,1.1708939487560064,1.1210149067446196,1.2686767786682704,1.1599442165922833,1.1468322380866285,1.2653892960871587,1.1632374533977436,1.1811336373022066,1.3316674116403893,1.041176995290297,1.0959491042081289,1.1785464031261106,0.9936831058262252,1.2711321636753885,0.9902601880010441,1.1459338332690936,1.2319636623839314,1.2308593243399721,1.0053604862927394,1.1775910226474506,1.0870595125066427,0.9632009719992207,0.8230253861422564,1.2313748145280246,0.9914995251252122,0.9938618372273034,1.1866842437692768,1.219203231639366,0.9884944032417604,1.1544984515739027,1.0757955270498905
Bulgarian,1.1512987090265354,1.2286677144057336,1.1994802363516546,1.08720405905122,1.0519338376711889,0,1.0632336357436627,0.8556214669158313,0.9775518309855538,1.0805419353530548,1.0620280157238142,1.0255183568853976,1.0869436239968524,1.0750474065091224,1.0676904315357305,1.0931744805500603,1.108659991691993,1.1121404711713017,1.076273146636642,1.142753466091041,1.0044530355462276,1.197031286522716,1.15281940449162,0.819490742650686,1.0892191093750543,1.193117099049524,1.1803513592411188,1.108301904010056,1.125223640144639,0.9966516642903918,1.0651288197149602,1.074273476119134,0.9486798960042375,0.905282589441745,1.1766439961689805,0.9741973680367251,1.0308353845974931,1.0193914862798348,1.09123267911077,0.9209526796561431,1.0539138923893545,0.9665167870155232
Catalan,1.2402978483743303,1.277033617399951,1.2777065316805065,1.146686833931468,1.2555293704008534,1.0632336357436627,0,1.0631783992225845,1.1699309815631398,1.1049444947544604,1.1088847055447073,1.0804069479622216,1.0365419634556667,0.9972000439327826,1.1171470919324202,1.1092113884055688,1.1481185124239663,1.1595794089561384,1.163796910316025,1.1729058659839475,0.9716764068470726,1.2776543315262205,1.2262352771148122,1.0859758073373194,1.1163191153871075,1.2577784111052264,1.174526595242487,1.1856910622102896,1.2107531789423605,1.1481287725981046,0.9805827943199019,1.0328406740067833,1.1515724900155409,1.1321249358043242,1.2337412145439675,1.129255092936224,1.1559487948536435,0.8920814999586218,1.1148267124375524,1.1089577277177867,1.1209902958126565,1.049673305038183
Croatian,1.1593172501824303,1.2246911321787175,1.1705439104932887,1.1014696593854392,0.9170980707814416,0.8556214669158313,1.0631783992225845,0,0.9578609825160207,1.07325494372524,1.0842649356071212,1.0747227447214627,1.0616300491867043,1.1048176966681418,1.0696106262498308,1.060587649143106,1.1263877671852196,1.1031359932332399,1.0990648986424705,1.1682013200440269,0.9941017796175674,1.1651285786634709,1.1339439625724952,0.8714068166899028,1.1003132332770527,1.1740782838069734,1.1604032195829783,1.1231980593142838,1.1191503532402858,0.9472808143222289,1.0671109352408752,1.0463678944080492,0.9440347394518509,0.7930149284037663,1.160649793238453,0.9131210322512916,0.9112152046907026,1.0309149397025381,1.0960094668537759,0.9038342469333823,1.063947317660679,0.9949204130869838
Czech,1.2037848853417323,1.287032369531486,1.2383442259179172,1.1461643057837452,1.063246434394919,0.9775518309855538,1.1699309815631398,0.9578609825160207,0,1.0914119584394952,1.10249498262794,1.0974803528643406,1.1125050576629694,1.1786169910832565,1.0945032357468403,1.13938512011163,1.1995105397955368,1.180156152731881,1.133077175909989,1.2406688311602427,1.040976617298033,1.1800416802309184,1.2066010553688156,0.978887400029094,1.1976148786055574,1.1546403665548237,1.2166119626880958,1.157123035545959,1.1621411113193967,0.9892797089814079,1.112193912427941,1.109024847750815,0.9690183542895918,0.9462685745396184,1.2620504942443238,0.8925785475550242,1.0296723704160327,1.108966303466823,1.1381022570358192,0.9486916481388823,1.11366613370367,1.0316852324925103
Danish,1.1595725293595074,1.3534070175949138,1.3071306170742722,1.1605217261861989,1.1592900455836623,1.0805419353530548,1.1049444947544604,1.07325494372524,1.0914119584394952,0,1.0230787580117324,0.9685424679094669,1.064202190021548,1.1724839891697487,0.9717567126515346,1.116998148415995,1.1559505796297762,1.1249179695927392,1.0590125378950983,1.1905273150973676,1.0141840505156665,1.261061844204738,1.267034153447418,1.1056335797319323,1.1435609971740583,1.1323966917502,1.0015349081440008,1.1890670690631675,1.2297138392431661,1.107598394209623,1.0739600431841696,1.0578978914187076,1.1147275434768036,1.1307176434669377,1.3036823615527255,1.0720504697558029,1.0974150793738868,1.0718496331904759,1.0064743048183142,1.082449753401495,1.1036059596912102,0.9966544655248519
Dutch,1.0088441275106568,1.2836593872730255,1.2630925668566013,1.1577367867476527,1.2258973261952524,1.0620280157238142,1.1088847055447073,1.0842649356071212,1.10249498262794,1.0230787580117324,0,0.9809312787610354,1.1113206313445736,1.1466241164569604,0.9403353819323049,1.1045490695053892,1.1373568919218098,1.157206398769565,1.056309809864677,1.1822398364954254,1.0564931953674757,1.2478080386860342,1.2307774714288715,1.0579574538295518,1.1313330970210629,1.222071790994851,1.1220007889639245,1.1593194049745474,1.160827562481816,1.1265732346697857,1.0655415416766756,1.0998521521816418,1.1135009176313693,1.1119239768895848,1.2700762372191376,1.1087000777550025,1.118329731373146,1.0478209616309433,1.0399350406357166,1.0803051855031027,1.1327435937373946,1.053858121525834
English,1.0868129082366718,1.2891006936668596,1.2395973536152043,1.107079168103347,1.1708939487560064,1.0255183568853976,1.0804069479622216,1.0747227447214627,1.0974803528643406,0.9685424679094669,0.9809312787610354,0,1.0591935494610834,1.1240062937222979,0.9794650737320755,1.1152924805514906,1.0920977374968397,1.1034086906179328,1.064788124654052,1.1474979861732526,1.000812377276633,1.208195085131986,1.1908497205362762,1.0718443971886091,1.0958577529662274,1.1487192030848508,1.038945725370353,1.1585402421438953,1.1792814160530398,1.100070407114208,1.0937064275710449,1.0538500302848126,1.0920923332272419,1.1012178797707841,1.2434385265443766,1.1065579507513887,1.1426113192662832,1.0628554777631036,1.0098974546428103,1.0740980153314061,1.0748678762254276,0.9730227477952648
French,1.1652558912862716,1.2398464760762011,1.189399343010477,1.145306139358059,1.1210149067446196,1.0869436239968524,1.0365419634556667,1.0616300491867043,1.1125050576629694,1.064202190021548,1.1113206313445736,1.0591935494610834,0,1.0840176858538804,1.0970412115063288,1.0756848727129773,1.1768211938010271,1.137055130048137,1.1270471737045902,1.162399629459823,0.9451195516656126,1.1899395315572288,1.2061124889267398,1.0893645003008567,1.1329120215775983,1.1237471700976414,1.1415271337488901,1.1429747441172817,1.181812185029455,1.1088392457237444,1.0286545246160488,1.0164931954042364,1.106988931461511,1.104543664457279,1.2017678981129638,1.094406479896287,1.106192178351749,0.9909278792047735,1.1447631678573926,1.0989811214788807,1.0997648211998945,1.0020195363783977
Galician,1.1750950490758065,1.209104101307049,1.2166309541392752,1.182907909097725,1.2686767786682704,1.0750474065091224,0.9972000439327826,1.1048176966681418,1.1786169910832565,1.1724839891697487,1.1466241164569604,1.1240062937222979,1.0840176858538804,0,1.1540416180256632,1.1654143356925686,1.2196167052027693,1.2275230401100639,1.1099916713671973,1.1416583149708517,1.0128944208994606,1.3080241500541627,1.2691627210885024,1.1050228413299548,1.1871510326106314,1.2593451365014692,1.2608620992670578,1.1220621346198119,1.1282728911947928,1.2141764831943822,0.9392183652677094,1.1050299290682342,1.1547682514269926,1.1386099692680716,1.1396448175036522,1.1877261207142096,1.223677529634608,0.8614273433518365,1.129552725473783,1.1155185342488074,1.1627879364921092,1.0502119186699364
German,1.1080339412293039,1.2920268462824092,1.223750146347566,1.1204069490068063,1.1599442165922833,1.0676904315357305,1.1171470919324202,1.0696106262498308,1.0945032357468403,0.9717567126515346,0.9403353819323049,0.9794650737320755,1.0970412115063288,1.1540416180256632,0,1.0635590706066134,1.1361083758967625,1.1130456150546744,1.0549313792331563,1.1802501718744962,1.011770636351983,1.2004590579937269,1.2148167241349794,1.086857090125399,1.13100753399693,1.1495021123425957,1.116340315714048,1.1640358165633808,1.1826482547751023,1.1113446464828995,1.110038128884658,1.0623980031915303,1.1128242234520271,1.103540131599261,1.263588754521998,1.1046517319652005,1.1174070707041077,1.0781062502451288,1.0215976072232118,1.0777973271873602,1.0958740590930867,1.0099119385287665
Greek,1.1922990574993928,1.2287842605522197,1.1471418944637752,1.1312240086529817,1.1468322380866285,1.0931744805500603,1.1092113884055688,1.060587649143106,1.13938512011163,1.116998148415995,1.1045490695053892,1.1152924805514906,1.0756848727129773,1.1654143356925686,1.0635590706066134,0,1.1613807854342337,1.1183549061095786,1.1027084728259888,1.20724629376094,1.0231829433357138,1.1424271526130263,1.1590570128024478,1.1059562077060034,1.1433559994188038,1.1387047302171267,1.1711252870543416,1.152210713827221,1.1748328231350418,1.1147234279556282,1.1062497573441306,1.057763586556481,1.1078283882257187,1.1167419982888402,1.1872336385721312,1.1127295037171678,1.1301372518282722,1.0540592314580066,1.1476405567744323,1.0835091635672902,1.1114484350624805,1.0200931122897117
Gujarati,1.2777792013688547,1.3425433925874666,1.3073856760971816,1.0335193052844514,1.2653892960871587,1.108659991691993,1.1481185124239663,1.1263877671852196,1.1995105397955368,1.1559505796297762,1.1373568919218098,1.0920977374968397,1.1768211938010271,1.2196167052027693,1.1361083758967625,1.1613807854342337,0,0.9115536574153179,1.2097867505860727,1.2659784612299259,1.1042243632262223,1.30331501478777,1.244934836260572,1.1209883211863483,0.8537674966894893,1.1523993215776152,1.2326299552157778,1.1954416014640752,1.2442946452212402,1.1638667553483961,1.189368243939974,1.1287850202556073,1.207285079282957,1.177496910757826,1.2635914705036093,1.1782764375433257,1.2022101206861169,1.1141240214815356,1.1699585519113127,1.1500170208324454,1.019517081368435,1.0948174658432464
Hindi,1.2567336214296863,1.309135462401856,1.248089832203129,1.0255635844723834,1.1632374533977436,1.1121404711713017,1.1595794089561384,1.1031359932332399,1.180156152731881,1.1249179695927392,1.157206398769565,1.1034086906179328,1.137055130048137,1.2275230401100639,1.1130456150546744,1.1183549061095786,0.9115536574153179,0,1.2188689409301106,1.2475017926873742,1.0653071390560558,1.237025233914894,1.2293497282807035,1.1301145798624368,0.9454405575127152,1.0451480612652582,1.1822032045311373,1.171189229686111,1.2110922914159308,1.123000295909791,1.1766548573278521,1.062434829928457,1.1691721733618765,1.146700173903966,1.2217374716969127,1.136560920784654,1.1588865294811161,1.12216831616886,1.1594200487502755,1.1405028996503452,0.8919310220592144,1.0733275291605708
Icelandic,1.072828964293768,1.223735250500082,1.1243206724785346,1.172522151215176,1.1811336373022066,1.076273146636642,1.163796910316025,1.0990648986424705,1.133077175909989,1.0590125378950983,1.056309809864677,1.064788124654052,1.1270471737045902,1.1099916713671973,1.0549313792331563,1.1027084728259888,1.2097867505860727,1.2188689409301106,0,1.1849112294717739,1.0620873528309696,1.192051072082342,1.1708916740327076,1.089926367541863,1.1949205352958778,1.214400490578724,1.1335458424206264,1.128268752640495,1.1252732833297416,1.1590769791883937,1.1270122516398409,1.1355380778038113,1.0886541447580638,1.1023137023789842,1.1550981043277522,1.1435316082683975,1.1945933968590647,1.1020065128452998,1.0430052396546354,1.0778530995323847,1.155273564002435,1.0440738404059475
Irish,1.2331362045497263,1.2714719066278333,1.24174149308949,1.2231480452294652,1.3316674116403893,1.142753466091041,1.1729058659839475,1.1682013200440269,1.2406688311602427,1.1905273150973676,1.1822398364954254,1.1474979861732526,1.162399629459823,1.1416583149708517,1.1802501718744962,1.20724629376094,1.2659784612299259,1.2475017926873742,1.1849112294717739,0,1.1527889555672597,1.3496797169899715,1.322984717804113,1.171750339320742,1.218785363970599,1.2976633985084485,1.2941706679799567,1.1439769601959415,1.2053696146219521,1.2531796279405445,1.145525245377565,1.1771172293379455,1.2190473182945103,1.2302090459870056,1.1882292087617505,1.2377323439967869,1.2573930983391115,1.090313140135867,1.1729788541277053,1.180266403251757,1.1843270592086057,1.058812268979993
Italian,1.1395362717364366,1.20699817770111,1.135293289008414,1.0568750182301248,1.041176995290297,1.0044530355462276,0.9716764068470726,0.9941017796175674,1.040976617298033,1.0141840505156665,1.0564931953674757,1.000812377276633,0.9451195516656126,1.0128944208994606,1.011770636351983,1.0231829433357138,1.1042243632262223,1.0653071390560558,1.0620873528309696,1.1527889555672597,0,1.1365753859960839,1.1350144483084386,1.0122561327357973,1.090971837496186,1.0484354116877137,1.1022868779471908,1.1068211099247431,1.1198929617875066,1.0115860987306162,0.956303380949041,0.8934312439558058,1.0134970606602,1.01848479300893,1.1797315719498023,1.0290572518409338,1.0599752415113415,0.9380611695809603,1.068280187235672,1.0146677947809613,1.044368524480037,0.9145873904771105
Latvian,1.2754159078989984,1.3433192936657212,1.1935407154825028,1.2173071538287081,1.0959491042081289,1.197031286522716,1.2776543315262205,1.1651285786634709,1.1800416802309184,1.261061844204738,1.2478080386860342,1.208195085131986,1.1899395315572288,1.3080241500541627,1.2004590579937269,1.1424271526130263,1.30331501478777,1.237025233914894,1.192051072082342,1.3496797169899715,1.1365753859960839,0,0.9904680013194251,1.1792619189168803,1.2975722598790616,1.2085476049644945,1.2561613343577267,1.269641982409029,1.2724016172239814,1.110222929507485,1.2238725366834473,1.1446488600173716,1.0991379121882787,1.125303275478913,1.3084989621419907,1.1437950730337854,1.161292057651559,1.261090484008753,1.2612572485663862,1.1381029689031892,1.1890469025335308,1.1305287799073012
Lithuanian,1.2925075652624003,1.3375413048873368,1.2294933826486505,1.2276336649837776,1.1785464031261106,1.15281940449162,1.2262352771148122,1.1339439625724952,1.2066010553688156,1.267034153447418,1.2307774714288715,1.1908497205362762,1.2061124889267398,1.2691627210885024,1.2148167241349794,1.1590570128024478,1.244934836260572,1.2293497282807035,1.1708916740327076,1.322984717804113,1.1350144483084386,0.9904680013194251,0,1.1496983844080333,1.2475776812004578,1.292197226208331,1.253892105923067,1.2527888874372999,1.2442231468252294,1.1262689218833475,1.2476056232821648,1.1579173376245246,1.1203337825598383,1.1171269243317374,1.2758292374051636,1.183005212210095,1.2009923049860636,1.2079922635856186,1.2203563224042921,1.1249689122138882,1.2139446965838332,1.137843227770586
Macedonian,1.1818270205227916,1.2477752673090041,1.214317317919596,1.0851641351867576,0.9936831058262252,0.819490742650686,1.0859758073373194,0.8714068166899028,0.978887400029094,1.1056335797319323,1.0579574538295518,1.0718443971886091,1.0893645003008567,1.1050228413299548,1.086857090125399,1.1059562077060034,1.1209883211863483,1.1301145798624368,1.089926367541863,1.171750339320742,1.0122561327357973,1.1792619189168803,1.1496983844080333,0,1.116588847488255,1.190765545290716,1.2130697641442019,1.1063334914216516,1.141369002245601,0.9842828741152823,1.0611078205832511,1.079347760997,0.9070538715695633,0.7954660389633076,1.1822424164595229,0.9622544364217372,1.0217127028540733,1.0303659719384919,1.1059512615748668,0.8709616313307527,1.0736361093137845,1.0093189919543182
Marathi,1.2764153003887508,1.3067409659799314,1.2803456287411288,1.0543082803911061,1.2711321636753885,1.0892191093750543,1.1163191153871075,1.1003132332770527,1.1976148786055574,1.1435609971740583,1.1313330970210629,1.0958577529662274,1.1329120215775983,1.1871510326106314,1.13100753399693,1.1433559994188038,0.8537674966894893,0.9454405575127152,1.1949205352958778,1.218785363970599,1.090971837496186,1.2975722598790616,1.2475776812004578,1.116588847488255,0,1.1816366684559771,1.2158408178758198,1.1713546250848776,1.228764020329551,1.160314995939306,1.15498547697235,1.1183038890619104,1.1805598359373601,1.167681196024746,1.2298689106497696,1.150017323465204,1.1860948128558155,1.074721783159611,1.1510237528245368,1.137898069886556,1.033261690037766,1.0763736993478583
Nepali,1.1712548653628863,1.2408632344097907,1.1498243066159821,1.0677436979315522,0.9902601880010441,1.193117099049524,1.2577784111052264,1.1740782838069734,1.1546403665548237,1.1323966917502,1.222071790994851,1.1487192030848508,1.1237471700976414,1.2593451365014692,1.1495021123425957,1.1387047302171267,1.1523993215776152,1.0451480612652582,1.214400490578724,1.2976633985084485,1.0484354116877137,1.2085476049644945,1.292197226208331,1.190765545290716,1.1816366684559771,0,1.1558347021172073,1.1958520554725018,1.2352636227252982,1.1746874592123795,1.1908302800897197,1.0846145321501945,1.1587842365934513,1.1473676939779622,1.201349118142969,1.1502734309263185,1.1569965026310627,1.2045899995136027,1.1990910562310035,1.162728206442152,1.0645750558628666,1.0762402999105667
Norwegian,1.1164100070005318,1.3405669547899002,1.2261573122744371,1.2569476893502414,1.1459338332690936,1.1803513592411188,1.174526595242487,1.1604032195829783,1.2166119626880958,1.0015349081440008,1.1220007889639245,1.038945725370353,1.1415271337488901,1.2608620992670578,1.116340315714048,1.1711252870543416,1.2326299552157778,1.1822032045311373,1.1335458424206264,1.2941706679799567,1.1022868779471908,1.2561613343577267,1.253892105923067,1.2130697641442019,1.2158408178758198,1.1558347021172073,0,1.2903111435847483,1.2946764928924297,1.196218437600009,1.200493392024286,1.116604315748809,1.2049293597065749,1.2039946796629606,1.3029629834579706,1.1710007746298834,1.1588504520284262,1.1511949616463921,1.0035733969846852,1.1897173100148029,1.1965343034098843,1.1181955561313608
Pashto,1.1566689547055413,1.1758403856065425,1.1440004895876117,1.1569624218524897,1.2319636623839314,1.108301904010056,1.1856910622102896,1.1231980593142838,1.157123035545959,1.1890670690631675,1.1593194049745474,1.1585402421438953,1.1429747441172817,1.1220621346198119,1.1640358165633808,1.152210713827221,1.1954416014640752,1.171189229686111,1.128268752640495,1.1439769601959415,1.1068211099247431,1.269641982409029,1.2527888874372999,1.1063334914216516,1.1713546250848776,1.1958520554725018,1.2903111435847483,0,1.0501537447446778,1.1896275525653774,1.1395476441178007,1.16102007096153,1.1464451851363837,1.1413288029744035,1.1055396286968713,1.1852349873417964,1.2115076536771554,1.1039070064862448,1.1692315752458584,1.109361572584756,1.1060550661693118,1.0530749617981163
Persian,1.1785888964604325,1.2010999140984282,1.1337047714872017,1.1865665189732413,1.2308593243399721,1.125223640144639,1.2107531789423605,1.1191503532402858,1.1621411113193967,1.2297138392431661,1.160827562481816,1.1792814160530398,1.181812185029455,1.1282728911947928,1.1826482547751023,1.1748328231350418,1.2442946452212402,1.2110922914159308,1.1252732833297416,1.2053696146219521,1.1198929617875066,1.2724016172239814,1.2442231468252294,1.141369002245601,1.228764020329551,1.2352636227252982,1.2946764928924297,1.0501537447446778,0,1.1922494637151655,1.1756580089470798,1.1787782236551179,1.1437127423032292,1.134278572175235,1.1536507948798025,1.2053004382467853,1.2361369823616928,1.1491818658110515,1.1658971606401873,1.11595005873356,1.1380916753057482,1.0908698146206504
Polish,1.235670607441159,1.2999149116380442,1.2350383314643438,1.1183199880988601,1.0053604862927394,0.9966516642903918,1.1481287725981046,0.9472808143222289,0.9892797089814079,1.107598394209623,1.1265732346697857,1.100070407114208,1.1088392457237444,1.2141764831943822,1.1113446464828995,1.1147234279556282,1.1638667553483961,1.123000295909791,1.1590769791883937,1.2531796279405445,1.0115860987306162,1.110222929507485,1.1262689218833475,0.9842828741152823,1.160314995939306,1.1746874592123795,1.196218437600009,1.1896275525653774,1.1922494637151655,0,1.1095656159852616,1.0521662276065888,0.9593262103818214,0.9627925072739262,1.2596819747879913,0.9137944457925082,1.0172300372562384,1.1128090015190741,1.1599203493643415,0.9372095383864124,1.1013264550252355,1.0346903596624588
Portuguese,1.1934414843302035,1.253017679928552,1.2322140588530643,1.1387248864108033,1.1775910226474506,1.0651288197149602,0.9805827943199019,1.0671109352408752,1.112193912427941,1.0739600431841696,1.0655415416766756,1.0937064275710449,1.0286545246160488,0.9392183652677094,1.110038128884658,1.1062497573441306,1.189368243939974,1.1766548573278521,1.1270122516398409,1.145525245377565,0.956303380949041,1.2238725366834473,1.2476056232821648,1.0611078205832511,1.15498547697235,1.1908302800897197,1.200493392024286,1.1395476441178007,1.1756580089470798,1.1095656159852616,0,1.0297558009941596,1.0849851898726024,1.0893017068710895,1.2236780483081675,1.0754913706527165,1.1135679645448555,0.8584091092556696,1.1152789217841037,1.0669390906751386,1.117206211509371,1.0280501357358427
Romanian,1.1810689904198908,1.2622025789332132,1.1899971933936628,1.1038753155131507,1.0870595125066427,1.074273476119134,1.0328406740067833,1.0463678944080492,1.109024847750815,1.0578978914187076,1.0998521521816418,1.0538500302848126,1.0164931954042364,1.1050299290682342,1.0623980031915303,1.057763586556481,1.1287850202556073,1.062434829928457,1.1355380778038113,1.1771172293379455,0.8934312439558058,1.1446488600173716,1.1579173376245246,1.079347760997,1.1183038890619104,1.0846145321501945,1.116604315748809,1.16102007096153,1.1787782236551179,1.0521662276065888,1.0297558009941596,0,1.086561565146964,1.08519397544259,1.219290746168146,1.0798033187091423,1.089302482437609,1.007358149685901,1.1068975598807482,1.0757031260673495,1.0698038940656398,0.9902320397314185
Russian,1.1660886421564154,1.2301315153174164,1.1713054010195265,1.132546361640493,0.9632009719992207,0.9486798960042375,1.1515724900155409,0.9440347394518509,0.9690183542895918,1.1147275434768036,1.1135009176313693,1.0920923332272419,1.106988931461511,1.1547682514269926,1.1128242234520271,1.1078283882257187,1.207285079282957,1.1691721733618765,1.0886541447580638,1.2190473182945103,1.0134970606602,1.0991379121882787,1.1203337825598383,0.9070538715695633,1.1805598359373601,1.1587842365934513,1.2049293597065749,1.1464451851363837,1.1437127423032292,0.9593262103818214,1.0849851898726024,1.086561565146964,0,0.8821887271096894,1.1957629187675858,0.9517668246506518,1.0301853148984146,1.092704683246356,1.1376891002143923,0.8410999776940723,1.1198862934419038,1.0265792598978107
Serbian,1.174324097299281,1.244969798945571,1.1758453839389358,1.115329608750659,0.8230253861422564,0.905282589441745,1.1321249358043242,0.7930149284037663,0.9462685745396184,1.1307176434669377,1.1119239768895848,1.1012178797707841,1.104543664457279,1.1386099692680716,1.103540131599261,1.1167419982888402,1.177496910757826,1.146700173903966,1.1023137023789842,1.2302090459870056,1.01848479300893,1.125303275478913,1.1171269243317374,0.7954660389633076,1.167681196024746,1.1473676939779622,1.2039946796629606,1.1413288029744035,1.134278572175235,0.9627925072739262,1.0893017068710895,1.08519397544259,0.8821887271096894,0,1.1880459558406868,0.932668668585912,0.9457802298534239,1.0805225595965784,1.1332667964846719,0.8621332533988275,1.0909781977460709,1.0277701721528463
Sinhala,1.1824510635284062,1.1218149483114004,1.1068675724450383,1.188480917160179,1.2313748145280246,1.1766439961689805,1.2337412145439675,1.160649793238453,1.2620504942443238,1.3036823615527255,1.2700762372191376,1.2434385265443766,1.2017678981129638,1.1396448175036522,1.263588754521998,1.1872336385721312,1.2635914705036093,1.2217374716969127,1.1550981043277522,1.1882292087617505,1.1797315719498023,1.3084989621419907,1.2758292374051636,1.1822424164595229,1.2298689106497696,1.201349118142969,1.3029629834579706,1.1055396286968713,1.1536507948798025,1.2596819747879913,1.2236780483081675,1.219290746168146,1.1957629187675858,1.1880459558406868,0,1.2502755169798059,1.2828355279056844,1.1604602555319317,1.2015697441059046,1.1699724426461342,1.174214020693903,1.1368056763391574
Slovak,1.2233953350878746,1.2793449462755002,1.2315786312065893,1.1420016163950344,0.9914995251252122,0.9741973680367251,1.129255092936224,0.9131210322512916,0.8925785475550242,1.0720504697558029,1.1087000777550025,1.1065579507513887,1.094406479896287,1.1877261207142096,1.1046517319652005,1.1127295037171678,1.1782764375433257,1.136560920784654,1.1435316082683975,1.2377323439967869,1.0290572518409338,1.1437950730337854,1.183005212210095,0.9622544364217372,1.150017323465204,1.1502734309263185,1.1710007746298834,1.1852349873417964,1.2053004382467853,0.9137944457925082,1.0754913706527165,1.0798033187091423,0.9517668246506518,0.932668668585912,1.2502755169798059,0,0.959349047836275,1.0760357127676863,1.1330183246871461,0.9219760461304304,1.096887750186768,1.0270500627276966
Slovenian,1.2357494310291746,1.3106348879557113,1.2414889918535117,1.1773097947063338,0.9938618372273034,1.0308353845974931,1.1559487948536435,0.9112152046907026,1.0296723704160327,1.0974150793738868,1.118329731373146,1.1426113192662832,1.106192178351749,1.223677529634608,1.1174070707041077,1.1301372518282722,1.2022101206861169,1.1588865294811161,1.1945933968590647,1.2573930983391115,1.0599752415113415,1.161292057651559,1.2009923049860636,1.0217127028540733,1.1860948128558155,1.1569965026310627,1.1588504520284262,1.2115076536771554,1.2361369823616928,1.0172300372562384,1.1135679645448555,1.089302482437609,1.0301853148984146,0.9457802298534239,1.2828355279056844,0.959349047836275,0,1.1010658093317371,1.1660543261383556,1.0093136916566365,1.1347557166630777,1.0863435636074459
Spanish,1.1732904126625454,1.2255246337582462,1.2208218857593496,1.108033772155836,1.1866842437692768,1.0193914862798348,0.8920814999586218,1.0309149397025381,1.108966303466823,1.0718496331904759,1.0478209616309433,1.0628554777631036,0.9909278792047735,0.8614273433518365,1.0781062502451288,1.0540592314580066,1.1141240214815356,1.12216831616886,1.1020065128452998,1.090313140135867,0.9380611695809603,1.261090484008753,1.2079922635856186,1.0303659719384919,1.074721783159611,1.2045899995136027,1.1511949616463921,1.1039070064862448,1.1491818658110515,1.1128090015190741,0.8584091092556696,1.007358149685901,1.092704683246356,1.0805225595965784,1.1604602555319317,1.0760357127676863,1.1010658093317371,0,1.0878017394328883,1.0384065293119515,1.0906744930165027,1.0087685964076814
Swedish,1.12487854408967,1.2817645950968553,1.2371663962210777,1.1468638417970858,1.219203231639366,1.09123267911077,1.1148267124375524,1.0960094668537759,1.1381022570358192,1.0064743048183142,1.0399350406357166,1.0098974546428103,1.1447631678573926,1.129552725473783,1.0215976072232118,1.1476405567744323,1.1699585519113127,1.1594200487502755,1.0430052396546354,1.1729788541277053,1.068280187235672,1.2612572485663862,1.2203563224042921,1.1059512615748668,1.1510237528245368,1.1990910562310035,1.0035733969846852,1.1692315752458584,1.1658971606401873,1.1599203493643415,1.1152789217841037,1.1068975598807482,1.1376891002143923,1.1332667964846719,1.2015697441059046,1.1330183246871461,1.1660543261383556,1.0878017394328883,0,1.1138976668528433,1.1133242324905608,1.0423467283278554
Ukrainian,1.1717057624820142,1.221248889148754,1.183534689393243,1.1028148612544164,0.9884944032417604,0.9209526796561431,1.1089577277177867,0.9038342469333823,0.9486916481388823,1.082449753401495,1.0803051855031027,1.0740980153314061,1.0989811214788807,1.1155185342488074,1.0777973271873602,1.0835091635672902,1.1500170208324454,1.1405028996503452,1.0778530995323847,1.180266403251757,1.0146677947809613,1.1381029689031892,1.1249689122138882,0.8709616313307527,1.137898069886556,1.162728206442152,1.1897173100148029,1.109361572584756,1.11595005873356,0.9372095383864124,1.0669390906751386,1.0757031260673495,0.8410999776940723,0.8621332533988275,1.1699724426461342,0.9219760461304304,1.0093136916566365,1.0384065293119515,1.1138976668528433,0,1.0918299836597454,0.9899404309014345
Urdu,1.2320936545452883,1.2694853232669838,1.2337204177913805,0.9885572137148968,1.1544984515739027,1.0539138923893545,1.1209902958126565,1.063947317660679,1.11366613370367,1.1036059596912102,1.1327435937373946,1.0748678762254276,1.0997648211998945,1.1627879364921092,1.0958740590930867,1.1114484350624805,1.019517081368435,0.8919310220592144,1.155273564002435,1.1843270592086057,1.044368524480037,1.1890469025335308,1.2139446965838332,1.0736361093137845,1.033261690037766,1.0645750558628666,1.1965343034098843,1.1060550661693118,1.1380916753057482,1.1013264550252355,1.117206211509371,1.0698038940656398,1.1198862934419038,1.0909781977460709,1.174214020693903,1.096887750186768,1.1347557166630777,1.0906744930165027,1.1133242324905608,1.0918299836597454,0,1.003486288276805
Welsh,1.1090423041618067,1.1804934839987964,1.1251940575695578,1.0441545938031391,1.0757955270498905,0.9665167870155232,1.049673305038183,0.9949204130869838,1.0316852324925103,0.9966544655248519,1.053858121525834,0.9730227477952648,1.0020195363783977,1.0502119186699364,1.0099119385287665,1.0200931122897117,1.0948174658432464,1.0733275291605708,1.0440738404059475,1.058812268979993,0.9145873904771105,1.1305287799073012,1.137843227770586,1.0093189919543182,1.0763736993478583,1.0762402999105667,1.1181955561313608,1.0530749617981163,1.0908698146206504,1.0346903596624588,1.0280501357358427,0.9902320397314185,1.0265792598978107,1.0277701721528463,1.1368056763391574,1.0270500627276966,1.0863435636074459,1.0087685964076814,1.0423467283278554,0.9899404309014345,1.003486288276805,0
