,Afrikaans,Albanian,Armenian,Bengali,Bosnian,Bulgarian,Catalan,Croatian,Czech,Danish,Dutch,English,French,Galician,German,Greek,Gujarati,Hindi,Icelandic,Irish,Italian,Latvian,Lithuanian,Macedonian,Marathi,Nepali,Norwegian,Pashto,Persian,Polish,Portuguese,Romanian,Russian,Serbian,Sinhala,Slovak,Slovenian,Spanish,Swedish,Ukrainian,Urdu,Welsh
Afrikaans,0,0.7564554319363004,0.8387883762838619,0.7548670670985177,0.8323227547015268,0.7578896192657443,0.7616330317485183,0.7662782135645334,0.7637717114784941,0.7398261298257125,0.7586021470381589,0.7797883050006998,0.7407432799749986,0.7334384018470163,0.7742531497741161,0.7692508866216345,0.801485912090587,0.8046805467426299,0.7760314080107876,0.7237888466291685,0.8183248766623936,0.8397021158247707,0.9334402208679975,0.774555989827191,0.7673740262064799,0.7966895752593363,0.7375190220986922,0.7553518054627351,0.8158140273408537,0.8621343689498635,0.7573458659364108,0.7772704641768716,0.7952706441863049,0.7685474461528632,0.7634044366869084,0.7628276636357407,0.8071954691280877,0.749717365052188,0.763183516153627,0.7873776015404916,0.7445012151140225,0.8312447204310306
Albanian,0.7564554319363004,0,0.8324632385089691,0.7475901768597878,0.8183520521428705,0.741780990486437,0.7594669271789822,0.7487715410899534,0.7452575643755133,0.7363079768314559,0.7743309661007117,0.7771163381700439,0.7299780047273956,0.7202591117769198,0.7783903862899805,0.7647661821071966,0.8048208969893358,0.8101893162124024,0.7819495061382825,0.7195529092046519,0.8099855816730683,0.8292378502784403,0.925649395218828,0.7598013831541849,0.7667705048246942,0.790353884338687,0.7306095571727738,0.7568025715427802,0.8000597385289293,0.8557311295924984,0.7441670480625746,0.7645113396745693,0.7768621261071186,0.7522954380444167,0.7418750555615184,0.7473632723331769,0.7973789123579706,0.7308854019032258,0.7551662350924551,0.765597669824993,0.7289248409975261,0.8220386250244704
Armenian,0.8387883762838619,0.8324632385089691,0,0.8316228324021305,0.8921539000782385,0.8402536610992959,0.845245523293688,0.8411948681690067,0.8386279791266094,0.8374665933130837,0.8542733013267076,0.8620745186304823,0.8265018207018038,0.8172849096829632,0.8550706758398231,0.8421867164900662,0.8773620668389216,0.8780017234249,0.8536270144711253,0.8175855233687923,0.8769751306830111,0.8980819241884115,0.9654882593692858,0.8458327309017286,0.8472333920311121,0.8591472976466399,0.8362967477061126,0.8382635841347829,0.8725672497251753,0.9174605942896358,0.8353912298467078,0.8516407461872979,0.862719144346459,0.8411250273813144,0.8276527268345231,0.8433172721290448,0.8814468198376615,0.8217688151949348,0.8428309569146971,0.8545744756337458,0.8212677068465979,0.8848441447643328
Bengali,0.7548670670985177,0.7475901768597878,0.8316228324021305,0,0.8160704738219334,0.7429582734427164,0.7568839443919244,0.7504621409831758,0.7536862774682608,0.7378683308869569,0.7736386463624941,0.7740902505394927,0.7293700831712772,0.7296336207222155,0.7770675560639254,0.7635545677422451,0.7939988975010698,0.7971594473133897,0.7811218368191678,0.7216659798814241,0.8068396019204604,0.8267409025041905,0.9197994864081257,0.7606027243903826,0.7588910427020591,0.7763086017765038,0.7343928407695489,0.7560087292805613,0.8058003719235223,0.8532888184335377,0.7477893070659225,0.7669574860102787,0.7805107782328536,0.7551215476330487,0.7521578916335913,0.7528979825124306,0.7968903158101283,0.7357595440676359,0.7555490063733695,0.771866267632176,0.7251326764264762,0.8182640454002726
Bosnian,0.8323227547015268,0.8183520521428705,0.8921539000782385,0.8160704738219334,0,0.8031888705642278,0.8279243380619664,0.8014807308171634,0.8128659925906326,0.8116630265012255,0.8402918138899647,0.8351190188040483,0.8089041940878396,0.8021683290299735,0.8442245927052405,0.8296263451615666,0.8705505438641082,0.8724190717898821,0.8494735532042531,0.8028126739001789,0.8597858289896328,0.8819736743303379,0.9603482774453048,0.8069097853111712,0.8408564691502683,0.84575950885804,0.8088580485562744,0.8364237339092877,0.8629190791160581,0.8931052758997456,0.8183691285883237,0.8299430173078242,0.8244094134030702,0.7920278970468,0.8238331949584555,0.814963015143864,0.8536047591907697,0.8075511381179993,0.8240418536866048,0.8098127412035591,0.801068434021941,0.8698928432566384
Bulgarian,0.7578896192657443,0.741780990486437,0.8402536610992959,0.7429582734427164,0.8031888705642278,0,0.7556970898517468,0.7247067420671406,0.7338026937406358,0.7277267407911922,0.7671348890770142,0.7553717420855306,0.7260237089833963,0.7279557637796089,0.774559100514003,0.759478490497076,0.8038172314396462,0.8030004630722302,0.782446492521031,0.7199610347056882,0.7939762932512735,0.8206703906841525,0.9177491046190628,0.7501167694492438,0.7677356863942026,0.7803875760328409,0.7273491936553488,0.7607233934438025,0.8035392638306552,0.8412107004509483,0.7434966207527222,0.7537494067136699,0.770256971194848,0.7424505292118638,0.7468912900118595,0.7395598638074073,0.7918200791609749,0.7333972335665901,0.7493669401696372,0.7558655464236864,0.727071652945617,0.8048971131227454
Catalan,0.7616330317485183,0.7594669271789822,0.845245523293688,0.7568839443919244,0.8279243380619664,0.7556970898517468,0,0.7647663935690485,0.764527414707071,0.7453245719507993,0.7796533672342764,0.7824493054481286,0.7375806753380723,0.7287771805576767,0.7846019225471708,0.7688752872246623,0.8072681400150055,0.8134044044638875,0.7914993859677143,0.7294371449143326,0.8110878696570042,0.8361563321525023,0.9321568595264194,0.7764016476908725,0.7739894795833042,0.7960814790798901,0.7412998484268775,0.7650825408455739,0.81692252945638,0.8653802986979235,0.7507894297501474,0.7704017188987391,0.794504857653402,0.7678458012395206,0.7680928222247543,0.7632589309249272,0.8058262871167479,0.738711344295335,0.7606889831067363,0.7849839713475212,0.7441681438146998,0.831167403714147
Croatian,0.7662782135645334,0.7487715410899534,0.8411948681690067,0.7504621409831758,0.8014807308171634,0.7247067420671406,0.7647663935690485,0,0.7403745845636933,0.74063767040589,0.7743467659872,0.7677531243526537,0.7345729595693101,0.7346610478921491,0.778902423080149,0.7664474043393387,0.8093236118456756,0.8114329761786924,0.790732510317387,0.7311602261337691,0.7979501572000186,0.8281313972586558,0.9174560851187147,0.7563376129507888,0.774793710684959,0.7863396879250263,0.7387893989585022,0.7709291423058723,0.8065335499760744,0.8427716650808588,0.7483673528762738,0.7654171495201141,0.7767346510433851,0.7427764630551692,0.7543696678709171,0.747428011625833,0.7986467453926911,0.740194138287377,0.7584038162154648,0.7607192856412713,0.7352008366032728,0.812049191502327
Czech,0.7637717114784941,0.7452575643755133,0.8386279791266094,0.7536862774682608,0.8128659925906326,0.7338026937406358,0.764527414707071,0.7403745845636933,0,0.7435715508253397,0.7731768901058886,0.7774204751767425,0.7353179799288341,0.730906323619067,0.7758236371614157,0.7665834627776924,0.8096419270276639,0.8105061717655868,0.7867410089742494,0.7271676063837189,0.8024629010238923,0.8292897072385952,0.9195557357778773,0.7623481428094414,0.7755898272356064,0.7880458267662905,0.7372736598043298,0.7672354684182207,0.8029186406468761,0.8411680638885661,0.7481470333763577,0.7653070777843002,0.7780056462998615,0.7523299855628034,0.7557782615265519,0.742317706387837,0.8042668466768038,0.7399224310026105,0.7591479709175744,0.7645137979020098,0.7350568025815483,0.8186215478371668
Danish,0.7398261298257125,0.7363079768314559,0.8374665933130837,0.7378683308869569,0.8116630265012255,0.7277267407911922,0.7453245719507993,0.74063767040589,0.7435715508253397,0,0.7621529000877496,0.7547256283825344,0.7176937658956646,0.7152421693339556,0.7629054990014155,0.7603596313376306,0.795852785240077,0.7994650592975737,0.7710245618256057,0.7042992361229041,0.8028093304957683,0.823017088433947,0.9285147273541182,0.7550364884543733,0.7561798832861841,0.7813936440706125,0.7006862944248085,0.7488078058939226,0.8010675255973019,0.8532589559289284,0.7404404163848138,0.7546082888144794,0.7762024164116209,0.7450324687370619,0.7458357977475049,0.739899862144419,0.7844099401032484,0.7286029563393476,0.7388595984771222,0.764056216251013,0.7232186665022535,0.8147354056990281
Dutch,0.7586021470381589,0.7743309661007117,0.8542733013267076,0.7736386463624941,0.8402918138899647,0.7671348890770142,0.7796533672342764,0.7743467659872,0.7731768901058886,0.7621529000877496,0,0.7913244148889229,0.7582547008493696,0.7574508174441377,0.7799271021328094,0.7838387732645341,0.8163010381874614,0.8194347913082047,0.7978609325764909,0.7473364939807751,0.8215710010560601,0.8510124495575089,0.9384595383833786,0.7896079261299604,0.7862632495648725,0.806148667071936,0.7581977076727014,0.781040666858633,0.8252880095834236,0.8665161970906956,0.7729993360272204,0.7870741227375504,0.8073282834198379,0.7824176441577682,0.7823593308192105,0.7819675546444572,0.826729921536745,0.7667071722457268,0.7756441547729884,0.7966071418140723,0.7619084967219568,0.8369273473615235
English,0.7797883050006998,0.7771163381700439,0.8620745186304823,0.7740902505394927,0.8351190188040483,0.7553717420855306,0.7824493054481286,0.7677531243526537,0.7774204751767425,0.7547256283825344,0.7913244148889229,0,0.7629134557489498,0.7620123727578076,0.797831793208271,0.7886885494585452,0.8312568060015662,0.8308176916490411,0.8035727254999234,0.7539946023091472,0.8188770628727455,0.8453704714312676,0.935195542487238,0.7893747975778236,0.7958723973618912,0.8075294068414729,0.7567635925486983,0.788981834110037,0.8320648037438994,0.870850422936905,0.7788394830450409,0.7827596641779011,0.8046302338312726,0.7805992581275668,0.7817787806204037,0.7778037237461081,0.8217732983585456,0.7687050655926108,0.7779086438401838,0.7923999627973726,0.7610730043436728,0.8276674405539349
French,0.7407432799749986,0.7299780047273956,0.8265018207018038,0.7293700831712772,0.8089041940878396,0.7260237089833963,0.7375806753380723,0.7345729595693101,0.7353179799288341,0.7176937658956646,0.7582547008493696,0.7629134557489498,0,0.7058280882367937,0.7593393265874169,0.7514158652165485,0.7903379291802035,0.7926002023527805,0.7695548330415861,0.6987885481771607,0.7912015164823208,0.8193488287322268,0.9179783755868475,0.7512170747055992,0.7503793092144828,0.7749949916775029,0.7104294494076003,0.7422536987438937,0.7946002224741638,0.8419674606119621,0.7257880855122719,0.7512406522047367,0.7702482284001296,0.740650202192617,0.7380427477322012,0.7347790830930669,0.7873225124650067,0.7167936871713402,0.7419569349735091,0.761049641879463,0.7154811632099712,0.8117482245818095
Galician,0.7334384018470163,0.7202591117769198,0.8172849096829632,0.7296336207222155,0.8021683290299735,0.7279557637796089,0.7287771805576767,0.7346610478921491,0.730906323619067,0.7152421693339556,0.7574508174441377,0.7620123727578076,0.7058280882367937,0,0.7579282019491989,0.7474590790035016,0.7858320630962432,0.7951298968062417,0.7608504870075996,0.6927235220641438,0.7915657767550306,0.8167126765802465,0.9146275137993488,0.744209814401964,0.7495394528351115,0.7754071188301106,0.7087928384736505,0.733653871134362,0.7875534906713032,0.8419245052096633,0.7150052155645692,0.7485825738268324,0.7646718141809886,0.737889771078071,0.7331925385391512,0.7319317684553721,0.7797019705553826,0.7008242589847771,0.7351947468532691,0.7543210825170713,0.7125779898508086,0.8113980684776889
German,0.7742531497741161,0.7783903862899805,0.8550706758398231,0.7770675560639254,0.8442245927052405,0.774559100514003,0.7846019225471708,0.778902423080149,0.7758236371614157,0.7629054990014155,0.7799271021328094,0.797831793208271,0.7593393265874169,0.7579282019491989,0,0.7856730949320591,0.8227948347226772,0.8258195098004597,0.8034558768231264,0.748804134286933,0.8263108465407161,0.8517361461962711,0.9402805853466926,0.7910240966647065,0.7904264798442435,0.8134788096430715,0.7590146488493953,0.7852360554651595,0.8294115317215397,0.8726268985714224,0.7748470370718566,0.7930360987511172,0.8115900829891604,0.783500841720583,0.7848181635777177,0.782347335601021,0.8300368322369854,0.7672821230418101,0.7800811481224025,0.7994955204337691,0.763925192256539,0.8445658908359149
Greek,0.7692508866216345,0.7647661821071966,0.8421867164900662,0.7635545677422451,0.8296263451615666,0.759478490497076,0.7688752872246623,0.7664474043393387,0.7665834627776924,0.7603596313376306,0.7838387732645341,0.7886885494585452,0.7514158652165485,0.7474590790035016,0.7856730949320591,0,0.8086150102174395,0.8139372301267738,0.792859245625526,0.7418335871607578,0.8114794355933227,0.8391128632696319,0.9262640855706336,0.7801170765133366,0.7777854354897773,0.7970710839952652,0.7566951613029335,0.7742086297138837,0.8185454295861165,0.8620602474210061,0.7657260471213836,0.7792352876824262,0.7973886333385061,0.7721409630160461,0.7728015783275968,0.7706050064130905,0.8149605371076967,0.7531021098842016,0.7708671670136955,0.783563470055833,0.750568327002886,0.8263689853256467
Gujarati,0.801485912090587,0.8048208969893358,0.8773620668389216,0.7939988975010698,0.8705505438641082,0.8038172314396462,0.8072681400150055,0.8093236118456756,0.8096419270276639,0.795852785240077,0.8163010381874614,0.8312568060015662,0.7903379291802035,0.7858320630962432,0.8227948347226772,0.8086150102174395,0,0.8241018071669115,0.826488866628131,0.7772576055557033,0.8556852450543323,0.8780281919030565,0.9619572713186351,0.8184162582635772,0.7854413805203374,0.8290478765281741,0.7932680066238408,0.801577308520084,0.8555853555142786,0.897819803618281,0.8086617860244796,0.8206388606232464,0.8352890271542139,0.8129921776348302,0.8099068669725188,0.8108028247949591,0.8509529254019816,0.7992032626629963,0.8122748723540368,0.8277881091315188,0.7836424854170438,0.8698463499526305
Hindi,0.8046805467426299,0.8101893162124024,0.8780017234249,0.7971594473133897,0.8724190717898821,0.8030004630722302,0.8134044044638875,0.8114329761786924,0.8105061717655868,0.7994650592975737,0.8194347913082047,0.8308176916490411,0.7926002023527805,0.7951298968062417,0.8258195098004597,0.8139372301267738,0.8241018071669115,0,0.8312602104475181,0.782330049179742,0.8525157769672305,0.8818847325975835,0.9612675159508762,0.8211799672649829,0.798951169212174,0.8260106037892515,0.7998775664185003,0.8054680364546837,0.8542362258947944,0.8942701845886707,0.8136360774320903,0.8196552190103218,0.8415870669837751,0.8158661870022615,0.8110071209512203,0.8120660993449824,0.8544632766046963,0.8063459812680794,0.8163366024403302,0.8298715230222098,0.7850142957043111,0.8658966930914022
Icelandic,0.7760314080107876,0.7819495061382825,0.8536270144711253,0.7811218368191678,0.8494735532042531,0.782446492521031,0.7914993859677143,0.790732510317387,0.7867410089742494,0.7710245618256057,0.7978609325764909,0.8035727254999234,0.7695548330415861,0.7608504870075996,0.8034558768231264,0.792859245625526,0.826488866628131,0.8312602104475181,0,0.7560381456728055,0.8352547101292194,0.857543660332952,0.9415213781175468,0.7972628534007344,0.7935877321991901,0.8144746709563203,0.7669956290311578,0.7839788420672549,0.8351148293197407,0.8787190516082883,0.7859631902956012,0.7992445842935773,0.8153974176603332,0.7923486065839933,0.7868434343116315,0.787862669115849,0.8313981229900926,0.7741511600649679,0.7877144552809847,0.8077932912415153,0.7690588373596147,0.8442500910813289
Irish,0.7237888466291685,0.7195529092046519,0.8175855233687923,0.7216659798814241,0.8028126739001789,0.7199610347056882,0.7294371449143326,0.7311602261337691,0.7271676063837189,0.7042992361229041,0.7473364939807751,0.7539946023091472,0.6987885481771607,0.6927235220641438,0.748804134286933,0.7418335871607578,0.7772576055557033,0.782330049179742,0.7560381456728055,0,0.7922453834640012,0.812549417793493,0.9146145434063715,0.737593665420466,0.736702978617442,0.7685484418474499,0.6978571231003088,0.7232768315478377,0.7885668327644908,0.8393058486603164,0.7172917375298369,0.7456935854335052,0.7618858290393661,0.7332160495088412,0.7311446296862999,0.7257504035526946,0.7731664578183962,0.7073002583105775,0.7308335319058055,0.7525187351243049,0.7074445460874923,0.8079720448458755
Italian,0.8183248766623936,0.8099855816730683,0.8769751306830111,0.8068396019204604,0.8597858289896328,0.7939762932512735,0.8110878696570042,0.7979501572000186,0.8024629010238923,0.8028093304957683,0.8215710010560601,0.8188770628727455,0.7912015164823208,0.7915657767550306,0.8263108465407161,0.8114794355933227,0.8556852450543323,0.8525157769672305,0.8352547101292194,0.7922453834640012,0,0.8762466819376823,0.9464555742570622,0.818622911940104,0.8273293831893881,0.8298634283455328,0.805688108771896,0.8222916829323649,0.8501409401794184,0.8868593841228515,0.8065831885769454,0.8102773015862244,0.8334703692664472,0.8103727724859034,0.8107473395379095,0.8110179598979453,0.8576026602524345,0.7946892351126746,0.8099133644478684,0.819182971134508,0.7943163619530519,0.844838787913478
Latvian,0.8397021158247707,0.8292378502784403,0.8980819241884115,0.8267409025041905,0.8819736743303379,0.8206703906841525,0.8361563321525023,0.8281313972586558,0.8292897072385952,0.823017088433947,0.8510124495575089,0.8453704714312676,0.8193488287322268,0.8167126765802465,0.8517361461962711,0.8391128632696319,0.8780281919030565,0.8818847325975835,0.857543660332952,0.812549417793493,0.8762466819376823,0,0.9604085121931265,0.837636367512268,0.8464178851984703,0.8583553248168105,0.8213964277767524,0.839787288168998,0.8805111857812704,0.914634301886565,0.8323690394070757,0.8416927500381359,0.8514162123438764,0.8318031685948627,0.8314522139263425,0.8304812941386239,0.8712422987488473,0.8210641153757023,0.8350014237989696,0.8435349425559581,0.8164608679561015,0.8813734299838287
Lithuanian,0.9334402208679975,0.925649395218828,0.9654882593692858,0.9197994864081257,0.9603482774453048,0.9177491046190628,0.9321568595264194,0.9174560851187147,0.9195557357778773,0.9285147273541182,0.9384595383833786,0.935195542487238,0.9179783755868475,0.9146275137993488,0.9402805853466926,0.9262640855706336,0.9619572713186351,0.9612675159508762,0.9415213781175468,0.9146145434063715,0.9464555742570622,0.9604085121931265,0,0.9260031241565426,0.9394335413110319,0.9338478410558203,0.9256052349726971,0.9348005530210067,0.9561913360051322,0.9828760768590178,0.925338826763401,0.9309194903874406,0.9385789669139657,0.9220348967023635,0.9197306603880533,0.9282995191996929,0.9654748294286716,0.9116162583033965,0.9278919168829804,0.9312830070112977,0.9107252636783612,0.9512273692151647
Macedonian,0.774555989827191,0.7598013831541849,0.8458327309017286,0.7606027243903826,0.8069097853111712,0.7501167694492438,0.7764016476908725,0.7563376129507888,0.7623481428094414,0.7550364884543733,0.7896079261299604,0.7893747975778236,0.7512170747055992,0.744209814401964,0.7910240966647065,0.7801170765133366,0.8184162582635772,0.8211799672649829,0.7972628534007344,0.737593665420466,0.818622911940104,0.837636367512268,0.9260031241565426,0,0.7844675862224908,0.7991989290249062,0.7522626565269998,0.7764466043532281,0.8186693165560448,0.856091014388544,0.7626216767273749,0.7797005844199536,0.7788686181789198,0.7438413945415712,0.7695809557352811,0.7623435183309714,0.8040356520310735,0.7508753729190358,0.7734807880862817,0.7652296663852425,0.7451951563734245,0.8285908464784371
Marathi,0.7673740262064799,0.7667705048246942,0.8472333920311121,0.7588910427020591,0.8408564691502683,0.7677356863942026,0.7739894795833042,0.774793710684959,0.7755898272356064,0.7561798832861841,0.7862632495648725,0.7958723973618912,0.7503793092144828,0.7495394528351115,0.7904264798442435,0.7777854354897773,0.7854413805203374,0.798951169212174,0.7935877321991901,0.736702978617442,0.8273293831893881,0.8464178851984703,0.9394335413110319,0.7844675862224908,0,0.797500645517483,0.7538201278248435,0.7671529102092353,0.8249140536023745,0.870037831148102,0.7712836361599464,0.7871102435594635,0.8010365081137681,0.7785011998063673,0.7727499931074697,0.7750455723301801,0.8135020191887531,0.7610618830879323,0.7775861987824659,0.7941593111188865,0.7476761178618557,0.8399477172015679
Nepali,0.7966895752593363,0.790353884338687,0.8591472976466399,0.7763086017765038,0.84575950885804,0.7803875760328409,0.7960814790798901,0.7863396879250263,0.7880458267662905,0.7813936440706125,0.806148667071936,0.8075294068414729,0.7749949916775029,0.7754071188301106,0.8134788096430715,0.7970710839952652,0.8290478765281741,0.8260106037892515,0.8144746709563203,0.7685484418474499,0.8298634283455328,0.8583553248168105,0.9338478410558203,0.7991989290249062,0.797500645517483,0,0.7803736358427412,0.7926263931545331,0.8364817592461394,0.8767964675750854,0.7932485990630861,0.800375346281096,0.818479563385247,0.794211540942519,0.7888974851888958,0.7939643728051125,0.8375499748973354,0.7830095917212478,0.7951326507340394,0.8064801845046797,0.766601579697656,0.8381001721609412
Norwegian,0.7375190220986922,0.7306095571727738,0.8362967477061126,0.7343928407695489,0.8088580485562744,0.7273491936553488,0.7412998484268775,0.7387893989585022,0.7372736598043298,0.7006862944248085,0.7581977076727014,0.7567635925486983,0.7104294494076003,0.7087928384736505,0.7590146488493953,0.7566951613029335,0.7932680066238408,0.7998775664185003,0.7669956290311578,0.6978571231003088,0.805688108771896,0.8213964277767524,0.9256052349726971,0.7522626565269998,0.7538201278248435,0.7803736358427412,0,0.7450392732581942,0.7963516668702397,0.8505349839780781,0.7335273220873073,0.7558733122062011,0.7693710926053163,0.7407950659207,0.7431048318956971,0.7370886991058114,0.7780036433588448,0.7205658530732773,0.7358690709931386,0.7594931604467925,0.7165006718086322,0.8193663030274465
Pashto,0.7553518054627351,0.7568025715427802,0.8382635841347829,0.7560087292805613,0.8364237339092877,0.7607233934438025,0.7650825408455739,0.7709291423058723,0.7672354684182207,0.7488078058939226,0.781040666858633,0.788981834110037,0.7422536987438937,0.733653871134362,0.7852360554651595,0.7742086297138837,0.801577308520084,0.8054680364546837,0.7839788420672549,0.7232768315478377,0.8222916829323649,0.839787288168998,0.9348005530210067,0.7764466043532281,0.7671529102092353,0.7926263931545331,0.7450392732581942,0,0.8139399609909216,0.8664519691566858,0.7621245563000659,0.779696694795348,0.7978143069769936,0.7705399472977347,0.7576630115071326,0.7653233796626061,0.8038698660838683,0.7533677396871292,0.7694907565731132,0.7893881240901028,0.7414899362439723,0.8322323251334799
Persian,0.8158140273408537,0.8000597385289293,0.8725672497251753,0.8058003719235223,0.8629190791160581,0.8035392638306552,0.81692252945638,0.8065335499760744,0.8029186406468761,0.8010675255973019,0.8252880095834236,0.8320648037438994,0.7946002224741638,0.7875534906713032,0.8294115317215397,0.8185454295861165,0.8555853555142786,0.8542362258947944,0.8351148293197407,0.7885668327644908,0.8501409401794184,0.8805111857812704,0.9561913360051322,0.8186693165560448,0.8249140536023745,0.8364817592461394,0.7963516668702397,0.8139399609909216,0,0.8914724766912965,0.8046479280912934,0.8213983356933632,0.8350827280627098,0.8092961564155953,0.8029668109898251,0.8091797453676298,0.854726261284568,0.7954405625032268,0.8140225823356592,0.8211604390297085,0.7888749275830162,0.8635882024067298
Polish,0.8621343689498635,0.8557311295924984,0.9174605942896358,0.8532888184335377,0.8931052758997456,0.8412107004509483,0.8653802986979235,0.8427716650808588,0.8411680638885661,0.8532589559289284,0.8665161970906956,0.870850422936905,0.8419674606119621,0.8419245052096633,0.8726268985714224,0.8620602474210061,0.897819803618281,0.8942701845886707,0.8787190516082883,0.8393058486603164,0.8868593841228515,0.914634301886565,0.9828760768590178,0.856091014388544,0.870037831148102,0.8767964675750854,0.8505349839780781,0.8664519691566858,0.8914724766912965,0,0.8523255824706817,0.8650034470841372,0.8687815329687375,0.8489489597788971,0.8595581377278131,0.8482447468466955,0.8952228781541698,0.8468464325427446,0.8606769731232368,0.8582834733002475,0.8406309993934523,0.8967742477242087
Portuguese,0.7573458659364108,0.7441670480625746,0.8353912298467078,0.7477893070659225,0.8183691285883237,0.7434966207527222,0.7507894297501474,0.7483673528762738,0.7481470333763577,0.7404404163848138,0.7729993360272204,0.7788394830450409,0.7257880855122719,0.7150052155645692,0.7748470370718566,0.7657260471213836,0.8086617860244796,0.8136360774320903,0.7859631902956012,0.7172917375298369,0.8065831885769454,0.8323690394070757,0.925338826763401,0.7626216767273749,0.7712836361599464,0.7932485990630861,0.7335273220873073,0.7621245563000659,0.8046479280912934,0.8523255824706817,0,0.7666407226094941,0.7823090629463915,0.7551281880351198,0.7554961053377989,0.7515006106150306,0.8013238845246665,0.7172102164139468,0.754037408197603,0.7700655138333119,0.7330590136682533,0.8246743413635539
Romanian,0.7772704641768716,0.7645113396745693,0.8516407461872979,0.7669574860102787,0.8299430173078242,0.7537494067136699,0.7704017188987391,0.7654171495201141,0.7653070777843002,0.7546082888144794,0.7870741227375504,0.7827596641779011,0.7512406522047367,0.7485825738268324,0.7930360987511172,0.7792352876824262,0.8206388606232464,0.8196552190103218,0.7992445842935773,0.7456935854335052,0.8102773015862244,0.8416927500381359,0.9309194903874406,0.7797005844199536,0.7871102435594635,0.800375346281096,0.7558733122062011,0.779696694795348,0.8213983356933632,0.8650034470841372,0.7666407226094941,0,0.7982040958575312,0.7744896120139401,0.7737129420580799,0.7705064892899196,0.8172607155348056,0.7545627507339231,0.7693048286111492,0.7842979090904305,0.7509380302605909,0.8255509756234045
Russian,0.7952706441863049,0.7768621261071186,0.862719144346459,0.7805107782328536,0.8244094134030702,0.770256971194848,0.794504857653402,0.7767346510433851,0.7780056462998615,0.7762024164116209,0.8073282834198379,0.8046302338312726,0.7702482284001296,0.7646718141809886,0.8115900829891604,0.7973886333385061,0.8352890271542139,0.8415870669837751,0.8153974176603332,0.7618858290393661,0.8334703692664472,0.8514162123438764,0.9385789669139657,0.7788686181789198,0.8010365081137681,0.818479563385247,0.7693710926053163,0.7978143069769936,0.8350827280627098,0.8687815329687375,0.7823090629463915,0.7982040958575312,0,0.7690156568303588,0.7884845596414237,0.7797911034783264,0.8224237289573667,0.7699856881020174,0.7896876494498667,0.7763362663335251,0.7640986840400101,0.8417195497593233
Serbian,0.7685474461528632,0.7522954380444167,0.8411250273813144,0.7551215476330487,0.7920278970468,0.7424505292118638,0.7678458012395206,0.7427764630551692,0.7523299855628034,0.7450324687370619,0.7824176441577682,0.7805992581275668,0.740650202192617,0.737889771078071,0.783500841720583,0.7721409630160461,0.8129921776348302,0.8158661870022615,0.7923486065839933,0.7332160495088412,0.8103727724859034,0.8318031685948627,0.9220348967023635,0.7438413945415712,0.7785011998063673,0.794211540942519,0.7407950659207,0.7705399472977347,0.8092961564155953,0.8489489597788971,0.7551281880351198,0.7744896120139401,0.7690156568303588,0,0.7618080067584155,0.7524503220715102,0.792197775808497,0.7440311765742527,0.7625652526989288,0.7575186559878225,0.7379800195097046,0.8233288414895611
Sinhala,0.7634044366869084,0.7418750555615184,0.8276527268345231,0.7521578916335913,0.8238331949584555,0.7468912900118595,0.7680928222247543,0.7543696678709171,0.7557782615265519,0.7458357977475049,0.7823593308192105,0.7817787806204037,0.7380427477322012,0.7331925385391512,0.7848181635777177,0.7728015783275968,0.8099068669725188,0.8110071209512203,0.7868434343116315,0.7311446296862999,0.8107473395379095,0.8314522139263425,0.9197306603880533,0.7695809557352811,0.7727499931074697,0.7888974851888958,0.7431048318956971,0.7576630115071326,0.8029668109898251,0.8595581377278131,0.7554961053377989,0.7737129420580799,0.7884845596414237,0.7618080067584155,0,0.7540455806463103,0.8024626037943847,0.7419858121407138,0.7654067166147788,0.7762509794212158,0.7344517313010116,0.8198783257815072
Slovak,0.7628276636357407,0.7473632723331769,0.8433172721290448,0.7528979825124306,0.814963015143864,0.7395598638074073,0.7632589309249272,0.747428011625833,0.742317706387837,0.739899862144419,0.7819675546444572,0.7778037237461081,0.7347790830930669,0.7319317684553721,0.782347335601021,0.7706050064130905,0.8108028247949591,0.8120660993449824,0.787862669115849,0.7257504035526946,0.8110179598979453,0.8304812941386239,0.9282995191996929,0.7623435183309714,0.7750455723301801,0.7939643728051125,0.7370886991058114,0.7653233796626061,0.8091797453676298,0.8482447468466955,0.7515006106150306,0.7705064892899196,0.7797911034783264,0.7524503220715102,0.7540455806463103,0,0.7957674727298217,0.7422565621676419,0.7603645443941505,0.770277499920286,0.7365516942168726,0.824375272607969
Slovenian,0.8071954691280877,0.7973789123579706,0.8814468198376615,0.7968903158101283,0.8536047591907697,0.7918200791609749,0.8058262871167479,0.7986467453926911,0.8042668466768038,0.7844099401032484,0.826729921536745,0.8217732983585456,0.7873225124650067,0.7797019705553826,0.8300368322369854,0.8149605371076967,0.8509529254019816,0.8544632766046963,0.8313981229900926,0.7731664578183962,0.8576026602524345,0.8712422987488473,0.9654748294286716,0.8040356520310735,0.8135020191887531,0.8375499748973354,0.7780036433588448,0.8038698660838683,0.854726261284568,0.8952228781541698,0.8013238845246665,0.8172607155348056,0.8224237289573667,0.792197775808497,0.8024626037943847,0.7957674727298217,0,0.7884000755418773,0.8055855867840873,0.813446389363061,0.782737456102806,0.8679016810473243
Spanish,0.749717365052188,0.7308854019032258,0.8217688151949348,0.7357595440676359,0.8075511381179993,0.7333972335665901,0.738711344295335,0.740194138287377,0.7399224310026105,0.7286029563393476,0.7667071722457268,0.7687050655926108,0.7167936871713402,0.7008242589847771,0.7672821230418101,0.7531021098842016,0.7992032626629963,0.8063459812680794,0.7741511600649679,0.7073002583105775,0.7946892351126746,0.8210641153757023,0.9116162583033965,0.7508753729190358,0.7610618830879323,0.7830095917212478,0.7205658530732773,0.7533677396871292,0.7954405625032268,0.8468464325427446,0.7172102164139468,0.7545627507339231,0.7699856881020174,0.7440311765742527,0.7419858121407138,0.7422565621676419,0.7884000755418773,0,0.7413885760698817,0.7573487098391976,0.7196541302888794,0.813618399998252
Swedish,0.763183516153627,0.7551662350924551,0.8428309569146971,0.7555490063733695,0.8240418536866048,0.7493669401696372,0.7606889831067363,0.7584038162154648,0.7591479709175744,0.7388595984771222,0.7756441547729884,0.7779086438401838,0.7419569349735091,0.7351947468532691,0.7800811481224025,0.7708671670136955,0.8122748723540368,0.8163366024403302,0.7877144552809847,0.7308335319058055,0.8099133644478684,0.8350014237989696,0.9278919168829804,0.7734807880862817,0.7775861987824659,0.7951326507340394,0.7358690709931386,0.7694907565731132,0.8140225823356592,0.8606769731232368,0.754037408197603,0.7693048286111492,0.7896876494498667,0.7625652526989288,0.7654067166147788,0.7603645443941505,0.8055855867840873,0.7413885760698817,0,0.7767602864027885,0.7410389949797199,0.8248443734867571
Ukrainian,0.7873776015404916,0.765597669824993,0.8545744756337458,0.771866267632176,0.8098127412035591,0.7558655464236864,0.7849839713475212,0.7607192856412713,0.7645137979020098,0.764056216251013,0.7966071418140723,0.7923999627973726,0.761049641879463,0.7543210825170713,0.7994955204337691,0.783563470055833,0.8277881091315188,0.8298715230222098,0.8077932912415153,0.7525187351243049,0.819182971134508,0.8435349425559581,0.9312830070112977,0.7652296663852425,0.7941593111188865,0.8064801845046797,0.7594931604467925,0.7893881240901028,0.8211604390297085,0.8582834733002475,0.7700655138333119,0.7842979090904305,0.7763362663335251,0.7575186559878225,0.7762509794212158,0.770277499920286,0.813446389363061,0.7573487098391976,0.7767602864027885,0,0.753036347324609,0.829190509313861
Urdu,0.7445012151140225,0.7289248409975261,0.8212677068465979,0.7251326764264762,0.801068434021941,0.727071652945617,0.7441681438146998,0.7352008366032728,0.7350568025815483,0.7232186665022535,0.7619084967219568,0.7610730043436728,0.7154811632099712,0.7125779898508086,0.763925192256539,0.750568327002886,0.7836424854170438,0.7850142957043111,0.7690588373596147,0.7074445460874923,0.7943163619530519,0.8164608679561015,0.9107252636783612,0.7451951563734245,0.7476761178618557,0.766601579697656,0.7165006718086322,0.7414899362439723,0.7888749275830162,0.8406309993934523,0.7330590136682533,0.7509380302605909,0.7640986840400101,0.7379800195097046,0.7344517313010116,0.7365516942168726,0.782737456102806,0.7196541302888794,0.7410389949797199,0.753036347324609,0,0.8040275307531595
Welsh,0.8312447204310306,0.8220386250244704,0.8848441447643328,0.8182640454002726,0.8698928432566384,0.8048971131227454,0.831167403714147,0.812049191502327,0.8186215478371668,0.8147354056990281,0.8369273473615235,0.8276674405539349,0.8117482245818095,0.8113980684776889,0.8445658908359149,0.8263689853256467,0.8698463499526305,0.8658966930914022,0.8442500910813289,0.8079720448458755,0.844838787913478,0.8813734299838287,0.9512273692151647,0.8285908464784371,0.8399477172015679,0.8381001721609412,0.8193663030274465,0.8322323251334799,0.8635882024067298,0.8967742477242087,0.8246743413635539,0.8255509756234045,0.8417195497593233,0.8233288414895611,0.8198783257815072,0.824375272607969,0.8679016810473243,0.813618399998252,0.8248443734867571,0.829190509313861,0.8040275307531595,0
