,Afrikaans,Albanian,Armenian,Bengali,Bosnian,Bulgarian,Catalan,Croatian,Czech,Danish,Dutch,English,French,Galician,German,Greek,Gujarati,Hindi,Icelandic,Irish,Italian,Latvian,Lithuanian,Macedonian,Marathi,Nepali,Norwegian,Pashto,Persian,Polish,Portuguese,Romanian,Russian,Serbian,Sinhala,Slovak,Slovenian,Spanish,Swedish,Ukrainian,Urdu,Welsh
Afrikaans,0,102.89775286916064,119.89405601232448,100.97516206886135,112.49530604884988,98.77344818057088,96.87180033561765,97.28616898779694,106.62566928804812,80.80913896301878,72.69789111052287,95.01801542908474,93.44840216819773,88.67062180380621,91.19607207781597,101.98014196727937,103.37837744997073,106.39966386922654,89.61433227645523,89.49615657975677,119.96654295444925,115.99827405736254,149.89783892294506,100.10583106109502,96.59776983946189,109.11859926688861,80.02039677174211,91.30853240252412,114.35747982481773,125.07361922676425,99.85523423464495,101.2002910159965,105.19736606883662,97.85616349541823,107.29342882839678,98.60105205832316,99.9910262318873,103.15765665718627,88.46950760488372,105.18280707096615,101.2655341798037,125.05277214269712
Albanian,102.89775286916064,0,127.85157014032947,106.5287396022811,124.24783570270627,109.94946936245115,109.48173149120377,107.38590103165349,118.76187924577943,103.67553520596796,115.42623714500563,124.21262632866583,101.6449257350612,96.02988519065521,117.29747372101633,110.88922918980825,112.73002826285106,112.92754892632341,112.99556396506006,102.07431383377065,129.20616293461885,128.2983884486948,155.89003534132075,109.65775859459221,104.40988228098742,111.331284261856,103.62152208977697,99.17441672608521,122.96299854766342,137.40732724747068,111.38260631581112,108.71569953770418,114.62073873758435,109.15810475042231,101.27917455023015,109.80884596851563,114.18679464598976,111.94357361539507,111.29021066673049,113.14941811458382,106.41843880788223,136.95246601055027
Armenian,119.89405601232448,127.85157014032947,0,128.56585704024351,141.84809127591825,130.9599557694799,129.04149245883508,126.5512737564631,136.52840352414617,125.5144469147808,132.75240552817644,139.99715212550024,124.70255098118095,118.49085911507709,132.87477287200338,126.0882328357921,133.6370925509469,136.0233002127201,125.33693276477469,120.4335328260993,148.53489730869188,141.02792106714375,167.8240641521847,129.30045296242906,127.24872093511216,136.70171387324882,122.43084994303776,118.31263872016557,135.8567877091329,154.96297996649423,131.20119225729073,128.35825388490193,134.06154321969123,128.88732855863245,129.66896316712908,129.0444765554042,133.20601460478846,134.16663545812145,128.90305441363958,134.7276534345213,128.71068128433905,150.39541995640965
Bengali,100.97516206886135,106.5287396022811,128.56585704024351,0,122.50004602227452,105.79937578205707,102.35124934984269,106.05310847506784,115.22260076432927,101.78421811678497,110.49332490341266,115.97086792198697,100.87745684841842,96.97398418543266,113.53993567839406,103.48986407178857,90.06062644196031,89.81831014848346,111.98380224941437,98.00488051761596,123.8994533018495,127.09242648089509,154.96454650831487,108.36055835857624,87.91666235856057,94.07934718496423,101.81319578115584,97.60981603635524,120.90960346548007,130.215437828148,107.21055103154202,106.16844594834275,114.35799477577731,107.47500857231054,105.91368031478383,107.96777586612639,109.74128626712253,105.64836627869835,107.80665983100928,112.72546219363217,90.26187512077,133.09314194138176
Bosnian,112.49530604884988,124.24783570270627,141.84809127591825,122.50004602227452,0,96.80513688051695,120.82865413927624,76.8796941458252,106.3860926518059,115.78572471113165,125.23234814747333,134.00890514097551,116.19276498476223,111.50415051961637,128.1569412394065,122.71254818031909,127.59736112277282,128.27676755202364,120.74984116538329,117.1020320017273,135.40733747143324,128.99158181155056,158.3159306286287,86.04066454789104,120.76034127152553,132.09718224644809,112.75806624920929,117.38006597755616,135.95216843839628,119.80087174072023,122.00730542664552,119.13352516278954,99.18868622751758,67.18554902175153,127.78189160993007,97.00538382974776,98.3612845992114,123.0431201725344,122.06239354685735,98.09132480740075,121.97555892022868,147.9109323008055
Bulgarian,98.77344818057088,109.94946936245115,130.9599557694799,105.79937578205707,96.80513688051695,0,100.90108335993476,78.09145710446555,94.68858379494975,97.70895514658686,108.98735798182487,112.72992346610854,99.5333909675736,94.32517803603967,112.54701700063039,104.30200616066749,109.76970429949887,110.07284045824359,109.93808522728824,98.7443234589191,116.51200867903943,122.80762240997977,150.07709565316736,79.3883457970385,102.83205785853983,116.81252153637276,98.26405061026225,100.8330186298606,120.99817030522642,115.63852331743401,106.17049383094728,104.52213477355687,96.38239512028474,84.05204832901812,112.29207055720207,89.25191034901067,90.4263616273748,102.73523078013403,106.54925118662197,95.36065225322918,104.26980833827379,125.80643531055154
Catalan,96.87180033561765,109.48173149120377,129.04149245883508,102.35124934984269,120.82865413927624,100.90108335993476,0,101.10343034108443,113.01423529214556,96.68202222013352,105.47183158894359,107.87235172299802,90.3347390962319,78.3391386933541,110.01806509403035,101.15221671551762,104.91711060705676,105.816927223746,108.9341913141488,92.91953197739215,105.48041262937134,126.3244208571681,155.38716942097454,106.06470203184475,98.19928579607424,115.12880125436796,95.39517370396256,99.13772029996939,122.39432462348167,130.211386561225,88.5579721361762,94.89895120359743,113.50791969142652,105.63747381183968,111.85084543911253,103.72952858560379,103.83170714828523,82.32992033136705,102.94699687593943,111.63796914962143,103.71562124288609,127.93995048421702
Croatian,97.28616898779694,107.38590103165349,126.5512737564631,106.05310847506784,76.8796941458252,78.09145710446555,101.10343034108443,0,92.53641029758079,96.83642892100437,109.4879182430384,113.08155079328286,98.54262603403694,93.22236961875186,112.39348042818796,105.45982803403913,109.46572396821583,110.64244550286392,108.09749867204619,99.15976566886357,116.23341915880827,120.34578077347152,144.4748190712317,80.69124119673256,101.9151390924538,115.48561980446182,97.70864624973058,98.07132992229185,118.61275297279012,111.27035819239747,107.16726037869188,102.67281757277175,92.85265879857023,65.97527079804607,110.33024170110613,84.6250775520493,80.80181385281759,104.7958316288663,106.16443638828326,90.25067109446185,104.74427879730729,126.99182662716514
Czech,106.62566928804812,118.76187924577943,136.52840352414617,115.22260076432927,106.3860926518059,94.68858379494975,113.01423529214556,92.53641029758079,0,103.81010678743856,118.62846666068452,122.37412814884412,107.6304564232713,104.50826745373215,121.18270455142316,115.84585229506612,121.67409013907172,122.82912821861527,116.56029279627141,107.09037026192809,129.64953867130623,125.7941991351361,158.87820443248023,100.20854433881613,114.50519073043984,124.94288726886715,105.0803248340734,109.431328895106,129.5743444190167,113.74490558561641,116.39917358934292,113.86868219523043,98.87156819069774,94.30023484801684,121.00721098224972,75.92780812017044,99.95099920722636,115.64132789192297,115.93245643549002,97.57837534378567,113.67037848245944,136.23554710605993
Danish,80.80913896301878,103.67553520596796,125.5144469147808,101.78421811678497,115.78572471113165,97.70895514658686,96.68202222013352,96.83642892100437,103.81010678743856,0,92.86165154518021,95.53710773956576,90.71169342922917,88.79000273389111,90.950688046771,100.62265345942866,103.99011938849384,106.31350080728222,88.82336986001627,86.75721706758561,115.94196936953844,119.09732137999856,152.62465620971722,102.50358126501177,96.33531053600484,107.78166635637831,70.77567101993469,92.26079665494612,116.02366330864504,126.57358228837094,102.21669829035649,100.2223632349511,106.62796615773418,101.75389885861702,107.3976998289056,97.82724386998626,98.44279751358671,103.14361286048809,82.94747193394323,106.4694043686031,100.50426651421884,121.7189097435283
Dutch,72.69789111052287,115.42623714500563,132.75240552817644,110.49332490341266,125.23234814747333,108.98735798182487,105.47183158894359,109.4879182430384,118.62846666068452,92.86165154518021,0,103.38285872005743,103.84486803533606,102.45685297748832,92.51260551027352,108.89550121960767,111.42460130658912,114.03824544449066,103.33417388026372,100.2616894905632,128.1596210871477,128.54729848742684,161.93342783476206,112.38601615231744,105.80629117479968,120.87340847935717,90.59525780146382,105.7291245167127,126.18301267420563,136.10127581411794,109.23356852891327,111.5627480562605,118.78050939711271,111.80544852463849,120.20857753750124,110.98498673748934,110.34409191259357,110.79651418793301,100.00997802356292,118.62182749296771,110.42615807329241,134.22652641134556
English,95.01801542908474,124.21262632866583,139.99715212550024,115.97086792198697,134.00890514097551,112.72992346610854,107.87235172299802,113.08155079328286,122.37412814884412,95.53710773956576,103.38285872005743,0,107.62562247431134,107.19378456083753,107.39186186369238,115.88383673483841,115.3350319542112,120.99581468577829,112.64416721747553,101.2747390563137,130.615398050725,135.1013858992505,168.7605288470838,119.34340152849428,110.22815214539318,125.38897215262365,97.22310059414124,111.9580680625309,132.69444779148554,141.2899309768051,114.59930664338322,116.37216660320635,124.8760811333995,117.70486194159564,129.38872755842303,114.7856439635569,115.12918154431104,116.20809464578585,105.75039636925636,124.62978699328005,115.67385677233256,133.78812139225099
French,93.44840216819773,101.6449257350612,124.70255098118095,100.87745684841842,116.19276498476223,99.5333909675736,90.3347390962319,98.54262603403694,107.6304564232713,90.71169342922917,103.84486803533606,107.62562247431134,0,84.68572463226437,106.13056103831315,100.3653707947783,105.55538645302614,107.53258369174056,105.28671335586168,90.86869580071354,107.7777821069041,119.79407441521897,150.85727299093162,103.67025904533689,97.09367114749999,110.63996985758185,93.1763596681582,93.85849806397967,116.75702277401113,127.5714804750307,95.96107028311658,96.67955435413462,108.15086676502642,102.0071201189463,107.95502455664828,100.66556550716533,101.14000417154104,96.05740521625162,103.19813869728887,106.77064090848964,101.42171812587243,124.80086566379192
Galician,88.67062180380621,96.02988519065521,118.49085911507709,96.97398418543266,111.50415051961637,94.32517803603967,78.3391386933541,93.22236961875186,104.50826745373215,88.79000273389111,102.45685297748832,107.19378456083753,84.68572463226437,0,104.49979367264388,97.6033883168266,101.39119024536058,102.67432431544432,97.85103011472,87.23327769141402,100.57292661425839,118.00505868746184,146.53944398010447,97.92460902353069,93.52994044014002,104.75419280297135,88.9732407993109,90.07614637486068,111.03667391933733,125.16338853225442,77.43334567854869,90.24213270843885,103.7701949329828,96.97452561224173,98.41173301915104,96.31485642525739,99.2206404096849,69.64494421615284,96.87679679867452,102.62989772005724,98.24730945152076,121.14149598057475
German,91.19607207781597,117.29747372101633,132.87477287200338,113.53993567839406,128.1569412394065,112.54701700063039,110.01806509403035,112.39348042818796,121.18270455142316,90.950688046771,92.51260551027352,107.39186186369238,106.13056103831315,104.49979367264388,0,109.76108997927402,115.19613150637265,117.83009733223706,106.06003430150886,101.46711724298655,127.98114669888872,130.47294639924613,161.63020295085545,116.50849841128489,110.13161101878747,121.08698341875504,95.88359420017724,107.62395646175509,125.59024620599952,139.2338634729701,115.28209424551656,113.1607323897403,123.39055510979948,114.89990014758332,122.90130959266564,113.19395781005397,113.22414409284494,115.07923890450544,99.80338071108736,122.02143310801456,113.51650855994363,135.28558308271494
Greek,101.98014196727937,110.88922918980825,126.0882328357921,103.48986407178857,122.71254818031909,104.30200616066749,101.15221671551762,105.45982803403913,115.84585229506612,100.62265345942866,108.89550121960767,115.88383673483841,100.3653707947783,97.6033883168266,109.76108997927402,0,105.83638781343231,107.21538562502259,108.68745931889677,98.0081813116005,119.89203520812843,121.67400105282952,148.56788515396585,108.31679560542436,101.83168507926908,112.37416687413254,101.17666882573133,99.9081650113607,121.76279896645343,132.19393711503426,107.38284325156792,104.06724067602774,114.07659704941624,108.99211870877191,113.38566671015603,107.9102339484658,109.86151720121913,103.94605194613123,108.41397250838706,112.4606404450919,105.08463788969291,128.2643939326606
Gujarati,103.37837744997073,112.73002826285106,133.6370925509469,90.06062644196031,127.59736112277282,109.76970429949887,104.91711060705676,109.46572396821583,121.67409013907172,103.99011938849384,111.42460130658912,115.3350319542112,105.55538645302614,101.39119024536058,115.19613150637265,105.83638781343231,0,83.16441738276818,115.7596844038805,100.02686272829727,129.89113264945294,133.8941762676051,159.52983061437328,112.8189109422778,74.7725732171637,98.87665782803128,104.37968016808713,99.0320565383046,126.40285207966423,137.40081667764264,113.20464159864964,111.21120905152692,121.37418137178011,112.67085932180824,113.06309497658809,112.53106022505675,112.6090358293547,108.52239479266929,109.8289928137639,118.36160301180396,91.9074750620962,136.2620175303682
Hindi,106.39966386922654,112.92754892632341,136.0233002127201,89.81831014848346,128.27676755202364,110.07284045824359,105.816927223746,110.64244550286392,122.82912821861527,106.31350080728222,114.03824544449066,120.99581468577829,107.53258369174056,102.67432431544432,117.83009733223706,107.21538562502259,83.16441738276818,0,117.21397245490725,101.77391521064563,130.27234814489896,136.1371415418718,160.54535268090075,112.39336291067292,84.68449781461713,99.29217840969278,105.44372189306456,100.05799298249838,124.80347997664776,136.94299057100588,112.98811811225661,109.77436552715736,122.4811008530857,113.416742476303,110.95107472332238,113.06856163759572,115.02731819686981,109.00387140074344,110.65673317843758,118.60600322332714,78.82013564517617,139.0381613498161
Icelandic,89.61433227645523,112.99556396506006,125.33693276477469,111.98380224941437,120.74984116538329,109.93808522728824,108.9341913141488,108.09749867204619,116.56029279627141,88.82336986001627,103.33417388026372,112.64416721747553,105.28671335586168,97.85103011472,106.06003430150886,108.68745931889677,115.7596844038805,117.21397245490725,0,101.42554588277861,128.4290814731272,120.71711443951455,151.6762022453034,109.7092096474564,109.41868358577717,122.0081471604937,86.3053546845567,104.36977955265733,121.00721824213178,134.98830921262785,111.73566084156609,109.73924626061238,112.83424375689187,108.40068147643309,113.24073541448826,110.45597744428815,112.72875936095697,114.34470196399035,93.05483329579978,113.51091335788985,112.19937411550872,135.06520817440395
Irish,89.49615657975677,102.07431383377065,120.4335328260993,98.00488051761596,117.1020320017273,98.7443234589191,92.91953197739215,99.15976566886357,107.09037026192809,86.75721706758561,100.2616894905632,101.2747390563137,90.86869580071354,87.23327769141402,101.46711724298655,98.0081813116005,100.02686272829727,101.77391521064563,101.42554588277861,0,117.99034955152975,122.14493684893722,153.39052476010662,101.68076785542587,92.10047984401233,107.66290973504219,89.63854576807233,89.01968478106583,115.158157556674,126.0942384829392,96.35946505981352,98.62356566331135,107.53530604840618,102.78093754249974,105.15297137569956,97.80597643001781,100.10121012119781,95.4233724591294,97.48487469913657,106.90140282710762,97.0637637794901,118.7628152292588
Italian,119.96654295444925,129.20616293461885,148.53489730869188,123.8994533018495,135.40733747143324,116.51200867903943,105.48041262937134,116.23341915880827,129.64953867130623,115.94196936953844,128.1596210871477,130.615398050725,107.7777821069041,100.57292661425839,127.98114669888872,119.89203520812843,129.89113264945294,130.27234814489896,128.4290814731272,117.99034955152975,0,145.02905165951486,169.7944259607222,123.44963017032943,122.3051819245785,134.36632249080097,117.59487176184722,121.42543522349433,139.77598763698978,146.62861620701074,113.11422332461565,109.48507527026896,130.2021591610884,122.07021526126132,135.20197682740948,122.50136694209473,122.67153910583738,106.30927004263494,124.59257919948742,128.27924619857987,126.17518907681195,138.30172010236734
Latvian,115.99827405736254,128.2983884486948,141.02792106714375,127.09242648089509,128.99158181155056,122.80762240997977,126.3244208571681,120.34578077347152,125.7941991351361,119.09732137999856,128.54729848742684,135.1013858992505,119.79407441521897,118.00505868746184,130.47294639924613,121.67400105282952,133.8941762676051,136.1371415418718,120.71711443951455,122.14493684893722,145.02905165951486,0,141.74988901687527,122.09265278545055,126.25320458051114,138.1564698121002,117.3073980487259,122.30939799981216,143.05824303067203,139.95798833570166,125.7823780747077,126.52975824727977,120.61994549123085,118.60695645689414,134.2312025118331,118.11604724781505,122.54106266575897,134.16574443467132,125.90390141953414,124.66383972961826,128.14340088502584,151.3664636191129
Lithuanian,149.89783892294506,155.89003534132075,167.8240641521847,154.96454650831487,158.3159306286287,150.07709565316736,155.38716942097454,144.4748190712317,158.87820443248023,152.62465620971722,161.93342783476206,168.7605288470838,150.85727299093162,146.53944398010447,161.63020295085545,148.56788515396585,159.52983061437328,160.54535268090075,151.6762022453034,153.39052476010662,169.7944259607222,141.74988901687527,0,149.2652317900012,154.327429249383,160.28376145511191,149.47985337485235,149.21086711207977,168.5529000390362,172.66241264047966,161.05950922257574,152.98318557809836,152.2825654927677,145.67903422134782,154.19795410050685,152.46176178425986,154.0321055528799,159.31424685407512,153.36572182970878,151.22936844838938,155.9773257654265,177.59271652641615
Macedonian,100.10583106109502,109.65775859459221,129.30045296242906,108.36055835857624,86.04066454789104,79.3883457970385,106.06470203184475,80.69124119673256,100.20854433881613,102.50358126501177,112.38601615231744,119.34340152849428,103.67025904533689,97.92460902353069,116.50849841128489,108.31679560542436,112.8189109422778,112.39336291067292,109.7092096474564,101.68076785542587,123.44963017032943,122.09265278545055,149.2652317900012,0,106.46156580292734,117.97216839919102,101.44400761841428,102.1117423254354,123.50661218392085,115.70381948993689,109.45678424180795,107.0615930388459,92.01954623033419,72.39799376095921,112.37539159970092,90.63675529383202,93.3849910708669,108.73071767659312,109.52652296488614,90.49651410559908,107.47319452391449,135.2656891192782
Marathi,96.59776983946189,104.40988228098742,127.24872093511216,87.91666235856057,120.76034127152553,102.83205785853983,98.19928579607424,101.9151390924538,114.50519073043984,96.33531053600484,105.80629117479968,110.22815214539318,97.09367114749999,93.52994044014002,110.13161101878747,101.83168507926908,74.7725732171637,84.68449781461713,109.41868358577717,92.10047984401233,122.3051819245785,126.25320458051114,154.327429249383,106.46156580292734,0,98.49345037700033,96.88096724806339,92.9472368556442,121.7410586830707,130.02013211052216,104.51924346050875,104.06364095324733,111.86992627257564,105.35113311608984,106.200679899954,103.88572942794886,105.1160085822144,100.90313177757872,103.95547066613459,110.7416877595251,89.8165444835367,128.98613596315334
Nepali,109.11859926688861,111.331284261856,136.70171387324882,94.07934718496423,132.09718224644809,116.81252153637276,115.12880125436796,115.48561980446182,124.94288726886715,107.78166635637831,120.87340847935717,125.38897215262365,110.63996985758185,104.75419280297135,121.08698341875504,112.37416687413254,98.87665782803128,99.29217840969278,122.0081471604937,107.66290973504219,134.36632249080097,138.1564698121002,160.28376145511191,117.97216839919102,98.49345037700033,0,111.53502300456394,101.34351320147519,128.89164358796594,143.48410528207202,119.07580798214403,115.58069853097113,125.12947642055666,118.16920301512687,109.87927819906423,116.63553958133765,120.04232785264942,118.04354307094644,116.22032101642208,123.53584009422325,97.75021179259218,139.39148672390667
Norwegian,80.02039677174211,103.62152208977697,122.43084994303776,101.81319578115584,112.75806624920929,98.26405061026225,95.39517370396256,97.70864624973058,105.0803248340734,70.77567101993469,90.59525780146382,97.22310059414124,93.1763596681582,88.9732407993109,95.88359420017724,101.17666882573133,104.37968016808713,105.44372189306456,86.3053546845567,89.63854576807233,117.59487176184722,117.3073980487259,149.47985337485235,101.44400761841428,96.88096724806339,111.53502300456394,0,95.62007934611623,116.10288292388242,124.3034131649968,99.95227123169788,100.21823219508765,106.28870334324573,99.28968703767167,107.31201504586828,97.47368086266124,98.68745114635715,100.09026523753937,74.33138628771934,105.44578466921803,99.69924160931305,126.50794829037885
Pashto,91.30853240252412,99.17441672608521,118.31263872016557,97.60981603635524,117.38006597755616,100.8330186298606,99.13772029996939,98.07132992229185,109.431328895106,92.26079665494612,105.7291245167127,111.9580680625309,93.85849806397967,90.07614637486068,107.62395646175509,99.9081650113607,99.0320565383046,100.05799298249838,104.36977955265733,89.01968478106583,121.42543522349433,122.30939799981216,149.21086711207977,102.1117423254354,92.9472368556442,101.34351320147519,95.62007934611623,0,104.95871747212455,129.71542620333432,103.04017773764359,100.77894535884538,107.77613130184754,101.66023619246269,99.64759703242147,101.86578702571099,102.06220103019702,103.35290298943028,102.36441286589718,107.04003995239927,93.0778584732239,125.77419426598509
Persian,114.35747982481773,122.96299854766342,135.8567877091329,120.90960346548007,135.95216843839628,120.99817030522642,122.39432462348167,118.61275297279012,129.5743444190167,116.02366330864504,126.18301267420563,132.69444779148554,116.75702277401113,111.03667391933733,125.59024620599952,121.76279896645343,126.40285207966423,124.80347997664776,121.00721824213178,115.158157556674,139.77598763698978,143.05824303067203,168.5529000390362,123.50661218392085,121.7410586830707,128.89164358796594,116.10288292388242,104.95871747212455,0,149.54510061183407,125.74762829978009,121.17547067756949,129.49653533155953,122.06422722513196,123.97349048820982,122.35385726589458,124.99574752105173,126.22716296525532,121.9321687173724,125.88121797008576,115.50883245672425,144.5908988064805
Polish,125.07361922676425,137.40732724747068,154.96297996649423,130.215437828148,119.80087174072023,115.63852331743401,130.211386561225,111.27035819239747,113.74490558561641,126.57358228837094,136.10127581411794,141.2899309768051,127.5714804750307,125.16338853225442,139.2338634729701,132.19393711503426,137.40081667764264,136.94299057100588,134.98830921262785,126.0942384829392,146.62861620701074,139.95798833570166,172.66241264047966,115.70381948993689,130.02013211052216,143.48410528207202,124.3034131649968,129.71542620333432,149.54510061183407,0,130.8268919751057,131.29152265577005,115.97220744475563,110.5875870842555,142.54293831997455,100.59469885095594,115.65961537230663,133.68678999332408,132.33920231479453,113.69994294217992,132.15403061738743,157.02668856920172
Portuguese,99.85523423464495,111.38260631581112,131.20119225729073,107.21055103154202,122.00730542664552,106.17049383094728,88.5579721361762,107.16726037869188,116.39917358934292,102.21669829035649,109.23356852891327,114.59930664338322,95.96107028311658,77.43334567854869,115.28209424551656,107.38284325156792,113.20464159864964,112.98811811225661,111.73566084156609,96.35946505981352,113.11422332461565,125.7823780747077,161.05950922257574,109.45678424180795,104.51924346050875,119.07580798214403,99.95227123169788,103.04017773764359,125.74762829978009,130.8268919751057,0,102.51430151484253,114.91573667856923,108.7555035466636,115.6844082402271,106.6077154392435,110.06693908046012,85.77451852308535,109.56189675813371,114.53501093476038,108.03520510947914,132.80551449403242
Romanian,101.2002910159965,108.71569953770418,128.35825388490193,106.16844594834275,119.13352516278954,104.52213477355687,94.89895120359743,102.67281757277175,113.86868219523043,100.2223632349511,111.5627480562605,116.37216660320635,96.67955435413462,90.24213270843885,113.1607323897403,104.06724067602774,111.21120905152692,109.77436552715736,109.73924626061238,98.62356566331135,109.48507527026896,126.52975824727977,152.98318557809836,107.0615930388459,104.06364095324733,115.58069853097113,100.21823219508765,100.77894535884538,121.17547067756949,131.29152265577005,102.51430151484253,0,113.14807332735712,106.221138903945,113.59768792137596,106.20495336759289,108.19377080279644,100.55088175921827,107.2503572275473,111.1972061689218,107.21743602721321,130.1417161846126
Russian,105.19736606883662,114.62073873758435,134.06154321969123,114.35799477577731,99.18868622751758,96.38239512028474,113.50791969142652,92.85265879857023,98.87156819069774,106.62796615773418,118.78050939711271,124.8760811333995,108.15086676502642,103.7701949329828,123.39055510979948,114.07659704941624,121.37418137178011,122.4811008530857,112.83424375689187,107.53530604840618,130.2021591610884,120.61994549123085,152.2825654927677,92.01954623033419,111.86992627257564,125.12947642055666,106.28870334324573,107.77613130184754,129.49653533155953,115.97220744475563,114.91573667856923,113.14807332735712,0,88.79784214187656,117.94183621176686,90.59753455509369,101.1169231325878,116.53405943804628,114.92618345430108,85.81922085651755,115.88694247015995,139.90583619465494
Serbian,97.85616349541823,109.15810475042231,128.88732855863245,107.47500857231054,67.18554902175153,84.05204832901812,105.63747381183968,65.97527079804607,94.30023484801684,101.75389885861702,111.80544852463849,117.70486194159564,102.0071201189463,96.97452561224173,114.89990014758332,108.99211870877191,112.67085932180824,113.416742476303,108.40068147643309,102.78093754249974,122.07021526126132,118.60695645689414,145.67903422134782,72.39799376095921,105.35113311608984,118.16920301512687,99.28968703767167,101.66023619246269,122.06422722513196,110.5875870842555,108.7555035466636,106.221138903945,88.79784214187656,0,113.41729506329789,84.95757319697425,83.88642910832945,108.74704054051873,108.61511852005974,86.86486458897042,107.79739737187431,133.88755178330283
Sinhala,107.29342882839678,101.27917455023015,129.66896316712908,105.91368031478383,127.78189160993007,112.29207055720207,111.85084543911253,110.33024170110613,121.00721098224972,107.3976998289056,120.20857753750124,129.38872755842303,107.95502455664828,98.41173301915104,122.90130959266564,113.38566671015603,113.06309497658809,110.95107472332238,113.24073541448826,105.15297137569956,135.20197682740948,134.2312025118331,154.19795410050685,112.37539159970092,106.200679899954,109.87927819906423,107.31201504586828,99.64759703242147,123.97349048820982,142.54293831997455,115.6844082402271,113.59768792137596,117.94183621176686,113.41729506329789,0,114.42007674928469,121.30404020793135,113.51365155349525,112.6585774342105,117.06217249073312,106.03462778743155,139.73453471391073
Slovak,98.60105205832316,109.80884596851563,129.0444765554042,107.96777586612639,97.00538382974776,89.25191034901067,103.72952858560379,84.6250775520493,75.92780812017044,97.82724386998626,110.98498673748934,114.7856439635569,100.66556550716533,96.31485642525739,113.19395781005397,107.9102339484658,112.53106022505675,113.06856163759572,110.45597744428815,97.80597643001781,122.50136694209473,118.11604724781505,152.46176178425986,90.63675529383202,103.88572942794886,116.63553958133765,97.47368086266124,101.86578702571099,122.35385726589458,100.59469885095594,106.6077154392435,106.20495336759289,90.59753455509369,84.95757319697425,114.42007674928469,0,89.92092304887962,107.87923709291255,107.06360114370021,91.77468952891545,106.77408035409975,130.70866311906133
Slovenian,99.9910262318873,114.18679464598976,133.20601460478846,109.74128626712253,98.3612845992114,90.4263616273748,103.83170714828523,80.80181385281759,99.95099920722636,98.44279751358671,110.34409191259357,115.12918154431104,101.14000417154104,99.2206404096849,113.22414409284494,109.86151720121913,112.6090358293547,115.02731819686981,112.72875936095697,100.10121012119781,122.67153910583738,122.54106266575897,154.0321055528799,93.3849910708669,105.1160085822144,120.04232785264942,98.68745114635715,102.06220103019702,124.99574752105173,115.65961537230663,110.06693908046012,108.19377080279644,101.1169231325878,83.88642910832945,121.30404020793135,89.92092304887962,0,109.3861896124069,108.49107716161285,99.49047005556838,109.86905351262736,132.3321864952893
Spanish,103.15765665718627,111.94357361539507,134.16663545812145,105.64836627869835,123.0431201725344,102.73523078013403,82.32992033136705,104.7958316288663,115.64132789192297,103.14361286048809,110.79651418793301,116.20809464578585,96.05740521625162,69.64494421615284,115.07923890450544,103.94605194613123,108.52239479266929,109.00387140074344,114.34470196399035,95.4233724591294,106.30927004263494,134.16574443467132,159.31424685407512,108.73071767659312,100.90313177757872,118.04354307094644,100.09026523753937,103.35290298943028,126.22716296525532,133.68678999332408,85.77451852308535,100.55088175921827,116.53405943804628,108.74704054051873,113.51365155349525,107.87923709291255,109.3861896124069,0,109.52519601407141,113.87778949268849,106.34697761990395,131.94157069813932
Swedish,88.46950760488372,111.29021066673049,128.90305441363958,107.80665983100928,122.06239354685735,106.54925118662197,102.94699687593943,106.16443638828326,115.93245643549002,82.94747193394323,100.00997802356292,105.75039636925636,103.19813869728887,96.87679679867452,99.80338071108736,108.41397250838706,109.8289928137639,110.65673317843758,93.05483329579978,97.48487469913657,124.59257919948742,125.90390141953414,153.36572182970878,109.52652296488614,103.95547066613459,116.22032101642208,74.33138628771934,102.36441286589718,121.9321687173724,132.33920231479453,109.56189675813371,107.2503572275473,114.92618345430108,108.61511852005974,112.6585774342105,107.06360114370021,108.49107716161285,109.52519601407141,0,114.04661303460355,107.24687419851294,131.08299863364994
Ukrainian,105.18280707096615,113.14941811458382,134.7276534345213,112.72546219363217,98.09132480740075,95.36065225322918,111.63796914962143,90.25067109446185,97.57837534378567,106.4694043686031,118.62182749296771,124.62978699328005,106.77064090848964,102.62989772005724,122.02143310801456,112.4606404450919,118.36160301180396,118.60600322332714,113.51091335788985,106.90140282710762,128.27924619857987,124.66383972961826,151.22936844838938,90.49651410559908,110.7416877595251,123.53584009422325,105.44578466921803,107.04003995239927,125.88121797008576,113.69994294217992,114.53501093476038,111.1972061689218,85.81922085651755,86.86486458897042,117.06217249073312,91.77468952891545,99.49047005556838,113.87778949268849,114.04661303460355,0,113.38747347741902,137.45562106398174
Urdu,101.2655341798037,106.41843880788223,128.71068128433905,90.26187512077,121.97555892022868,104.26980833827379,103.71562124288609,104.74427879730729,113.67037848245944,100.50426651421884,110.42615807329241,115.67385677233256,101.42171812587243,98.24730945152076,113.51650855994363,105.08463788969291,91.9074750620962,78.82013564517617,112.19937411550872,97.0637637794901,126.17518907681195,128.14340088502584,155.9773257654265,107.47319452391449,89.8165444835367,97.75021179259218,99.69924160931305,93.0778584732239,115.50883245672425,132.15403061738743,108.03520510947914,107.21743602721321,115.88694247015995,107.79739737187431,106.03462778743155,106.77408035409975,109.86905351262736,106.34697761990395,107.24687419851294,113.38747347741902,0,131.01886376686875
Welsh,125.05277214269712,136.95246601055027,150.39541995640965,133.09314194138176,147.9109323008055,125.80643531055154,127.93995048421702,126.99182662716514,136.23554710605993,121.7189097435283,134.22652641134556,133.78812139225099,124.80086566379192,121.14149598057475,135.28558308271494,128.2643939326606,136.2620175303682,139.0381613498161,135.06520817440395,118.7628152292588,138.30172010236734,151.3664636191129,177.59271652641615,135.2656891192782,128.98613596315334,139.39148672390667,126.50794829037885,125.77419426598509,144.5908988064805,157.02668856920172,132.80551449403242,130.1417161846126,139.90583619465494,133.88755178330283,139.73453471391073,130.70866311906133,132.3321864952893,131.94157069813932,131.08299863364994,137.45562106398174,131.01886376686875,0
