,Afrikaans,Albanian,Armenian,Bengali,Bosnian,Bulgarian,Catalan,Croatian,Czech,Danish,Dutch,English,French,Galician,German,Greek,Gujarati,Hindi,Icelandic,Irish,Italian,Latvian,Lithuanian,Macedonian,Marathi,Nepali,Norwegian,Pashto,Persian,Polish,Portuguese,Romanian,Russian,Serbian,Sinhala,Slovak,Slovenian,Spanish,Swedish,Ukrainian,Urdu,Welsh
Afrikaans,0,3.100547411318056,2.734018038791442,3.5507933001918848,2.8694512094071642,3.328144571694409,3.529719206659764,3.1967753385493167,3.122038295482149,2.9804819062355734,2.268776374088198,2.8298030703599792,3.3841320784930313,3.2235961471663828,2.9874207999011952,3.411209958145666,3.5832462947416523,3.579910680986239,2.8987699446568542,3.3557763873615682,2.960423388027391,3.1034495771775186,2.727736520126291,3.221815256367992,3.5318392804473473,2.811695054509101,3.1102137222006436,3.228272924428488,2.95359461018703,3.0372589496276814,3.1612871629199515,3.3516720825197437,3.107184404008955,3.1946885312575173,2.7959881590443807,3.2644571782449416,3.3280033729604863,3.200127715370579,2.9481983025779233,3.065187383792346,3.3164075579138856,2.666632629559524
Albanian,3.100547411318056,0,2.7148714771332707,3.266358604722021,2.861962811453584,3.1611112984825747,3.265600146610058,3.054417333612783,3.155857728776613,3.182348755163094,3.112821757047517,3.2325254395325724,3.0392515401766347,2.946817070426885,3.2663449319432836,3.1736076233447736,3.405818705187492,3.33842293419543,3.0997190537064756,3.008074254902624,2.7883467781832447,3.177834939450633,2.720876267343547,3.0741251998123986,3.2429888505885303,2.731583252768919,3.3717436269915804,2.984312125521325,2.881617015167279,3.039558885960599,2.962349012904723,3.1455282249695893,3.0483996142699477,3.127070224287131,2.5680048426035547,3.2017877995547024,3.1869594678145265,2.9924058728835337,3.264412761305911,2.978659752951841,3.103242831319716,2.6504312183905503
Armenian,2.734018038791442,2.7148714771332707,0,2.968422934455182,2.8471469579459114,2.8674749903065235,2.9622303063598836,2.806557443786572,2.8805097259319266,2.8329363234948226,2.8551330560095605,2.956249135816184,2.8470375221125295,2.7240254842731506,2.8980659318076056,2.86207085324051,3.0698230610385373,3.070046451797955,2.7530993435090734,2.7262829360020935,2.8586268199678293,3.004866593294399,2.7356973326856466,2.864947966558398,2.9262487771187513,2.760232878583397,2.884481801074891,2.7095510833150565,2.6856564128375817,2.9772587980915257,2.832439795263703,2.9198123964246827,2.877971398721276,2.877823814520276,2.600607475647803,2.830944481205506,2.9709137575915285,2.8726537777875873,2.8466818676201644,2.8686930125205756,2.896153583973774,2.68348026752006
Bengali,3.5507933001918848,3.266358604722021,2.968422934455182,0,3.093358694403166,3.3652272558643723,3.583816159068594,3.2973827585250803,3.318945764612552,3.6246512884246735,3.4618554337699137,3.5056864781765413,3.479517113880542,3.355047342223124,3.5418682477086487,3.444821161362382,2.9616451230246574,2.8594111314470365,3.4514399567838283,3.5267294628504473,3.0069246643771663,3.418085575530378,2.8712497138695947,3.273651606958964,2.9993717472870274,2.4338210052486966,3.7356359117347226,3.337561058510758,3.1500809566076438,3.1563563680760325,3.345354918347084,3.4870388288851646,3.3226247988064164,3.3533132859119084,2.873157301012279,3.405213924740772,3.4196770660401383,3.2529579360171796,3.491841910041979,3.213235531549743,2.888495663499942,2.9173929663062124
Bosnian,2.8694512094071642,2.861962811453584,2.8471469579459114,3.093358694403166,0,2.3640775328917507,3.1267130906300404,1.7530734191204742,2.41532320672327,3.0083596521951064,3.0257018657958166,3.2081289980871226,3.037418436207163,2.8730772042831707,3.1172649118373714,3.0794065456583515,3.186734628604626,3.249186320883714,2.8901301968555386,3.0095704907891165,2.872162375466794,2.8771863519056837,2.5198338074764903,2.0757635637627323,3.1305240784453767,2.897968240397219,3.0641235050864672,2.9161219862267043,2.80397932362808,2.4055839421714906,2.9814914474246286,2.998655847574175,2.270988942474476,1.4910633453359536,2.736450499146266,2.2891777222581524,2.4128436532997983,2.942570429552448,3.025753241957614,2.1935231401725455,3.079002352802176,2.890932040592936
Bulgarian,3.328144571694409,3.1611112984825747,2.8674749903065235,3.3652272558643723,2.3640775328917507,0,3.362295114313945,2.4106014286024537,2.785896176955484,3.4876341239295563,3.336201200053515,3.410035568232526,3.386325677285159,3.1860703266424504,3.4891514036051627,3.3129458129049167,3.4329526498831364,3.428390849164231,3.286233085093586,3.3834386678303603,2.854572307605285,3.2375188699166944,2.6237561510109693,2.349878400242873,3.426441785014624,2.9053707854514452,3.612982321110626,3.3121838026031907,3.0560094598530205,2.6543294759784772,3.228946686545429,3.2829999530977405,2.705746275367149,2.5426022302027755,2.840634081488652,2.7813924259960134,2.8344454366283243,3.077158565639054,3.355033280808968,2.669329351312117,3.233420357918725,2.7524879928870267
Catalan,3.529719206659764,3.265600146610058,2.9622303063598836,3.583816159068594,3.1267130906300404,3.362295114313945,0,3.266202579279015,3.3479952356480536,3.6370722294466358,3.4118631658565075,3.405036743146764,3.132429293613748,2.685652280636973,3.54696536250549,3.439852772506979,3.6512038067692187,3.605691219323945,3.3720280105452174,3.5660109127102335,2.528972382545196,3.4543916603998452,2.8255556325403224,3.3406275054734396,3.5817013384456824,3.04049853558909,3.6890635552221798,3.4944421697158674,3.1569876030745374,3.1493501026421535,2.7496331487856676,3.137694706109678,3.331948353778378,3.3856638380060007,2.9944841298528457,3.449169974580224,3.50506717656286,2.580073721819346,3.4524677951169074,3.2502481408759887,3.4760456334513963,2.8871452708929843
Croatian,3.1967753385493167,3.054417333612783,2.806557443786572,3.2973827585250803,1.7530734191204742,2.4106014286024537,3.266202579279015,0,2.52595368360847,3.284694197799224,3.2138210702718775,3.34372146298368,3.267242644249627,3.0763312947155494,3.346823340837277,3.217436417976537,3.348930916954201,3.398455428778256,3.159718876977849,3.2342582135127844,2.7935518964479633,3.090831991311359,2.4630971607967567,2.3727593557633133,3.3079671679353155,2.8365847917734217,3.425319751135065,3.136419456166537,2.9046885326615337,2.492647772802391,3.184668931321559,3.1252638308970417,2.5503637264883747,1.8657410009690985,2.742673995852539,2.521370309675052,2.447029263377484,3.011551726291586,3.2413415489891904,2.393167479422303,3.2052874299757907,2.7376081177289935
Czech,3.122038295482149,3.155857728776613,2.8805097259319266,3.318945764612552,2.41532320672327,2.785896176955484,3.3479952356480536,2.52595368360847,0,3.2535355484611044,3.241783149288808,3.2293827229827055,3.268155393030338,3.139570557612827,3.493930872267171,3.358904398398653,3.3958433833260826,3.430135941031591,3.1787008447920186,3.2365112225490296,3.012898655209024,3.042041953259533,2.661262933560729,2.7435465007670192,3.336925459663989,2.890862952664337,3.402686251781463,3.1653592119802467,3.0409377559051674,2.5134656221601888,3.2419841057846748,3.249522875312133,2.605786472549139,2.570384951727923,2.7916676506830025,2.2225882768189287,2.759384079816549,3.084321490973355,3.2772176758392115,2.509856920063198,3.186216080101004,2.7796206327532764
Danish,2.9804819062355734,3.182348755163094,2.8329363234948226,3.6246512884246735,3.0083596521951064,3.4876341239295563,3.6370722294466358,3.284694197799224,3.2535355484611044,0,3.0403838076978884,2.882271764849141,3.420380974638411,3.2609165658466677,3.0245643684276335,3.496013589502074,3.6317444046828316,3.5726662264956888,2.783558799328652,3.2888940529554853,2.9764693216741835,3.3404405810510496,2.830608297555843,3.3647589341920607,3.6160218508880173,2.8328111125508886,2.9939297035760317,3.3242960595020064,2.984911484280731,3.1154447650176236,3.1971409167014824,3.4636635232451303,3.2774273449156417,3.367750407879701,2.8091358539232747,3.4196622242238495,3.442812720543026,3.1978893371944226,2.8075259559694494,3.2022750597699132,3.3338996538402124,2.6553361371107242
Dutch,2.268776374088198,3.112821757047517,2.8551330560095605,3.4618554337699137,3.0257018657958166,3.336201200053515,3.4118631658565075,3.2138210702718775,3.241783149288808,3.0403838076978884,0,2.7912339562074773,3.3551492504731857,3.2283276327612858,2.7915548019683616,3.3246125884587947,3.460581624331659,3.436197740145209,3.00292011767051,3.28533184883579,3.020533320071547,3.2103313008126486,2.805711595859475,3.2565162054432077,3.4131064024795923,2.9145371367690194,3.101045174462046,3.2304750032367804,2.995091003485307,3.1530013382888082,3.1702711277306252,3.3800255167791597,3.2410836224414106,3.2732646226976096,2.9061334755770623,3.3506136282877255,3.3060739176202203,3.169391166924261,2.9077342079505857,3.19884333830383,3.2662649861118758,2.769978054795084
English,2.8298030703599792,3.2325254395325724,2.956249135816184,3.5056864781765413,3.2081289980871226,3.410035568232526,3.405036743146764,3.34372146298368,3.2293827229827055,2.882271764849141,2.7912339562074773,0,3.3120417069488908,3.248816551570053,3.0405023592353797,3.5612544725416395,3.475431532825554,3.5176910693758234,3.094480860316777,3.152613788897001,3.0539067106203857,3.419262565450616,2.900951481226108,3.4111262337675634,3.4225881307384545,2.9482718912671277,3.1287306815989124,3.3266799621343357,3.127899645427626,3.19923468928138,3.1406812637444306,3.4901814898282146,3.3429412470174276,3.4234411404282508,3.0269578409367304,3.3739386332038026,3.472637265639028,3.2471223887843284,3.0636875596816453,3.343972355990296,3.3088988860207564,2.7740703545181047
French,3.3841320784930313,3.0392515401766347,2.8470375221125295,3.479517113880542,3.037418436207163,3.386325677285159,3.132429293613748,3.267242644249627,3.268155393030338,3.420380974638411,3.3551492504731857,3.3120417069488908,0,2.970010077093556,3.506791686810731,3.401013166899739,3.5849979211125462,3.545620244454704,3.291061618713464,3.356611363961879,2.6761240759824227,3.2722833431851237,2.819330285969751,3.307643089705729,3.4517794554064585,2.8264420820053013,3.6192861611688674,3.2341084884945297,3.0307896497016595,3.141592736780321,2.9293209224211325,3.1885697297913937,3.2601230714605314,3.336497329904759,2.848865139450419,3.445093667667047,3.339100159706156,2.900651924177157,3.408275585065002,3.1508729939854567,3.2800158281888927,2.6766523660904413
Galician,3.2235961471663828,2.946817070426885,2.7240254842731506,3.355047342223124,2.8730772042831707,3.1860703266424504,2.685652280636973,3.0763312947155494,3.139570557612827,3.2609165658466677,3.2283276327612858,3.248816551570053,2.970010077093556,0,3.3727720085624093,3.2308304928644165,3.4916825469279473,3.4638664884427786,3.074467643304431,3.227675083005477,2.3407168226229547,3.223555513318418,2.7200938964255648,3.128206239806453,3.412640672991367,2.710806219658657,3.4748202733802227,3.19467087643107,2.8981410591529624,3.0389964538103738,2.314608293113931,2.9997055448856633,3.1334985999544815,3.1759314805376917,2.660962173643149,3.2540676675305518,3.2737312379331907,2.007977501131606,3.2138763833422037,3.059914997846721,3.224424538747256,2.5883918342573877
German,2.9874207999011952,3.2663449319432836,2.8980659318076056,3.5418682477086487,3.1172649118373714,3.4891514036051627,3.54696536250549,3.346823340837277,3.493930872267171,3.0245643684276335,2.7915548019683616,3.0405023592353797,3.506791686810731,3.3727720085624093,0,3.434268090020067,3.637105652838727,3.628434606719141,3.09037322750631,3.4410889832784246,3.051085858885098,3.381471867011813,2.8686237029896877,3.433457218606468,3.59020310627215,3.05702304835212,3.3125470408121678,3.4312320309451962,3.095351202969463,3.28956771127187,3.4650163634190503,3.426902675401534,3.427730955048442,3.405292920220183,3.0793240081021644,3.5239619068791534,3.4249206503946765,3.3226611427146864,3.0029565111080756,3.3248635023759086,3.4203746533660273,2.8639240466224214
Greek,3.411209958145666,3.1736076233447736,2.86207085324051,3.444821161362382,3.0794065456583515,3.3129458129049167,3.439852772506979,3.217436417976537,3.358904398398653,3.496013589502074,3.3246125884587947,3.5612544725416395,3.401013166899739,3.2308304928644165,3.434268090020067,0,3.529756139054674,3.468143125156412,3.28074867070277,3.4036644143989285,2.903470440980619,3.3139306456497706,2.677606687539744,3.298075494024804,3.4843994134829974,2.886755868650029,3.6452636689860682,3.2697920252738792,3.0633384943695945,3.163385264764811,3.257490137703469,3.3396102006804536,3.291756479309292,3.3344624247135926,2.872629642293805,3.468867681140479,3.3908297933557323,3.116375301628418,3.4338801211798167,3.15513377694459,3.347266871956044,2.7934888295666043
Gujarati,3.5832462947416523,3.405818705187492,3.0698230610385373,2.9616451230246574,3.186734628604626,3.4329526498831364,3.6512038067692187,3.348930916954201,3.3958433833260826,3.6317444046828316,3.460581624331659,3.475431532825554,3.5849979211125462,3.4916825469279473,3.637105652838727,3.529756139054674,0,2.632816280848183,3.5550115204885198,3.6016378870738506,3.1049834228238877,3.565804869770885,2.903118674603182,3.368110501241958,2.5636603164074403,2.561727104132152,3.7569914409515075,3.3939398889945234,3.2049024716891377,3.2804949900645832,3.4996858586569246,3.609210043235477,3.457807295098399,3.474440880101212,3.035484731043226,3.5529892399484515,3.5396982926210128,3.3021245220904376,3.566064808211701,3.340066030056861,2.9442341094976467,2.9981420172736977
Hindi,3.579910680986239,3.33842293419543,3.070046451797955,2.8594111314470365,3.249186320883714,3.428390849164231,3.605691219323945,3.398455428778256,3.430135941031591,3.5726662264956888,3.436197740145209,3.5176910693758234,3.545620244454704,3.4638664884427786,3.628434606719141,3.468143125156412,2.632816280848183,0,3.483771441124113,3.537049331778297,3.148804793603087,3.5902218878075107,2.9215105666405137,3.3394519683532837,2.760672325599278,2.4888124855673697,3.699793514863233,3.3144341917117837,3.1633782825794134,3.3281251501383635,3.467869042585309,3.5438098061298704,3.455705743053607,3.536300780075501,3.0053464046149942,3.5826511802285412,3.56371901553321,3.27271131936595,3.509376712026371,3.353696616054465,2.3991985700395193,2.990982758556586
Icelandic,2.8987699446568542,3.0997190537064756,2.7530993435090734,3.4514399567838283,2.8901301968555386,3.286233085093586,3.3720280105452174,3.159718876977849,3.1787008447920186,2.783558799328652,3.00292011767051,3.094480860316777,3.291061618713464,3.074467643304431,3.09037322750631,3.28074867070277,3.5550115204885198,3.483771441124113,0,3.2853343956906147,2.9585282135761246,3.1070028011888127,2.608516081848375,3.1794186126824444,3.4533391794821453,2.965271491968977,2.8566599519680533,3.25342440190418,2.9195008254955392,3.0873709707538035,3.1875170620471445,3.2762250064569076,3.091840648913425,3.138924837323529,2.8221680063640533,3.2681460464783876,3.283194071993127,3.163349341896865,2.731552626522232,3.0058880522592504,3.295050259973549,2.8060426294288785
Irish,3.3557763873615682,3.008074254902624,2.7262829360020935,3.5267294628504473,3.0095704907891165,3.3834386678303603,3.5660109127102335,3.2342582135127844,3.2365112225490296,3.2888940529554853,3.28533184883579,3.152613788897001,3.356611363961879,3.227675083005477,3.4410889832784246,3.4036644143989285,3.6016378870738506,3.537049331778297,3.2853343956906147,0,2.932524755597276,3.3003890434263172,2.824115749479212,3.277413464145193,3.463616880045181,2.721657656453334,3.7324938941074244,3.1655385739396062,2.9556527745239007,3.1065077502628675,3.105060128088847,3.412936744228197,3.2594602304037856,3.401191581118128,2.7083435922164365,3.386285865111943,3.373368979803094,3.075809541018333,3.328542827026043,3.1806731059379754,3.2521384615649698,2.465783069920286
Italian,2.960423388027391,2.7883467781832447,2.8586268199678293,3.0069246643771663,2.872162375466794,2.854572307605285,2.528972382545196,2.7935518964479633,3.012898655209024,2.9764693216741835,3.020533320071547,3.0539067106203857,2.6761240759824227,2.3407168226229547,3.051085858885098,2.903470440980619,3.1049834228238877,3.148804793603087,2.9585282135761246,2.932524755597276,0,3.181540159638226,2.7631618729209237,2.915962319652592,2.9957285038490573,2.7275533145075745,3.0638261251431484,2.8884684492664405,2.9256121946743154,3.009623476729641,2.5697475527164744,2.5640935003109404,2.9714603255718814,2.934821707278165,2.7040147878478242,2.955433738868272,2.9458078799492298,2.35514050468731,2.961748360986272,2.8774102429811923,3.0077194411948653,2.6820137397546007
Latvian,3.1034495771775186,3.177834939450633,3.004866593294399,3.418085575530378,2.8771863519056837,3.2375188699166944,3.4543916603998452,3.090831991311359,3.042041953259533,3.3404405810510496,3.2103313008126486,3.419262565450616,3.2722833431851237,3.223555513318418,3.381471867011813,3.3139306456497706,3.565804869770885,3.5902218878075107,3.1070028011888127,3.3003890434263172,3.181540159638226,0,2.3805992587006473,3.10270734644241,3.4626665848982294,3.209613291541743,3.3489153488872594,3.267524505095555,3.167287662010319,2.973740796115339,3.220821545589519,3.3429475721499307,2.9439583814479544,2.992028089948965,3.0749793245393193,3.083481673961696,3.18490726816658,3.3366384518798404,3.2826779885698825,3.0198464592426326,3.3663637127422295,3.0772128623192385
Lithuanian,2.727736520126291,2.720876267343547,2.7356973326856466,2.8712497138695947,2.5198338074764903,2.6237561510109693,2.8255556325403224,2.4630971607967567,2.661262933560729,2.830608297555843,2.805711595859475,2.900951481226108,2.819330285969751,2.7200938964255648,2.8686237029896877,2.677606687539744,2.903118674603182,2.9215105666405137,2.608516081848375,2.824115749479212,2.7631618729209237,2.3805992587006473,0,2.620935821981872,2.8986166243157436,2.775310268699697,2.7550068024098686,2.7436458143122024,2.697352931425011,2.7656468397061915,2.8307776733100023,2.7458261483485247,2.594074151655654,2.4747387947441855,2.656703979865661,2.662189135782258,2.657005619343366,2.7525833371197352,2.7551288797047544,2.5098717953790546,2.8696573961456258,2.828278100413067
Macedonian,3.221815256367992,3.0741251998123986,2.864947966558398,3.273651606958964,2.0757635637627323,2.349878400242873,3.3406275054734396,2.3727593557633133,2.7435465007670192,3.3647589341920607,3.2565162054432077,3.4111262337675634,3.307643089705729,3.128206239806453,3.433457218606468,3.298075494024804,3.368110501241958,3.3394519683532837,3.1794186126824444,3.277413464145193,2.915962319652592,3.10270734644241,2.620935821981872,0,3.3330772452162827,2.896840375737332,3.4472749920121375,3.154084659914501,2.992952608405253,2.615533857620129,3.180806477418555,3.2371510386875095,2.565503838852476,2.159053790311743,2.815626532572623,2.6591906379391745,2.822483759981555,3.0830322870030447,3.268499103417364,2.5104511054808563,3.191558698566491,2.891531950334306
Marathi,3.5318392804473473,3.2429888505885303,2.9262487771187513,2.9993717472870274,3.1305240784453767,3.426441785014624,3.5817013384456824,3.3079671679353155,3.336925459663989,3.6160218508880173,3.4131064024795923,3.4225881307384545,3.4517794554064585,3.412640672991367,3.59020310627215,3.4843994134829974,2.5636603164074403,2.760672325599278,3.4533391794821453,3.463616880045181,2.9957285038490573,3.4626665848982294,2.8986166243157436,3.3330772452162827,0,2.5541244259282787,3.7812403496256546,3.3067203428650003,3.1122691688302653,3.205760993893354,3.3449116801067165,3.520598646598596,3.3441124740190706,3.4388768910090897,2.8568026168231304,3.492304470793157,3.51811773917798,3.193908294459439,3.530833309476646,3.287725339907898,2.9646525034366347,2.8016141439174618
Nepali,2.811695054509101,2.731583252768919,2.760232878583397,2.4338210052486966,2.897968240397219,2.9053707854514452,3.04049853558909,2.8365847917734217,2.890862952664337,2.8328111125508886,2.9145371367690194,2.9482718912671277,2.8264420820053013,2.710806219658657,3.05702304835212,2.886755868650029,2.561727104132152,2.4888124855673697,2.965271491968977,2.721657656453334,2.7275533145075745,3.209613291541743,2.775310268699697,2.896840375737332,2.5541244259282787,0,3.023894602210602,2.6437730560421104,2.7638882507641083,3.018158398168623,2.850938062769372,3.0316919435155887,2.9917191231647893,3.001831720450485,2.410623753508052,2.933114776323259,2.9587290032396605,2.735487340869761,2.963471676883135,2.9117631820660588,2.421749623674274,2.617521771216902
Norwegian,3.1102137222006436,3.3717436269915804,2.884481801074891,3.7356359117347226,3.0641235050864672,3.612982321110626,3.6890635552221798,3.425319751135065,3.402686251781463,2.9939297035760317,3.101045174462046,3.1287306815989124,3.6192861611688674,3.4748202733802227,3.3125470408121678,3.6452636689860682,3.7569914409515075,3.699793514863233,2.8566599519680533,3.7324938941074244,3.0638261251431484,3.3489153488872594,2.7550068024098686,3.4472749920121375,3.7812403496256546,3.023894602210602,0,3.5905030205987494,3.157338645086056,3.1332662797733635,3.329875905184904,3.533505164296187,3.3812569698977577,3.441622920414812,3.0341584748607193,3.5631294863410297,3.576750339102849,3.328649428511757,2.4938805287813706,3.302114207315717,3.4910440003336816,2.8951487078170883
Pashto,3.228272924428488,2.984312125521325,2.7095510833150565,3.337561058510758,2.9161219862267043,3.3121838026031907,3.4944421697158674,3.136419456166537,3.1653592119802467,3.3242960595020064,3.2304750032367804,3.3266799621343357,3.2341084884945297,3.19467087643107,3.4312320309451962,3.2697920252738792,3.3939398889945234,3.3144341917117837,3.25342440190418,3.1655385739396062,2.8884684492664405,3.267524505095555,2.7436458143122024,3.154084659914501,3.3067203428650003,2.6437730560421104,3.5905030205987494,0,2.6927390736473664,3.0978737337922917,3.1293880919874315,3.295520519039676,3.166392827426019,3.2314491402394836,2.620426851932043,3.3412731795952393,3.278042015599367,3.0476818840886826,3.361052196093003,3.0852581912559827,2.9997509368339923,2.660588529168891
Persian,2.95359461018703,2.881617015167279,2.6856564128375817,3.1500809566076438,2.80397932362808,3.0560094598530205,3.1569876030745374,2.9046885326615337,3.0409377559051674,2.984911484280731,2.995091003485307,3.127899645427626,3.0307896497016595,2.8981410591529624,3.095351202969463,3.0633384943695945,3.2049024716891377,3.1633782825794134,2.9195008254955392,2.9556527745239007,2.9256121946743154,3.167287662010319,2.697352931425011,2.992952608405253,3.1122691688302653,2.7638882507641083,3.157338645086056,2.6927390736473664,0,3.0355044537779396,3.0016640443163687,3.017168821528185,3.0226081603551376,2.9726506204750254,2.697786783066395,3.0425600485939426,3.0413661239906635,2.9446796774812793,3.007882082079845,2.871684500712931,2.861621925332075,2.7390701589237962
Polish,3.0372589496276814,3.039558885960599,2.9772587980915257,3.1563563680760325,2.4055839421714906,2.6543294759784772,3.1493501026421535,2.492647772802391,2.5134656221601888,3.1154447650176236,3.1530013382888082,3.19923468928138,3.141592736780321,3.0389964538103738,3.28956771127187,3.163385264764811,3.2804949900645832,3.3281251501383635,3.0873709707538035,3.1065077502628675,3.009623476729641,2.973740796115339,2.7656468397061915,2.615533857620129,3.205760993893354,3.018158398168623,3.1332662797733635,3.0978737337922917,3.0355044537779396,0,3.0273409933854056,3.0906297706943473,2.4937450536928494,2.4811233984923287,2.9110253585428283,2.228195152525693,2.6755945554855143,3.0207324648479457,3.0678217230413947,2.384583474812805,3.1756601157143853,2.937235942640567
Portuguese,3.1612871629199515,2.962349012904723,2.832439795263703,3.345354918347084,2.9814914474246286,3.228946686545429,2.7496331487856676,3.184668931321559,3.2419841057846748,3.1971409167014824,3.1702711277306252,3.1406812637444306,2.9293209224211325,2.314608293113931,3.4650163634190503,3.257490137703469,3.4996858586569246,3.467869042585309,3.1875170620471445,3.105060128088847,2.5697475527164744,3.220821545589519,2.8307776733100023,3.180806477418555,3.3449116801067165,2.850938062769372,3.329875905184904,3.1293880919874315,3.0016640443163687,3.0273409933854056,0,3.054669920140462,3.1321202840906635,3.2337060685310024,2.809329940680635,3.2349302658853203,3.2225513620868784,2.3958349980228992,3.178743668807624,3.104602905554581,3.17287411976178,2.712151773117076
Romanian,3.3516720825197437,3.1455282249695893,2.9198123964246827,3.4870388288851646,2.998655847574175,3.2829999530977405,3.137694706109678,3.1252638308970417,3.249522875312133,3.4636635232451303,3.3800255167791597,3.4901814898282146,3.1885697297913937,2.9997055448856633,3.426902675401534,3.3396102006804536,3.609210043235477,3.5438098061298704,3.2762250064569076,3.412936744228197,2.5640935003109404,3.3429475721499307,2.7458261483485247,3.2371510386875095,3.520598646598596,3.0316919435155887,3.533505164296187,3.295520519039676,3.017168821528185,3.0906297706943473,3.054669920140462,0,3.222329149185352,3.229776965451238,2.9809715006465747,3.3430283251375292,3.3447961194605145,3.006177530921997,3.3784670327970496,3.124277920308176,3.418212407844179,2.86896501893658
Russian,3.107184404008955,3.0483996142699477,2.877971398721276,3.3226247988064164,2.270988942474476,2.705746275367149,3.331948353778378,2.5503637264883747,2.605786472549139,3.2774273449156417,3.2410836224414106,3.3429412470174276,3.2601230714605314,3.1334985999544815,3.427730955048442,3.291756479309292,3.457807295098399,3.455705743053607,3.091840648913425,3.2594602304037856,2.9714603255718814,2.9439583814479544,2.594074151655654,2.565503838852476,3.3441124740190706,2.9917191231647893,3.3812569698977577,3.166392827426019,3.0226081603551376,2.4937450536928494,3.1321202840906635,3.222329149185352,0,2.4222328205648713,2.809340963706984,2.4778400913846044,2.8119583729513393,3.1352181810576285,3.2558344189951245,2.2064248213121322,3.284530382999689,2.9154420807480235
Serbian,3.1946885312575173,3.127070224287131,2.877823814520276,3.3533132859119084,1.4910633453359536,2.5426022302027755,3.3856638380060007,1.8657410009690985,2.570384951727923,3.367750407879701,3.2732646226976096,3.4234411404282508,3.336497329904759,3.1759314805376917,3.405292920220183,3.3344624247135926,3.474440880101212,3.536300780075501,3.138924837323529,3.401191581118128,2.934821707278165,2.992028089948965,2.4747387947441855,2.159053790311743,3.4388768910090897,3.001831720450485,3.441622920414812,3.2314491402394836,2.9726506204750254,2.4811233984923287,3.2337060685310024,3.229776965451238,2.4222328205648713,0,2.888099746058515,2.5144353301031894,2.518862918803469,3.1497956258274695,3.278802041615528,2.298689640116598,3.328735121969244,2.9252349458804785
Sinhala,2.7959881590443807,2.5680048426035547,2.600607475647803,2.873157301012279,2.736450499146266,2.840634081488652,2.9944841298528457,2.742673995852539,2.7916676506830025,2.8091358539232747,2.9061334755770623,3.0269578409367304,2.848865139450419,2.660962173643149,3.0793240081021644,2.872629642293805,3.035484731043226,3.0053464046149942,2.8221680063640533,2.7083435922164365,2.7040147878478242,3.0749793245393193,2.656703979865661,2.815626532572623,2.8568026168231304,2.410623753508052,3.0341584748607193,2.620426851932043,2.697786783066395,2.9110253585428283,2.809329940680635,2.9809715006465747,2.809340963706984,2.888099746058515,0,2.8623702068063284,2.9006323904531737,2.708186661244036,2.9299323072262116,2.770144110288079,2.796138220994274,2.514692797660688
Slovak,3.2644571782449416,3.2017877995547024,2.830944481205506,3.405213924740772,2.2891777222581524,2.7813924259960134,3.449169974580224,2.521370309675052,2.2225882768189287,3.4196622242238495,3.3506136282877255,3.3739386332038026,3.445093667667047,3.2540676675305518,3.5239619068791534,3.468867681140479,3.5529892399484515,3.5826511802285412,3.2681460464783876,3.386285865111943,2.955433738868272,3.083481673961696,2.662189135782258,2.6591906379391745,3.492304470793157,2.933114776323259,3.5631294863410297,3.3412731795952393,3.0425600485939426,2.228195152525693,3.2349302658853203,3.3430283251375292,2.4778400913846044,2.5144353301031894,2.8623702068063284,0,2.815590777411739,3.1651920314475954,3.347928266336203,2.465291570564721,3.3408204440959035,2.772242643009866
Slovenian,3.3280033729604863,3.1869594678145265,2.9709137575915285,3.4196770660401383,2.4128436532997983,2.8344454366283243,3.50506717656286,2.447029263377484,2.759384079816549,3.442812720543026,3.3060739176202203,3.472637265639028,3.339100159706156,3.2737312379331907,3.4249206503946765,3.3908297933557323,3.5396982926210128,3.56371901553321,3.283194071993127,3.373368979803094,2.9458078799492298,3.18490726816658,2.657005619343366,2.822483759981555,3.51811773917798,2.9587290032396605,3.576750339102849,3.278042015599367,3.0413661239906635,2.6755945554855143,3.2225513620868784,3.3447961194605145,2.8119583729513393,2.518862918803469,2.9006323904531737,2.815590777411739,0,3.1647079761355963,3.3852303153638217,2.715610487337031,3.3255014112309196,2.8442945906557093
Spanish,3.200127715370579,2.9924058728835337,2.8726537777875873,3.2529579360171796,2.942570429552448,3.077158565639054,2.580073721819346,3.011551726291586,3.084321490973355,3.1978893371944226,3.169391166924261,3.2471223887843284,2.900651924177157,2.007977501131606,3.3226611427146864,3.116375301628418,3.3021245220904376,3.27271131936595,3.163349341896865,3.075809541018333,2.35514050468731,3.3366384518798404,2.7525833371197352,3.0830322870030447,3.193908294459439,2.735487340869761,3.328649428511757,3.0476818840886826,2.9446796774812793,3.0207324648479457,2.3958349980228992,3.006177530921997,3.1352181810576285,3.1497956258274695,2.708186661244036,3.1651920314475954,3.1647079761355963,0,3.2049042905416796,3.0329810212461297,3.129809755195952,2.6942503542989527
Swedish,2.9481983025779233,3.264412761305911,2.8466818676201644,3.491841910041979,3.025753241957614,3.355033280808968,3.4524677951169074,3.2413415489891904,3.2772176758392115,2.8075259559694494,2.9077342079505857,3.0636875596816453,3.408275585065002,3.2138763833422037,3.0029565111080756,3.4338801211798167,3.566064808211701,3.509376712026371,2.731552626522232,3.328542827026043,2.961748360986272,3.2826779885698825,2.7551288797047544,3.268499103417364,3.530833309476646,2.963471676883135,2.4938805287813706,3.361052196093003,3.007882082079845,3.0678217230413947,3.178743668807624,3.3784670327970496,3.2558344189951245,3.278802041615528,2.9299323072262116,3.347928266336203,3.3852303153638217,3.2049042905416796,0,3.163478420313066,3.3255946066268356,2.818334089624384
Ukrainian,3.065187383792346,2.978659752951841,2.8686930125205756,3.213235531549743,2.1935231401725455,2.669329351312117,3.2502481408759887,2.393167479422303,2.509856920063198,3.2022750597699132,3.19884333830383,3.343972355990296,3.1508729939854567,3.059914997846721,3.3248635023759086,3.15513377694459,3.340066030056861,3.353696616054465,3.0058880522592504,3.1806731059379754,2.8774102429811923,3.0198464592426326,2.5098717953790546,2.5104511054808563,3.287725339907898,2.9117631820660588,3.302114207315717,3.0852581912559827,2.871684500712931,2.384583474812805,3.104602905554581,3.124277920308176,2.2064248213121322,2.298689640116598,2.770144110288079,2.465291570564721,2.715610487337031,3.0329810212461297,3.163478420313066,0,3.227886374287079,2.8093360169240693
Urdu,3.3164075579138856,3.103242831319716,2.896153583973774,2.888495663499942,3.079002352802176,3.233420357918725,3.4760456334513963,3.2052874299757907,3.186216080101004,3.3338996538402124,3.2662649861118758,3.3088988860207564,3.2800158281888927,3.224424538747256,3.4203746533660273,3.347266871956044,2.9442341094976467,2.3991985700395193,3.295050259973549,3.2521384615649698,3.0077194411948653,3.3663637127422295,2.8696573961456258,3.191558698566491,2.9646525034366347,2.421749623674274,3.4910440003336816,2.9997509368339923,2.861621925332075,3.1756601157143853,3.17287411976178,3.418212407844179,3.284530382999689,3.328735121969244,2.796138220994274,3.3408204440959035,3.3255014112309196,3.129809755195952,3.3255946066268356,3.227886374287079,0,2.7931467786468698
Welsh,2.666632629559524,2.6504312183905503,2.68348026752006,2.9173929663062124,2.890932040592936,2.7524879928870267,2.8871452708929843,2.7376081177289935,2.7796206327532764,2.6553361371107242,2.769978054795084,2.7740703545181047,2.6766523660904413,2.5883918342573877,2.8639240466224214,2.7934888295666043,2.9981420172736977,2.990982758556586,2.8060426294288785,2.465783069920286,2.6820137397546007,3.0772128623192385,2.828278100413067,2.891531950334306,2.8016141439174618,2.617521771216902,2.8951487078170883,2.660588529168891,2.7390701589237962,2.937235942640567,2.712151773117076,2.86896501893658,2.9154420807480235,2.9252349458804785,2.514692797660688,2.772242643009866,2.8442945906557093,2.6942503542989527,2.818334089624384,2.8093360169240693,2.7931467786468698,0
