,Afrikaans,Albanian,Armenian,Bengali,Bosnian,Bulgarian,Catalan,Croatian,Czech,Danish,Dutch,English,French,Galician,German,Greek,Gujarati,Hindi,Icelandic,Irish,Italian,Latvian,Lithuanian,Macedonian,Marathi,Nepali,Norwegian,Pashto,Persian,Polish,Portuguese,Romanian,Russian,Serbian,Sinhala,Slovak,Slovenian,Spanish,Swedish,Ukrainian,Urdu,Welsh
Afrikaans,0,0.8504450044783304,0.9409447148872755,0.849071944564195,0.935447192542999,0.8530331419409845,0.8571950104140611,0.864149876624805,0.8583311210500172,0.8337594625976215,0.8528540468596257,0.8771896988119837,0.8340111468604559,0.8248562380642019,0.8705204409599371,0.8653970982334215,0.9012226236920047,0.9053364216852655,0.8720177967347487,0.8141162877814436,0.9181336869137287,0.9442321374269246,1.045914506448933,0.8704669293371434,0.863471769833161,0.8954260298277273,0.8300812229743785,0.847943200598802,0.915660721980503,0.9679019594357612,0.8520814545974541,0.8734756825053952,0.8930113303294085,0.8639380216863892,0.8572523618534595,0.859580698721951,0.9083033451478747,0.8443475204519416,0.8587908169864396,0.8844710849572414,0.8369237786523354,0.9327755134306157
Albanian,0.8504450044783304,0,0.9356836879525914,0.839754772624065,0.9192098453092611,0.8331315134135874,0.8530349729977852,0.8414324604815381,0.83663385796688,0.8271269248818115,0.8694536995199567,0.8727726957534513,0.8202591577826318,0.8090288230407069,0.874003485945029,0.8586635843976617,0.904769069380091,0.9115727024806993,0.8793381892887974,0.8088228101708209,0.9092471851242855,0.9315425019483974,1.0383271065784938,0.8535946091869497,0.8620360198840878,0.8869282888071924,0.8212683123219281,0.8500124425649301,0.8980183965863745,0.9608522042756685,0.8352086405570994,0.8583109935563652,0.8725500712643139,0.8455426809068267,0.8325321787273499,0.8400873854587989,0.8972213673054416,0.8208544731432212,0.8480398196092991,0.8596613843604759,0.8183743241862783,0.9229879300009665
Armenian,0.9409447148872755,0.9356836879525914,0,0.9346572960613635,1.0022697144798889,0.945564103484737,0.9500446355355628,0.9492091063369283,0.9419928157610972,0.9426575042133085,0.9599900102408451,0.9695326054915115,0.9309526683369055,0.918179178599363,0.9605805703668273,0.9468564683473354,0.9859088959296162,0.9866911825208428,0.9586361249393095,0.918681232048937,0.9846026589703788,1.0098919938117725,1.0841186050557898,0.9504848549628034,0.9514706939744552,0.9658557262862492,0.9392638852613785,0.9403515507685886,0.9794160137018406,1.030412896642892,0.939995473084321,0.9572962317547865,0.9694771900590243,0.9458683277211741,0.9299026816152537,0.9500241869551993,0.9908331462022467,0.9257355217862533,0.9480056510297917,0.9604934433372214,0.9235808157520842,0.9936793028052292
Bengali,0.849071944564195,0.839754772624065,0.9346572960613635,0,0.9167868460859512,0.8346904785984943,0.8505514384121942,0.8441828552823176,0.8466402422012275,0.8296122768062848,0.8692208733625825,0.8698634004476756,0.8199917424994884,0.8196877328389809,0.8728129208467703,0.8580595143083813,0.8933219935083192,0.8973460259909193,0.8780437172629705,0.8111517209477668,0.906288734051878,0.9291991028473852,1.032794833222503,0.8549233343424667,0.8537907023334192,0.8720252131145261,0.8253166815617872,0.8494467824580901,0.9047424321758141,0.9583228789068197,0.8402083676893042,0.8615750297756449,0.8768789913462691,0.8483960426061513,0.8449286989101802,0.8465337567078363,0.8961239850212219,0.8270016841546203,0.8489221769863877,0.8665502002355829,0.8144039317643265,0.9197253702456465
Bosnian,0.935447192542999,0.9192098453092611,1.0022697144798889,0.9167868460859512,0,0.9028151213340249,0.9297763025737017,0.9024592680992468,0.9132212507157472,0.9129011793525736,0.9437599002354629,0.9384580872068354,0.9102130898323727,0.9009353088957949,0.9484865899112477,0.9321973119625355,0.9786574971751268,0.981315317944947,0.9542461203404439,0.9021670062433744,0.9653972194798359,0.9914819170397391,1.077793877636634,0.9064606504232321,0.9451131281579831,0.9500854157195533,0.9087669626255979,0.9393943327388806,0.9691120106222453,1.0030706948464827,0.9201079828562555,0.9321315679799329,0.926416472646426,0.8899836056103718,0.9249745674931565,0.9166878964295366,0.9593464896865407,0.9078600247430331,0.9259843254272172,0.9097364873831528,0.8996516028258232,0.9771671074377302
Bulgarian,0.8530331419409845,0.8331315134135874,0.945564103484737,0.8346904785984943,0.9028151213340249,0,0.8487946374202102,0.8145215818274469,0.8239626286059369,0.8177944701334788,0.8619263536759947,0.848783923768623,0.8160757893405381,0.8180349675194937,0.8701537315298503,0.8532401895253633,0.9046514646764114,0.9041192477867309,0.880127785010396,0.8098721855103348,0.891660206797192,0.9224828811753243,1.030239054699389,0.8434799460068043,0.8636880783083173,0.8764984318864183,0.8178556893585902,0.8555522195315078,0.9027615393020161,0.9447958260602096,0.8351550326078739,0.8469662440725725,0.8655168751642873,0.8347725635040403,0.8395372359374254,0.8311436638655346,0.891296633472973,0.8243188691671827,0.8419513559423973,0.8487251287784096,0.8167718670394283,0.9043259654229687
Catalan,0.8571950104140611,0.8530349729977852,0.9500446355355628,0.8505514384121942,0.9297763025737017,0.8487946374202102,0,0.859653092634021,0.8583314818685651,0.8380503072219218,0.8761485392932112,0.8792764988880841,0.8292094391539668,0.8187704072447112,0.8809918691754312,0.8636017002383544,0.9088673113373803,0.9156468800558795,0.8905607618538603,0.8202642342208684,0.9108503218168873,0.9399488148011619,1.0457078116172207,0.8722274378025119,0.8706497073049193,0.8939082155017409,0.8333035420248289,0.860146032272631,0.9171059289520042,0.9712425705736416,0.8432528879342123,0.8656706157852148,0.8926060113105079,0.8627730563827718,0.8626317523559996,0.8583916804418539,0.9069611823675602,0.8297490138471052,0.8546668246644572,0.8812258696462315,0.8356785212958585,0.9328875721434027
Croatian,0.864149876624805,0.8414324604815381,0.9492091063369283,0.8441828552823176,0.9024592680992468,0.8145215818274469,0.859653092634021,0,0.832272239577565,0.8328135986887969,0.870673382787523,0.8635507549963631,0.8257461517561696,0.8265095767141196,0.8761128217662645,0.861482075337763,0.9124121200530741,0.9158715138394969,0.8909612089706809,0.8231384336686909,0.8978712595529195,0.9317670098730602,1.0308496270138527,0.8511704985741401,0.8729257731780203,0.884528513522246,0.8316628065807714,0.8684257361740829,0.9070549860561705,0.9475187474903388,0.8404229847860515,0.8607831703085117,0.874045598969966,0.8359628602183524,0.8484164435991731,0.8401182681363044,0.8991596396295358,0.8315341906308122,0.8522048839585078,0.8552167412181374,0.8268242826885612,0.9143082899864502
Czech,0.8583311210500172,0.83663385796688,0.9419928157610972,0.8466402422012275,0.9132212507157472,0.8239626286059369,0.8583314818685651,0.832272239577565,0,0.835237769736907,0.8680279727664927,0.8731186393254465,0.8263242795498421,0.8204204877657101,0.8710516430072194,0.8605070448353632,0.9101853510201398,0.9115289034782464,0.8836845269608314,0.816812382671052,0.900819980687787,0.9316946789591903,1.0320090279572587,0.8565327715440068,0.8714461047665789,0.8846125991739532,0.8278506810169801,0.8617315993388828,0.901065532706313,0.9444182283253967,0.8401913726012079,0.859177031330841,0.8733080845973565,0.8450201959676679,0.8479400363465076,0.8344683391160241,0.904573092651512,0.8311457952437601,0.8526841886321673,0.858289448349919,0.824977069245988,0.919084886641322
Danish,0.8337594625976215,0.8271269248818115,0.9426575042133085,0.8296122768062848,0.9129011793525736,0.8177944701334788,0.8380503072219218,0.8328135986887969,0.835237769736907,0,0.8570291919273982,0.8478021032168258,0.8068699552328307,0.8041806982528439,0.8577648346356913,0.8548288485695593,0.8961937605178358,0.9000250098700042,0.8685567442955566,0.7926721078907988,0.9023351661627446,0.9254467636704681,1.042385657453633,0.8496653397552223,0.8513640463087351,0.8779727206783973,0.7885563636052477,0.8427832248395092,0.9003522487602095,0.9586883713884881,0.8320162854907226,0.8481321213136204,0.8729887131557094,0.8380461317085495,0.8381600516874713,0.832323348184144,0.8837058763990377,0.8187391727720126,0.8308801670168373,0.858726994475832,0.8128782377155455,0.9152840624496279
Dutch,0.8528540468596257,0.8694536995199567,0.9599900102408451,0.8692208733625825,0.9437599002354629,0.8619263536759947,0.8761485392932112,0.870673382787523,0.8680279727664927,0.8570291919273982,0,0.8889572854600473,0.8523989465148928,0.8510178578702157,0.876009217374728,0.8805492522204914,0.9174771559087818,0.9220568880409529,0.8968915273483669,0.8399179798831875,0.9223232559398172,0.9560687441390276,1.0526600051925485,0.8869535670035755,0.8834481908901967,0.9051934915421301,0.8515735122928703,0.8769831917099951,0.9266276774253999,0.9725281203733268,0.8683992762239428,0.8840766028220177,0.9066003957856985,0.878941033817118,0.8782069843865133,0.8794723575280867,0.9287094001868703,0.8617507406800685,0.8710507622021074,0.894500184754169,0.8558410470704019,0.9398316677558511
English,0.8771896988119837,0.8727726957534513,0.9695326054915115,0.8698634004476756,0.9384580872068354,0.848783923768623,0.8792764988880841,0.8635507549963631,0.8731186393254465,0.8478021032168258,0.8889572854600473,0,0.8574581338087656,0.8557334636684546,0.8963734271320538,0.8860716310491867,0.9354534124145689,0.9345608187016815,0.9033642263332471,0.8476243677810695,0.9194635904209957,0.9501178042115898,1.0498075892228311,0.8873894401030648,0.8950054537571973,0.9073140615425673,0.8505752807865345,0.8867034446891275,0.9346367810597626,0.978161290079442,0.8749438256668653,0.8792648097260322,0.9045142834056865,0.8777276339986717,0.878385733398192,0.875138898125646,0.9248532085649492,0.8638852999996122,0.8740342379570658,0.8903847511268763,0.8552146710224209,0.9295788682690496
French,0.8340111468604559,0.8202591577826318,0.9309526683369055,0.8199917424994884,0.9102130898323727,0.8160757893405381,0.8292094391539668,0.8257461517561696,0.8263242795498421,0.8068699552328307,0.8523989465148928,0.8574581338087656,0,0.7932703444921606,0.8539438889629462,0.8445413589218668,0.889867103109123,0.8929106765630986,0.866623475513126,0.7859031185687936,0.8901815074574828,0.9209727652937548,1.0308059084204235,0.8450984570568371,0.8448834230088308,0.8704797576052447,0.7989678900583332,0.8351751731275522,0.8932571473141381,0.9462609653318222,0.8153601293888852,0.8445080236077943,0.8662579373561042,0.8330042344233625,0.828692982757783,0.826515181237481,0.8863011025991151,0.8053377729941,0.8341101156485538,0.8551550602941408,0.8038176391015539,0.9127087985917706
Galician,0.8248562380642019,0.8090288230407069,0.918179178599363,0.8196877328389809,0.9009353088957949,0.8180349675194937,0.8187704072447112,0.8265095767141196,0.8204204877657101,0.8041806982528439,0.8510178578702157,0.8557334636684546,0.7932703444921606,0,0.851027917926115,0.8392913781957976,0.8834303327156177,0.8943589288382369,0.8555555875255227,0.778668304943951,0.8885564300924004,0.9176301718879447,1.025989251039109,0.8360776359471138,0.8426786689465385,0.8704132133120597,0.7963285523022904,0.8239528505254962,0.8841654616055058,0.9451388825293304,0.803458398887483,0.840746737312675,0.8587060676754011,0.8292759605286433,0.8232970997466172,0.8232273726419311,0.8767991626281326,0.787294394600674,0.8258588094073536,0.8468232454771503,0.8002109481669916,0.9102449116218221
German,0.8705204409599371,0.874003485945029,0.9605805703668273,0.8728129208467703,0.9484865899112477,0.8701537315298503,0.8809918691754312,0.8761128217662645,0.8710516430072194,0.8577648346356913,0.876009217374728,0.8963734271320538,0.8539438889629462,0.851027917926115,0,0.8824537391024999,0.9251316107766665,0.9289953803124903,0.9029966839425432,0.8413621806246722,0.9279929657745619,0.9569908576113837,1.0549872075195605,0.8890764084798203,0.8883695957852576,0.9135957230833557,0.8529267947837172,0.8815702194289169,0.9313150718064706,0.9799934711456304,0.8706543526387408,0.890673430571222,0.9117524350483367,0.8807299440099547,0.8808134644572576,0.880509060219866,0.9336788272523809,0.862821973269943,0.8765200511415867,0.8979555922610067,0.8581427993655996,0.9482203747286758
Greek,0.8653970982334215,0.8586635843976617,0.9468564683473354,0.8580595143083813,0.9321973119625355,0.8532401895253633,0.8636017002383544,0.861482075337763,0.8605070448353632,0.8548288485695593,0.8805492522204914,0.8860716310491867,0.8445413589218668,0.8392913781957976,0.8824537391024999,0,0.909954758883611,0.9163903931298444,0.8918023080959627,0.833720743899697,0.911308926140418,0.9427974154747719,1.0393291855716518,0.8767606971138527,0.8747568132811995,0.8949463153044758,0.850498085332433,0.8698993410147172,0.919145762934016,0.9681437544528851,0.8601838087287809,0.8752700069346319,0.8957547709165775,0.8681112113043059,0.8676011516621899,0.8669335427667609,0.9171433819924594,0.8462568822448633,0.8657434111904931,0.88008875295086,0.8430453709493151,0.9280095744567137
Gujarati,0.9012226236920047,0.904769069380091,0.9859088959296162,0.8933219935083192,0.9786574971751268,0.9046514646764114,0.9088673113373803,0.9124121200530741,0.9101853510201398,0.8961937605178358,0.9174771559087818,0.9354534124145689,0.889867103109123,0.8834303327156177,0.9251316107766665,0.909954758883611,0,0.9266527291207872,0.929185932245946,0.8747061747899839,0.9611792808731415,0.9878513505996908,1.07971843081813,0.9211342781998694,0.883667498339599,0.9319367701622256,0.8924411358050692,0.9007355928209388,0.9617935069256595,1.0090138097532722,0.9103420836275957,0.9226611284635869,0.9395012642844794,0.9149853464520545,0.9097598468036469,0.9138070560359233,0.9586181949644623,0.900305665415965,0.9143164230792998,0.9312096874823885,0.8813200040827525,0.9767743879735947
Hindi,0.9053364216852655,0.9115727024806993,0.9866911825208428,0.8973460259909193,0.981315317944947,0.9041192477867309,0.9156468800558795,0.9158715138394969,0.9115289034782464,0.9000250098700042,0.9220568880409529,0.9345608187016815,0.8929106765630986,0.8943589288382369,0.9289953803124903,0.9163903931298444,0.9266527291207872,0,0.9351293541278289,0.8801792007851946,0.958290117261337,0.99179079936276,1.0794361862035367,0.9249219483181276,0.8985762264927873,0.9287453908318197,0.900506057526386,0.9053789558689236,0.9602641603808466,1.0055824440734353,0.916541252156441,0.9217099563826509,0.9473418396130497,0.9192440521203737,0.9116551953721929,0.9151806826781204,0.9618248854248054,0.9089199815686997,0.9192335620380182,0.9342015607300201,0.8830915699932566,0.9723994239943837
Icelandic,0.8720177967347487,0.8793381892887974,0.9586361249393095,0.8780437172629705,0.9542461203404439,0.880127785010396,0.8905607618538603,0.8909612089706809,0.8836845269608314,0.8685567442955566,0.8968915273483669,0.9033642263332471,0.866623475513126,0.8555555875255227,0.9029966839425432,0.8918023080959627,0.929185932245946,0.9351293541278289,0,0.850001146347603,0.9378803054418512,0.964342463587509,1.0560765067983637,0.8956821226514948,0.8920704712850989,0.914776133869176,0.8627445098236736,0.8800470425915817,0.937983700134522,0.9866776206089706,0.884369883112555,0.8981580042625006,0.915927740889019,0.8905716657389504,0.8839325361412782,0.8871517664321507,0.9349879940931961,0.8712484106502586,0.8858816498609507,0.9075697909409083,0.864481657121,0.9479546259130102
Irish,0.8141162877814436,0.8088228101708209,0.918681232048937,0.8111517209477668,0.9021670062433744,0.8098721855103348,0.8202642342208684,0.8231384336686909,0.816812382671052,0.7926721078907988,0.8399179798831875,0.8476243677810695,0.7859031185687936,0.778668304943951,0.8413621806246722,0.833720743899697,0.8747061747899839,0.8801792007851946,0.850001146347603,0,0.8897603771580989,0.9133608350151489,1.02609234443793,0.829258094318961,0.8285363529223146,0.863008517230774,0.7848959812035649,0.812765914495396,0.8854691128232071,0.942230166695371,0.8066043872491044,0.8377771408562975,0.8562828666130622,0.8245002856967354,0.8209591503620131,0.817316038592375,0.8701538893318161,0.7952979100820452,0.8217023650444243,0.8457779610654526,0.7950959801599687,0.9073336697568372
Italian,0.9181336869137287,0.9092471851242855,0.9846026589703788,0.906288734051878,0.9653972194798359,0.891660206797192,0.9108503218168873,0.8978712595529195,0.900819980687787,0.9023351661627446,0.9223232559398172,0.9194635904209957,0.8901815074574828,0.8885564300924004,0.9279929657745619,0.911308926140418,0.9611792808731415,0.958290117261337,0.9378803054418512,0.8897603771580989,0,0.9844066998943625,1.0622554773183501,0.9199468641899853,0.9292873023576997,0.9321364619516879,0.9046135860838622,0.9220525706245091,0.9542316726977261,0.9958892964795703,0.9067435144638967,0.9096679805717304,0.9359790706668382,0.9104070018075449,0.9098360827873936,0.9122901728615039,0.9635925796732958,0.8932881290069413,0.9100692552580554,0.9198296497861657,0.8922380779541595,0.9487286360689294
Latvian,0.9442321374269246,0.9315425019483974,1.0098919938117725,0.9291991028473852,0.9914819170397391,0.9224828811753243,0.9399488148011619,0.9317670098730602,0.9316946789591903,0.9254467636704681,0.9560687441390276,0.9501178042115898,0.9209727652937548,0.9176301718879447,0.9569908576113837,0.9427974154747719,0.9878513505996908,0.99179079936276,0.964342463587509,0.9133608350151489,0.9844066998943625,0,1.0779453633578835,0.941549387257949,0.9514978444686574,0.9642409644959965,0.9230106141238124,0.9436885435467937,0.9892596578851127,1.0278818966393077,0.9352623932703413,0.9457797596470613,0.9565455548983304,0.9351097181533802,0.9341486562904832,0.9339201228315862,0.978975704584003,0.9230870526813627,0.9385011120243273,0.9471940513495596,0.9175200363149145,0.990447928585379
Lithuanian,1.045914506448933,1.0383271065784938,1.0841186050557898,1.032794833222503,1.077793877636634,1.030239054699389,1.0457078116172207,1.0308496270138527,1.0320090279572587,1.042385657453633,1.0526600051925485,1.0498075892228311,1.0308059084204235,1.025989251039109,1.0549872075195605,1.0393291855716518,1.07971843081813,1.0794361862035367,1.0560765067983637,1.02609234443793,1.0622554773183501,1.0779453633578835,0,1.0390261119160649,1.053474399202541,1.0483318289454322,1.0380686148062925,1.0476740657476293,1.0729730058193283,1.1027765326443437,1.0389560944664478,1.0448069835690346,1.0528028976497066,1.034865268325727,1.0326015285513366,1.0430941102336115,1.0837023662086531,1.0240537727028935,1.0417370962136792,1.0449135056686736,1.02197315894494,1.0683403928347162
Macedonian,0.8704669293371434,0.8535946091869497,0.9504848549628034,0.8549233343424667,0.9064606504232321,0.8434799460068043,0.8722274378025119,0.8511704985741401,0.8565327715440068,0.8496653397552223,0.8869535670035755,0.8873894401030648,0.8450984570568371,0.8360776359471138,0.8890764084798203,0.8767606971138527,0.9211342781998694,0.9249219483181276,0.8956821226514948,0.829258094318961,0.9199468641899853,0.941549387257949,1.0390261119160649,0,0.8821278973823644,0.8979133456242422,0.845547016880166,0.8723387936048876,0.9196803718792158,0.9612929356851778,0.8570808737588177,0.8758906858519492,0.8747462653391695,0.8361883373971283,0.864684716213557,0.8572618398464374,0.904242988024204,0.8443155850595874,0.8691485459466599,0.8596336416409132,0.8375137105570162,0.9316398487493606
Marathi,0.863471769833161,0.8620360198840878,0.9514706939744552,0.8537907023334192,0.9451131281579831,0.8636880783083173,0.8706497073049193,0.8729257731780203,0.8714461047665789,0.8513640463087351,0.8834481908901967,0.8950054537571973,0.8448834230088308,0.8426786689465385,0.8883695957852576,0.8747568132811995,0.883667498339599,0.8985762264927873,0.8920704712850989,0.8285363529223146,0.9292873023576997,0.9514978444686574,1.053474399202541,0.8821278973823644,0,0.8959557017763738,0.8483055527893797,0.8617942344328082,0.9264149128095847,0.9768564542709117,0.8677068203831394,0.8848621513413858,0.9004263243340821,0.8755067111311666,0.8685358922382352,0.8724702125638184,0.9159936220807803,0.8563101457748303,0.8746664941267204,0.8924002669617815,0.8403380894572934,0.9427826813861574
Nepali,0.8954260298277273,0.8869282888071924,0.9658557262862492,0.8720252131145261,0.9500854157195533,0.8764984318864183,0.8939082155017409,0.884528513522246,0.8846125991739532,0.8779727206783973,0.9051934915421301,0.9073140615425673,0.8704797576052447,0.8704132133120597,0.9135957230833557,0.8949463153044758,0.9319367701622256,0.9287453908318197,0.914776133869176,0.863008517230774,0.9321364619516879,0.9642409644959965,1.0483318289454322,0.8979133456242422,0.8959557017763738,0,0.8763940200400312,0.8899574499440784,0.9390872797864042,0.9843871531823322,0.8910148821576346,0.8986651425411644,0.9192728978772171,0.8922817508168382,0.8859780846302715,0.8924173860807685,0.9415167810079795,0.8796530231142832,0.8931017382220834,0.9054244037776804,0.8607660900669056,0.9416531671324843
Norwegian,0.8300812229743785,0.8212683123219281,0.9392638852613785,0.8253166815617872,0.9087669626255979,0.8178556893585902,0.8333035420248289,0.8316628065807714,0.8278506810169801,0.7885563636052477,0.8515735122928703,0.8505752807865345,0.7989678900583332,0.7963285523022904,0.8529267947837172,0.850498085332433,0.8924411358050692,0.900506057526386,0.8627445098236736,0.7848959812035649,0.9046135860838622,0.9230106141238124,1.0380686148062925,0.845547016880166,0.8483055527893797,0.8763940200400312,0,0.8374209347829361,0.8944991465949247,0.9549059245801979,0.8245535345108665,0.8492917725477577,0.8640415497865422,0.8323545924314381,0.8346035060630907,0.829740832884245,0.8753742352211626,0.8100733835399354,0.8268781581606068,0.8530228297038387,0.8050866317313533,0.9201602399482677
Pashto,0.847943200598802,0.8500124425649301,0.9403515507685886,0.8494467824580901,0.9393943327388806,0.8555522195315078,0.860146032272631,0.8684257361740829,0.8617315993388828,0.8427832248395092,0.8769831917099951,0.8867034446891275,0.8351751731275522,0.8239528505254962,0.8815702194289169,0.8698993410147172,0.9007355928209388,0.9053789558689236,0.8800470425915817,0.812765914495396,0.9220525706245091,0.9436885435467937,1.0476740657476293,0.8723387936048876,0.8617942344328082,0.8899574499440784,0.8374209347829361,0,0.9132393265618426,0.9721896555834468,0.8566095451136048,0.8752810878256216,0.895576395257526,0.8655323015821466,0.8505631155557396,0.8613204793314111,0.9038692840133744,0.8475999786038833,0.8649537804451739,0.8861262369373542,0.8331286186505518,0.9337824426461327
Persian,0.915660721980503,0.8980183965863745,0.9794160137018406,0.9047424321758141,0.9691120106222453,0.9027615393020161,0.9171059289520042,0.9070549860561705,0.901065532706313,0.9003522487602095,0.9266276774253999,0.9346367810597626,0.8932571473141381,0.8841654616055058,0.9313150718064706,0.919145762934016,0.9617935069256595,0.9602641603808466,0.937983700134522,0.8854691128232071,0.9542316726977261,0.9892596578851127,1.0729730058193283,0.9196803718792158,0.9264149128095847,0.9390872797864042,0.8944991465949247,0.9132393265618426,0,1.000690080358053,0.903758659400618,0.9223690253712338,0.9376399321212199,0.9088201912720918,0.9015340873838991,0.9096497731028228,0.9605011188059397,0.8941279978084596,0.9144433683193814,0.9219229653528316,0.8860529833200663,0.9695281266261063
Polish,0.9679019594357612,0.9608522042756685,1.030412896642892,0.9583228789068197,1.0030706948464827,0.9447958260602096,0.9712425705736416,0.9475187474903388,0.9444182283253967,0.9586883713884881,0.9725281203733268,0.978161290079442,0.9462609653318222,0.9451388825293304,0.9799934711456304,0.9681437544528851,1.0090138097532722,1.0055824440734353,0.9866776206089706,0.942230166695371,0.9958892964795703,1.0278818966393077,1.1027765326443437,0.9612929356851778,0.9768564542709117,0.9843871531823322,0.9549059245801979,0.9721896555834468,1.000690080358053,0,0.9572073257448172,0.9711328549543596,0.9757864666363151,0.9536665314364715,0.9648970405861128,0.9533784830685887,1.006326378891863,0.951784264508775,0.9665967919860605,0.9635865272677476,0.9440839140451218,1.0074558334300305
Portuguese,0.8520814545974541,0.8352086405570994,0.939995473084321,0.8402083676893042,0.9201079828562555,0.8351550326078739,0.8432528879342123,0.8404229847860515,0.8401913726012079,0.8320162854907226,0.8683992762239428,0.8749438256668653,0.8153601293888852,0.803458398887483,0.8706543526387408,0.8601838087287809,0.9103420836275957,0.916541252156441,0.884369883112555,0.8066043872491044,0.9067435144638967,0.9352623932703413,1.0389560944664478,0.8570808737588177,0.8677068203831394,0.8910148821576346,0.8245535345108665,0.8566095451136048,0.903758659400618,0.9572073257448172,0,0.8610941018622069,0.8790034075895926,0.8490291663940411,0.8485303206735835,0.8447321980691447,0.9015804046228781,0.8054108818610576,0.846986223854005,0.8646378518521175,0.8235193242757518,0.9267489919221293
Romanian,0.8734756825053952,0.8583109935563652,0.9572962317547865,0.8615750297756449,0.9321315679799329,0.8469662440725725,0.8656706157852148,0.8607831703085117,0.859177031330841,0.8481321213136204,0.8840766028220177,0.8792648097260322,0.8445080236077943,0.840746737312675,0.890673430571222,0.8752700069346319,0.9226611284635869,0.9217099563826509,0.8981580042625006,0.8377771408562975,0.9096679805717304,0.9457797596470613,1.0448069835690346,0.8758906858519492,0.8848621513413858,0.8986651425411644,0.8492917725477577,0.8752810878256216,0.9223690253712338,0.9711328549543596,0.8610941018622069,0,0.8962878440813324,0.8704254341967014,0.8688140375507324,0.8663327226307435,0.9187033901782755,0.848011672093251,0.8643691607526781,0.8807138413886482,0.8433875377619447,0.9271201997682552
Russian,0.8930113303294085,0.8725500712643139,0.9694771900590243,0.8768789913462691,0.926416472646426,0.8655168751642873,0.8926060113105079,0.874045598969966,0.8733080845973565,0.8729887131557094,0.9066003957856985,0.9045142834056865,0.8662579373561042,0.8587060676754011,0.9117524350483367,0.8957547709165775,0.9395012642844794,0.9473418396130497,0.915927740889019,0.8562828666130622,0.9359790706668382,0.9565455548983304,1.0528028976497066,0.8747462653391695,0.9004263243340821,0.9192728978772171,0.8640415497865422,0.895576395257526,0.9376399321212199,0.9757864666363151,0.8790034075895926,0.8962878440813324,0,0.863924365121403,0.8855344592223919,0.876946264873724,0.924584638334757,0.8652268760907382,0.8870517236927556,0.8713991795048499,0.8579554249634858,0.9461039507205593
Serbian,0.8639380216863892,0.8455426809068267,0.9458683277211741,0.8483960426061513,0.8899836056103718,0.8347725635040403,0.8627730563827718,0.8359628602183524,0.8450201959676679,0.8380461317085495,0.878941033817118,0.8777276339986717,0.8330042344233625,0.8292759605286433,0.8807299440099547,0.8681112113043059,0.9149853464520545,0.9192440521203737,0.8905716657389504,0.8245002856967354,0.9104070018075449,0.9351097181533802,1.034865268325727,0.8361883373971283,0.8755067111311666,0.8922817508168382,0.8323545924314381,0.8655323015821466,0.9088201912720918,0.9536665314364715,0.8490291663940411,0.8704254341967014,0.863924365121403,0,0.8558094211224443,0.8464394098870902,0.8908564194687301,0.8366328667012759,0.8569582249373203,0.8511596950006305,0.8291131924040022,0.9257136370953922
Sinhala,0.8572523618534595,0.8325321787273499,0.9299026816152537,0.8449286989101802,0.9249745674931565,0.8395372359374254,0.8626317523559996,0.8484164435991731,0.8479400363465076,0.8381600516874713,0.8782069843865133,0.878385733398192,0.828692982757783,0.8232970997466172,0.8808134644572576,0.8676011516621899,0.9097598468036469,0.9116551953721929,0.8839325361412782,0.8209591503620131,0.9098360827873936,0.9341486562904832,1.0326015285513366,0.864684716213557,0.8685358922382352,0.8859780846302715,0.8346035060630907,0.8505631155557396,0.9015340873838991,0.9648970405861128,0.8485303206735835,0.8688140375507324,0.8855344592223919,0.8558094211224443,0,0.8475923611894968,0.9018313038541658,0.8333803369212046,0.8598349161517782,0.8713422120780507,0.824659181619142,0.9206601630555084
Slovak,0.859580698721951,0.8400873854587989,0.9500241869551993,0.8465337567078363,0.9166878964295366,0.8311436638655346,0.8583916804418539,0.8401182681363044,0.8344683391160241,0.832323348184144,0.8794723575280867,0.875138898125646,0.826515181237481,0.8232273726419311,0.880509060219866,0.8669335427667609,0.9138070560359233,0.9151806826781204,0.8871517664321507,0.817316038592375,0.9122901728615039,0.9339201228315862,1.0430941102336115,0.8572618398464374,0.8724702125638184,0.8924173860807685,0.829740832884245,0.8613204793314111,0.9096497731028228,0.9533784830685887,0.8447321980691447,0.8663327226307435,0.876946264873724,0.8464394098870902,0.8475923611894968,0,0.8963648570828029,0.8345776434390763,0.8546157884091081,0.8658420832583037,0.8281282037881286,0.9274202793466361
Slovenian,0.9083033451478747,0.8972213673054416,0.9908331462022467,0.8961239850212219,0.9593464896865407,0.891296633472973,0.9069611823675602,0.8991596396295358,0.904573092651512,0.8837058763990377,0.9287094001868703,0.9248532085649492,0.8863011025991151,0.8767991626281326,0.9336788272523809,0.9171433819924594,0.9586181949644623,0.9618248854248054,0.9349879940931961,0.8701538893318161,0.9635925796732958,0.978975704584003,1.0837023662086531,0.904242988024204,0.9159936220807803,0.9415167810079795,0.8753742352211626,0.9038692840133744,0.9605011188059397,1.006326378891863,0.9015804046228781,0.9187033901782755,0.924584638334757,0.8908564194687301,0.9018313038541658,0.8963648570828029,0,0.8875366647057289,0.9056925301614247,0.9139888069923817,0.8802691461124804,0.9753539414938579
Spanish,0.8443475204519416,0.8208544731432212,0.9257355217862533,0.8270016841546203,0.9078600247430331,0.8243188691671827,0.8297490138471052,0.8315341906308122,0.8311457952437601,0.8187391727720126,0.8617507406800685,0.8638852999996122,0.8053377729941,0.787294394600674,0.862821973269943,0.8462568822448633,0.900305665415965,0.9089199815686997,0.8712484106502586,0.7952979100820452,0.8932881290069413,0.9230870526813627,1.0240537727028935,0.8443155850595874,0.8563101457748303,0.8796530231142832,0.8100733835399354,0.8475999786038833,0.8941279978084596,0.951784264508775,0.8054108818610576,0.848011672093251,0.8652268760907382,0.8366328667012759,0.8333803369212046,0.8345776434390763,0.8875366647057289,0,0.8330464225301485,0.8509379722600069,0.8084677033824961,0.914592096468812
Swedish,0.8587908169864396,0.8480398196092991,0.9480056510297917,0.8489221769863877,0.9259843254272172,0.8419513559423973,0.8546668246644572,0.8522048839585078,0.8526841886321673,0.8308801670168373,0.8710507622021074,0.8740342379570658,0.8341101156485538,0.8258588094073536,0.8765200511415867,0.8657434111904931,0.9143164230792998,0.9192335620380182,0.8858816498609507,0.8217023650444243,0.9100692552580554,0.9385011120243273,1.0417370962136792,0.8691485459466599,0.8746664941267204,0.8931017382220834,0.8268781581606068,0.8649537804451739,0.9144433683193814,0.9665967919860605,0.846986223854005,0.8643691607526781,0.8870517236927556,0.8569582249373203,0.8598349161517782,0.8546157884091081,0.9056925301614247,0.8330464225301485,0,0.8722704134279631,0.8324294568252473,0.9266416804136126
Ukrainian,0.8844710849572414,0.8596613843604759,0.9604934433372214,0.8665502002355829,0.9097364873831528,0.8487251287784096,0.8812258696462315,0.8552167412181374,0.858289448349919,0.858726994475832,0.894500184754169,0.8903847511268763,0.8551550602941408,0.8468232454771503,0.8979555922610067,0.88008875295086,0.9312096874823885,0.9342015607300201,0.9075697909409083,0.8457779610654526,0.9198296497861657,0.9471940513495596,1.0449135056686736,0.8596336416409132,0.8924002669617815,0.9054244037776804,0.8530228297038387,0.8861262369373542,0.9219229653528316,0.9635865272677476,0.8646378518521175,0.8807138413886482,0.8713991795048499,0.8511596950006305,0.8713422120780507,0.8658420832583037,0.9139888069923817,0.8509379722600069,0.8722704134279631,0,0.8455790448380386,0.9321142331065452
Urdu,0.8369237786523354,0.8183743241862783,0.9235808157520842,0.8144039317643265,0.8996516028258232,0.8167718670394283,0.8356785212958585,0.8268242826885612,0.824977069245988,0.8128782377155455,0.8558410470704019,0.8552146710224209,0.8038176391015539,0.8002109481669916,0.8581427993655996,0.8430453709493151,0.8813200040827525,0.8830915699932566,0.864481657121,0.7950959801599687,0.8922380779541595,0.9175200363149145,1.02197315894494,0.8375137105570162,0.8403380894572934,0.8607660900669056,0.8050866317313533,0.8331286186505518,0.8860529833200663,0.9440839140451218,0.8235193242757518,0.8433875377619447,0.8579554249634858,0.8291131924040022,0.824659181619142,0.8281282037881286,0.8802691461124804,0.8084677033824961,0.8324294568252473,0.8455790448380386,0,0.9031103252458597
Welsh,0.9327755134306157,0.9229879300009665,0.9936793028052292,0.9197253702456465,0.9771671074377302,0.9043259654229687,0.9328875721434027,0.9143082899864502,0.919084886641322,0.9152840624496279,0.9398316677558511,0.9295788682690496,0.9127087985917706,0.9102449116218221,0.9482203747286758,0.9280095744567137,0.9767743879735947,0.9723994239943837,0.9479546259130102,0.9073336697568372,0.9487286360689294,0.990447928585379,1.0683403928347162,0.9316398487493606,0.9427826813861574,0.9416531671324843,0.9201602399482677,0.9337824426461327,0.9695281266261063,1.0074558334300305,0.9267489919221293,0.9271201997682552,0.9461039507205593,0.9257136370953922,0.9206601630555084,0.9274202793466361,0.9753539414938579,0.914592096468812,0.9266416804136126,0.9321142331065452,0.9031103252458597,0
