,Afrikaans,Albanian,Armenian,Bengali,Bosnian,Bulgarian,Catalan,Croatian,Czech,Danish,Dutch,English,French,Galician,German,Greek,Gujarati,Hindi,Icelandic,Irish,Italian,Latvian,Lithuanian,Macedonian,Marathi,Nepali,Norwegian,Pashto,Persian,Polish,Portuguese,Romanian,Russian,Serbian,Sinhala,Slovak,Slovenian,Spanish,Swedish,Ukrainian,Urdu,Welsh
Afrikaans,0,4226.364023231528,5155.419611796253,4665.733837745498,5216.924660352374,4366.316936319458,4530.675522422827,4599.1588439841735,4892.001125540468,4079.6242681647122,3917.8202828078342,4326.057414546285,4225.587839192072,3982.063944000286,4222.737351178491,4725.228252088196,4753.238354181297,5055.418725725457,4009.594657574609,4015.978030335571,5343.052585150049,5569.713894790921,6728.289937551485,4601.657201737115,4559.327037019664,4944.05975485489,3770.3284990388433,4039.786759734076,4863.436120523827,5716.374470950438,4606.84267211085,4766.752192260496,4785.035851342356,4623.790232750023,4616.301483490472,4573.873573098118,4779.505060028199,4608.847946160454,4130.734107081892,4813.944539506846,4674.824982781608,5377.61133001565
Albanian,4226.364023231528,0,5374.556076756497,4912.681934803515,5785.173572939406,4870.077352895632,4837.9550714559755,5105.563147763956,5381.0666391694585,4976.3651371260985,5140.934834358344,5356.089046568945,4716.580610349182,4259.764954342601,5156.563682330206,5055.255203444264,5128.499927321553,5385.784275233198,4831.261846915475,4324.1526184218,5801.406931850343,6075.103282680243,7106.2873143340385,5081.017461538818,4797.804622656279,5312.215480494161,4700.130220121259,4291.091919756172,5087.201690402789,6202.576886035094,5056.84198941633,5292.345872601354,5266.331609129852,5120.634043945052,4451.572225760052,4968.533016317149,5283.062258635677,4973.988870629836,4923.536998469022,5244.56091687513,4965.2237816448005,5871.491744439078
Armenian,5155.419611796253,5374.556076756497,0,6074.003944544089,6202.991313309952,5934.319508010707,6087.198067663799,5981.444270381451,6420.30685791631,6120.861485678314,6275.592365399234,6405.183507253264,5688.565650036937,5488.8874103083945,6108.865130204832,5802.200332448152,6375.989558064466,6444.272712842262,5515.357225815913,5420.943476578315,6564.1647475677,6660.247326538848,7836.8551110145545,6142.231705137464,6045.914239316393,6263.638226950549,5613.636318180623,5315.845113683806,5958.328777005619,7151.572053258483,6160.665519864111,6173.794005021572,6176.424215767691,5989.728554987112,5586.103687004401,6048.036389569197,6277.50269693723,6156.920943586145,5973.160191172561,6217.090842917441,6108.00814992823,6706.919213154895
Bengali,4665.733837745498,4912.681934803515,6074.003944544089,0,5690.292485318827,4491.527597545245,4515.477495922204,4735.069553366052,5022.520978626177,4472.729495272372,4842.067745646721,4788.319489160222,4519.90834462863,4391.102535347608,4687.973474187255,4842.429275653195,4173.447238435055,4424.891340986428,4818.84504132541,4381.02625410321,5329.037045336434,5755.754186802137,6832.448186473824,4621.151654423023,4114.38147008349,4894.815187449812,4696.897333227612,4408.302797238787,5253.64214985947,5600.383058879487,4749.337346994285,4839.723241807434,5038.487152451098,4770.060309501865,5024.535322043324,4705.937499207836,5003.111425277228,4687.042696520372,4626.034675427471,4929.031014929846,4088.336564766353,5362.482140876895
Bosnian,5216.924660352374,5785.173572939406,6202.991313309952,5690.292485318827,0,5102.455027946522,5922.4491242801705,4595.048180391201,5355.972185056272,5408.003136070091,5962.3932824518915,5979.909145741315,5323.993492570144,5589.212500122196,5721.668522981976,5819.846508495324,6078.854284871275,5954.995172568499,5691.618336754631,5699.598806616612,6019.045290177947,6085.609016969994,7411.134862060329,4874.160462376607,5909.698385138449,5431.830483526245,5180.001336653397,5628.173637609698,6345.119412606241,5731.338251492398,5758.5619890427415,5581.270550011139,5002.576545871902,4074.4762504731616,6086.339988677448,4764.644024769705,4983.266683366514,5902.584303420099,5771.651387629578,5097.51229448994,5654.492639175208,6360.271663637046
Bulgarian,4366.316936319458,4870.077352895632,5934.319508010707,4491.527597545245,5102.455027946522,0,4273.095779992934,3752.863176869058,4350.99789740973,4231.239762967558,4539.13811701117,4457.926894794568,4356.879369743548,4054.3492860144247,4545.045383953545,4739.994038033839,4597.96153865946,4886.771425608368,4491.714884508931,4198.431740420049,5118.38668953921,5748.901948081839,6547.9495483199735,3558.5732517641804,4329.937833109442,5567.211886476094,4505.015767545086,4290.549434960251,5099.983018749622,5062.22156458035,4557.800388274396,4753.3349433135245,4276.026250754573,3945.4035349805654,5074.148321559904,4071.413726407994,4420.423580206552,4392.258952726065,4449.589448363147,4199.916154337324,4417.225406222535,5001.384517384983
Catalan,4530.675522422827,4837.9550714559755,6087.198067663799,4515.477495922204,5922.4491242801705,4273.095779992934,0,4439.412661913913,5028.127227151734,4138.373098154748,4561.3711660531835,4520.286762746069,3980.2759289276933,3627.9441883887057,4581.6432950754615,4629.082392353495,4539.738765455684,4862.14560783008,4681.455901717694,4095.4108750678033,4775.264836053083,5928.599273941236,6745.049361880628,4523.8045159121,4252.003951866861,5636.291264692562,4305.783375879674,4410.151491194379,5315.396338164954,5602.95274237767,4024.0655398959884,4419.206493252445,5002.892115891027,4733.143463065207,5147.063964590933,4524.809266877088,4743.884673453892,3695.6690708109536,4374.640891797912,4852.3443243460515,4527.688492923318,5238.026197763925
Croatian,4599.1588439841735,5105.563147763956,5981.444270381451,4735.069553366052,4595.048180391201,3752.863176869058,4439.412661913913,0,4420.083342979515,4406.122386746382,4802.054694189173,4896.742096069213,4453.692131982761,4398.312587120315,4759.972019563848,4792.02636781058,4863.628214720095,5048.36430234205,4771.902557981018,4468.936176756832,5265.510521785055,5852.8269675119745,6662.769769573272,3939.52745392312,4571.687300489296,5700.9375086022965,4623.135970335603,4582.4878865343235,5326.168722609422,4957.299212250489,4696.029438786393,4832.771825671717,4446.238829813728,3598.162878544473,5235.41729607971,3957.7503339673212,4044.880194775032,4614.146702367711,4662.012492384737,4263.88588641019,4656.508213632481,5338.913425891488
Czech,4892.001125540468,5381.0666391694585,6420.30685791631,5022.520978626177,5355.972185056272,4350.99789740973,5028.127227151734,4420.083342979515,0,4548.107240327556,4956.214836396274,5106.987379595672,4737.171067257478,4782.4658332787585,4899.851677371563,5222.468713517345,5297.7815974922,5464.483231349877,5034.670083539772,4850.280731279434,5532.271541687495,5992.044843284365,7168.325716312253,4522.968019839044,5119.605738010832,5590.866707604447,4963.363774269274,4829.503039023999,5649.377310827494,5192.196230181524,5001.66210279792,5185.279808322425,4654.07671011455,4351.813621345101,5764.784281026673,3839.9602650503502,4626.923061672356,5073.5786201464625,4956.250700794728,4519.182481733351,4966.737939013916,5581.704706923937
Danish,4079.6242681647122,4976.3651371260985,6120.861485678314,4472.729495272372,5408.003136070091,4231.239762967558,4138.373098154748,4406.122386746382,4548.107240327556,0,4036.5943750264046,3987.6193882703865,3995.3379071180057,4139.823098307623,3843.3037607720166,4523.179864894421,4476.927061752214,4656.52225782242,4134.35979894341,4024.9209217734633,4896.3135862199515,5742.763882570329,6927.9310175480705,4521.788107112592,4264.758325961076,5029.342084692852,3539.708886476375,4323.256900136153,5332.875560656792,5344.142561420075,4321.109928911699,4403.846762977998,4791.351516059402,4648.41405784429,5298.876334360181,4196.229433951558,4427.4425638957155,4347.156285435212,3820.8882933459818,4643.925228634186,4387.63842405074,4944.4973132774185
Dutch,3917.8202828078342,5140.934834358344,6275.592365399234,4842.067745646721,5962.3932824518915,4539.13811701117,4561.3711660531835,4802.054694189173,4956.214836396274,4036.5943750264046,0,4375.67958214243,4497.653578507566,4492.827292449891,3987.295479038457,4827.38881852269,4769.543785148905,5125.488028515161,4453.631377861455,4430.163132237323,5430.636793298552,6049.67554371726,7062.275094644615,4683.105387207236,4584.9663437010895,5686.737692335589,4300.630058535991,4618.166004381068,5405.465406076056,5751.41553532001,4619.514933384713,4935.644582661844,5175.741344762433,4934.0378867610025,5553.733391345604,4657.843356751284,4828.290225220154,4618.222963685098,4339.42740043269,4998.488856907446,4849.681700214346,5538.629454855799
English,4326.057414546285,5356.089046568945,6405.183507253264,4788.319489160222,5979.909145741315,4457.926894794568,4520.286762746069,4896.742096069213,5106.987379595672,3987.6193882703865,4375.67958214243,0,4465.258180379064,4440.615928211276,4353.084425188528,5036.572659372053,4694.997317246096,5070.560749488389,4621.478516136066,4406.935418622382,5301.8136424720815,6039.693026094087,6986.39811068221,4818.534520059372,4564.498561426666,5650.496893469669,4197.6450048984725,4740.004808791213,5595.90413906942,5816.889108554129,4890.806115574348,4868.906451249678,5126.437591773157,4984.932714736895,5631.368014177407,4857.764646188801,5138.081850393918,4781.532059440314,4288.317286585872,5078.1318861641375,4753.794627576619,5249.476570904925
French,4225.587839192072,4716.580610349182,5688.565650036937,4519.90834462863,5323.993492570144,4356.879369743548,3980.2759289276933,4453.692131982761,4737.171067257478,3995.3379071180057,4497.653578507566,4465.258180379064,0,3907.56123135678,4452.179139774449,4457.19938494932,4645.4718548548435,4801.139227006583,4498.57580781206,4028.340983828489,4638.964271760323,5497.863442787809,6617.012984180521,4526.362969118577,4315.561014048374,5087.21722844046,4168.450887520435,4246.766172619961,5158.694931989139,5407.653772220594,4176.772887066567,4318.286258370439,4803.307364312367,4620.786231255005,5017.168796221297,4352.429188366231,4579.2581632525225,4102.409355642241,4452.003502255763,4791.021209414162,4430.799727946369,5065.726178456798
Galician,3982.063944000286,4259.764954342601,5488.8874103083945,4391.102535347608,5589.212500122196,4054.3492860144247,3627.9441883887057,4398.312587120315,4782.4658332787585,4139.823098307623,4492.827292449891,4440.615928211276,3907.56123135678,0,4474.386377682123,4610.742690953419,4525.688440029981,4893.900054058857,4170.049967165654,3736.5860458902307,4752.909666343069,5674.503498308815,6614.562836483661,4333.997285653982,4223.051266457571,5265.873457450262,4278.457211793003,3928.3675904310494,4647.306070172294,5606.520217625058,3738.655253287619,4444.416764760936,4709.625948624307,4491.54990942957,4423.739324631127,4472.33312471108,4752.2222269293825,3440.760734249454,4169.580031615555,4605.600969309668,4397.0613807976215,5026.5526693766615
German,4222.737351178491,5156.563682330206,6108.865130204832,4687.973474187255,5721.668522981976,4545.045383953545,4581.6432950754615,4759.972019563848,4899.851677371563,3843.3037607720166,3987.295479038457,4353.084425188528,4452.179139774449,4474.386377682123,0,4672.088588364594,4790.974368285833,4969.592661638646,4464.608449868307,4377.705740262641,5220.353243864409,5847.880788931274,6969.350938856184,4776.1107451952075,4609.7059871095325,5375.310869796839,4318.9878262362245,4594.497824231973,5426.620605492238,5743.372430168749,4803.276622022921,4787.719742196788,5121.495248699643,4879.763977697249,5484.4130980879245,4656.304926118805,4856.844223302936,4738.490730086118,4211.051819813163,4975.7736611799355,4670.1579020474055,5318.03428107517
Greek,4725.228252088196,5055.255203444264,5802.200332448152,4842.429275653195,5819.846508495324,4739.994038033839,4629.082392353495,4792.02636781058,5222.468713517345,4523.179864894421,4827.38881852269,5036.572659372053,4457.19938494932,4610.742690953419,4672.088588364594,0,4975.323390085196,5044.189395953222,4748.446918788329,4559.867309337679,5342.121206924343,5608.470317570727,6777.686548412353,4968.890127887519,4740.614547240607,5539.954073741995,4664.07706360681,4660.863591988158,5529.606689188425,5817.950443244129,4839.675841583903,4834.602411154951,5162.104268118953,5055.009290597748,5292.834723973456,4796.326075062063,5023.023699187349,4664.2635630196355,4884.418447017615,5091.090483442929,4843.318835067529,5434.5345906289895
Gujarati,4753.238354181297,5128.499927321553,6375.989558064466,4173.447238435055,6078.854284871275,4597.96153865946,4539.738765455684,4863.628214720095,5297.7815974922,4476.927061752214,4769.543785148905,4694.997317246096,4645.4718548548435,4525.688440029981,4790.974368285833,4975.323390085196,0,3967.6220731152493,4981.634289343163,4532.934425861967,5561.38149602913,6155.124849779709,6959.9632328005855,4778.702170581158,3290.8280432853653,5239.547476036948,4605.131906162389,4575.166748867216,5564.717632966193,5856.5627671917655,5012.7665290101,4943.678864237051,5364.977717354329,5045.332497412182,5345.05595586734,4870.920412481775,5084.558246510936,4729.240225500302,4692.524450161757,5148.761689712003,4220.981043026478,5612.557048905874
Hindi,5055.418725725457,5385.784275233198,6444.272712842262,4424.891340986428,5954.995172568499,4886.771425608368,4862.14560783008,5048.36430234205,5464.483231349877,4656.52225782242,5125.488028515161,5070.560749488389,4801.139227006583,4893.900054058857,4969.592661638646,5044.189395953222,3967.6220731152493,0,5368.433268578992,4822.095652737895,5660.736014931528,6214.02275555524,7264.626559553817,5103.384796336532,4016.113428416361,5130.968986225202,4777.116311611755,4806.637386953466,5752.303927564395,5954.649876498759,5269.054234139719,4925.511352382476,5527.438591848542,5218.41926348098,5494.170700700582,4988.505692969228,5200.719475390775,5069.153935233395,4965.707848938309,5401.448335342937,3974.9955821483413,5809.98814502879
Icelandic,4009.594657574609,4831.261846915475,5515.357225815913,4818.84504132541,5691.618336754631,4491.714884508931,4681.455901717694,4771.902557981018,5034.670083539772,4134.35979894341,4453.631377861455,4621.478516136066,4498.57580781206,4170.049967165654,4464.608449868307,4748.446918788329,4981.634289343163,5368.433268578992,0,4317.93093194444,5363.96076633661,5637.448051111262,6549.289320450677,4679.326237889864,4755.8020144921975,5594.049132003941,4245.725020216186,4391.294447064347,5054.546062632767,5850.025260910564,4797.505343555047,5020.2320402458245,4886.40265240148,4749.2495348374905,5001.542983039227,4729.15794803306,5129.144045995458,4752.184377573389,4245.678263338896,4856.707030656247,4847.82119568151,5421.898852608444
Irish,4015.978030335571,4324.1526184218,5420.943476578315,4381.02625410321,5699.598806616612,4198.431740420049,4095.4108750678033,4468.936176756832,4850.280731279434,4024.9209217734633,4430.163132237323,4406.935418622382,4028.340983828489,3736.5860458902307,4377.705740262641,4559.867309337679,4532.934425861967,4822.095652737895,4317.93093194444,0,5217.249642741732,5728.145093670344,6743.2071067799225,4468.456014556077,4202.877993316281,5252.199809109227,4223.698810133618,3861.7113785607817,4839.534314461049,5647.577070898349,4302.535824688687,4580.59617217013,4829.914841112411,4680.70559358498,4495.667922419494,4476.2867350217575,4712.872627074804,4125.087343453524,4198.350846076285,4710.04145528197,4312.250118827941,4927.422677191472
Italian,5343.052585150049,5801.406931850343,6564.1647475677,5329.037045336434,6019.045290177947,5118.38668953921,4775.264836053083,5265.510521785055,5532.271541687495,4896.3135862199515,5430.636793298552,5301.8136424720815,4638.964271760323,4752.909666343069,5220.353243864409,5342.121206924343,5561.38149602913,5660.736014931528,5363.96076633661,5217.249642741732,0,6465.168030745696,7548.976667406562,5302.339993641013,5346.769842593599,5890.587927539639,5208.548632016374,5293.60985234532,6054.0400586372325,6031.965622460542,4968.8513444781875,4772.389632889818,5532.412752333273,5345.911422347765,6077.125692305461,5211.127200434747,5509.125881530552,4925.262856007236,5313.815966862548,5545.464897815918,5344.935352148842,5581.811659142716
Latvian,5569.713894790921,6075.103282680243,6660.247326538848,5755.754186802137,6085.609016969994,5748.901948081839,5928.599273941236,5852.8269675119745,5992.044843284365,5742.763882570329,6049.67554371726,6039.693026094087,5497.863442787809,5674.503498308815,5847.880788931274,5608.470317570727,6155.124849779709,6214.02275555524,5637.448051111262,5728.145093670344,6465.168030745696,0,6212.333726946792,5798.864361460038,5954.971824446423,6445.973799977377,5542.737819324449,5706.973809610839,6479.38539232651,6341.908080200791,5994.67250163523,5787.764514773465,5604.554872183041,5587.639770039971,6395.2060962108,5498.948160240608,5764.401891879296,6265.902804439692,5910.240967836691,5894.162342437253,5761.819292320382,6636.858659399555
Lithuanian,6728.289937551485,7106.2873143340385,7836.8551110145545,6832.448186473824,7411.134862060329,6547.9495483199735,6745.049361880628,6662.769769573272,7168.325716312253,6927.9310175480705,7062.275094644615,6986.39811068221,6617.012984180521,6614.562836483661,6969.350938856184,6777.686548412353,6959.9632328005855,7264.626559553817,6549.289320450677,6743.2071067799225,7548.976667406562,6212.333726946792,0,6646.365458377973,6793.397006137657,7866.990465022245,6573.684440748036,6733.0814475938105,7404.402524016488,7404.714967193982,7165.178219532076,6887.389754000894,6685.498931194715,6503.166321906743,7272.959333274807,6683.938776104379,6938.751745718869,7012.296862774166,6746.477570554367,6750.757024684511,6897.393939029565,7650.675443522843
Macedonian,4601.657201737115,5081.017461538818,6142.231705137464,4621.151654423023,4874.160462376607,3558.5732517641804,4523.8045159121,3939.52745392312,4522.968019839044,4521.788107112592,4683.105387207236,4818.534520059372,4526.362969118577,4333.997285653982,4776.1107451952075,4968.890127887519,4778.702170581158,5103.384796336532,4679.326237889864,4468.456014556077,5302.339993641013,5798.864361460038,6646.365458377973,0,4570.463701651168,5659.313504134235,4773.930185212733,4450.143180243208,5321.199687032565,5109.811997916734,4665.124342453879,4945.380082017055,4210.363412864542,3557.4376362915864,5259.89938910672,4154.0938279596185,4535.007116971531,4591.510817014845,4653.748268770501,4072.190054262733,4638.8107382251055,5343.305074108191
Marathi,4559.327037019664,4797.804622656279,6045.914239316393,4114.38147008349,5909.698385138449,4329.937833109442,4252.003951866861,4571.687300489296,5119.605738010832,4264.758325961076,4584.9663437010895,4564.498561426666,4315.561014048374,4223.051266457571,4609.7059871095325,4740.614547240607,3290.8280432853653,4016.113428416361,4755.8020144921975,4202.877993316281,5346.769842593599,5954.971824446423,6793.397006137657,4570.463701651168,0,5225.402553769419,4365.2016748941305,4321.051975657065,5336.009836251272,5661.297556378239,4700.780301405347,4730.747992734155,5045.140889404502,4811.026049549101,5036.747573709726,4576.325325419276,4842.186129146833,4394.572127963303,4455.547831386156,4907.749031078076,4131.8548353084625,5359.335087861701
Nepali,4944.05975485489,5312.215480494161,6263.638226950549,4894.815187449812,5431.830483526245,5567.211886476094,5636.291264692562,5700.9375086022965,5590.866707604447,5029.342084692852,5686.737692335589,5650.496893469669,5087.21722844046,5265.873457450262,5375.310869796839,5539.954073741995,5239.547476036948,5130.968986225202,5594.049132003941,5252.199809109227,5890.587927539639,6445.973799977377,7866.990465022245,5659.313504134235,5225.402553769419,0,4984.215574151911,5159.719412015608,6107.208259142235,6554.790733273253,5534.8472129781185,5332.041088868818,5806.445214367245,5511.007924159092,5642.047029191565,5308.73378161435,5577.09513327713,5705.587472490232,5424.746515497323,5805.68323384774,4966.564446687618,6159.759624837424
Norwegian,3770.3284990388433,4700.130220121259,5613.636318180623,4696.897333227612,5180.001336653397,4505.015767545086,4305.783375879674,4623.135970335603,4963.363774269274,3539.708886476375,4300.630058535991,4197.6450048984725,4168.450887520435,4278.457211793003,4318.9878262362245,4664.07706360681,4605.131906162389,4777.116311611755,4245.725020216186,4223.698810133618,5208.548632016374,5542.737819324449,6573.684440748036,4773.930185212733,4365.2016748941305,4984.215574151911,0,4542.271311388869,5367.782742859749,5646.592801763466,4673.830107086837,4552.280251271298,4979.819736970156,4750.2862047009385,5047.383417494435,4457.8588755795345,4560.178046173837,4519.725063354561,3716.483987474592,4920.188752924538,4595.554877845287,5446.470187366107
Pashto,4039.786759734076,4291.091919756172,5315.845113683806,4408.302797238787,5628.173637609698,4290.549434960251,4410.151491194379,4582.4878865343235,4829.503039023999,4323.256900136153,4618.166004381068,4740.004808791213,4246.766172619961,3928.3675904310494,4594.497824231973,4660.863591988158,4575.166748867216,4806.637386953466,4391.294447064347,3861.7113785607817,5293.60985234532,5706.973809610839,6733.0814475938105,4450.143180243208,4321.051975657065,5159.719412015608,4542.271311388869,0,4445.1964062163,5671.840531209104,4558.386027534829,4814.585990185106,4814.027978626895,4637.935461858887,4448.530193952784,4592.112366952221,4841.903031205153,4458.553965940234,4445.223925676568,4688.9815325787295,4305.955653538936,5146.780233791123
Persian,4863.436120523827,5087.201690402789,5958.328777005619,5253.64214985947,6345.119412606241,5099.983018749622,5315.396338164954,5326.168722609422,5649.377310827494,5332.875560656792,5405.465406076056,5595.90413906942,5158.694931989139,4647.306070172294,5426.620605492238,5529.606689188425,5564.717632966193,5752.303927564395,5054.546062632767,4839.534314461049,6054.0400586372325,6479.38539232651,7404.402524016488,5321.199687032565,5336.009836251272,6107.208259142235,5367.782742859749,4445.1964062163,0,6420.322958590764,5494.316093324875,5623.5053585973865,5544.52067618222,5344.875116758282,5311.036186845958,5481.14996469706,5760.347674035949,5429.18666620139,5167.561077205504,5447.151945734733,5142.491468690576,6053.220547221293
Polish,5716.374470950438,6202.576886035094,7151.572053258483,5600.383058879487,5731.338251492398,5062.22156458035,5602.95274237767,4957.299212250489,5192.196230181524,5344.142561420075,5751.41553532001,5816.889108554129,5407.653772220594,5606.520217625058,5743.372430168749,5817.950443244129,5856.5627671917655,5954.649876498759,5850.025260910564,5647.577070898349,6031.965622460542,6341.908080200791,7404.714967193982,5109.811997916734,5661.297556378239,6554.790733273253,5646.592801763466,5671.840531209104,6420.322958590764,0,5633.273837713422,5607.7129631193975,5173.066378972975,4983.613185346647,6509.622730360306,4549.533815680636,5190.751235188244,5737.760696508227,5742.953720568872,5021.940444977634,5604.259216942818,6308.703538493851
Portuguese,4606.84267211085,5056.84198941633,6160.665519864111,4749.337346994285,5758.5619890427415,4557.800388274396,4024.0655398959884,4696.029438786393,5001.66210279792,4321.109928911699,4619.514933384713,4890.806115574348,4176.772887066567,3738.655253287619,4803.276622022921,4839.675841583903,5012.7665290101,5269.054234139719,4797.505343555047,4302.535824688687,4968.8513444781875,5994.67250163523,7165.178219532076,4665.124342453879,4700.780301405347,5534.8472129781185,4673.830107086837,4558.386027534829,5494.316093324875,5633.273837713422,0,4660.547376389385,4970.1744854771905,4785.389023469489,5474.271622880689,4493.938267280278,4823.387194817553,3758.3071517439907,4659.583880294501,4929.5316735608785,4761.321729575754,5419.4520242043245
Romanian,4766.752192260496,5292.345872601354,6173.794005021572,4839.723241807434,5581.270550011139,4753.3349433135245,4419.206493252445,4832.771825671717,5185.279808322425,4403.846762977998,4935.644582661844,4868.906451249678,4318.286258370439,4444.416764760936,4787.719742196788,4834.602411154951,4943.678864237051,4925.511352382476,5020.2320402458245,4580.59617217013,4772.389632889818,5787.764514773465,6887.389754000894,4945.380082017055,4730.747992734155,5332.041088868818,4552.280251271298,4814.585990185106,5623.5053585973865,5607.7129631193975,4660.547376389385,0,5161.086383396983,4976.305866592546,5519.088795312795,4765.593538244639,4954.402853864589,4623.50727465369,4754.593118078965,5165.273788208164,4778.738328262948,5407.166982387702
Russian,4785.035851342356,5266.331609129852,6176.424215767691,5038.487152451098,5002.576545871902,4276.026250754573,5002.892115891027,4446.238829813728,4654.07671011455,4791.351516059402,5175.741344762433,5126.437591773157,4803.307364312367,4709.625948624307,5121.495248699643,5162.104268118953,5364.977717354329,5527.438591848542,4886.40265240148,4829.914841112411,5532.412752333273,5604.554872183041,6685.498931194715,4210.363412864542,5045.140889404502,5806.445214367245,4979.819736970156,4814.027978626895,5544.52067618222,5173.066378972975,4970.1744854771905,5161.086383396983,0,4106.017441549354,5556.2121123669,4293.07443982009,4788.323974913732,5085.799544968372,5004.911495335423,4090.6290482461095,5070.670001020573,5682.031170592336
Serbian,4623.790232750023,5120.634043945052,5989.728554987112,4770.060309501865,4074.4762504731616,3945.4035349805654,4733.143463065207,3598.162878544473,4351.813621345101,4648.41405784429,4934.0378867610025,4984.932714736895,4620.786231255005,4491.54990942957,4879.763977697249,5055.009290597748,5045.332497412182,5218.41926348098,4749.2495348374905,4680.70559358498,5345.911422347765,5587.639770039971,6503.166321906743,3557.4376362915864,4811.026049549101,5511.007924159092,4750.2862047009385,4637.935461858887,5344.875116758282,4983.613185346647,4785.389023469489,4976.305866592546,4106.017441549354,0,5357.091499311483,4016.7978040579605,4220.696057201681,4832.149830458898,4787.250809516205,4040.691153527491,4747.094378214285,5492.807651158576
Sinhala,4616.301483490472,4451.572225760052,5586.103687004401,5024.535322043324,6086.339988677448,5074.148321559904,5147.063964590933,5235.41729607971,5764.784281026673,5298.876334360181,5553.733391345604,5631.368014177407,5017.168796221297,4423.739324631127,5484.4130980879245,5292.834723973456,5345.05595586734,5494.170700700582,5001.542983039227,4495.667922419494,6077.125692305461,6395.2060962108,7272.959333274807,5259.89938910672,5036.747573709726,5642.047029191565,5047.383417494435,4448.530193952784,5311.036186845958,6509.622730360306,5474.271622880689,5519.088795312795,5556.2121123669,5357.091499311483,0,5370.666331920817,5641.37593605279,5160.760967513768,5068.504965553906,5422.128762692788,5074.433784927314,6063.428515082962
Slovak,4573.873573098118,4968.533016317149,6048.036389569197,4705.937499207836,4764.644024769705,4071.413726407994,4524.809266877088,3957.7503339673212,3839.9602650503502,4196.229433951558,4657.843356751284,4857.764646188801,4352.429188366231,4472.33312471108,4656.304926118805,4796.326075062063,4870.920412481775,4988.505692969228,4729.15794803306,4476.2867350217575,5211.127200434747,5498.948160240608,6683.938776104379,4154.0938279596185,4576.325325419276,5308.73378161435,4457.8588755795345,4592.112366952221,5481.14996469706,4549.533815680636,4493.938267280278,4765.593538244639,4293.07443982009,4016.7978040579605,5370.666331920817,0,4045.4844791724254,4586.954019066028,4615.725926468029,4175.428170270086,4597.443911171389,5315.951100055971
Slovenian,4779.505060028199,5283.062258635677,6277.50269693723,5003.111425277228,4983.266683366514,4420.423580206552,4743.884673453892,4044.880194775032,4626.923061672356,4427.4425638957155,4828.290225220154,5138.081850393918,4579.2581632525225,4752.2222269293825,4856.844223302936,5023.023699187349,5084.558246510936,5200.719475390775,5129.144045995458,4712.872627074804,5509.125881530552,5764.401891879296,6938.751745718869,4535.007116971531,4842.186129146833,5577.09513327713,4560.178046173837,4841.903031205153,5760.347674035949,5190.751235188244,4823.387194817553,4954.402853864589,4788.323974913732,4220.696057201681,5641.37593605279,4045.4844791724254,0,4834.391144697796,4899.0410109837985,4666.480924109937,4917.356217869652,5757.201209554123
Spanish,4608.847946160454,4973.988870629836,6156.920943586145,4687.042696520372,5902.584303420099,4392.258952726065,3695.6690708109536,4614.146702367711,5073.5786201464625,4347.156285435212,4618.222963685098,4781.532059440314,4102.409355642241,3440.760734249454,4738.490730086118,4664.2635630196355,4729.240225500302,5069.153935233395,4752.184377573389,4125.087343453524,4925.262856007236,6265.902804439692,7012.296862774166,4591.510817014845,4394.572127963303,5705.587472490232,4519.725063354561,4458.553965940234,5429.18666620139,5737.760696508227,3758.3071517439907,4623.50727465369,5085.799544968372,4832.149830458898,5160.760967513768,4586.954019066028,4834.391144697796,0,4607.066765525164,4867.9798390306005,4706.578860995283,5340.670728894384
Swedish,4130.734107081892,4923.536998469022,5973.160191172561,4626.034675427471,5771.651387629578,4449.589448363147,4374.640891797912,4662.012492384737,4956.250700794728,3820.8882933459818,4339.42740043269,4288.317286585872,4452.003502255763,4169.580031615555,4211.051819813163,4884.418447017615,4692.524450161757,4965.707848938309,4245.678263338896,4198.350846076285,5313.815966862548,5910.240967836691,6746.477570554367,4653.748268770501,4455.547831386156,5424.746515497323,3716.483987474592,4445.223925676568,5167.561077205504,5742.953720568872,4659.583880294501,4754.593118078965,5004.911495335423,4787.250809516205,5068.504965553906,4615.725926468029,4899.0410109837985,4607.066765525164,0,4946.392356021615,4577.937701364854,5276.979727063214
Ukrainian,4813.944539506846,5244.56091687513,6217.090842917441,4929.031014929846,5097.51229448994,4199.916154337324,4852.3443243460515,4263.88588641019,4519.182481733351,4643.925228634186,4998.488856907446,5078.1318861641375,4791.021209414162,4605.600969309668,4975.7736611799355,5091.090483442929,5148.761689712003,5401.448335342937,4856.707030656247,4710.04145528197,5545.464897815918,5894.162342437253,6750.757024684511,4072.190054262733,4907.749031078076,5805.68323384774,4920.188752924538,4688.9815325787295,5447.151945734733,5021.940444977634,4929.5316735608785,5165.273788208164,4090.6290482461095,4040.691153527491,5422.128762692788,4175.428170270086,4666.480924109937,4867.9798390306005,4946.392356021615,0,4956.700057855598,5464.1476955183925
Urdu,4674.824982781608,4965.2237816448005,6108.00814992823,4088.336564766353,5654.492639175208,4417.225406222535,4527.688492923318,4656.508213632481,4966.737939013916,4387.63842405074,4849.681700214346,4753.794627576619,4430.799727946369,4397.0613807976215,4670.1579020474055,4843.318835067529,4220.981043026478,3974.9955821483413,4847.82119568151,4312.250118827941,5344.935352148842,5761.819292320382,6897.393939029565,4638.8107382251055,4131.8548353084625,4966.564446687618,4595.554877845287,4305.955653538936,5142.491468690576,5604.259216942818,4761.321729575754,4778.738328262948,5070.670001020573,4747.094378214285,5074.433784927314,4597.443911171389,4917.356217869652,4706.578860995283,4577.937701364854,4956.700057855598,0,5233.176431230153
Welsh,5377.61133001565,5871.491744439078,6706.919213154895,5362.482140876895,6360.271663637046,5001.384517384983,5238.026197763925,5338.913425891488,5581.704706923937,4944.4973132774185,5538.629454855799,5249.476570904925,5065.726178456798,5026.5526693766615,5318.03428107517,5434.5345906289895,5612.557048905874,5809.98814502879,5421.898852608444,4927.422677191472,5581.811659142716,6636.858659399555,7650.675443522843,5343.305074108191,5359.335087861701,6159.759624837424,5446.470187366107,5146.780233791123,6053.220547221293,6308.703538493851,5419.4520242043245,5407.166982387702,5682.031170592336,5492.807651158576,6063.428515082962,5315.951100055971,5757.201209554123,5340.670728894384,5276.979727063214,5464.1476955183925,5233.176431230153,0
