,Afrikaans,Albanian,Armenian,Bengali,Bosnian,Bulgarian,Catalan,Croatian,Czech,Danish,Dutch,English,French,Galician,German,Greek,Gujarati,Hindi,Icelandic,Irish,Italian,Latvian,Lithuanian,Macedonian,Marathi,Nepali,Norwegian,Pashto,Persian,Polish,Portuguese,Romanian,Russian,Serbian,Sinhala,Slovak,Slovenian,Spanish,Swedish,Ukrainian,Urdu,Welsh
Afrikaans,0,48.95563175594938,44.89630756296027,52.450336671020835,47.5509176257175,50.69958575460115,51.554971761014315,49.21796557037278,50.35582391893941,47.466225183894714,39.51827031157487,47.37418639483699,49.92819649242662,48.0626394037686,47.30704792661213,52.20636898997812,53.00231520842997,53.17346665415097,45.24540748972169,50.37743871686978,47.843110359090545,50.21379045379605,45.182151062043985,49.220840091015425,52.50623449854885,47.70136634835105,47.99822946844413,48.1278015786884,46.674155194232455,49.16982928339578,49.27133813243134,50.48452424945825,48.63863349810003,48.98471460879767,46.58910860591802,50.42228163933122,49.913559690106716,50.46469664331989,47.110842312306154,48.1096919433143,51.188796172361414,45.68822644357044
Albanian,48.95563175594938,0,46.36303395171665,51.18607052971889,50.15601037367078,52.333786631750094,51.85063983567887,50.168664483668266,53.215250913376224,50.750744546259064,51.716575457936145,54.14228657728966,49.48942720281401,46.74192717649718,52.47309806736756,52.02178239698997,52.85928850547884,52.68709775479296,50.424392391732766,49.2872250272147,49.43512612980515,52.40725790398776,46.13107055508935,50.30521311658119,50.97148442983449,48.240610346719244,52.32007147560836,47.19276087076078,47.89729193204938,51.262462720335186,49.83688498119213,50.91726732933205,50.53497529535664,50.60192630636259,43.12475198946341,51.47865959026361,51.71246004774349,50.98736952568674,52.0566350360738,50.00312257633895,50.46665111839657,48.256266878948175
Armenian,44.89630756296027,46.36303395171665,0,48.862453130073476,51.53290690730372,49.20315664023227,48.461225469153035,48.45958185030413,50.936499178996385,46.908476434315126,48.95760850782978,51.05352650668532,46.44821152926431,45.13209195720113,49.26374792018375,48.18590334581154,50.88138054776528,51.35764538633235,46.34540302573018,45.21253248851191,51.38990578308117,51.15419457501054,49.65683415437744,49.18418290858961,48.440646876588424,50.430103177793804,46.81607487335301,44.67969070253245,47.21634608363801,52.66815281543877,48.20752322397895,49.19624152651654,49.65600356160947,49.35498893938761,46.32807688126478,48.43827709130233,49.49704682759059,49.78977492032427,48.580039697232266,49.93564348318815,49.090718315104866,50.66792239179548
Bengali,52.450336671020835,51.18607052971889,48.862453130073476,0,51.132740483640525,52.715501279022234,52.8069637965659,52.045313933991636,52.41257230720673,53.31507178048934,53.31719041291847,54.644209575601366,51.8636663928814,50.64900357962782,53.306187365417244,52.53438913347255,48.116295685976496,47.1463403966314,53.05561128690262,51.90698560164391,49.71218909093319,53.21673227179954,47.11598792095246,51.61041746561566,48.319019572052106,43.87195859103281,54.410643430718395,50.64457045415531,50.41846661024699,50.752086382034925,51.63797972471488,52.12722758670987,52.32446985583067,52.26627528451964,47.6975305134085,52.40280711855642,52.9746692212354,51.9377759024373,53.12681069375798,51.312949167318436,46.8405730181515,49.39870115796925
Bosnian,47.5509176257175,50.15601037367078,51.53290690730372,51.132740483640525,0,43.83109749801115,50.94398178570978,37.78643293118869,44.89217737867451,48.23974032106937,50.572988538135284,53.31673604417114,48.34817339467781,47.806763413952325,51.34490769014844,51.412213625280216,53.05575500557589,53.4268510202528,49.85167843958783,49.02786667532425,50.746919364045816,49.62656737968899,47.316072683152406,39.79990177031616,51.22420976408083,51.63718011717795,48.894019367817975,48.74648572528828,51.00674536672233,45.60150523369715,49.566443270280054,50.508883123764235,42.034241119946955,33.759998896364365,50.732060237880205,41.89077413315087,43.10742803375792,51.084655809157226,51.33752300130019,42.09017943496351,50.91312281671658,52.19484574852213
Bulgarian,50.69958575460115,52.333786631750094,49.20315664023227,52.715501279022234,43.83109749801115,0,51.46483393431201,42.79319153176455,46.38224951311395,51.82934869049112,51.90189225735056,53.010366125376216,51.24962272235625,49.39925017166437,53.41478699049783,52.26061184644986,54.120269471519634,54.18858976413498,51.48011462746884,51.398897603677746,47.97495808151901,52.53991403190578,45.96392169884354,42.31448964540535,53.163413490224485,51.83121118758346,52.89965246969564,50.87489794608294,50.37467587968485,46.524179946143974,51.00498793668966,52.06732840769181,45.82950424331344,44.20370284857135,50.030125167054045,46.82939832476823,46.53927171246948,51.007041913494966,52.851871282965654,45.58514007023151,51.81420286876914,47.70319716950096
Catalan,51.554971761014315,51.85063983567887,48.461225469153035,52.8069637965659,50.94398178570978,51.46483393431201,0,50.589589053126495,52.243361118782545,52.75454761266604,51.67103525957032,52.095676240355154,48.32821194598598,44.3703115226419,52.578600962420886,51.6527671004849,53.03264560655342,52.89624951693752,51.16656885161853,51.22726939538701,44.115688407018666,53.63272019790333,46.78387963645084,50.999653293208006,52.261659269736676,51.137341014968335,52.74418442322166,51.941758563263534,50.05071472288325,50.74932441531904,45.36747021508801,48.790535478714425,51.74572182164321,51.84363472656195,49.13149439192772,52.290527391878776,52.714452983298735,44.409777291684904,51.93210642181096,50.56186803675138,52.327445421988095,48.466143744715566
Croatian,49.21796557037278,50.168664483668266,48.45958185030413,52.045313933991636,37.78643293118869,42.79319153176455,50.589589053126495,0,45.26626064149438,49.83191571962948,51.45842843986179,52.50476586850572,49.44814434925777,47.81860931115685,52.79202152487302,51.77923550901154,52.998583628273444,53.68099818838304,50.771403852228815,49.8224779056349,48.07752302822448,51.70844026026393,44.308671853557414,42.21661923532445,51.32076009511045,50.73625859036162,51.34326472079518,48.95854513945676,49.229013037651434,45.428738291160656,51.0233221841692,50.59154648028395,44.68245502785503,37.992136417394214,48.44846871628284,44.185687174315326,42.23944308644702,50.42189154842458,51.888787635428834,43.475074866294044,51.34125105661497,48.02612416035595
Czech,50.35582391893941,53.215250913376224,50.936499178996385,52.41257230720673,44.89217737867451,46.38224951311395,52.243361118782545,45.26626064149438,0,50.34997369735102,52.27868637320438,52.6112640541299,50.89380664126605,50.32423070904943,54.17072743503965,53.87531270015688,54.8850461996711,55.33358234302075,51.888831235633816,51.55622354444941,50.47963603149309,51.255659097278134,47.81866377223032,46.67264146375272,53.67328734867077,51.627327436125704,51.894448723211866,50.86300645405461,51.101286463700184,45.532406393089865,52.45500070226931,52.467813551807446,45.23234084811955,44.60903053805054,50.64314332593936,41.925475064109634,46.18289318211359,52.29782530543945,52.72742410225748,44.47137004608635,51.80035075219703,49.27529638892218
Danish,47.466225183894714,50.750744546259064,46.908476434315126,53.31507178048934,48.23974032106937,51.82934869049112,52.75454761266604,49.83191571962948,50.34997369735102,0,47.657367593622915,47.758672861199095,50.473013405083144,49.84733868532295,47.701264815905745,52.45307550477077,53.098725630593705,53.045851921873705,45.78387426925647,50.95137548564785,46.84178407246104,51.17839705115731,45.61676342671003,50.61908591590123,52.91919747603761,47.29989033804297,47.041408206750745,50.596028746670356,48.395377735583786,49.13906991540188,50.27496457435393,50.95828204872162,49.965143976963994,50.94125282231453,48.049133923746325,51.324669716187906,50.50159910269707,51.321480055864924,45.97456408338695,49.16155234171854,51.15791589350494,44.96834488777421
Dutch,39.51827031157487,51.716575457936145,48.95760850782978,53.31719041291847,50.572988538135284,51.90189225735056,51.67103525957032,51.45842843986179,52.27868637320438,47.657367593622915,0,48.18446657333328,50.86313512782397,50.13411620148626,46.034107352094836,52.07989911806156,53.40231145728214,53.798186153148635,48.42266350983647,50.644962117564745,49.4946687230831,52.440809163270266,47.73598785730651,51.22692129143087,52.82616518411959,51.04436679611815,47.86199110944046,50.91159720870963,49.97330293064244,51.78011693210633,50.77778145866728,52.059369707454294,51.436679598608926,51.601050476817946,50.4456915834099,52.17766951307334,50.85323481045327,51.44779487059116,48.516932204640135,51.20027669654754,52.136933607657156,48.688043414608856
English,47.37418639483699,54.14228657728966,51.05352650668532,54.644209575601366,53.31673604417114,53.010366125376216,52.095676240355154,52.50476586850572,52.6112640541299,47.758672861199095,48.18446657333328,0,51.39847118820838,50.90888958510163,49.991504175628855,54.70887012911691,54.076068945120376,54.91170268175173,51.10386272342103,50.06103860644801,50.35521044353346,55.41497164537941,49.31451880897891,53.1552325793171,53.16775877780882,52.342503641884306,49.37994282789618,52.22773893947292,51.74723134459252,52.85619219753219,51.431114467652094,53.47318936484953,53.27905713678225,53.26916786256586,52.26992917829534,53.17500546888923,53.307154090241035,52.96393807918738,51.19671197926104,52.7349640511586,53.367944128267446,49.08131276591803
French,49.92819649242662,49.48942720281401,46.44821152926431,51.8636663928814,48.34817339467781,51.24962272235625,48.32821194598598,49.44814434925777,50.89380664126605,50.473013405083144,50.86313512782397,51.39847118820838,0,46.95840808112271,52.03259529218009,51.53848383024775,53.41696500913954,53.53109194397607,50.36080985528725,50.39664856411376,44.23474753743476,50.55960804934204,45.26698800338252,49.84276125960392,51.71857590014752,48.36131845344171,52.18069487975726,49.426706370561476,48.3461053778026,49.64247067890185,47.50652144228835,48.863750217225316,49.65476237635182,50.04290605400677,47.54848334611426,51.223156115673916,49.75822841825793,47.57237119615479,51.81353208920185,48.6313899503285,50.58549179683044,45.994833836526404
Galician,48.0626394037686,46.74192717649718,45.13209195720113,50.64900357962782,47.806763413952325,49.39925017166437,44.3703115226419,47.81860931115685,50.32423070904943,49.84733868532295,50.13411620148626,50.90888958510163,46.95840808112271,0,51.08492777054929,50.54727461604108,51.920858896034055,51.92607702446124,47.56429535646626,48.41641625324972,41.98353660628963,51.61713973909976,44.94425586440799,48.38036069659337,50.71071697797506,47.206481375475,51.50708376597764,47.72372063902061,46.007018836776226,49.47258631841142,40.362966914868835,47.20587976003958,48.67911856321347,48.54104084302596,44.108376215590106,50.214613331135176,49.93202140003404,37.99677418737996,49.5752647139153,47.66714708616378,50.165474031554716,44.953364112577965
German,47.30704792661213,52.47309806736756,49.26374792018375,53.306187365417244,51.34490769014844,53.41478699049783,52.578600962420886,52.79202152487302,54.17072743503965,47.701264815905745,46.034107352094836,49.991504175628855,52.03259529218009,51.08492777054929,0,52.51064822986085,54.33288061401591,54.639587735922106,49.67959188821763,51.40744374120568,49.99199806483611,53.67335149788383,47.77736357084543,52.943897021998,53.72795914567965,50.8389028145763,49.89402720138208,51.836175847402274,50.884969484448575,52.75139223358287,53.29790729439481,52.353907101666884,53.106737847915824,52.804171663672086,51.55647689348035,53.552393772260956,51.819659345757536,52.78119164785258,48.676618881040355,52.2322636552684,52.50763010348577,49.12210988011092
Greek,52.20636898997812,52.02178239698997,48.18590334581154,52.53438913347255,51.412213625280216,52.26061184644986,51.6527671004849,51.77923550901154,53.87531270015688,52.45307550477077,52.07989911806156,54.70887012911691,51.53848383024775,50.54727461604108,52.51064822986085,0,53.41374349308499,52.82462010405874,51.92363104738142,51.33356717441427,49.174576301698714,52.277457156197485,46.05307285110885,52.08502643067414,52.53394567203826,50.14020930572538,53.41673203623991,50.67685166360808,50.44047210251716,51.80285442572224,51.77848335526523,51.38758288319167,52.383957857486145,52.55065468796545,49.19051667881002,53.44304047404695,52.68469468961792,51.0806655308696,53.249662595168445,51.30464262969577,51.75288923337371,48.49376580283733
Gujarati,53.00231520842997,52.85928850547884,50.88138054776528,48.116295685976496,53.05575500557589,54.120269471519634,53.03264560655342,52.998583628273444,54.8850461996711,53.098725630593705,53.40231145728214,54.076068945120376,53.41696500913954,51.920858896034055,54.33288061401591,53.41374349308499,0,43.37992825868082,54.39021281470038,52.74836878069071,51.67149627936749,56.110929970172144,48.06800477562208,52.87891381713192,42.16339332411599,46.208885925217096,54.52456705512394,51.06078549109808,51.89971219298883,52.885322424997675,53.83647044950303,53.52790040904415,54.44346023469372,53.876061883122674,49.401589612548136,54.513532983339466,53.51869416454886,52.56712493791086,53.710651400727556,52.92697572824856,48.23026923428473,51.01585043753387
Hindi,53.17346665415097,52.68709775479296,51.35764538633235,47.1463403966314,53.4268510202528,54.18858976413498,52.89624951693752,53.68099818838304,55.33358234302075,53.045851921873705,53.798186153148635,54.91170268175173,53.53109194397607,51.92607702446124,54.639587735922106,52.82462010405874,43.37992825868082,0,53.89430747986143,52.16486907582565,52.30215994682438,56.459555949803644,48.6902702668129,52.81518354626887,44.53531749370498,45.79957577944767,54.094054416723594,50.880825893326346,51.84234295347617,53.634749173307505,54.054836989566816,52.88190040695424,54.627946666562735,54.83019573036201,49.731201914307825,54.47399412285187,53.93191188610492,52.653949501969876,53.377200801883994,53.59877448413303,42.923637018700546,51.71833356852781
Icelandic,45.24540748972169,50.424392391732766,46.34540302573018,53.05561128690262,49.85167843958783,51.48011462746884,51.16656885161853,50.771403852228815,51.888831235633816,45.78387426925647,48.42266350983647,51.10386272342103,50.36080985528725,47.56429535646626,49.67959188821763,51.92363104738142,54.39021281470038,53.89430747986143,0,49.8008855187345,49.99409868138332,51.41652380268895,45.66931610925688,50.504563716682476,52.813783989399795,51.48578198656268,45.79266542306721,49.20582619952807,47.896355844163985,51.647577303053716,50.55456576991593,51.34760229944406,49.86232897061289,50.32272094832088,47.41241324271941,51.71055625692745,51.1386877966558,51.909942296383015,45.9748630293306,49.30777820435495,51.980361110518785,48.810706692411344
Irish,50.37743871686978,49.2872250272147,45.21253248851191,51.90698560164391,49.02786667532425,51.398897603677746,51.22726939538701,49.8224779056349,51.55622354444941,50.95137548564785,50.644962117564745,50.06103860644801,50.39664856411376,48.41641625324972,51.40744374120568,51.33356717441427,52.74836878069071,52.16486907582565,49.8008855187345,0,47.1841610079387,51.31891513011598,45.35520570143868,49.8426185891469,51.34609551815161,47.497655475949685,53.708720495529434,48.7295287766132,47.40641696848691,49.518767571388295,48.52964222200628,50.2134801093053,50.136910122015,50.99854187059891,45.91592855526098,51.686553028994,50.784020363614324,47.946821517109775,50.47056791904639,49.19484446115321,50.213791831692106,43.54710185860902
Italian,47.843110359090545,49.43512612980515,51.38990578308117,49.71218909093319,50.746919364045816,47.97495808151901,44.115688407018666,48.07752302822448,50.47963603149309,46.84178407246104,49.4946687230831,50.35521044353346,44.23474753743476,41.98353660628963,49.99199806483611,49.174576301698714,51.67149627936749,52.30215994682438,49.99409868138332,47.1841610079387,0,53.61881812508816,50.59913464587087,48.90373647404628,49.645594997491436,50.906801642059555,47.90693323616659,48.04036576788736,51.13087199301805,52.55785483037261,45.02459186899591,45.532499607283015,50.19719322298372,49.22590420309781,50.77183127357132,48.942927036319254,48.84508997991847,44.622221447297264,49.878025952289796,49.493824460001456,50.067346500264954,48.59553416567376
Latvian,50.21379045379605,52.40725790398776,51.15419457501054,53.21673227179954,49.62656737968899,52.53991403190578,53.63272019790333,51.70844026026393,51.255659097278134,51.17839705115731,52.440809163270266,55.41497164537941,50.55960804934204,51.61713973909976,53.67335149788383,52.277457156197485,56.110929970172144,56.459555949803644,51.41652380268895,51.31891513011598,53.61881812508816,0,42.94077203086952,51.27373375655432,54.35218963428412,54.0557402360513,51.41902027536412,51.68514769865491,53.32366139124195,50.529018060276215,52.19732263566888,53.22286502078576,49.42369180178896,50.025576767456414,52.72681986612473,49.30956086220478,50.56367442946502,55.254904138541995,53.9690184288064,50.93621711104054,53.22854331983874,53.680565400374334
Lithuanian,45.182151062043985,46.13107055508935,49.65683415437744,47.11598792095246,47.316072683152406,45.96392169884354,46.78387963645084,44.308671853557414,47.81866377223032,45.61676342671003,47.73598785730651,49.31451880897891,45.26698800338252,44.94425586440799,47.77736357084543,46.05307285110885,48.06800477562208,48.6902702668129,45.66931610925688,45.35520570143868,50.59913464587087,42.94077203086952,0,45.909150269634644,47.17425438739608,49.190697487626004,44.73878882383868,45.07124627617912,49.06025095986113,49.440763776394206,47.35124104821664,46.710139456001336,45.99204739525182,44.29646345528097,46.70889518918345,45.21309750652917,45.50681698191115,47.79999361771413,46.920968022038494,45.786201006470606,47.24093868739702,52.08289215049645
Macedonian,49.220840091015425,50.30521311658119,49.18418290858961,51.61041746561566,39.79990177031616,42.31448964540535,50.999653293208006,42.21661923532445,46.67264146375272,50.61908591590123,51.22692129143087,53.1552325793171,49.84276125960392,48.38036069659337,52.943897021998,52.08502643067414,52.87891381713192,52.81518354626887,50.504563716682476,49.8426185891469,48.90373647404628,51.27373375655432,45.909150269634644,0,51.737400710370395,50.75244388499498,51.50691732300166,49.43604008056089,49.934955481140875,46.39272937204567,50.09565600446697,51.2808622963216,42.829633487113504,38.273832092779834,48.6909336569212,44.85669229376801,45.81766540181954,50.27807574915051,51.62420734046325,42.37731902375926,50.994216102442756,49.494153880496285
Marathi,52.50623449854885,50.97148442983449,48.440646876588424,48.319019572052106,51.22420976408083,53.163413490224485,52.261659269736676,51.32076009511045,53.67328734867077,52.91919747603761,52.82616518411959,53.16775877780882,51.71857590014752,50.71071697797506,53.72795914567965,52.53394567203826,42.16339332411599,44.53531749370498,52.813783989399795,51.34609551815161,49.645594997491436,54.35218963428412,47.17425438739608,51.737400710370395,0,46.23486507164499,54.39965698296203,50.08987404429088,50.44045658588778,51.48554332743194,51.88377745202855,52.447330994084886,52.2114958526278,52.60169800038856,47.591598916595636,52.95124961516076,52.70436327514572,50.67547837429972,53.3868269605009,51.23397912476794,48.04847733973453,48.74079836874689
Nepali,47.70136634835105,48.240610346719244,50.430103177793804,43.87195859103281,51.63718011717795,51.83121118758346,51.137341014968335,50.73625859036162,51.627327436125704,47.29989033804297,51.04436679611815,52.342503641884306,48.36131845344171,47.206481375475,50.8389028145763,50.14020930572538,46.208885925217096,45.79957577944767,51.48578198656268,47.497655475949685,50.906801642059555,54.0557402360513,49.190697487626004,50.75244388499498,46.23486507164499,0,49.84547401796939,45.67738009129398,50.32375385791372,52.90639842170449,50.31135872803057,50.268833635784404,52.128808998418975,51.38420505200936,46.46367196863885,50.34934463199223,50.55083118885714,51.26621884138047,50.65385091467818,51.623854721392526,45.04963265300478,50.29677276123632
Norwegian,47.99822946844413,52.32007147560836,46.81607487335301,54.410643430718395,48.894019367817975,52.89965246969564,52.74418442322166,51.34326472079518,51.894448723211866,47.041408206750745,47.86199110944046,49.37994282789618,52.18069487975726,51.50708376597764,49.89402720138208,53.41673203623991,54.52456705512394,54.094054416723594,45.79266542306721,53.708720495529434,47.90693323616659,51.41902027536412,44.73878882383868,51.50691732300166,54.39965698296203,49.84547401796939,0,53.047947071985305,49.49842395027365,49.34261113682423,50.81078511914078,51.75092499145946,50.994106506503336,51.48489678069472,49.421193090485794,52.26251769728698,52.24366235390166,51.25189636136165,42.48333163988313,50.377896049129696,52.188873916990175,47.60478611063828
Pashto,48.1278015786884,47.19276087076078,44.67969070253245,50.64457045415531,48.74648572528828,50.87489794608294,51.941758563263534,48.95854513945676,50.86300645405461,50.596028746670356,50.91159720870963,52.22773893947292,49.426706370561476,47.72372063902061,51.836175847402274,50.67685166360808,51.06078549109808,50.880825893326346,49.20582619952807,48.7295287766132,48.04036576788736,51.68514769865491,45.07124627617912,49.43604008056089,50.08987404429088,45.67738009129398,53.047947071985305,0,44.0309568918843,49.92254639536327,49.53158908983993,50.08860317147149,49.436810126355155,50.07185365919773,44.127879136990344,51.35099563650835,49.87369660256873,49.732199676156505,51.02247534238909,48.860608963332794,48.49466920772551,46.26745799326367
Persian,46.674155194232455,47.89729193204938,47.21634608363801,50.41846661024699,51.00674536672233,50.37467587968485,50.05071472288325,49.229013037651434,51.101286463700184,48.395377735583786,49.97330293064244,51.74723134459252,48.3461053778026,46.007018836776226,50.884969484448575,50.44047210251716,51.89971219298883,51.84234295347617,47.896355844163985,47.40641696848691,51.13087199301805,53.32366139124195,49.06025095986113,49.934955481140875,50.44045658588778,50.32375385791372,49.49842395027365,44.0309568918843,0,52.677170984915165,49.61524890226313,50.190354495993134,50.21288468566027,49.93990552004234,47.75225009118491,49.97712887335674,50.29872119022066,50.09928823911844,49.42215754413991,49.07540900430996,48.13422459597895,49.57162801299154
Polish,49.16982928339578,51.262462720335186,52.66815281543877,50.752086382034925,45.60150523369715,46.524179946143974,50.74932441531904,45.428738291160656,45.532406393089865,49.13906991540188,51.78011693210633,52.85619219753219,49.64247067890185,49.47258631841142,52.75139223358287,51.80285442572224,52.885322424997675,53.634749173307505,51.647577303053716,49.518767571388295,52.55785483037261,50.529018060276215,49.440763776394206,46.39272937204567,51.48554332743194,52.90639842170449,49.34261113682423,49.92254639536327,52.677170984915165,0,50.12674666012701,51.453639987149764,45.62945087836117,44.63840456608154,51.7432894281637,41.212317401143395,45.74216117088196,51.88121240630522,51.32093899496712,44.78590135163165,51.38816539386258,52.709852165669986
Portuguese,49.27133813243134,49.83688498119213,48.20752322397895,51.63797972471488,49.566443270280054,51.00498793668966,45.36747021508801,51.0233221841692,52.45500070226931,50.27496457435393,50.77778145866728,51.431114467652094,47.50652144228835,40.362966914868835,53.29790729439481,51.77848335526523,53.83647044950303,54.054836989566816,50.55456576991593,48.52964222200628,45.02459186899591,52.19732263566888,47.35124104821664,50.09565600446697,51.88377745202855,50.31135872803057,50.81078511914078,49.53158908983993,49.61524890226313,50.12674666012701,0,48.974177362951956,49.808153088242825,50.41013279215503,48.936234548289285,50.78460038816107,50.09600750816419,41.51184741246211,51.26983872196931,49.49946458524288,51.016517262525596,47.97764441787542
Romanian,50.48452424945825,50.91726732933205,49.19624152651654,52.12722758670987,50.508883123764235,52.06732840769181,48.790535478714425,50.59154648028395,52.467813551807446,50.95828204872162,52.059369707454294,53.47318936484953,48.863750217225316,47.20587976003958,52.353907101666884,51.38758288319167,53.52790040904415,52.88190040695424,51.34760229944406,50.2134801093053,45.532499607283015,53.22286502078576,46.710139456001336,51.2808622963216,52.447330994084886,50.268833635784404,51.75092499145946,50.08860317147149,50.190354495993134,51.453639987149764,48.974177362951956,0,51.730628523108756,51.55238553729015,49.42547177614717,51.594585748726516,51.74394811667478,49.49931186043368,52.25358124917268,51.15012992513237,52.071025993694896,49.08810785691782
Russian,48.63863349810003,50.53497529535664,49.65600356160947,52.32446985583067,42.034241119946955,45.82950424331344,51.74572182164321,44.68245502785503,45.23234084811955,49.965143976963994,51.436679598608926,53.27905713678225,49.65476237635182,48.67911856321347,53.106737847915824,52.383957857486145,54.44346023469372,54.627946666562735,49.86232897061289,50.136910122015,50.19719322298372,49.42369180178896,45.99204739525182,42.829633487113504,52.2114958526278,52.128808998418975,50.994106506503336,49.436810126355155,50.21288468566027,45.62945087836117,49.808153088242825,51.730628523108756,0,41.539344353298674,49.08430508298719,43.41980078133579,46.34939772161268,51.6698873617499,52.046305321017236,39.81846064823778,52.09768074919701,50.37090845142661
Serbian,48.98471460879767,50.60192630636259,49.35498893938761,52.26627528451964,33.759998896364365,44.20370284857135,51.84363472656195,37.992136417394214,44.60903053805054,50.94125282231453,51.601050476817946,53.26916786256586,50.04290605400677,48.54104084302596,52.804171663672086,52.55065468796545,53.876061883122674,54.83019573036201,50.32272094832088,50.99854187059891,49.22590420309781,50.025576767456414,44.29646345528097,38.273832092779834,52.60169800038856,51.38420505200936,51.48489678069472,50.07185365919773,49.93990552004234,44.63840456608154,50.41013279215503,51.55238553729015,41.539344353298674,0,49.749779957509986,43.152242019570224,43.15992720119259,51.036151884605815,52.227462118225674,41.16942288714813,51.99130852147327,49.8623155872602
Sinhala,46.58910860591802,43.12475198946341,46.32807688126478,47.6975305134085,50.732060237880205,50.030125167054045,49.13149439192772,48.44846871628284,50.64314332593936,48.049133923746325,50.4456915834099,52.26992917829534,47.54848334611426,44.108376215590106,51.55647689348035,49.19051667881002,49.401589612548136,49.731201914307825,47.41241324271941,45.91592855526098,50.77183127357132,52.72681986612473,46.70889518918345,48.6909336569212,47.591598916595636,46.46367196863885,49.421193090485794,44.127879136990344,47.75225009118491,51.7432894281637,48.936234548289285,49.42547177614717,49.08430508298719,49.749779957509986,0,49.232598462645,50.194770027546305,48.13081955564181,49.122476641334615,48.86200871895145,47.66850493960193,48.73063465641696
Slovak,50.42228163933122,51.47865959026361,48.43827709130233,52.40280711855642,41.89077413315087,46.82939832476823,52.290527391878776,44.185687174315326,41.925475064109634,51.324669716187906,52.17766951307334,53.17500546888923,51.223156115673916,50.214613331135176,53.552393772260956,53.44304047404695,54.513532983339466,54.47399412285187,51.71055625692745,51.686553028994,48.942927036319254,49.30956086220478,45.21309750652917,44.85669229376801,52.95124961516076,50.34934463199223,52.26251769728698,51.35099563650835,49.97712887335674,41.212317401143395,50.78460038816107,51.594585748726516,43.41980078133579,43.152242019570224,49.232598462645,0,45.33422092613285,51.631732828510984,52.44696217770578,43.58427696910112,51.721569702680334,48.012524209062626
Slovenian,49.913559690106716,51.71246004774349,49.49704682759059,52.9746692212354,43.10742803375792,46.53927171246948,52.714452983298735,42.23944308644702,46.18289318211359,50.50159910269707,50.85323481045327,53.307154090241035,49.75822841825793,49.93202140003404,51.819659345757536,52.68469468961792,53.51869416454886,53.93191188610492,51.1386877966558,50.784020363614324,48.84508997991847,50.56367442946502,45.50681698191115,45.81766540181954,52.70436327514572,50.55083118885714,52.24366235390166,49.87369660256873,50.29872119022066,45.74216117088196,50.09600750816419,51.74394811667478,46.34939772161268,43.15992720119259,50.194770027546305,45.33422092613285,0,50.79140421470536,52.66490812869717,46.44959788547007,52.07905745558514,48.68784763809358
Spanish,50.46469664331989,50.98736952568674,49.78977492032427,51.9377759024373,51.084655809157226,51.007041913494966,44.409777291684904,50.42189154842458,52.29782530543945,51.321480055864924,51.44779487059116,52.96393807918738,47.57237119615479,37.99677418737996,52.78119164785258,51.0806655308696,52.56712493791086,52.653949501969876,51.909942296383015,47.946821517109775,44.622221447297264,55.254904138541995,47.79999361771413,50.27807574915051,50.67547837429972,51.26621884138047,51.25189636136165,49.732199676156505,50.09928823911844,51.88121240630522,41.51184741246211,49.49931186043368,51.6698873617499,51.036151884605815,48.13081955564181,51.631732828510984,50.79140421470536,0,52.60684496713762,50.45279905765083,51.3708952881051,48.80051506018699
Swedish,47.110842312306154,52.0566350360738,48.580039697232266,53.12681069375798,51.33752300130019,52.851871282965654,51.93210642181096,51.888787635428834,52.72742410225748,45.97456408338695,48.516932204640135,51.19671197926104,51.81353208920185,49.5752647139153,48.676618881040355,53.249662595168445,53.710651400727556,53.377200801883994,45.9748630293306,50.47056791904639,49.878025952289796,53.9690184288064,46.920968022038494,51.62420734046325,53.3868269605009,50.65385091467818,42.48333163988313,51.02247534238909,49.42215754413991,51.32093899496712,51.26983872196931,52.25358124917268,52.046305321017236,52.227462118225674,49.122476641334615,52.44696217770578,52.66490812869717,52.60684496713762,0,51.614572133688995,52.1329450236594,49.04503635222722
Ukrainian,48.1096919433143,50.00312257633895,49.93564348318815,51.312949167318436,42.09017943496351,45.58514007023151,50.56186803675138,43.475074866294044,44.47137004608635,49.16155234171854,51.20027669654754,52.7349640511586,48.6313899503285,47.66714708616378,52.2322636552684,51.30464262969577,52.92697572824856,53.59877448413303,49.30777820435495,49.19484446115321,49.493824460001456,50.93621711104054,45.786201006470606,42.37731902375926,51.23397912476794,51.623854721392526,50.377896049129696,48.860608963332794,49.07540900430996,44.78590135163165,49.49946458524288,51.15012992513237,39.81846064823778,41.16942288714813,48.86200871895145,43.58427696910112,46.44959788547007,50.45279905765083,51.614572133688995,0,51.59780899948216,49.23295655750594
Urdu,51.188796172361414,50.46665111839657,49.090718315104866,46.8405730181515,50.91312281671658,51.81420286876914,52.327445421988095,51.34125105661497,51.80035075219703,51.15791589350494,52.136933607657156,53.367944128267446,50.58549179683044,50.165474031554716,52.50763010348577,51.75288923337371,48.23026923428473,42.923637018700546,51.980361110518785,50.213791831692106,50.067346500264954,53.22854331983874,47.24093868739702,50.994216102442756,48.04847733973453,45.04963265300478,52.188873916990175,48.49466920772551,48.13422459597895,51.38816539386258,51.016517262525596,52.071025993694896,52.09768074919701,51.99130852147327,47.66850493960193,51.721569702680334,52.07905745558514,51.3708952881051,52.1329450236594,51.59780899948216,0,48.80016239056798
Welsh,45.68822644357044,48.256266878948175,50.66792239179548,49.39870115796925,52.19484574852213,47.70319716950096,48.466143744715566,48.02612416035595,49.27529638892218,44.96834488777421,48.688043414608856,49.08131276591803,45.994833836526404,44.953364112577965,49.12210988011092,48.49376580283733,51.01585043753387,51.71833356852781,48.810706692411344,43.54710185860902,48.59553416567376,53.680565400374334,52.08289215049645,49.494153880496285,48.74079836874689,50.29677276123632,47.60478611063828,46.26745799326367,49.57162801299154,52.709852165669986,47.97764441787542,49.08810785691782,50.37090845142661,49.8623155872602,48.73063465641696,48.012524209062626,48.68784763809358,48.80051506018699,49.04503635222722,49.23295655750594,48.80016239056798,0
