,Afrikaans,Albanian,Armenian,Bengali,Bosnian,Bulgarian,Catalan,Croatian,Czech,Danish,Dutch,English,French,Galician,German,Greek,Gujarati,Hindi,Icelandic,Irish,Italian,Latvian,Lithuanian,Macedonian,Marathi,Nepali,Norwegian,Pashto,Persian,Polish,Portuguese,Romanian,Russian,Serbian,Sinhala,Slovak,Slovenian,Spanish,Swedish,Ukrainian,Urdu,Welsh
Afrikaans,0,45.391934082737684,39.376050615624884,47.6398274870246,41.88271452742922,47.06607957008169,46.91167082943575,46.50481854588077,48.33487513769519,43.5805749681555,33.20597115932954,41.15146180523899,46.73719984032146,42.86730579904144,42.57121091387128,48.578275705149096,48.50381202128614,49.33250291196719,39.1795890362505,44.96197222070482,44.50387572985191,45.34263998883115,40.98193746181336,44.19697363573351,47.38391530222037,42.42096819974123,42.19678835498911,43.10897860864652,42.404736174180485,45.07897188835632,45.16197131800886,46.82879227653832,43.80456744628881,43.908907548717565,41.641655429745015,46.1731163079489,46.362810361799056,46.0079384023972,41.058214001660495,43.47446428582104,46.715422307188675,42.136084971012195
Albanian,45.391934082737684,0,42.11913234334384,46.78189193566913,45.6114647559893,48.59471360273315,48.927197547775855,46.952393236910176,50.762717882147605,48.660872534351,48.34950011038261,51.36255464712586,46.2401291878502,41.87348851134719,49.6363324705923,49.0648177153522,50.35662171381159,51.00129789749444,46.212408488969096,45.88973619000689,46.59495396209975,48.6297350249808,42.295077701505676,45.81598732111415,47.79006865055194,42.60902333233725,47.7015842408957,43.238381346383925,43.71240492507347,48.26273854028333,45.754382176200146,47.678075899178225,46.29960187382037,46.10784934574759,36.76674735040216,47.84944693912958,49.4874809716237,46.749422483747445,46.98291873598524,45.560223466948884,45.766080165890656,45.43279920384507
Armenian,39.376050615624884,42.11913234334384,0,43.13768835316886,44.11153777949193,44.08892050748293,43.25129517479295,43.11908151959702,46.720112014311766,42.18988015138222,43.28943086588361,44.9217378111216,41.365684130012696,39.28782143792087,43.516057656678704,42.06958628420187,45.86239381256449,46.36939995812041,39.48494721376624,40.0833198175727,45.469346846083525,45.70039954722432,43.556788142946836,42.49651694509414,43.225340687746865,42.8056485027571,40.682535569106406,38.62840180157977,41.61200670059237,47.0494589324677,42.73321676130976,42.69983024750155,43.09409564545897,42.64347161961357,39.75821170699438,42.84823977029682,44.82634326584943,44.12879935462802,41.42654722567322,42.95457873970641,42.783133466018114,43.929516194620625
Bengali,47.6398274870246,46.78189193566913,43.13768835316886,0,45.630415472279005,47.80847466934179,47.48026468247152,47.501738925155614,49.534683320751725,50.12636816876186,48.33158779349895,49.217474845396964,47.761641616472446,45.32210220787582,49.718381331187786,47.01680385925534,41.12297820568234,40.780925375559164,48.14536735597215,46.95557422648242,45.31476335589626,48.93797889849809,42.47836298805638,46.12433638010675,41.0633835996865,35.58879738358706,49.98498910310018,45.069717114904414,45.65796423227138,46.17414617449691,46.21936347505272,47.44956211785198,47.19814145137421,46.499827606965866,41.499213913422366,47.66761914150962,48.652066744208874,45.664758107978415,47.39249398782668,45.630697872146825,39.55999803742921,44.68148338899156
Bosnian,41.88271452742922,45.6114647559893,44.11153777949193,45.630415472279005,0,36.4734336593094,45.67422321784743,30.446465789961135,40.001991755693666,44.27527026123957,45.45839337043274,47.69917617378766,43.522543274513595,41.95741711571063,46.88308562700699,46.092859979202984,48.32255244608919,48.7253238632044,43.56536559275221,43.92299076972104,45.419749260383945,44.76268335720002,41.52412869291282,31.066673136139972,46.13499194380673,45.12073348620709,43.41342232846155,43.04384595265312,45.52208616711007,38.82332875090849,44.15921570457458,45.27484419744516,34.5999254373577,24.114666000841257,43.87956998083174,35.25681476289203,36.761070742171796,44.950699240767015,44.635859576458536,34.32167449897288,45.189178901908186,46.44351739110333
Bulgarian,47.06607957008169,48.59471360273315,44.08892050748293,47.80847466934179,36.4734336593094,0,46.74185909306335,34.37318573183662,40.93115858732197,47.31833295632053,47.35086154236512,47.42004973851792,46.354212628407424,44.91652953685517,50.28255056893288,46.549858477675684,50.64174662564189,50.15440920408992,47.33285273342201,47.38186928167407,41.874715779137986,48.34272984145952,41.15671079813835,34.460725434579835,49.156086335006464,45.4485182220982,48.22583622376881,46.40083136175666,46.57947545844312,40.57290949356677,46.08975481899333,46.94730424312341,39.47721041266902,36.748437941007225,44.44758965264932,39.67482413072882,40.11016610016963,45.12628933132066,46.94453790447371,38.69825404206447,46.27976586234431,41.52189413005148
Catalan,46.91167082943575,48.927197547775855,43.25129517479295,47.48026468247152,45.67422321784743,46.74185909306335,0,45.830383179236854,49.322246186291416,49.44221985832409,46.639864539395205,46.52945325231571,43.569684176184886,38.46002022034812,49.40935374259925,46.66252648761107,48.28870084531112,48.75894495564811,46.87203378158266,46.33779689972673,37.95515147569529,50.274816619480774,42.62300102238971,45.99287529553575,47.183727341619324,45.142177556157115,48.882039504619826,47.16197119228753,46.22658563607357,46.30486553845435,38.64443582172068,43.04526422394333,47.22403344673845,46.64953831786816,44.96081130026721,47.50301064861516,48.0056536626636,36.99585928631105,46.73132608717675,45.614606385988864,47.404850710461,43.13827928278819
Croatian,46.50481854588077,46.952393236910176,43.11908151959702,47.501738925155614,30.446465789961135,34.37318573183662,45.830383179236854,0,38.49093325642089,44.88511594271364,47.16619273272832,47.57532609725725,44.78201332313827,43.7025985983053,49.61301448301491,46.115563943790626,50.269984155149935,50.36999996199382,46.5408927242434,46.45373039313043,42.306837542334314,49.35929394485935,40.025403059010316,35.23290901731775,47.74064894488858,44.380384876313876,46.8182066913556,44.486648392354724,45.626477835735884,40.21839882336767,46.140529547514866,45.70612833464825,39.224835428989465,29.918077839046013,42.88310747174149,36.92658497928797,35.3855917509552,44.75451031400685,46.118946983627964,36.37200864529243,46.28367094643866,41.78230866812317
Czech,48.33487513769519,50.762717882147605,46.720112014311766,49.534683320751725,40.001991755693666,40.93115858732197,49.322246186291416,38.49093325642089,0,46.70011677318856,49.28540611735425,50.000842929339974,47.20014658993013,47.49263426288766,52.791458973279035,50.15131214127907,53.39633947499506,53.782910953310214,49.02811512241015,48.37921096232641,47.3857705288514,49.692088981675816,45.33797214052109,41.843486783811784,51.51948391889088,47.56273462182788,48.06323566876845,47.772521544904535,48.91250544814085,41.05078388487627,48.34227406168057,49.204744986612944,40.19669702118083,39.553270928426414,46.469367525493254,33.55993559259714,41.80170581951907,48.041318850089006,48.74043657355121,38.54843730388195,48.11928549996503,45.52419291547066
Danish,43.5805749681555,48.660872534351,42.18988015138222,50.12636816876186,44.27527026123957,47.31833295632053,49.44221985832409,44.88511594271364,46.70011677318856,0,43.11936314110153,43.110965935359445,46.699681814125995,46.393163367010175,43.86100814675436,47.94892444964389,51.600120160525066,50.965446853326824,40.305058788319556,47.789207612556986,42.85036714063541,48.871093215968315,42.82773961594216,46.61103774455723,50.64025175370999,42.83098206704719,40.643467738405974,46.74219556597986,45.5482593272821,46.063412781069864,47.314129866039366,47.40204098237886,46.23264946909688,46.76289977654578,43.500397359677514,46.75137177372624,46.91774577277883,47.62365427294362,39.11917346400609,44.929681578883454,47.74528891675434,40.09622984222776
Dutch,33.20597115932954,48.34950011038261,43.28943086588361,48.33158779349895,45.45839337043274,47.35086154236512,46.639864539395205,47.16619273272832,49.28540611735425,43.11936314110153,0,42.56930437333347,47.125022004881274,45.99801600577007,40.20246209688811,47.33933754210181,49.37240565417958,49.93941326795311,42.936056764263775,45.865582392849184,45.45988458363592,48.59936443575779,43.62680993987539,46.41498104019124,48.19642767458611,45.206957643905156,42.43138752585594,46.48895585508984,45.86970753630029,47.53585469704444,45.666744402085115,48.13680586665572,47.130087621482794,46.4420172145041,45.23071202308697,47.54218426258585,46.731997964531644,45.877313188257865,42.35137567127724,46.449115279559784,47.12327151899533,43.619552589132134
English,41.15146180523899,51.36255464712586,44.9217378111216,49.217474845396964,47.69917617378766,47.42004973851792,46.52945325231571,47.57532609725725,50.000842929339974,43.110965935359445,42.56930437333347,0,47.45853561580168,46.434210863796665,44.549415948836796,49.11210357717162,49.82642643660618,50.38508396746222,44.532645634522304,45.28623776899744,45.176657782870045,49.475737188559236,44.28715450111575,47.80647933002924,48.31509348751215,46.30915136782048,43.47642270757355,47.61100603384534,47.39611477657535,47.91423676353834,46.526696901654184,48.76441027194057,47.955813655604736,47.77552382755764,47.23799733303124,47.84400385375865,48.56238384114538,47.668580641992364,44.32735733760751,47.77303481124087,47.98450819456495,42.96227699899185
French,46.73719984032146,46.2401291878502,41.365684130012696,47.761641616472446,43.522543274513595,46.354212628407424,43.569684176184886,44.78201332313827,47.20014658993013,46.699681814125995,47.125022004881274,47.45853561580168,0,41.83832396702064,48.658734010723805,46.34603215000928,50.4413544249971,50.11537865026699,46.21406903542772,46.93573953096254,39.00435021513483,47.3258483040827,41.93461278818477,45.05474466325151,48.11030538384373,42.998149792131564,47.356609549135,44.92061915831836,44.93596888629374,45.64255694412149,42.35267596030829,43.456755394965164,45.08942347079091,44.94121429107105,42.1313850902012,46.646322722647774,46.445873483812086,41.931119686511735,46.63803835361691,43.405001785517705,46.162876034888534,41.556272443617466
Galician,42.86730579904144,41.87348851134719,39.28782143792087,45.32210220787582,41.95741711571063,44.91652953685517,38.46002022034812,43.7025985983053,47.49263426288766,46.393163367010175,45.99801600577007,46.434210863796665,41.83832396702064,0,47.32304824155703,45.73321097353196,47.34801494862488,47.64749983173399,42.024540512051914,43.59667763999017,37.03865915389702,46.87696386773552,40.523042953199514,42.857352541788664,45.61624437603245,40.97247299106078,45.79805449729527,42.34254103782055,41.277032127990445,45.09904807333982,34.20983895422358,41.32349556320744,43.54376550376816,42.99532995550189,37.56106185079658,45.330333086095315,46.67339236362014,30.70781094522173,43.46335144464968,42.16050274629229,44.53478457969224,41.26473073947381
German,42.57121091387128,49.6363324705923,43.516057656678704,49.718381331187786,46.88308562700699,50.28255056893288,49.40935374259925,49.61301448301491,52.791458973279035,43.86100814675436,40.20246209688811,44.549415948836796,48.658734010723805,47.32304824155703,0,48.22243696701564,51.34809069956081,51.40297406514863,44.99465172501554,47.13025719086357,46.02934707499189,49.914765109101666,43.62892482572199,48.92229493685246,50.17925751279798,45.780341910229374,45.09393992087245,47.55139898630501,46.92484170985301,49.62287903031541,49.23118150309532,48.61102309106096,49.21589342388483,48.42461440322133,46.30833975364072,50.31548612119671,48.85218706739833,48.09859420117527,43.690377997527634,48.170284607918255,48.35587605061555,44.81326393799849
Greek,48.578275705149096,49.0648177153522,42.06958628420187,47.01680385925534,46.092859979202984,46.549858477675684,46.66252648761107,46.115563943790626,50.15131214127907,47.94892444964389,47.33933754210181,49.11210357717162,46.34603215000928,45.73321097353196,48.22243696701564,0,49.006635167859294,47.21618002090539,46.826248742597436,46.94738058912767,42.73187140670043,48.710088737004384,41.994800084925714,46.69587795820371,47.43662727422726,42.94023533973766,48.67383149356142,45.223733518260254,46.405502119576774,47.345387347356045,46.68942180128608,45.46965989603288,47.152129054705824,46.974202434830765,43.00360605253311,48.33036880562916,48.32617122316396,44.083927310102474,47.3798596135253,45.54119857438925,45.752253457377215,42.30125173736063
Gujarati,48.50381202128614,50.35662171381159,45.86239381256449,41.12297820568234,48.32255244608919,50.64174662564189,48.28870084531112,50.269984155149935,53.39633947499506,51.600120160525066,49.37240565417958,49.82642643660618,50.4413544249971,47.34801494862488,51.34809069956081,49.006635167859294,0,36.60035572530288,50.33033486588333,48.619806263875105,47.80765700169059,52.33507011265223,44.365370015336026,48.50674602471688,34.182805790271765,39.32522325428435,51.55005465502256,46.01455351881772,48.42810095163883,49.09935817321661,49.47766300360448,49.57695243721068,50.06652101864112,49.095931817821544,44.40736132222393,51.32581863158675,50.77206861627294,47.18721410649181,49.33383231259329,48.7680345320093,41.45978454159512,47.40206564378846
Hindi,49.33250291196719,51.00129789749444,46.36939995812041,40.780925375559164,48.7253238632044,50.15440920408992,48.75894495564811,50.36999996199382,53.782910953310214,50.965446853326824,49.93941326795311,50.38508396746222,50.11537865026699,47.64749983173399,51.40297406514863,47.21618002090539,36.60035572530288,0,49.74024005144095,48.63518740251193,47.89141115962289,52.99042717348213,45.301312714008894,48.168577995286256,37.88839182926445,38.92848235012481,50.78336283275044,45.72575308445671,48.597709980258436,49.29583645351116,50.043833341333155,47.836346498159294,49.89924178962764,49.858126289077774,44.36921065257371,51.078842596827315,51.12398397112117,46.95974023537973,48.57292962437825,48.662930003035605,34.868357180880906,47.77938402384038
Icelandic,39.1795890362505,46.212408488969096,39.48494721376624,48.14536735597215,43.56536559275221,47.33285273342201,46.87203378158266,46.5408927242434,49.02811512241015,40.305058788319556,42.936056764263775,44.532645634522304,46.21406903542772,42.024540512051914,44.99465172501554,46.826248742597436,50.33033486588333,49.74024005144095,0,44.76507903727731,45.35610770746198,46.14823217801507,40.928967738484985,44.70481765596898,48.23192364147005,44.90358377997327,39.01019839998504,43.64360278365533,43.05175118908402,47.19357148005316,46.13349828914193,46.052760671157905,44.35987337086163,44.5006718832436,41.029782892208026,46.99290016838399,47.37453374232171,46.69477427059718,38.35216617508309,43.51538237810808,46.7119813129227,43.573924887216755
Irish,44.96197222070482,45.88973619000689,40.0833198175727,46.95557422648242,43.92299076972104,47.38186928167407,46.33779689972673,46.45373039313043,48.37921096232641,47.789207612556986,45.865582392849184,45.28623776899744,46.93573953096254,43.59667763999017,47.13025719086357,46.94738058912767,48.619806263875105,48.63518740251193,44.76507903727731,0,43.31828416353066,47.75517915711457,41.514675803229075,44.6926734931378,46.602602542972335,41.79819403222568,48.79818794434388,43.616459257700754,43.14376847754052,45.53494486685722,43.34790348551256,46.44593901186193,45.57837084482401,45.869465050321324,41.00625903403827,46.61846556925208,47.069311500028185,42.47731343610318,45.08461045375935,44.39835064726786,45.043737197734444,39.394985307899695
Italian,44.50387572985191,46.59495396209975,45.469346846083525,45.31476335589626,45.419749260383945,41.874715779137986,37.95515147569529,42.306837542334314,47.3857705288514,42.85036714063541,45.45988458363592,45.176657782870045,39.00435021513483,37.03865915389702,46.02934707499189,42.73187140670043,47.80765700169059,47.89141115962289,45.35610770746198,43.31828416353066,0,50.21804683035606,45.64084471541186,43.78357531961948,45.40468746441393,44.670808086588764,44.09984093342838,43.663287451039565,46.93209063735532,48.179942375515374,40.21187006066237,39.12604279593871,45.197731954496035,44.23994679042874,44.90955439409486,44.06233371480164,44.38836362024133,37.30604088727976,44.58876966677742,43.79320657713868,45.31922967273173,41.55665138669301
Latvian,45.34263998883115,48.6297350249808,45.70039954722432,48.93797889849809,44.76268335720002,48.34272984145952,50.274816619480774,49.35929394485935,49.692088981675816,48.871093215968315,48.59936443575779,49.475737188559236,47.3258483040827,46.87696386773552,49.914765109101666,48.710088737004384,52.33507011265223,52.99042717348213,46.14823217801507,47.75517915711457,50.21804683035606,0,37.56967177839812,46.573747469536116,50.29545492545685,48.82008360475818,46.682595234089725,47.52813107245632,49.51101080523633,46.070537620524675,48.72747215970616,49.51902025916637,44.12779928937512,45.55708358813022,47.1394666105874,46.32759042567694,48.62151934186258,51.58435281091865,48.46306312182942,46.504973275475905,48.902826181552655,49.111138695304795
Lithuanian,40.98193746181336,42.295077701505676,43.556788142946836,42.47836298805638,41.52412869291282,41.15671079813835,42.62300102238971,40.025403059010316,45.33797214052109,42.82773961594216,43.62680993987539,44.28715450111575,41.93461278818477,40.523042953199514,43.62892482572199,41.994800084925714,44.365370015336026,45.301312714008894,40.928967738484985,41.514675803229075,45.64084471541186,37.56967177839812,0,40.872416794847325,43.15861557174749,42.68005240397933,41.126861654927716,40.61136313705818,44.40291403188115,45.02190650354191,43.53990596641382,42.98460481008411,41.14367660714669,38.88358702424075,41.33585635393442,41.66021174371544,42.03749280416669,43.1362524691013,41.71983164475183,40.69872318887289,42.44539688812731,46.32909527619127
Macedonian,44.19697363573351,45.81598732111415,42.49651694509414,46.12433638010675,31.066673136139972,34.460725434579835,45.99287529553575,35.23290901731775,41.843486783811784,46.61103774455723,46.41498104019124,47.80647933002924,45.05474466325151,42.857352541788664,48.92229493685246,46.69587795820371,48.50674602471688,48.168577995286256,44.70481765596898,44.6926734931378,43.78357531961948,46.573747469536116,40.872416794847325,0,46.799384556796284,43.74860270222205,46.02174649970045,43.890985496192236,45.19367040279399,40.0986122525609,44.75491137498523,46.10644751087225,35.83824535833836,29.539338121328903,42.06278512914843,38.04614447554304,39.94207163440373,44.383813802717036,45.32791791891634,34.91444372434042,45.049723495049896,44.255862986248616
Marathi,47.38391530222037,47.79006865055194,43.225340687746865,41.0633835996865,46.13499194380673,49.156086335006464,47.183727341619324,47.74064894488858,51.51948391889088,50.64025175370999,48.19642767458611,48.31509348751215,48.11030538384373,45.61624437603245,50.17925751279798,47.43662727422726,34.182805790271765,37.88839182926445,48.23192364147005,46.602602542972335,45.40468746441393,50.29545492545685,43.15861557174749,46.799384556796284,0,39.0947539217961,50.4687527138794,44.65379920925569,46.55988150698152,47.33481282179755,47.05852575110521,47.80512374077119,47.12389938275121,47.33400348890479,41.95181001718444,48.909826320899896,49.53938901784214,44.877285407659556,48.13115456601018,46.6091818715691,40.96643126124934,44.31900034409636
Nepali,42.42096819974123,42.60902333233725,42.8056485027571,35.58879738358706,45.12073348620709,45.4485182220982,45.142177556157115,44.380384876313876,47.56273462182788,42.83098206704719,45.206957643905156,46.30915136782048,42.998149792131564,40.97247299106078,45.780341910229374,42.94023533973766,39.32522325428435,38.92848235012481,44.90358377997327,41.79819403222568,44.670808086588764,48.82008360475818,42.68005240397933,43.74860270222205,39.0947539217961,0,44.58802184785359,38.74407868012467,44.43589650751561,46.948101092238005,44.24645884685068,44.427366708699736,45.62123322781546,44.61971833281122,37.96062084146266,43.936528880868124,45.550228859007035,44.002892854665845,43.6132472700416,44.759168054464034,36.607427184461045,43.651567011332524
Norwegian,42.19678835498911,47.7015842408957,40.682535569106406,49.98498910310018,43.41342232846155,48.22583622376881,48.882039504619826,46.8182066913556,48.06323566876845,40.643467738405974,42.43138752585594,43.47642270757355,47.356609549135,45.79805449729527,45.09393992087245,48.67383149356142,51.55005465502256,50.78336283275044,39.01019839998504,48.79818794434388,44.09984093342838,46.682595234089725,41.126861654927716,46.02174649970045,50.4687527138794,44.58802184785359,0,48.26812692746754,44.98366048180652,45.09495378998527,45.591968136018856,47.26989792315693,45.57584443138862,45.7621404847646,43.07822685928858,47.35284551727266,48.27079255463371,45.72617348185664,34.667908015976025,44.848129962064775,47.2596930516907,43.566715466508974
Pashto,43.10897860864652,43.238381346383925,38.62840180157977,45.069717114904414,43.04384595265312,46.40083136175666,47.16197119228753,44.486648392354724,47.772521544904535,46.74219556597986,46.48895585508984,47.61100603384534,44.92061915831836,42.34254103782055,47.55139898630501,45.223733518260254,46.01455351881772,45.72575308445671,43.64360278365533,43.616459257700754,43.663287451039565,47.52813107245632,40.61136313705818,43.890985496192236,44.65379920925569,38.74407868012467,48.26812692746754,0,38.942802288014775,45.87108618368242,44.88564134325262,44.86889701939986,43.95189888512994,44.32519139745109,37.77122136431686,46.22062443688788,45.98871323382762,44.46783457658864,45.15093132380626,43.2829001288649,42.09648234833039,41.85651150928177
Persian,42.404736174180485,43.71240492507347,41.61200670059237,45.65796423227138,45.52208616711007,46.57947545844312,46.22658563607357,45.626477835735884,48.91250544814085,45.5482593272821,45.86970753630029,47.39611477657535,44.93596888629374,41.277032127990445,46.92484170985301,46.405502119576774,48.42810095163883,48.597709980258436,43.05175118908402,43.14376847754052,46.93209063735532,49.51101080523633,44.40291403188115,45.19367040279399,46.55988150698152,44.43589650751561,44.98366048180652,38.942802288014775,0,48.959899558526864,45.28723349372117,46.10773926475072,45.940664094738764,45.180788193887224,42.388465940389075,45.65349172747056,46.98639724552185,45.47319827900606,44.22859703220508,44.087968515020705,42.828539150822,45.209999537230615
Polish,45.07897188835632,48.26273854028333,47.0494589324677,46.17414617449691,38.82332875090849,40.57290949356677,46.30486553845435,40.21839882336767,41.05078388487627,46.063412781069864,47.53585469704444,47.91423676353834,45.64255694412149,45.09904807333982,49.62287903031541,47.345387347356045,49.09935817321661,49.29583645351116,47.19357148005316,45.53494486685722,48.179942375515374,46.070537620524675,45.02190650354191,40.0986122525609,47.33481282179755,46.948101092238005,45.09495378998527,45.87108618368242,48.959899558526864,0,45.16025954440383,47.26684318112552,39.041095858528294,38.14333675573758,46.391735629470425,34.76363082310916,40.93314205881462,46.301029179442864,45.90134116397821,38.323476825093316,46.29223602498472,47.94174350424355
Portuguese,45.16197131800886,45.754382176200146,42.73321676130976,46.21936347505272,44.15921570457458,46.08975481899333,38.64443582172068,46.140529547514866,48.34227406168057,47.314129866039366,45.666744402085115,46.526696901654184,42.35267596030829,34.20983895422358,49.23118150309532,46.68942180128608,49.47766300360448,50.043833341333155,46.13349828914193,43.34790348551256,40.21187006066237,48.72747215970616,43.53990596641382,44.75491137498523,47.05852575110521,44.24645884685068,45.591968136018856,44.88564134325262,45.28723349372117,45.16025954440383,0,43.98607653268032,45.30759357824643,44.8915303662629,43.255012740495204,45.373082390827996,46.217008721279406,33.58896394987379,45.92154773778361,44.249695948109476,45.45763924144964,43.660747753439864
Romanian,46.82879227653832,47.678075899178225,42.69983024750155,47.44956211785198,45.27484419744516,46.94730424312341,43.04526422394333,45.70612833464825,49.204744986612944,47.40204098237886,48.13680586665572,48.76441027194057,43.456755394965164,41.32349556320744,48.61102309106096,45.46965989603288,49.57695243721068,47.836346498159294,46.052760671157905,46.44593901186193,39.12604279593871,49.51902025916637,42.98460481008411,46.10644751087225,47.80512374077119,44.427366708699736,47.26989792315693,44.86889701939986,46.10773926475072,47.26684318112552,43.98607653268032,0,46.26836229686011,46.09564243646112,43.095060083256136,47.07985482011672,48.462341390839335,43.28660027228052,46.08281281451187,45.40030499441105,46.66913379995138,43.82866770463747
Russian,43.80456744628881,46.29960187382037,43.09409564545897,47.19814145137421,34.5999254373577,39.47721041266902,47.22403344673845,39.224835428989465,40.19669702118083,46.23264946909688,47.130087621482794,47.955813655604736,45.08942347079091,43.54376550376816,49.21589342388483,47.152129054705824,50.06652101864112,49.89924178962764,44.35987337086163,45.57837084482401,45.197731954496035,44.12779928937512,41.14367660714669,35.83824535833836,47.12389938275121,45.62123322781546,45.57584443138862,43.95189888512994,45.940664094738764,39.041095858528294,45.30759357824643,46.26836229686011,0,34.5657980380103,42.70515046440635,36.67863842365714,41.9378784749186,46.395456385360156,45.93186415974864,32.42530082567561,46.75092820153075,45.5178519230649
Serbian,43.908907548717565,46.10784934574759,42.64347161961357,46.499827606965866,24.114666000841257,36.748437941007225,46.64953831786816,29.918077839046013,39.553270928426414,46.76289977654578,46.4420172145041,47.77552382755764,44.94121429107105,42.99532995550189,48.42461440322133,46.974202434830765,49.095931817821544,49.858126289077774,44.5006718832436,45.869465050321324,44.23994679042874,45.55708358813022,38.88358702424075,29.539338121328903,47.33400348890479,44.61971833281122,45.7621404847646,44.32519139745109,45.180788193887224,38.14333675573758,44.8915303662629,46.09564243646112,34.5657980380103,0,43.05322030909931,36.06339237501645,36.22863876853753,44.82422805021599,45.54747540613125,33.61173460207547,46.00330707719962,44.529492016555054
Sinhala,41.641655429745015,36.76674735040216,39.75821170699438,41.499213913422366,43.87956998083174,44.44758965264932,44.96081130026721,42.88310747174149,46.469367525493254,43.500397359677514,45.23071202308697,47.23799733303124,42.1313850902012,37.56106185079658,46.30833975364072,43.00360605253311,44.40736132222393,44.36921065257371,41.029782892208026,41.00625903403827,44.90955439409486,47.1394666105874,41.33585635393442,42.06278512914843,41.95181001718444,37.96062084146266,43.07822685928858,37.77122136431686,42.388465940389075,46.391735629470425,43.255012740495204,43.095060083256136,42.70515046440635,43.05322030909931,0,43.854653878488676,46.65584026925096,42.051517398435834,41.946006756155626,42.10952586513291,40.74843479733791,43.60218620247424
Slovak,46.1731163079489,47.84944693912958,42.84823977029682,47.66761914150962,35.25681476289203,39.67482413072882,47.50301064861516,36.92658497928797,33.55993559259714,46.75137177372624,47.54218426258585,47.84400385375865,46.646322722647774,45.330333086095315,50.31548612119671,48.33036880562916,51.32581863158675,51.078842596827315,46.99290016838399,46.61846556925208,44.06233371480164,46.32759042567694,41.66021174371544,38.04614447554304,48.909826320899896,43.936528880868124,47.35284551727266,46.22062443688788,45.65349172747056,34.76363082310916,45.373082390827996,47.07985482011672,36.67863842365714,36.06339237501645,43.854653878488676,0,39.252521728807174,45.90256727773945,46.649784138964066,36.26530069381051,46.53994392376164,42.49509928672852
Slovenian,46.362810361799056,49.4874809716237,44.82634326584943,48.652066744208874,36.761070742171796,40.11016610016963,48.0056536626636,35.3855917509552,41.80170581951907,46.91774577277883,46.731997964531644,48.56238384114538,46.445873483812086,46.67339236362014,48.85218706739833,48.32617122316396,50.77206861627294,51.12398397112117,47.37453374232171,47.069311500028185,44.38836362024133,48.62151934186258,42.03749280416669,39.94207163440373,49.53938901784214,45.550228859007035,48.27079255463371,45.98871323382762,46.98639724552185,40.93314205881462,46.217008721279406,48.462341390839335,41.9378784749186,36.22863876853753,46.65584026925096,39.252521728807174,0,46.33949955600745,47.63430389979387,40.74107060310323,47.93429074537294,43.353685688567005
Spanish,46.0079384023972,46.749422483747445,44.12879935462802,45.664758107978415,44.950699240767015,45.12628933132066,36.99585928631105,44.75451031400685,48.041318850089006,47.62365427294362,45.877313188257865,47.668580641992364,41.931119686511735,30.70781094522173,48.09859420117527,44.083927310102474,47.18721410649181,46.95974023537973,46.69477427059718,42.47731343610318,37.30604088727976,51.58435281091865,43.1362524691013,44.383813802717036,44.877285407659556,44.002892854665845,45.72617348185664,44.46783457658864,45.47319827900606,46.301029179442864,33.58896394987379,43.28660027228052,46.395456385360156,44.82422805021599,42.051517398435834,45.90256727773945,46.33949955600745,0,46.45027726099482,44.14420338008576,44.85066608478186,43.63867581520632
Swedish,41.058214001660495,46.98291873598524,41.42654722567322,47.39249398782668,44.635859576458536,46.94453790447371,46.73132608717675,46.118946983627964,48.74043657355121,39.11917346400609,42.35137567127724,44.32735733760751,46.63803835361691,43.46335144464968,43.690377997527634,47.3798596135253,49.33383231259329,48.57292962437825,38.35216617508309,45.08461045375935,44.58876966677742,48.46306312182942,41.71983164475183,45.32791791891634,48.13115456601018,43.6132472700416,34.667908015976025,45.15093132380626,44.22859703220508,45.90134116397821,45.92154773778361,46.08281281451187,45.93186415974864,45.54747540613125,41.946006756155626,46.649784138964066,47.63430389979387,46.45027726099482,0,45.09615110886356,45.95325076643316,42.90914078252309
Ukrainian,43.47446428582104,45.560223466948884,42.95457873970641,45.630697872146825,34.32167449897288,38.69825404206447,45.614606385988864,36.37200864529243,38.54843730388195,44.929681578883454,46.449115279559784,47.77303481124087,43.405001785517705,42.16050274629229,48.170284607918255,45.54119857438925,48.7680345320093,48.662930003035605,43.51538237810808,44.39835064726786,43.79320657713868,46.504973275475905,40.69872318887289,34.91444372434042,46.6091818715691,44.759168054464034,44.848129962064775,43.2829001288649,44.087968515020705,38.323476825093316,44.249695948109476,45.40030499441105,32.42530082567561,33.61173460207547,42.10952586513291,36.26530069381051,40.74107060310323,44.14420338008576,45.09615110886356,0,45.60575433982033,43.73305219726631
Urdu,46.715422307188675,45.766080165890656,42.783133466018114,39.55999803742921,45.189178901908186,46.27976586234431,47.404850710461,46.28367094643866,48.11928549996503,47.74528891675434,47.12327151899533,47.98450819456495,46.162876034888534,44.53478457969224,48.35587605061555,45.752253457377215,41.45978454159512,34.868357180880906,46.7119813129227,45.043737197734444,45.31922967273173,48.902826181552655,42.44539688812731,45.049723495049896,40.96643126124934,36.607427184461045,47.2596930516907,42.09648234833039,42.828539150822,46.29223602498472,45.45763924144964,46.66913379995138,46.75092820153075,46.00330707719962,40.74843479733791,46.53994392376164,47.93429074537294,44.85066608478186,45.95325076643316,45.60575433982033,0,43.70638961345435
Welsh,42.136084971012195,45.43279920384507,43.929516194620625,44.68148338899156,46.44351739110333,41.52189413005148,43.13827928278819,41.78230866812317,45.52419291547066,40.09622984222776,43.619552589132134,42.96227699899185,41.556272443617466,41.26473073947381,44.81326393799849,42.30125173736063,47.40206564378846,47.77938402384038,43.573924887216755,39.394985307899695,41.55665138669301,49.111138695304795,46.32909527619127,44.255862986248616,44.31900034409636,43.651567011332524,43.566715466508974,41.85651150928177,45.209999537230615,47.94174350424355,43.660747753439864,43.82866770463747,45.5178519230649,44.529492016555054,43.60218620247424,42.49509928672852,43.353685688567005,43.63867581520632,42.90914078252309,43.73305219726631,43.70638961345435,0
