,Afrikaans,Albanian,Armenian,Bengali,Bosnian,Bulgarian,Catalan,Croatian,Czech,Danish,Dutch,English,French,Galician,German,Greek,Gujarati,Hindi,Icelandic,Irish,Italian,Latvian,Lithuanian,Macedonian,Marathi,Nepali,Norwegian,Pashto,Persian,Polish,Portuguese,Romanian,Russian,Serbian,Sinhala,Slovak,Slovenian,Spanish,Swedish,Ukrainian,Urdu,Welsh
Afrikaans,0,347.4106976368095,391.996430327887,375.89224019020617,394.9456741143336,352.5672432177587,372.6863748581362,364.7990002638414,384.72919993503155,336.0497445109156,304.59466637760767,331.96463065710964,352.89794214629865,332.5702170473248,332.041213083285,380.9815901730201,383.1025108807217,400.64929814429826,320.7199995498024,345.2307919335797,396.4138002468238,432.65210743136356,465.61918205197685,364.6525474748451,373.2300064404911,372.4999642571681,312.54100596328624,340.433002573905,374.6678280298937,425.85841113702054,369.27591494476354,374.733557357821,372.0696857381592,367.7614087016986,358.74942940690505,368.7286663612031,383.77797048261266,363.11073133506693,324.40388587439315,375.23065897482866,375.5923239301719,392.0651564081742
Albanian,347.4106976368095,0,396.71110165615994,378.4344304141182,424.7655091846875,373.9816727554451,380.4738882784762,388.11683559073083,407.60706444598435,401.63758255020366,398.67869108577315,401.7889241884293,374.39384113283245,338.3498009509538,399.9535211766192,397.92733813375315,393.99964151069844,410.3251366242283,375.44237475182115,352.58777476138397,418.93855047240885,457.9715436519415,476.6914321797185,384.09968178172744,371.8355964045957,389.44072678433446,381.0460334789882,344.6433506579155,376.5207014123868,449.48728898135005,389.1656230395445,402.33145120284337,391.93436144938255,389.82705142622115,333.64881494931166,388.4534866682338,408.79849761974054,376.31772621473345,377.9406027661781,388.2502614521197,379.1012812996072,418.1635021009044
Armenian,391.996430327887,396.71110165615994,0,434.5269385517305,421.0505261313299,422.29144491725214,444.38424387542705,420.06658904687544,450.63820234011945,451.07878915979956,451.43050403415884,445.2617990275812,422.82053374022803,408.8444364399333,431.5717858402372,414.1470789273507,455.58558677454477,454.16166875616034,397.64707655753466,412.12988071077183,439.49871379829943,459.6018375113947,491.22623341982853,430.91751694747063,438.7157589097047,426.59177522091227,416.74563111158193,397.126652221253,413.3317345870406,480.13306720087877,443.22399559229314,433.28991657959523,428.9859078226552,423.8989722650958,398.35077928931275,432.17953838714976,446.7704359859795,435.6525228960455,425.8672948446387,430.68260558300096,433.4283005681562,443.19238382935816
Bengali,375.89224019020617,378.4344304141182,434.5269385517305,0,413.2557257360605,348.25236520928166,361.70125495154264,361.662124736589,383.2442527827545,368.4675137888445,379.3333584835245,364.65451407613523,362.447150823486,352.13033348102726,369.29039949411936,379.59858773119595,315.01062008684397,329.12337359713615,372.61397567368584,363.00702754861345,386.27196445791856,432.94844873340134,460.473315414157,350.9118718875472,317.87179822150875,346.2679572264281,381.36757572672707,352.7615609465102,386.9506980097149,408.82823278165387,370.4589506148166,372.6485755639361,378.5106423901814,364.4052003167626,369.68367047990824,368.50971561229096,386.1484063525264,355.9816859627361,362.05120775743046,370.6059351072443,314.42523439108425,388.41067352289065
Bosnian,394.9456741143336,424.7655091846875,421.0505261313299,413.2557257360605,0,352.73860793720013,433.95029431071924,299.93815030752603,372.33709633080394,409.31701198931825,431.8956766958202,421.90869737735125,398.86471928432195,416.5554553748182,412.70303173708896,418.0205883116357,440.6430116156569,427.3905330545607,407.3289430378485,439.19083063828197,406.0516751173218,422.36017075063495,461.70663806895806,333.05998830797006,434.2178114745486,381.2158321955709,394.0696973068379,419.6045791028461,434.7678445787476,373.1920098992743,418.3197182035552,396.7579646458136,337.78690327529574,267.0251850964241,425.8351892077851,334.58836277725,349.6986546881057,418.8189914796458,414.43840916167966,344.08261549130765,410.707350082279,427.1730548441634
Bulgarian,352.5672432177587,373.9816727554451,422.29144491725214,348.25236520928166,352.73860793720013,0,344.3014381055471,274.6721053736469,325.48299425501216,346.2023475749679,353.55278533835076,345.678238850891,350.6907773753911,327.58297354327254,353.48127011832725,367.2663773840565,357.46851888006586,370.3299698157634,349.05886553194614,348.15619889281817,366.6575274426709,432.1484438438315,439.2811214529971,259.90257547898227,342.70471705245455,394.5854176941063,366.67582674527625,345.606238486636,375.92804008146675,360.6872942377761,354.55134667183194,361.98689209720663,313.42426683567624,289.38875854383826,372.1075332878135,310.16131758456737,332.59504938363153,333.2312856377587,346.3799717231579,306.2721141430375,341.3717240084808,355.9908011079836
Catalan,372.6863748581362,380.4738882784762,444.38424387542705,361.70125495154264,433.95029431071924,344.3014381055471,0,351.8065316115801,388.6204418600309,346.70796186978345,363.9937425160075,352.657760727807,322.42483893931865,286.8382266713321,366.7095292116952,372.2417052308894,373.5022040612534,390.37706300152496,368.06410276772147,346.8578424196241,343.8731817823207,455.7940598034572,465.8078490098292,354.1094786766027,351.91276263097103,410.2418328222193,358.9243393169958,363.00646999196806,396.34529309513016,417.5293604811734,311.58021370353094,342.88020033862614,384.2359069382737,370.73191670635987,387.0576936830455,361.6655195513426,378.5300823294058,279.1969086528603,348.7139045651907,370.5131207654838,364.8314288398855,381.8007038317675
Croatian,364.7990002638414,388.11683559073083,420.06658904687544,361.662124736589,299.93815030752603,274.6721053736469,351.8065316115801,0,317.19960498753267,352.290320149953,365.7731710847549,366.10350317764016,352.3516286633747,346.84618814095273,360.3519540077546,365.03956705579697,372.0578355659112,379.40806872920626,360.41846573266656,363.2451351474348,369.1587837539931,430.6933730904865,435.64371769167354,281.90739889313556,357.27064361453444,401.43729619765503,369.55689459591736,360.5962560780195,380.8511340282587,341.8879382675791,358.96423092511066,361.42599381724244,315.8093964932293,246.23497151990318,380.88162312933514,291.4076023364134,298.7073702122563,345.92548164449835,354.24791988471884,301.15385313148715,356.2842677065667,370.81754668853335
Czech,384.72919993503155,407.60706444598435,450.63820234011945,383.2442527827545,372.33709633080394,325.48299425501216,388.6204418600309,317.19960498753267,0,361.0837813887813,374.2542554343024,380.3547220783834,371.4347881140746,374.64053172944625,371.83794047498816,394.006609368832,400.8901488929628,406.64704583612433,378.8363050461371,389.97832239085795,392.90726362839354,437.130001999989,464.117299256642,330.47000853869577,392.01972585628636,401.13569356611777,392.858755666038,378.09202801820203,406.0491286295273,355.7792661542917,374.1725002333812,386.90349218360797,336.4134081274678,318.5683907141326,418.588030554485,274.24120335621643,343.7787144222613,371.48515738442455,375.9348102148957,322.1743321363692,376.3483736767635,390.6496035657598
Danish,336.0497445109156,401.63758255020366,451.07878915979956,368.4675137888445,409.31701198931825,346.2023475749679,346.70796186978345,352.290320149953,361.0837813887813,0,325.86731341547596,309.3325126289741,333.561683319728,346.0276873552817,305.1174881901976,364.6810643397974,371.0095128879192,379.03022290359223,323.4022490427063,342.11110413544696,369.2313734510195,446.83332371423137,482.6997529843761,363.1224789274369,358.3766869438297,381.85777794565774,292.9904976097397,362.95038596524364,401.8398537379216,404.97527326737236,344.30396038586446,351.1547320075892,375.7537484077627,373.14962362693905,405.3211682012997,340.6598515992407,360.3930509007327,341.75019703866593,304.0302049072628,363.2351804787529,361.1848946510659,359.91984211512425
Dutch,304.59466637760767,398.67869108577315,451.43050403415884,379.3333584835245,431.8956766958202,353.55278533835076,363.9937425160075,365.7731710847549,374.2542554343024,325.86731341547596,0,323.4120549479535,362.1260194228735,359.78838544913646,303.3902412644793,376.2921763480004,377.47958909703743,398.36051848972943,341.9604574521338,364.43204277409546,392.2941632182841,453.2956788917639,474.3809055394956,358.74765193246634,368.15647803411065,410.83605050706404,345.17406113585986,369.5939144206272,396.99502229810616,420.36082368006345,356.1725119898387,379.4993530708047,387.3690693067138,377.64451075882863,410.99745863220113,365.40788371741996,376.286901643571,352.28147746713427,332.6150411075311,374.609958207474,376.76410917966297,391.18744275861343
English,331.96463065710964,401.7889241884293,445.2617990275812,364.65451407613523,421.90869737735125,345.678238850891,352.657760727807,366.10350317764016,380.3547220783834,309.3325126289741,323.4120549479535,0,349.3686900812699,345.72829938062273,324.5171391598045,381.84997480037,365.20528030519677,387.40529101581944,342.4588114451172,354.38857516418994,373.6278982817696,447.2781613540708,467.1794140291236,363.532171742788,359.4813250804524,397.8095627489618,327.7062823843528,371.8705300077371,399.79156078447085,415.9519223376254,367.1622152974353,365.26725841813857,377.8286388431867,375.24302118867394,406.50949228078304,370.69742012163647,388.383110029938,353.07462053320796,319.9800418588058,371.8922847892657,363.93786903307,366.7530419050328
French,352.89794214629865,374.39384113283245,422.82053374022803,362.447150823486,398.86471928432195,350.6907773753911,322.42483893931865,352.3516286633747,371.4347881140746,333.561683319728,362.1260194228735,349.3686900812699,0,316.9968871127606,356.11975773217415,354.52424387948497,380.5626702869933,382.0534406661185,356.70072869758945,341.87280892268967,340.5538061844853,428.4467904020619,461.98621753849477,357.47316455193555,355.73277591638026,377.71848187686356,351.8794350736704,350.43566148158715,388.16703692161104,405.63763910484704,325.80556629552456,341.1103859063737,371.4238760239797,366.0179514795466,382.94430239272594,349.2254598081621,367.96645790573615,315.3254607228031,357.0166258644313,368.7884429656075,356.4254359560119,366.91629610479055
Galician,332.5702170473248,338.3498009509538,408.8444364399333,352.13033348102726,416.5554553748182,327.58297354327254,286.8382266713321,346.84618814095273,374.64053172944625,346.0276873552817,359.78838544913646,345.72829938062273,316.9968871127606,0,360.6572996327859,369.80869016590003,364.7545749236927,386.30123959611046,336.02319548019295,318.0934823739171,344.1370700356179,441.29859597846973,458.9097981779448,341.4819721401716,342.8115000539901,391.31696843887727,356.2708353286233,330.7937901535571,356.49636599757844,418.62966957063406,287.43502010264564,344.2908135770124,366.17046431866953,356.55645120596,337.4890577314726,360.2494460527984,380.10178873106753,259.25007071618126,332.5392164867996,357.18881377839216,352.4946581982275,365.5324770131932
German,332.041213083285,399.9535211766192,431.5717858402372,369.29039949411936,412.70303173708896,353.48127011832725,366.7095292116952,360.3519540077546,371.83794047498816,305.1174881901976,303.3902412644793,324.5171391598045,356.11975773217415,360.6572996327859,0,358.74989043606007,376.8282827323657,383.3923105519907,335.8536663737867,358.07227613703276,373.1574304854207,437.32568345253674,467.9637116804005,366.5350088053747,368.1110491134388,392.29445482627307,346.3223433172463,367.8325238736134,397.3722495131564,418.1010004276806,375.5758403863046,365.9144457870016,385.93580522525974,374.79253722427035,407.16040856230865,363.72673696540653,376.897073574845,360.73286511307725,323.28464036751336,372.74539796662077,366.9732746974509,376.47565141707906
Greek,380.9815901730201,397.92733813375315,414.1470789273507,379.59858773119595,418.0205883116357,367.2663773840565,372.2417052308894,365.03956705579697,394.006609368832,364.6810643397974,376.2921763480004,381.84997480037,354.52424387948497,369.80869016590003,358.74989043606007,0,396.2242911349201,393.6750324724759,362.80684484237696,377.71180030072736,379.3317425637962,417.615578914939,453.59852162537135,381.1636883935534,382.04482108475247,397.69891249608855,382.14527844711,376.5803668391928,406.43800560775117,426.0477016883481,373.4527153663995,368.1250922265923,386.2828531489808,386.59657126439186,400.69374883178284,374.74319493564656,390.1201376631515,357.79689922164323,382.91377422637987,378.4814904124975,378.17989051026797,382.22587095334114
Gujarati,383.1025108807217,393.99964151069844,455.58558677454477,315.01062008684397,440.6430116156569,357.46851888006586,373.5022040612534,372.0578355659112,400.8901488929628,371.0095128879192,377.47958909703743,365.20528030519677,380.5626702869933,364.7545749236927,376.8282827323657,396.2242911349201,0,303.8514941873843,383.67886513079594,375.52930051685826,407.8193772005207,463.52303459285935,470.77717303331787,364.5415775256049,260.92044747085595,371.02523590732153,381.93325236881344,364.79165459066047,403.63949931212466,426.42677285171703,396.10588342992594,387.056713768533,403.33922813292065,387.77754182791045,390.7067147897922,386.42523236320955,399.7130988113182,367.9334312061147,369.07410389886434,386.72724649693373,322.508025981556,406.92994917000345
Hindi,400.64929814429826,410.3251366242283,454.16166875616034,329.12337359713615,427.3905330545607,370.3299698157634,390.37706300152496,379.40806872920626,406.64704583612433,379.03022290359223,398.36051848972943,387.40529101581944,382.0534406661185,386.30123959611046,383.3923105519907,393.6750324724759,303.8514941873843,0,407.3750975113183,392.5023780511958,405.8667564068989,458.5328143821232,484.7916941265909,381.8482090369735,312.1268677800503,357.53815183196826,390.1428775140132,375.4744472048357,409.82680424802135,423.78147513174366,406.4383328139163,379.7427996178494,406.1281039174253,393.7254247606162,399.81408560336934,386.75786582611784,401.62425442379936,386.00592092379543,384.7931420181424,395.3235709893028,289.9509645392903,412.4477278907904
Icelandic,320.7199995498024,375.44237475182115,397.64707655753466,372.61397567368584,407.3289430378485,349.05886553194614,368.06410276772147,360.41846573266656,378.8363050461371,323.4022490427063,341.9604574521338,342.4588114451172,356.70072869758945,336.02319548019295,335.8536663737867,362.80684484237696,383.67886513079594,407.3750975113183,0,353.6837628287238,381.04065351603356,419.4484945120345,432.2688361258148,356.01008591983083,371.0938474329233,399.85514096715934,331.9407345460686,355.29875465617505,376.5104431398964,419.7525207460655,367.61611270393576,376.228641102768,364.8903663622135,360.74154564146323,372.6821642712899,363.58537812691435,392.44439900532683,356.9678129915687,320.76465744341374,360.85382338777805,371.95544324005806,379.8257168898
Irish,345.2307919335797,352.58777476138397,412.12988071077183,363.00702754861345,439.19083063828197,348.15619889281817,346.8578424196241,363.2451351474348,389.97832239085795,342.11110413544696,364.43204277409546,354.38857516418994,341.87280892268967,318.0934823739171,358.07227613703276,377.71180030072736,375.52930051685826,392.5023780511958,353.6837628287238,0,396.2384822923475,462.57984598404886,484.01525346190215,363.1307885848965,352.96224606750917,398.59618627644204,365.6556967831948,328.0487745344196,377.365764750136,435.2645680862765,350.2733073785251,370.12593300555295,387.3646151400347,383.4583504791163,353.24613838469253,370.70113412741676,390.7447282552713,330.01771345480046,345.02972737499175,377.5788544759873,356.8137885641167,363.24926322913944
Italian,396.4138002468238,418.93855047240885,439.49871379829943,386.27196445791856,406.0516751173218,366.6575274426709,343.8731817823207,369.1587837539931,392.90726362839354,369.2313734510195,392.2941632182841,373.6278982817696,340.5538061844853,344.1370700356179,373.1574304854207,379.3317425637962,407.8193772005207,405.8667564068989,381.04065351603356,396.2384822923475,0,450.1164534690728,472.4081041448503,376.321741609954,393.7536183421353,400.04872470216054,390.66209011846956,392.5183251811056,411.4565445713749,404.1284104256435,349.45560809579075,330.12357383590296,382.50817085741926,379.5211176110666,422.0753673820873,372.72495141202137,394.30746701000845,338.96408387509854,381.47661418699533,382.9168870103015,393.2680685002837,371.9847637813071
Latvian,432.65210743136356,457.9715436519415,459.6018375113947,432.94844873340134,422.36017075063495,432.1484438438315,455.7940598034572,430.6933730904865,437.130001999989,446.83332371423137,453.2956788917639,447.2781613540708,428.4467904020619,441.29859597846973,437.32568345253674,417.615578914939,463.52303459285935,458.5328143821232,419.4484945120345,462.57984598404886,450.1164534690728,0,399.2133578907838,425.9951434376872,452.466822640785,452.0394027872918,430.20887022247143,442.3312415070066,462.12433845712474,444.0309350880144,450.1908875460895,426.3776803175011,400.65477867641727,409.6902218653256,464.7085877349385,413.2299283808599,427.0535392180074,464.59434077474464,442.6464372354345,423.13933475766146,430.80444203515583,465.7845589508048
Lithuanian,465.61918205197685,476.6914321797185,491.22623341982853,460.473315414157,461.70663806895806,439.2811214529971,465.8078490098292,435.64371769167354,464.117299256642,482.6997529843761,474.3809055394956,467.1794140291236,461.98621753849477,458.9097981779448,467.9637116804005,453.59852162537135,470.77717303331787,484.7916941265909,432.2688361258148,484.01525346190215,472.4081041448503,399.2133578907838,0,435.33609461754423,466.2002271532672,497.1953468153422,458.88489557089713,464.89904306098856,471.939775424028,466.9562421465097,482.5679622551003,455.5871594828914,428.2864675704012,424.58967961612456,475.74209687970193,445.2822202854697,461.95144483336304,470.5230033733562,456.97172052657385,433.18627048048404,465.1518625468212,485.2195849842483
Macedonian,364.6525474748451,384.09968178172744,430.91751694747063,350.9118718875472,333.05998830797006,259.90257547898227,354.1094786766027,281.90739889313556,330.47000853869577,363.1224789274369,358.74765193246634,363.532171742788,357.47316455193555,341.4819721401716,366.5350088053747,381.1636883935534,364.5415775256049,381.8482090369735,356.01008591983083,363.1307885848965,376.321741609954,425.9951434376872,435.33609461754423,0,353.726153320223,398.1633686862906,379.53529457439697,349.62076242631724,385.27935916551195,357.23005640917074,357.0588053808607,368.9603981445307,306.48683146315886,258.84302188534843,379.22288374386784,310.00241163887387,337.4895933285468,345.0703836604066,355.18186478057913,296.7530355368251,351.7220057495503,376.7107078288409
Marathi,373.2300064404911,371.8355964045957,438.7157589097047,317.87179822150875,434.2178114745486,342.70471705245455,351.91276263097103,357.27064361453444,392.01972585628636,358.3766869438297,368.15647803411065,359.4813250804524,355.73277591638026,342.8115000539901,368.1110491134388,382.04482108475247,260.92044747085595,312.1268677800503,371.0938474329233,352.96224606750917,393.7536183421353,452.466822640785,466.2002271532672,353.726153320223,0,374.7979773642472,369.4422327726619,349.0085801961893,393.97463403701664,417.3876558110208,370.9402518656226,373.179885895059,383.18481756551034,373.8886177597709,370.7877738847836,365.4096879314473,385.0327647521007,345.73910599786393,353.86076984748854,373.7452590804027,321.2988619667769,390.8753617570651
Nepali,372.4999642571681,389.44072678433446,426.59177522091227,346.2679572264281,381.2158321955709,394.5854176941063,410.2418328222193,401.43729619765503,401.13569356611777,381.85777794565774,410.83605050706404,397.8095627489618,377.71848187686356,391.31696843887727,392.29445482627307,397.69891249608855,371.02523590732153,357.53815183196826,399.85514096715934,398.59618627644204,400.04872470216054,452.0394027872918,497.1953468153422,398.1633686862906,374.7979773642472,0,378.4883427500177,380.5084490515645,417.5661587707275,442.7539571566294,399.67420051579114,383.6717488747367,406.3926231110089,395.4730010666688,394.14079231131666,384.7225154919372,402.42827488576665,398.4407081242411,389.06740202814603,403.38472020299525,352.8501217441231,410.6763373485737
Norwegian,312.54100596328624,381.0460334789882,416.74563111158193,381.36757572672707,394.0696973068379,366.67582674527625,358.9243393169958,369.55689459591736,392.858755666038,292.9904976097397,345.17406113585986,327.7062823843528,351.8794350736704,356.2708353286233,346.3223433172463,382.14527844711,381.93325236881344,390.1428775140132,331.9407345460686,365.6556967831948,390.66209011846956,430.20887022247143,458.88489557089713,379.53529457439697,369.4422327726619,378.4883427500177,0,379.0431839911502,405.39635534041264,423.31635126297846,373.6534290389738,365.3558758384942,387.15824863855954,377.1693023228889,389.30165231956795,364.1959702536685,371.3894697954987,362.27014486691536,284.72162614256854,381.5547409471395,372.4236008504397,400.15182787670085
Pashto,340.433002573905,344.6433506579155,397.126652221253,352.7615609465102,419.6045791028461,345.606238486636,363.00646999196806,360.5962560780195,378.09202801820203,362.95038596524364,369.5939144206272,371.8705300077371,350.43566148158715,330.7937901535571,367.8325238736134,376.5803668391928,364.79165459066047,375.4744472048357,355.29875465617505,328.0487745344196,392.5183251811056,442.3312415070066,464.89904306098856,349.62076242631724,349.0085801961893,380.5084490515645,379.0431839911502,0,338.1094100872256,422.45107838375804,364.4534920969325,377.49222264079475,374.7415806090817,367.00586977004144,340.1944656124902,369.6918306733601,385.07307492685845,348.7915830768934,357.30271109091365,361.9969683271829,338.48454960292213,377.19565916191294
Persian,374.6678280298937,376.5207014123868,413.3317345870406,386.9506980097149,434.7678445787476,375.92804008146675,396.34529309513016,380.8511340282587,406.0491286295273,401.8398537379216,396.99502229810616,399.79156078447085,388.16703692161104,356.49636599757844,397.3722495131564,406.43800560775117,403.63949931212466,409.82680424802135,376.5104431398964,377.365764750136,411.4565445713749,462.12433845712474,471.939775424028,385.27935916551195,393.97463403701664,417.5661587707275,405.39635534041264,338.1094100872256,0,437.9375995906296,404.54029063485484,402.1205939197781,396.98854104606454,387.0998961167576,378.0322135289216,401.2184301487015,415.92997913100214,388.3395188595757,378.55546011579503,386.9498862472126,371.48498013052813,411.4150448091414
Polish,425.85841113702054,449.48728898135005,480.13306720087877,408.82823278165387,373.1920098992743,360.6872942377761,417.5293604811734,341.8879382675791,355.7792661542917,404.97527326737236,420.36082368006345,415.9519223376254,405.63763910484704,418.62966957063406,418.1010004276806,426.0477016883481,426.42677285171703,423.78147513174366,419.7525207460655,435.2645680862765,404.1284104256435,444.0309350880144,466.9562421465097,357.23005640917074,417.3876558110208,442.7539571566294,423.31635126297846,422.45107838375804,437.9375995906296,0,409.6204997362425,396.344668175219,350.3506033059541,342.6384515397697,454.3627673175989,315.92650642687755,365.6386471827829,411.18040513372347,417.3194051090295,337.30999579594106,407.69969472122057,423.3457012119829
Portuguese,369.27591494476354,389.1656230395445,443.22399559229314,370.4589506148166,418.3197182035552,354.55134667183194,311.58021370353094,358.96423092511066,374.1725002333812,344.30396038586446,356.1725119898387,367.1622152974353,325.80556629552456,287.43502010264564,375.5758403863046,373.4527153663995,396.10588342992594,406.4383328139163,367.61611270393576,350.2733073785251,349.45560809579075,450.1908875460895,482.5679622551003,357.0588053808607,370.9402518656226,399.67420051579114,373.6534290389738,364.4534920969325,404.54029063485484,409.6204997362425,0,350.5743015400596,371.9958154524472,366.6258864035512,404.71515067220275,347.6193329802821,372.997609368172,278.7935343419036,358.7088086163664,368.31537895255485,370.0516927500455,381.19072004150837
Romanian,374.733557357821,402.33145120284337,433.28991657959523,372.6485755639361,396.7579646458136,361.98689209720663,342.88020033862614,361.42599381724244,386.90349218360797,351.1547320075892,379.4993530708047,365.26725841813857,341.1103859063737,344.2908135770124,365.9144457870016,368.1250922265923,387.056713768533,379.7427996178494,376.228641102768,370.12593300555295,330.12357383590296,426.3776803175011,455.5871594828914,368.9603981445307,373.179885895059,383.6717488747367,365.3558758384942,377.49222264079475,402.1205939197781,396.344668175219,350.5743015400596,0,377.1034668051814,373.65273396942416,403.78721296313034,365.12217445687224,378.74521887532023,342.6389801398454,361.74899377975504,375.41573907874727,370.3376871170932,377.9388566007115
Russian,372.0696857381592,391.93436144938255,428.9859078226552,378.5106423901814,337.78690327529574,313.42426683567624,384.2359069382737,315.8093964932293,336.4134081274678,375.7537484077627,387.3690693067138,377.8286388431867,371.4238760239797,366.17046431866953,385.93580522525974,386.2828531489808,403.33922813292065,406.1281039174253,364.8903663622135,387.3646151400347,382.50817085741926,400.65477867641727,428.2864675704012,306.48683146315886,383.18481756551034,406.3926231110089,387.15824863855954,374.7415806090817,396.98854104606454,350.3506033059541,371.9958154524472,377.1034668051814,0,294.3100534993436,398.09952173725344,313.47328541597295,349.1854564711403,373.1008392773035,375.870984276524,285.6572894407282,380.8809132835858,395.1062547694272
Serbian,367.7614087016986,389.82705142622115,423.8989722650958,364.4052003167626,267.0251850964241,289.38875854383826,370.73191670635987,246.23497151990318,318.5683907141326,373.14962362693905,377.64451075882863,375.24302118867394,366.0179514795466,356.55645120596,374.79253722427035,386.59657126439186,387.77754182791045,393.7254247606162,360.74154564146323,383.4583504791163,379.5211176110666,409.6902218653256,424.58967961612456,258.84302188534843,373.8886177597709,395.4730010666688,377.1693023228889,367.00586977004144,387.0998961167576,342.6384515397697,366.6258864035512,373.65273396942416,294.3100534993436,0,389.1886361039673,295.8923197539294,311.2978379436392,364.5562577099863,364.4937501527081,289.2494612076716,363.86414632430495,389.61326052702293
Sinhala,358.74942940690505,333.64881494931166,398.35077928931275,369.68367047990824,425.8351892077851,372.1075332878135,387.0576936830455,380.88162312933514,418.588030554485,405.3211682012997,410.99745863220113,406.50949228078304,382.94430239272594,337.4890577314726,407.16040856230865,400.69374883178284,390.7067147897922,399.81408560336934,372.6821642712899,353.24613838469253,422.0753673820873,464.7085877349385,475.74209687970193,379.22288374386784,370.7877738847836,394.14079231131666,389.30165231956795,340.1944656124902,378.0322135289216,454.3627673175989,404.71515067220275,403.78721296313034,398.09952173725344,389.1886361039673,0,399.1882530658353,416.81256770776383,374.2827385345958,371.96208439422,387.2641598464044,370.12387576614225,414.9091910865117
Slovak,368.7286663612031,388.4534866682338,432.17953838714976,368.50971561229096,334.58836277725,310.16131758456737,361.6655195513426,291.4076023364134,274.24120335621643,340.6598515992407,365.40788371741996,370.69742012163647,349.2254598081621,360.2494460527984,363.72673696540653,374.74319493564656,386.42523236320955,386.75786582611784,363.58537812691435,370.70113412741676,372.72495141202137,413.2299283808599,445.2822202854697,310.00241163887387,365.4096879314473,384.7225154919372,364.1959702536685,369.6918306733601,401.2184301487015,315.92650642687755,347.6193329802821,365.12217445687224,313.47328541597295,295.8923197539294,399.1882530658353,0,307.1493635126606,351.6899614029165,358.34872656672184,300.49049237674706,360.69310945832956,376.373290674855
Slovenian,383.77797048261266,408.79849761974054,446.7704359859795,386.1484063525264,349.6986546881057,332.59504938363153,378.5300823294058,298.7073702122563,343.7787144222613,360.3930509007327,376.286901643571,388.383110029938,367.96645790573615,380.10178873106753,376.897073574845,390.1201376631515,399.7130988113182,401.62425442379936,392.44439900532683,390.7447282552713,394.30746701000845,427.0535392180074,461.95144483336304,337.4895933285468,385.0327647521007,402.42827488576665,371.3894697954987,385.07307492685845,415.92997913100214,365.6386471827829,372.997609368172,378.74521887532023,349.1854564711403,311.2978379436392,416.81256770776383,307.1493635126606,0,370.28837022019417,379.2901113929769,338.34479291765075,380.2067070285253,405.9400728825613
Spanish,363.11073133506693,376.31772621473345,435.6525228960455,355.9816859627361,418.8189914796458,333.2312856377587,279.1969086528603,345.92548164449835,371.48515738442455,341.75019703866593,352.28147746713427,353.07462053320796,315.3254607228031,259.25007071618126,360.73286511307725,357.79689922164323,367.9334312061147,386.00592092379543,356.9678129915687,330.01771345480046,338.96408387509854,464.59434077474464,470.5230033733562,345.0703836604066,345.73910599786393,398.4407081242411,362.27014486691536,348.7915830768934,388.3395188595757,411.18040513372347,278.7935343419036,342.6389801398454,373.1008392773035,364.5562577099863,374.2827385345958,351.6899614029165,370.28837022019417,0,350.6395967488694,356.04817495241895,359.2933612271621,366.2878243900689
Swedish,324.40388587439315,377.9406027661781,425.8672948446387,362.05120775743046,414.43840916167966,346.3799717231579,348.7139045651907,354.24791988471884,375.9348102148957,304.0302049072628,332.6150411075311,319.9800418588058,357.0166258644313,332.5392164867996,323.28464036751336,382.91377422637987,369.07410389886434,384.7931420181424,320.76465744341374,345.02972737499175,381.47661418699533,442.6464372354345,456.97172052657385,355.18186478057913,353.86076984748854,389.06740202814603,284.72162614256854,357.30271109091365,378.55546011579503,417.3194051090295,358.7088086163664,361.74899377975504,375.870984276524,364.4937501527081,371.96208439422,358.34872656672184,379.2901113929769,350.6395967488694,0,370.0101096806497,356.329872818267,372.6022113682225
Ukrainian,375.23065897482866,388.2502614521197,430.68260558300096,370.6059351072443,344.08261549130765,306.2721141430375,370.5131207654838,301.15385313148715,322.1743321363692,363.2351804787529,374.609958207474,371.8922847892657,368.7884429656075,357.18881377839216,372.74539796662077,378.4814904124975,386.72724649693373,395.3235709893028,360.85382338777805,377.5788544759873,382.9168870103015,423.13933475766146,433.18627048048404,296.7530355368251,373.7452590804027,403.38472020299525,381.5547409471395,361.9969683271829,386.9498862472126,337.30999579594106,368.31537895255485,375.41573907874727,285.6572894407282,289.2494612076716,387.2641598464044,300.49049237674706,338.34479291765075,356.04817495241895,370.0101096806497,0,370.6638336397326,376.41680620761247
Urdu,375.5923239301719,379.1012812996072,433.4283005681562,314.42523439108425,410.707350082279,341.3717240084808,364.8314288398855,356.2842677065667,376.3483736767635,361.1848946510659,376.76410917966297,363.93786903307,356.4254359560119,352.4946581982275,366.9732746974509,378.17989051026797,322.508025981556,289.9509645392903,371.95544324005806,356.8137885641167,393.2680685002837,430.80444203515583,465.1518625468212,351.7220057495503,321.2988619667769,352.8501217441231,372.4236008504397,338.48454960292213,371.48498013052813,407.69969472122057,370.0516927500455,370.3376871170932,380.8809132835858,363.86414632430495,370.12387576614225,360.69310945832956,380.2067070285253,359.2933612271621,356.329872818267,370.6638336397326,0,379.4088146071741
Welsh,392.0651564081742,418.1635021009044,443.19238382935816,388.41067352289065,427.1730548441634,355.9908011079836,381.8007038317675,370.81754668853335,390.6496035657598,359.91984211512425,391.18744275861343,366.7530419050328,366.91629610479055,365.5324770131932,376.47565141707906,382.22587095334114,406.92994917000345,412.4477278907904,379.8257168898,363.24926322913944,371.9847637813071,465.7845589508048,485.2195849842483,376.7107078288409,390.8753617570651,410.6763373485737,400.15182787670085,377.19565916191294,411.4150448091414,423.3457012119829,381.19072004150837,377.9388566007115,395.1062547694272,389.61326052702293,414.9091910865117,376.373290674855,405.9400728825613,366.2878243900689,372.6022113682225,376.41680620761247,379.4088146071741,0
