,Afrikaans,Albanian,Armenian,Bengali,Bosnian,Bulgarian,Catalan,Croatian,Czech,Danish,Dutch,English,French,Galician,German,Greek,Gujarati,Hindi,Icelandic,Irish,Italian,Latvian,Lithuanian,Macedonian,Marathi,Nepali,Norwegian,Pashto,Persian,Polish,Portuguese,Romanian,Russian,Serbian,Sinhala,Slovak,Slovenian,Spanish,Swedish,Ukrainian,Urdu,Welsh
Afrikaans,0,2.140263477830442,2.0017300667333995,2.345734200614336,2.0887773690566602,2.2478843756657017,2.4164632869522906,2.194839552985297,2.2697028674501745,2.205762666158125,1.6841236637884598,1.9944131823265343,2.3242267022603036,2.182535178384617,2.0520247513773286,2.383011081618913,2.3779786458443666,2.405157153702831,1.9866452551447438,2.3683001847567984,2.13143932607848,2.23887245282941,2.044253688007435,2.1756790325753492,2.3758511795624817,2.052435598338089,2.1771300200635477,2.165217529637482,2.0574847242624976,2.192287730699064,2.192131780875755,2.295190977389721,2.1532767091680594,2.1905005250816725,2.0157745686386086,2.2978525949470647,2.3330702362564377,2.2262993673500104,2.0352828407776653,2.1597913267545525,2.262945130305903,2.001179007357218
Albanian,2.140263477830442,0,1.9336387469052707,2.1568991427731485,2.034905367656655,2.1842095763727714,2.2890045520489632,2.120750030056139,2.231936308260462,2.3379134551637852,2.1717245927062305,2.213941315641932,2.2165772133837587,2.025179941687701,2.2166613663850394,2.253770958141652,2.2293718621152614,2.2777470218772713,2.0965011701836973,2.2558079054948723,2.0576725138071814,2.1811166396882915,1.9348406838149834,2.0819178048616247,2.1916418555650496,1.9147637860144917,2.335885652007917,2.0504315722993,1.9608220096082531,2.122652221646938,2.0866359791308717,2.1821432480238188,2.0835641787500028,2.1172690762576267,1.7500275375432102,2.197477118501317,2.255546675749378,2.1050571986737197,2.1624111533506105,2.0456674061463076,2.096712041595108,1.987871673249587
Armenian,2.0017300667333995,1.9336387469052707,0,2.0198753622531944,1.829118197663987,1.995873660126168,2.108521368549685,1.908669833132371,2.040453525688478,2.13219914230823,1.9960083008598553,1.9723935601570035,2.0686328275100148,1.9843433696879378,1.9896463488181468,1.9794595716190528,2.0853734732456677,2.0792303129863514,1.8447041619435338,2.1177417558282983,1.830122702644102,1.943949208132852,1.7530057045591445,1.9177545628678423,2.079131596425281,1.849102926961228,2.09528204873904,1.9408210597718734,1.804311698707351,1.9067915131444557,1.9593261234037274,1.9670699325044658,1.9069556648525596,1.9309484316048733,1.7717564184265726,2.013555941349315,2.0553411051698123,1.9711449176388056,1.9584687653034454,1.888968584546131,1.9822633053093874,1.7396467362757777
Bengali,2.345734200614336,2.1568991427731485,2.0198753622531944,0,2.0849900885489836,2.218307572882939,2.359659475473195,2.168165207417679,2.2714164758609257,2.4406461388214082,2.2677245320120716,2.2125911816038366,2.346945585970668,2.2461217610777826,2.2943175071018596,2.2767282606109505,1.9661093197406134,1.9735554261656891,2.228191333394595,2.431636446692353,2.073786569203876,2.255196716413708,2.020912990557108,2.1381125511080907,2.0461264898070626,1.736034140346691,2.4647495198238043,2.215084526744143,2.107653052864987,2.1236007548488542,2.195290730133869,2.25143699207967,2.186406558077246,2.176629714892635,1.9699759878575795,2.2778805822755595,2.2883744255860026,2.1581466032195413,2.235704732591229,2.136378114260327,1.9235606688938662,2.037456823471726
Bosnian,2.0887773690566602,2.034905367656655,1.829118197663987,2.0849900885489836,0,1.6924271979622751,2.2115335766158597,1.3486563323124192,1.7771763429894252,2.2009144193129138,2.041289026932481,2.0606688571131886,2.144546704063214,2.080822416219838,2.0607611089721884,2.1135461905767965,2.1501046308296177,2.157454370823005,1.9618244394757713,2.28426725836922,1.8500975969771782,1.8732676239337471,1.6703709514286649,1.474560288419147,2.1859277670147255,1.8856697709919603,2.1894817130767583,2.091364225833916,1.897527907269861,1.5939757645735433,2.015885277227029,2.0092561651928236,1.5469400590953917,1.17752572274943,1.892106499136208,1.665761135255835,1.7366563035219018,2.018598299821307,2.0524607844830456,1.5172159862370356,2.049820453843579,1.8417557864471708
Bulgarian,2.2478843756657017,2.1842095763727714,1.995873660126168,2.218307572882939,1.6924271979622751,0,2.2956711911361487,1.6742049785821658,1.9431678515252004,2.3466034737178956,2.1549689825072647,2.1530201508925977,2.2773641766851043,2.1667425387125743,2.2252566895978036,2.2238590839700443,2.2663631871027987,2.2607839970995096,2.1273074740401885,2.3694795017198356,1.9474717917988194,2.182256543527368,1.9204005253536836,1.6145455224559908,2.288170916215688,2.04466936288349,2.3797223963767404,2.2168535531760987,2.078818580762683,1.8522610118787726,2.1243633566685625,2.1720149229443626,1.8041768341704187,1.7191219594144134,2.010284406313193,1.9277061883749995,1.9748254066115236,2.0839172203982077,2.2076993487609786,1.7953033794467017,2.146994947869667,1.9045524264728382
Catalan,2.4164632869522906,2.2890045520489632,2.108521368549685,2.359659475473195,2.2115335766158597,2.2956711911361487,0,2.218374434518817,2.363091572387381,2.449725509681504,2.2862328796083657,2.2225602440768952,2.207450727533715,1.9473731748125545,2.3524194153289546,2.3448129057835225,2.424186968881589,2.4220470971899317,2.2839072067522452,2.4667716081126736,1.8729016568457821,2.4297731194339462,2.1079730594828407,2.2462201221597775,2.410308327062346,2.165228244741922,2.43400277684688,2.3755374564062297,2.200447171769005,2.2146418848222695,1.92532344251319,2.126756210109396,2.283334990145346,2.2937355777898203,2.141951201495667,2.3437689888203264,2.372112562092494,1.831993147169097,2.274401006714668,2.2159324119290615,2.323516086339239,2.0656715172573255
Croatian,2.194839552985297,2.120750030056139,1.908669833132371,2.168165207417679,1.3486563323124192,1.6742049785821658,2.218374434518817,0,1.7934096305538643,2.2390344842744008,2.113700204161878,2.112387035771735,2.195966453256307,2.1179355262639064,2.148152578100779,2.1332680668083484,2.1999526991648204,2.204811026974647,2.0637928391415366,2.312690680669237,1.890538062210037,2.131649638450893,1.802319577405217,1.6101459724425562,2.209843300272115,1.965371736630607,2.292656520432176,2.1294434671631,1.9782562617085317,1.7283963974952758,2.0723690021709085,2.0804000717476683,1.7335497840059013,1.352711877355331,1.918324151642255,1.744399181757445,1.710830893155925,2.0214587401658517,2.1174244477672404,1.6372255323339544,2.107747406699912,1.8517235381333232
Czech,2.2697028674501745,2.231936308260462,2.040453525688478,2.2714164758609257,1.7771763429894252,1.9431678515252004,2.363091572387381,1.7934096305538643,0,2.3095907882716276,2.1678956922381083,2.1900788936839746,2.2910156029660014,2.2704728956237186,2.2703886902909507,2.3046060549198355,2.3409740939983625,2.354137653725493,2.163846725484662,2.4009912706178396,2.065780429445746,2.134899943593899,1.9318039517282508,1.90331618077092,2.3654604522447955,2.052842300171454,2.3734380107658004,2.2357464530629474,2.0986120122731435,1.7766637347997525,2.1714720305456834,2.2599035990745318,1.8498406716964826,1.821051362516695,2.0835750349686104,1.6296944439817749,1.994975709083495,2.135363757097742,2.2359908573655094,1.7833502438316418,2.19727879627936,1.9497695747574895
Danish,2.205762666158125,2.3379134551637852,2.13219914230823,2.4406461388214082,2.2009144193129138,2.3466034737178956,2.449725509681504,2.2390344842744008,2.3095907882716276,0,2.1393458563240406,2.0501148348745075,2.3400044774810773,2.300835736832599,2.1107591755950192,2.384438059367732,2.4520831418873574,2.432222114845161,2.0110697245443467,2.4143068539823327,2.135306837531145,2.4329575917045645,2.1697233325474126,2.306221668429953,2.462549774519304,2.0967372126454538,2.053194203919105,2.315898774954024,2.2121464598527103,2.2325335917031803,2.2394215307446577,2.333743847690019,2.284203913590517,2.319461001367455,2.1376124830725685,2.3284043374515635,2.337338833625569,2.2457704281328423,1.99573411669034,2.225074940293194,2.3197381897435134,1.9945814144091976
Dutch,1.6841236637884598,2.1717245927062305,1.9960083008598553,2.2677245320120716,2.041289026932481,2.1549689825072647,2.2862328796083657,2.113700204161878,2.1678956922381083,2.1393458563240406,0,1.8960049950953934,2.2743717051087824,2.214018377289825,1.8704202005598625,2.2440856083207112,2.278685689963494,2.3044691988501116,1.9796281588914628,2.3164833782246803,2.039938715314709,2.203473041334951,1.9988299552168056,2.1051810680659417,2.303398508477986,2.0180066044993783,2.1143028869377964,2.2039696532218214,2.045603395556581,2.120828039592501,2.078876115506288,2.2274433255600727,2.149761796484722,2.13894167773102,2.0510734419363588,2.2284650280850475,2.217212114088714,2.1029921474595787,1.9776941899542175,2.105016441520833,2.177155084887728,1.930193609418033
English,1.9944131823265343,2.213941315641932,1.9723935601570035,2.2125911816038366,2.0606688571131886,2.1530201508925977,2.2225602440768952,2.112387035771735,2.1900788936839746,2.0501148348745075,1.8960049950953934,0,2.207200917815529,2.1701916999630413,1.97788309717032,2.243646727255899,2.2211000175396656,2.2515823565796436,1.9723817779911152,2.275697775801368,1.968037095714513,2.1974828261864237,1.9929560468646015,2.1320281169513025,2.2594971389997283,2.000457856321565,2.0776421114943675,2.2131697339259166,2.055426960463343,2.0954880016631923,2.0991767613406282,2.168663084147677,2.1253969120903617,2.1427487915837955,2.0592165543643537,2.2124084842970038,2.2333624101055483,2.0864754384793436,1.9653448569030092,2.0906711006981715,2.138069826787582,1.8611307841507498
French,2.3242267022603036,2.2165772133837587,2.0686328275100148,2.346945585970668,2.144546704063214,2.2773641766851043,2.207450727533715,2.195966453256307,2.2910156029660014,2.3400044774810773,2.2743717051087824,2.207200917815529,0,2.110757433113773,2.3156843418763633,2.3011624988074737,2.4199316971066915,2.3984260379212414,2.2369014351913736,2.3917854709023807,1.941543720594628,2.3281993811699877,2.110849971673772,2.2310337577685124,2.3725471924301353,2.0816664963759086,2.4270944961091034,2.2351655395839916,2.1611931500678945,2.20479031315132,2.0506112237519822,2.1962130882963113,2.2240173191319434,2.250237014273803,2.081742786156382,2.3091388007385136,2.3089169589473553,2.039287692834617,2.299532922950454,2.1801774015624997,2.251882288271006,1.972132294628371
Galician,2.182535178384617,2.025179941687701,1.9843433696879378,2.2461217610777826,2.080822416219838,2.1667425387125743,1.9473731748125545,2.1179355262639064,2.2704728956237186,2.300835736832599,2.214018377289825,2.1701916999630413,2.110757433113773,0,2.2538544033345866,2.267433721829983,2.317148766069966,2.332353513349025,2.0824092100905927,2.294056415940708,1.805903452965019,2.2695622890948104,2.0332326016611177,2.1172923612048695,2.2808202816655823,2.008236916219746,2.344326674745331,2.147696320165743,2.0137562164626637,2.1636861255771556,1.6952076469262336,2.064325773303664,2.1368157897481925,2.158669566524038,1.8951913520885015,2.258750176398735,2.290728317274488,1.5760415619468728,2.1507098552417663,2.099253014615503,2.2028228369770235,1.9620410639603998
German,2.0520247513773286,2.2166613663850394,1.9896463488181468,2.2943175071018596,2.0607611089721884,2.2252566895978036,2.3524194153289546,2.148152578100779,2.2703886902909507,2.1107591755950192,1.8704202005598625,1.97788309717032,2.3156843418763633,2.2538544033345866,0,2.247891872275244,2.3082556623847306,2.3018671369992707,2.0085950540260638,2.367193813305877,2.018510299390756,2.2374806941092484,2.0202501826698556,2.177828470021321,2.327529122048242,2.036384523765414,2.216677978751063,2.2599358900666533,2.0905657145192387,2.147664456769687,2.218002249530241,2.21674281659371,2.2005143627471564,2.187028046871801,2.0888733416401646,2.281468072353818,2.276968320059032,2.171654236183629,2.0177647408126345,2.147111802285215,2.2196417201979495,1.950776723967822
Greek,2.383011081618913,2.253770958141652,1.9794595716190528,2.2767282606109505,2.1135461905767965,2.2238590839700443,2.3448129057835225,2.1332680668083484,2.3046060549198355,2.384438059367732,2.2440856083207112,2.243646727255899,2.3011624988074737,2.267433721829983,2.247891872275244,0,2.3282579091197313,2.280020773855381,2.17744027528174,2.4405930224416013,1.9690339752230344,2.2379633959310703,2.0195165554550285,2.20408961211799,2.34667959759735,2.0172396672803563,2.4762979658443363,2.2624862573072972,2.1512510926959094,2.1625460161792605,2.201748533115402,2.195540974715215,2.195463694640048,2.2254803888159254,2.0400594307409197,2.312397483364852,2.299255271806881,2.0935448241307677,2.294098844669164,2.1137900042150757,2.2282358897076153,1.9448068865122699
Gujarati,2.3779786458443666,2.2293718621152614,2.0853734732456677,1.9661093197406134,2.1501046308296177,2.2663631871027987,2.424186968881589,2.1999526991648204,2.3409740939983625,2.4520831418873574,2.278685689963494,2.2211000175396656,2.4199316971066915,2.317148766069966,2.3082556623847306,2.3282579091197313,0,1.8142750900260258,2.272228713834018,2.482880148868843,2.1355862729114548,2.345891244374493,2.04754912341758,2.195184605251761,1.7714629272099456,1.803509019054289,2.492851646022584,2.2341435071321536,2.1357632643279154,2.1930636553640643,2.30638641508032,2.3126673662899355,2.258324261828863,2.2502168008945773,2.028678562539135,2.3600317272466382,2.3719273451274816,2.207271066535508,2.276027005016038,2.182644381001583,1.9593918754759374,2.0879752360107404
Hindi,2.405157153702831,2.2777470218772713,2.0792303129863514,1.9735554261656891,2.157454370823005,2.2607839970995096,2.4220470971899317,2.204811026974647,2.354137653725493,2.432222114845161,2.3044691988501116,2.2515823565796436,2.3984260379212414,2.332353513349025,2.3018671369992707,2.280020773855381,1.8142750900260258,0,2.2647599171398882,2.4860320764795385,2.1045490201840127,2.353553761594393,2.0749211225508377,2.1984827073294833,1.921566170438621,1.7907594235218312,2.4677831849573546,2.209601579069366,2.1291678302449757,2.181874070349676,2.304516890344549,2.2349205638163485,2.2588226464911707,2.278043765094225,2.04575530012639,2.35305106644927,2.3918963122000503,2.2095033001279867,2.256253632048763,2.188384396936856,1.703161264056215,2.0655452111139723
Icelandic,1.9866452551447438,2.0965011701836973,1.8447041619435338,2.228191333394595,1.9618244394757713,2.1273074740401885,2.2839072067522452,2.0637928391415366,2.163846725484662,2.0110697245443467,1.9796281588914628,1.9723817779911152,2.2369014351913736,2.0824092100905927,2.0085950540260638,2.17744027528174,2.272228713834018,2.2647599171398882,0,2.302919390320649,1.962169444407175,2.0886354820993294,1.858565449560618,2.053001992870507,2.275377023214738,1.9978537782048351,1.9892064364435122,2.132962548751918,1.9528321827847213,2.052268378637371,2.0987454359395925,2.13461353579773,2.0104134133609577,2.0480993585597185,1.909131820258327,2.1698817009592366,2.21773226332644,2.0915434162728577,1.8474526386500274,1.9869423564428488,2.1447294248393365,1.8939577581345513
Irish,2.3683001847567984,2.2558079054948723,2.1177417558282983,2.431636446692353,2.28426725836922,2.3694795017198356,2.4667716081126736,2.312690680669237,2.4009912706178396,2.4143068539823327,2.3164833782246803,2.275697775801368,2.3917854709023807,2.294056415940708,2.367193813305877,2.4405930224416013,2.482880148868843,2.4860320764795385,2.302919390320649,0,2.241347948249811,2.4807179299001842,2.2162544334206062,2.306425442233164,2.4212214441301945,2.1450113515391216,2.558328066020081,2.2612370836243962,2.2111754349080024,2.3317827974280876,2.205398644986974,2.400913863995865,2.354673743724861,2.401768183595575,2.090171757928192,2.4117808981414366,2.434945106557716,2.183253445418509,2.329559567694401,2.313119215546825,2.330442506310922,2.0051051890296367
Italian,2.13143932607848,2.0576725138071814,1.830122702644102,2.073786569203876,1.8500975969771782,1.9474717917988194,1.8729016568457821,1.890538062210037,2.065780429445746,2.135306837531145,2.039938715314709,1.968037095714513,1.941543720594628,1.805903452965019,2.018510299390756,1.9690339752230344,2.1355862729114548,2.1045490201840127,1.962169444407175,2.241347948249811,0,2.072264228577808,1.8412427060910144,1.9341695128181486,2.1261246837481114,1.865368802487949,2.16594059560296,2.061542306889161,1.9319474656014435,1.8969533935479066,1.811244764192743,1.7516166277283673,1.9232087281517356,1.949349772990967,1.9119022985995249,2.0407113789153186,2.0441947783074403,1.7054198283895097,2.024644358616089,1.8804561784704439,2.0574353904107014,1.7258063456931632
Latvian,2.23887245282941,2.1811166396882915,1.943949208132852,2.255196716413708,1.8732676239337471,2.182256543527368,2.4297731194339462,2.131649638450893,2.134899943593899,2.4329575917045645,2.203473041334951,2.1974828261864237,2.3281993811699877,2.2695622890948104,2.2374806941092484,2.2379633959310703,2.345891244374493,2.353553761594393,2.0886354820993294,2.4807179299001842,2.072264228577808,0,1.6066640629600075,2.066653822543545,2.3787492596385027,2.0941035152848144,2.3518351386387297,2.282279209590915,2.0985199340014584,1.9390241283513994,2.234880500292151,2.23220584539317,1.949538623477645,2.0129200372449865,2.072543849921103,2.1409649707330005,2.1971853756807334,2.2946203593164607,2.2371442307426666,2.0123379502098784,2.203447193007174,2.0216933878853247
Lithuanian,2.044253688007435,1.9348406838149834,1.7530057045591445,2.020912990557108,1.6703709514286649,1.9204005253536836,2.1079730594828407,1.802319577405217,1.9318039517282508,2.1697233325474126,1.9988299552168056,1.9929560468646015,2.110849971673772,2.0332326016611177,2.0202501826698556,2.0195165554550285,2.04754912341758,2.0749211225508377,1.858565449560618,2.2162544334206062,1.8412427060910144,1.6066640629600075,0,1.8381470597655978,2.1085481915932665,1.8680847962914986,2.0690344043961364,2.029850783230897,1.8254213555102585,1.75064790423,2.016231646286952,1.9635270242337735,1.7743205435123848,1.7647687231921596,1.8311387925124427,1.934984057895289,1.936684239789585,1.983678738582358,1.963024415855692,1.7518931782870042,1.9992995306534909,1.8273189980358377
Macedonian,2.1756790325753492,2.0819178048616247,1.9177545628678423,2.1381125511080907,1.474560288419147,1.6145455224559908,2.2462201221597775,1.6101459724425562,1.90331618077092,2.306221668429953,2.1051810680659417,2.1320281169513025,2.2310337577685124,2.1172923612048695,2.177828470021321,2.20408961211799,2.195184605251761,2.1984827073294833,2.053001992870507,2.306425442233164,1.9341695128181486,2.066653822543545,1.8381470597655978,0,2.217698862343512,1.9470096013429414,2.3141245281345983,2.10892394415352,1.9983129683462904,1.77258601672109,2.0743226764776703,2.120213954450586,1.6951610589356616,1.4571303332526606,1.9209972192661409,1.8294114583017753,1.9181900901775126,2.042974893286767,2.121635337212661,1.6576955522474168,2.0813919927735656,1.9082174211445924
Marathi,2.3758511795624817,2.1916418555650496,2.079131596425281,2.0461264898070626,2.1859277670147255,2.288170916215688,2.410308327062346,2.209843300272115,2.3654604522447955,2.462549774519304,2.303398508477986,2.2594971389997283,2.3725471924301353,2.2808202816655823,2.327529122048242,2.34667959759735,1.7714629272099456,1.921566170438621,2.275377023214738,2.4212214441301945,2.1261246837481114,2.3787492596385027,2.1085481915932665,2.217698862343512,0,1.8835131970619878,2.4986855565615063,2.212941540471973,2.171774135326591,2.2226194385620808,2.2627657801340306,2.3117911620861946,2.2548927367240212,2.2808961464847592,2.007312069153811,2.3401595375154676,2.371643493972371,2.1786733056777257,2.2827706903346603,2.2063554793033844,2.0245409097901703,2.0691541314069686
Nepali,2.052435598338089,1.9147637860144917,1.849102926961228,1.736034140346691,1.8856697709919603,2.04466936288349,2.165228244741922,1.965371736630607,2.052842300171454,2.0967372126454538,2.0180066044993783,2.000457856321565,2.0816664963759086,2.008236916219746,2.036384523765414,2.0172396672803563,1.803509019054289,1.7907594235218312,1.9978537782048351,2.1450113515391216,1.865368802487949,2.0941035152848144,1.8680847962914986,1.9470096013429414,1.8835131970619878,0,2.1837906938070044,1.8975818275055183,1.8988765828303311,1.968797197255194,1.9971723217332176,2.0160599562102135,1.9997802165176426,1.9903064597992246,1.7336795784512018,2.042989226458054,2.0729052357451754,1.9655367261352061,1.9753475352358267,1.9398122934301705,1.7419579248964017,1.8157555678464385
Norwegian,2.1771300200635477,2.335885652007917,2.09528204873904,2.4647495198238043,2.1894817130767583,2.3797223963767404,2.43400277684688,2.292656520432176,2.3734380107658004,2.053194203919105,2.1143028869377964,2.0776421114943675,2.4270944961091034,2.344326674745331,2.216677978751063,2.4762979658443363,2.492851646022584,2.4677831849573546,1.9892064364435122,2.558328066020081,2.16594059560296,2.3518351386387297,2.0690344043961364,2.3141245281345983,2.4986855565615063,2.1837906938070044,0,2.416982657717292,2.2233777409055593,2.232801317429791,2.272755049011646,2.346603490770924,2.305550549619661,2.317215560850755,2.1746114474479787,2.385337441065792,2.40306902464993,2.273807528042213,1.7620005562671281,2.266738829118161,2.3240918225150966,2.1166308002838523
Pashto,2.165217529637482,2.0504315722993,1.9408210597718734,2.215084526744143,2.091364225833916,2.2168535531760987,2.3755374564062297,2.1294434671631,2.2357464530629474,2.315898774954024,2.2039696532218214,2.2131697339259166,2.2351655395839916,2.147696320165743,2.2599358900666533,2.2624862573072972,2.2341435071321536,2.209601579069366,2.132962548751918,2.2612370836243962,2.061542306889161,2.282279209590915,2.029850783230897,2.10892394415352,2.212941540471973,1.8975818275055183,2.416982657717292,0,1.9145009144000942,2.1529081797411695,2.138909722478194,2.2128922486444664,2.1471722909545905,2.1782061533669883,1.8649645759053377,2.273297409923067,2.254897341973175,2.1168684967563616,2.2079211182151166,2.105164290168111,2.046320726239845,1.976628843091933
Persian,2.0574847242624976,1.9608220096082531,1.804311698707351,2.107653052864987,1.897527907269861,2.078818580762683,2.200447171769005,1.9782562617085317,2.0986120122731435,2.2121464598527103,2.045603395556581,2.055426960463343,2.1611931500678945,2.0137562164626637,2.0905657145192387,2.1512510926959094,2.1357632643279154,2.1291678302449757,1.9528321827847213,2.2111754349080024,1.9319474656014435,2.0985199340014584,1.8254213555102585,1.9983129683462904,2.171774135326591,1.8988765828303311,2.2233777409055593,1.9145009144000942,0,1.9703844656607388,2.0470032894687664,2.0577639367929224,1.994178979656355,1.993050750167008,1.843994023169547,2.114572128196724,2.134404821307589,2.0267925382664314,2.0315653804000884,1.9245355362932788,1.9520055569590957,1.864512679066982
Polish,2.192287730699064,2.122652221646938,1.9067915131444557,2.1236007548488542,1.5939757645735433,1.8522610118787726,2.2146418848222695,1.7283963974952758,1.7766637347997525,2.2325335917031803,2.120828039592501,2.0954880016631923,2.20479031315132,2.1636861255771556,2.147664456769687,2.1625460161792605,2.1930636553640643,2.181874070349676,2.052268378637371,2.3317827974280876,1.8969533935479066,1.9390241283513994,1.75064790423,1.77258601672109,2.2226194385620808,1.968797197255194,2.232801317429791,2.1529081797411695,1.9703844656607388,0,2.0442147346832593,2.065797349649308,1.6844142898991636,1.6851839370167683,1.9817298805121695,1.6395394223110815,1.8663884998457214,2.060308597481166,2.100388380154634,1.6251902003239878,2.101588374159063,1.8788757325831973
Portuguese,2.192131780875755,2.0866359791308717,1.9593261234037274,2.195290730133869,2.015885277227029,2.1243633566685625,1.92532344251319,2.0723690021709085,2.1714720305456834,2.2394215307446577,2.078876115506288,2.0991767613406282,2.0506112237519822,1.6952076469262336,2.218002249530241,2.201748533115402,2.30638641508032,2.304516890344549,2.0987454359395925,2.205398644986974,1.811244764192743,2.234880500292151,2.016231646286952,2.0743226764776703,2.2627657801340306,1.9971723217332176,2.272755049011646,2.138909722478194,2.0470032894687664,2.0442147346832593,0,2.0480381329886153,2.1003642482520375,2.097123276559358,1.9898866922662148,2.1436232380016143,2.1688467810710277,1.6240411480491348,2.122491411560801,2.0550143567226153,2.13575797158519,1.8994761947278358
Romanian,2.295190977389721,2.1821432480238188,1.9670699325044658,2.25143699207967,2.0092561651928236,2.1720149229443626,2.126756210109396,2.0804000717476683,2.2599035990745318,2.333743847690019,2.2274433255600727,2.168663084147677,2.1962130882963113,2.064325773303664,2.21674281659371,2.195540974715215,2.3126673662899355,2.2349205638163485,2.13461353579773,2.400913863995865,1.7516166277283673,2.23220584539317,1.9635270242337735,2.120213954450586,2.3117911620861946,2.0160599562102135,2.346603490770924,2.2128922486444664,2.0577639367929224,2.065797349649308,2.0480381329886153,0,2.113558268124791,2.1296388069925674,2.032705682295433,2.2413152463969928,2.245264376265756,2.0021701716737166,2.162266762553475,2.0605136380212024,2.1935789348445396,1.9333540341156839
Russian,2.1532767091680594,2.0835641787500028,1.9069556648525596,2.186406558077246,1.5469400590953917,1.8041768341704187,2.283334990145346,1.7335497840059013,1.8498406716964826,2.284203913590517,2.149761796484722,2.1253969120903617,2.2240173191319434,2.1368157897481925,2.2005143627471564,2.195463694640048,2.258324261828863,2.2588226464911707,2.0104134133609577,2.354673743724861,1.9232087281517356,1.949538623477645,1.7743205435123848,1.6951610589356616,2.2548927367240212,1.9997802165176426,2.305550549619661,2.1471722909545905,1.994178979656355,1.6844142898991636,2.1003642482520375,2.113558268124791,0,1.6071138382521284,1.9301906463958092,1.7744664837683506,1.9486791521476232,2.093166221069322,2.140292260981805,1.492052783499363,2.1560238496001656,1.9151248838166612
Serbian,2.1905005250816725,2.1172690762576267,1.9309484316048733,2.176629714892635,1.17752572274943,1.7191219594144134,2.2937355777898203,1.352711877355331,1.821051362516695,2.319461001367455,2.13894167773102,2.1427487915837955,2.250237014273803,2.158669566524038,2.187028046871801,2.2254803888159254,2.2502168008945773,2.278043765094225,2.0480993585597185,2.401768183595575,1.949349772990967,2.0129200372449865,1.7647687231921596,1.4571303332526606,2.2808961464847592,1.9903064597992246,2.317215560850755,2.1782061533669883,1.993050750167008,1.6851839370167683,2.097123276559358,2.1296388069925674,1.6071138382521284,0,1.9563024141976708,1.7275692111206695,1.7508115053772477,2.0915236246274223,2.1355305395084136,1.563595826790549,2.1381837100224517,1.9308612690653404
Sinhala,2.0157745686386086,1.7500275375432102,1.7717564184265726,1.9699759878575795,1.892106499136208,2.010284406313193,2.141951201495667,1.918324151642255,2.0835750349686104,2.1376124830725685,2.0510734419363588,2.0592165543643537,2.081742786156382,1.8951913520885015,2.0888733416401646,2.0400594307409197,2.028678562539135,2.04575530012639,1.909131820258327,2.090171757928192,1.9119022985995249,2.072543849921103,1.8311387925124427,1.9209972192661409,2.007312069153811,1.7336795784512018,2.1746114474479787,1.8649645759053377,1.843994023169547,1.9817298805121695,1.9898866922662148,2.032705682295433,1.9301906463958092,1.9563024141976708,0,2.0512155480313603,2.098702436993173,1.9232381780258334,1.9690142572376725,1.9029752193444036,1.9200310680493196,1.8280324096208853
Slovak,2.2978525949470647,2.197477118501317,2.013555941349315,2.2778805822755595,1.665761135255835,1.9277061883749995,2.3437689888203264,1.744399181757445,1.6296944439817749,2.3284043374515635,2.2284650280850475,2.2124084842970038,2.3091388007385136,2.258750176398735,2.281468072353818,2.312397483364852,2.3600317272466382,2.35305106644927,2.1698817009592366,2.4117808981414366,2.0407113789153186,2.1409649707330005,1.934984057895289,1.8294114583017753,2.3401595375154676,2.042989226458054,2.385337441065792,2.273297409923067,2.114572128196724,1.6395394223110815,2.1436232380016143,2.2413152463969928,1.7744664837683506,1.7275692111206695,2.0512155480313603,0,1.9385629327871394,2.131932811106129,2.2262228412718668,1.7285951180327621,2.217233147915924,1.9520292969545114
Slovenian,2.3330702362564377,2.255546675749378,2.0553411051698123,2.2883744255860026,1.7366563035219018,1.9748254066115236,2.372112562092494,1.710830893155925,1.994975709083495,2.337338833625569,2.217212114088714,2.2333624101055483,2.3089169589473553,2.290728317274488,2.276968320059032,2.299255271806881,2.3719273451274816,2.3918963122000503,2.21773226332644,2.434945106557716,2.0441947783074403,2.1971853756807334,1.936684239789585,1.9181900901775126,2.371643493972371,2.0729052357451754,2.40306902464993,2.254897341973175,2.134404821307589,1.8663884998457214,2.1688467810710277,2.245264376265756,1.9486791521476232,1.7508115053772477,2.098702436993173,1.9385629327871394,0,2.1618623287439975,2.245273922453151,1.877184275784698,2.2397115150149194,1.9832889747693299
Spanish,2.2262993673500104,2.1050571986737197,1.9711449176388056,2.1581466032195413,2.018598299821307,2.0839172203982077,1.831993147169097,2.0214587401658517,2.135363757097742,2.2457704281328423,2.1029921474595787,2.0864754384793436,2.039287692834617,1.5760415619468728,2.171654236183629,2.0935448241307677,2.207271066535508,2.2095033001279867,2.0915434162728577,2.183253445418509,1.7054198283895097,2.2946203593164607,1.983678738582358,2.042974893286767,2.1786733056777257,1.9655367261352061,2.273807528042213,2.1168684967563616,2.0267925382664314,2.060308597481166,1.6240411480491348,2.0021701716737166,2.093166221069322,2.0915236246274223,1.9232381780258334,2.131932811106129,2.1618623287439975,0,2.1284053238931246,2.0158486193011,2.117729928723715,1.8778455013244602
Swedish,2.0352828407776653,2.1624111533506105,1.9584687653034454,2.235704732591229,2.0524607844830456,2.2076993487609786,2.274401006714668,2.1174244477672404,2.2359908573655094,1.99573411669034,1.9776941899542175,1.9653448569030092,2.299532922950454,2.1507098552417663,2.0177647408126345,2.294098844669164,2.276027005016038,2.256253632048763,1.8474526386500274,2.329559567694401,2.024644358616089,2.2371442307426666,1.963024415855692,2.121635337212661,2.2827706903346603,1.9753475352358267,1.7620005562671281,2.2079211182151166,2.0315653804000884,2.100388380154634,2.122491411560801,2.162266762553475,2.140292260981805,2.1355305395084136,1.9690142572376725,2.2262228412718668,2.245273922453151,2.1284053238931246,0,2.093909532482443,2.1343490649855728,1.9401363873102617
Ukrainian,2.1597913267545525,2.0456674061463076,1.888968584546131,2.136378114260327,1.5172159862370356,1.7953033794467017,2.2159324119290615,1.6372255323339544,1.7833502438316418,2.225074940293194,2.105016441520833,2.0906711006981715,2.1801774015624997,2.099253014615503,2.147111802285215,2.1137900042150757,2.182644381001583,2.188384396936856,1.9869423564428488,2.313119215546825,1.8804561784704439,2.0123379502098784,1.7518931782870042,1.6576955522474168,2.2063554793033844,1.9398122934301705,2.266738829118161,2.105164290168111,1.9245355362932788,1.6251902003239878,2.0550143567226153,2.0605136380212024,1.492052783499363,1.563595826790549,1.9029752193444036,1.7285951180327621,1.877184275784698,2.0158486193011,2.093909532482443,0,2.1086996289940045,1.8441974230849114
Urdu,2.262945130305903,2.096712041595108,1.9822633053093874,1.9235606688938662,2.049820453843579,2.146994947869667,2.323516086339239,2.107747406699912,2.19727879627936,2.3197381897435134,2.177155084887728,2.138069826787582,2.251882288271006,2.2028228369770235,2.2196417201979495,2.2282358897076153,1.9593918754759374,1.703161264056215,2.1447294248393365,2.330442506310922,2.0574353904107014,2.203447193007174,1.9992995306534909,2.0813919927735656,2.0245409097901703,1.7419579248964017,2.3240918225150966,2.046320726239845,1.9520055569590957,2.101588374159063,2.13575797158519,2.1935789348445396,2.1560238496001656,2.1381837100224517,1.9200310680493196,2.217233147915924,2.2397115150149194,2.117729928723715,2.1343490649855728,2.1086996289940045,0,1.949500288762861
Welsh,2.001179007357218,1.987871673249587,1.7396467362757777,2.037456823471726,1.8417557864471708,1.9045524264728382,2.0656715172573255,1.8517235381333232,1.9497695747574895,1.9945814144091976,1.930193609418033,1.8611307841507498,1.972132294628371,1.9620410639603998,1.950776723967822,1.9448068865122699,2.0879752360107404,2.0655452111139723,1.8939577581345513,2.0051051890296367,1.7258063456931632,2.0216933878853247,1.8273189980358377,1.9082174211445924,2.0691541314069686,1.8157555678464385,2.1166308002838523,1.976628843091933,1.864512679066982,1.8788757325831973,1.8994761947278358,1.9333540341156839,1.9151248838166612,1.9308612690653404,1.8280324096208853,1.9520292969545114,1.9832889747693299,1.8778455013244602,1.9401363873102617,1.8441974230849114,1.949500288762861,0
