,Afrikaans,Albanian,Armenian,Bengali,Bosnian,Bulgarian,Catalan,Croatian,Czech,Danish,Dutch,English,French,Galician,German,Greek,Gujarati,Hindi,Icelandic,Irish,Italian,Latvian,Lithuanian,Macedonian,Marathi,Nepali,Norwegian,Pashto,Persian,Polish,Portuguese,Romanian,Russian,Serbian,Sinhala,Slovak,Slovenian,Spanish,Swedish,Ukrainian,Urdu,Welsh
Afrikaans,0,8.549777780051521,10.127212816110244,9.437159314999034,9.95656022743677,9.080909242064617,9.418069811511714,9.350990204899219,9.521148326918896,8.050702971367599,6.72338885995752,8.681629543985629,8.953888301820564,8.299364982972584,8.221357389845531,9.820510449809392,9.816300832247414,10.311415188432512,8.14278550505344,8.647000363451458,10.323236198880227,10.030105507786491,11.631200319314958,9.276163631410869,9.418987261098001,9.432880074221186,8.017091063170934,8.588304296234037,9.524738335827509,10.63982019748529,8.923159770924576,9.77283958866241,9.52048753124424,9.271221130411444,8.968621332032857,9.15750417067334,9.610340370237799,9.405247175138527,8.227041520529669,9.584235325153788,9.284085964408892,10.158021004558787
Albanian,8.549777780051521,0,10.00468315901621,9.31279006364039,10.09848863845764,9.415786286115626,9.463271556560954,9.478023956229544,9.920397453907556,9.341106684834125,9.509197388881093,10.265014804014594,9.013039712334226,8.341651086618436,9.69046100878895,9.658979013167261,9.871197515780745,10.175206090878813,9.224147247388261,8.742125399561614,10.170857689510195,10.318183488152526,11.602309143594141,9.36090417767268,9.312727469111293,9.134844086520635,9.36449187110623,8.561067556815372,9.601996006230495,10.861113944673157,9.109134521585004,9.671172518645099,9.645986616034655,9.518106630965644,8.301449894952103,9.33440440220853,9.841531161729494,9.394214801665747,9.479247272145752,9.60132955814416,9.218423780708768,10.260038284436908
Armenian,10.127212816110244,10.00468315901621,0,10.730863536559855,11.15400449542275,10.71114815098837,10.953847708882135,10.546442614630559,11.199472900046349,11.023773609443005,10.931611835253754,11.438090369046941,10.760851529031221,10.085280120686155,10.847665388090403,10.800348192093894,11.339525120574466,11.681415481716428,10.157100684019372,10.455473327386466,11.470980439651694,11.06597259099363,11.953105003544339,10.659514459545926,10.948553555145049,10.94930968007336,10.619051672484572,10.09864261228898,10.442752865620246,11.811180923426727,10.58459815740301,11.009834227168279,10.932789959457807,10.654391875338305,10.035882227549228,10.74106746300317,11.307680588090395,11.004454776629197,10.656418375384316,10.904147915055459,10.74203926812737,11.169965363904515
Bengali,9.437159314999034,9.31279006364039,10.730863536559855,0,10.541800802726017,9.682039823520777,9.966797954499075,9.943669634700308,10.20051516230791,9.97685736940189,10.01243644816322,10.306935745080457,9.706296438956299,9.23660692513384,10.09968716165413,10.095327370881494,8.497714345819604,8.695257673168104,9.89343693126714,9.569852289753811,10.619694823924668,10.643956401068953,11.910547217088647,9.717827718801562,8.532112910742617,8.282148805064567,9.734839344950702,9.329584771368445,10.17073586355657,10.919036839911794,9.6941981198463,10.20329086724733,10.230116192602814,9.878013609887303,9.319194449535994,9.811585274984713,10.142814152597579,9.829529374643656,9.838779577294924,10.177406956962283,8.215426288165084,10.922476817753488
Bosnian,9.95656022743677,10.09848863845764,11.15400449542275,10.541800802726017,0,8.395707119383387,10.899509217131703,6.503165540729845,8.873241243513451,10.554507051617362,10.547381028810712,11.446297497788086,10.510238713587741,10.053534226331172,10.537991990534152,10.999944145110415,11.118381357302654,11.455339051176761,10.197080194214864,10.738517658274562,10.819195824882884,9.993466134353927,10.991252313644159,7.5194826964762855,10.91682913558796,10.592075145750705,10.272438049073383,10.46767509854576,10.68788297080302,9.119651210917775,10.318998164547084,10.537269419563543,8.15729651164533,5.675792875375632,10.463699049750526,8.030242701771565,8.551108530389486,10.665454738221634,10.521252558374018,8.196924481361519,10.52867987284357,11.433618376293825
Bulgarian,9.080909242064617,9.415786286115626,10.71114815098837,9.682039823520777,8.395707119383387,0,9.694365093216096,7.510778968580098,8.516525428363378,9.623008146888507,9.609619205565314,10.30233565294836,9.501285972281334,8.877529284367938,9.765742459596986,9.909386316053682,10.135792935735347,10.41185114389488,9.477781586475256,9.48041235640997,10.075971443844663,10.329548668210219,11.257416788811822,7.110151667192314,9.812548103966586,10.13917737582165,9.52062948279357,9.49504803695401,10.08447745242744,9.397547785184788,9.345727181420829,9.852113762666347,8.397075800438646,7.657197971718212,9.620492067860392,8.083665591119521,8.632026446822785,9.50354345529636,9.699114004985756,8.537730480246456,9.527307556152492,10.419720288381232
Catalan,9.418069811511714,9.463271556560954,10.953847708882135,9.966797954499075,10.899509217131703,9.694365093216096,0,9.946862538624394,10.426884836782214,9.689878247427387,9.911559594918213,10.127147740575408,8.761500563705319,7.401763594108639,10.072783053982882,10.038726810329338,10.349667881332284,10.599844002966718,9.828263280903563,9.449895464203912,9.213462900770097,11.051881491875529,12.10754553932261,9.968022816867062,9.888376910324629,10.369847569602252,9.261720066688689,9.653788429532224,10.380808989102349,11.268535895929917,8.219221586422266,9.232959610060437,10.457244008570601,10.095346601728185,9.748775781241827,9.854179317461739,10.25447921139659,7.84785160651615,9.605415424191301,10.276807804958327,9.917969417250577,10.914942769017603
Croatian,9.350990204899219,9.478023956229544,10.546442614630559,9.943669634700308,6.503165540729845,7.510778968580098,9.946862538624394,0,8.356123009020196,9.813192716289393,10.015960491520504,10.641171013815262,9.7759296281261,9.16025158802507,10.080936444086692,10.196377464147139,10.2793312109273,10.600253855580123,9.713925894693267,9.795179477785084,10.25049800057393,10.368077374582775,10.828162663531785,7.483963359941539,9.935711889761762,10.191230744491794,9.746222245871238,9.548321446578981,10.055349381827073,9.160527542525388,9.779102599885347,9.993679136175588,8.274390555994858,5.956738004081612,9.56805914549328,7.786576478144564,7.7646794119865215,9.794165200633266,9.888110606061957,8.116147919595718,9.861184945115165,10.668743982171861
Czech,9.521148326918896,9.920397453907556,11.199472900046349,10.20051516230791,8.873241243513451,8.516525428363378,10.426884836782214,8.356123009020196,0,9.83812425928612,10.1403526342114,10.73672924721413,9.88416932875099,9.53009406101043,10.237333518274914,10.638313251169253,10.753868627332555,11.023891621601091,9.888353021539253,10.05823991581725,10.757869398117613,10.216060070510702,11.530453972348319,8.818826191183993,10.470269726656909,10.425370710722937,9.927682266929608,9.86159807295408,10.356951189949898,8.927622794923566,9.963990762788555,10.352286698754293,8.601123225053943,8.270860472132066,10.260276470869279,6.7454385570726245,9.100484550984339,10.192153615199848,10.246612908549288,8.482947756106702,10.02726975643565,10.831218898331924
Danish,8.050702971367599,9.341106684834125,11.023773609443005,9.97685736940189,10.554507051617362,9.623008146888507,9.689878247427387,9.813192716289393,9.83812425928612,0,8.781921021749215,9.07416511831401,9.170715494557514,8.853075662960158,8.563792203690452,10.239270133041506,10.1081919134322,10.523524431963649,8.316963910495344,8.903989414721458,10.639470222583347,10.707788277693727,12.29685560413006,9.872365798915498,9.713241935019976,9.865357635055886,7.395671018413992,9.172265276662065,10.212365515269223,11.085821070250883,9.3773861238934,10.093270813172431,10.085693745474494,9.919149120379888,9.671711486168148,9.473826886865112,9.803996035689574,9.753924569895142,8.109748428245885,10.101783411539838,9.58305813126877,10.527022165106665
Dutch,6.72338885995752,9.509197388881093,10.931611835253754,10.01243644816322,10.547381028810712,9.609619205565314,9.911559594918213,10.015960491520504,10.1403526342114,8.781921021749215,0,8.963600311747614,9.578052218376449,9.246490028193126,8.033463471108922,10.159265851235777,10.28427989137133,10.643023304558387,8.974367213398445,9.404712320385368,10.639996473311605,10.437516139210762,12.067951586202314,9.875539105322916,9.981929143891886,10.125467663745228,8.559565765801445,9.494996453544308,10.135062640464902,11.128982077514792,9.434934528337733,10.267085880353367,10.24102242811114,9.978546975985978,9.95849202140793,9.833269982264529,10.16599783094512,9.928487509138755,8.825282496560716,10.31358011922327,9.778863630955469,10.645512277109326
English,8.681629543985629,10.265014804014594,11.438090369046941,10.306935745080457,11.446297497788086,10.30233565294836,10.127147740575408,10.641171013815262,10.73672924721413,9.07416511831401,8.963600311747614,0,10.005172786858157,9.74597466565139,9.416805827832986,10.968534012624362,10.459214854764909,11.18358502986253,9.720775111154133,9.646272551554018,11.210046407877348,11.247590202940165,12.703103409976196,10.626060499066549,10.311115814821381,10.514854368269978,9.034351687586634,10.227288465325655,10.972816619556157,11.746361564523857,9.95355393745413,10.846558417014094,10.928707325588862,10.657511669923787,10.601064469964863,10.412024252021666,10.755931958221364,10.30654888211819,9.438687761933068,10.901696621986371,10.16919134862212,10.971148886554182
French,8.953888301820564,9.013039712334226,10.760851529031221,9.706296438956299,10.510238713587741,9.501285972281334,8.761500563705319,9.7759296281261,9.88416932875099,9.170715494557514,9.578052218376449,10.005172786858157,0,8.154424494367024,9.682193831289005,10.033867404296101,10.278086129706423,10.582877797465493,9.56098051748465,8.940691459300123,9.564448663916258,10.414759779899619,12.018450739408125,9.802046712967412,9.666135955741014,9.93136092749917,9.198565687505667,9.125972049640774,10.03094219165474,10.975526689378839,8.655744493375275,9.649694513996105,10.017322639055212,9.795226606319432,9.602440022665872,9.580784249663077,9.94152703155196,8.975503913791187,9.686723419206414,10.023269155826307,9.537465877351195,10.39067407710454
Galician,8.299364982972584,8.341651086618436,10.085280120686155,9.23660692513384,10.053534226331172,8.877529284367938,7.401763594108639,9.16025158802507,9.53009406101043,8.853075662960158,9.246490028193126,9.74597466565139,8.154424494367024,0,9.43081976532579,9.493926618193704,9.707733433446839,10.096316145046451,8.716076451666341,8.487430288630138,8.626075199578345,10.350379550521916,11.630313779802378,9.164753709547337,9.201677133315757,9.346315464311498,8.868129614097764,8.584958466923975,9.346664696578763,10.709243960454511,6.777905897978062,8.857549523602753,9.532964728609691,9.29083688465763,8.622772500997982,9.125783543832997,9.565197452515426,6.20969477939819,8.95257007905113,9.490533166049145,9.224344125347823,9.98485554251564
German,8.221357389845531,9.69046100878895,10.847665388090403,10.09968716165413,10.537991990534152,9.765742459596986,10.072783053982882,10.080936444086692,10.237333518274914,8.563792203690452,8.033463471108922,9.416805827832986,9.682193831289005,9.43081976532579,0,10.217151649251562,10.507290744428655,10.876218801917434,9.01778412110499,9.511340678734287,10.548011461035792,10.564296593274133,12.15135052385795,10.055639388522053,10.206555151349967,10.24656774517227,8.902306978656812,9.78381845652589,10.17089876603699,11.159114164915424,9.900219681943287,10.26115025581698,10.382893200560027,10.037408401436629,10.257777522660199,9.864870110334232,10.310649007810122,10.158631148117546,8.825523215663644,10.410511448490801,9.937145741982192,10.733603973237917
Greek,9.820510449809392,9.658979013167261,10.800348192093894,10.095327370881494,10.999944145110415,9.909386316053682,10.038726810329338,10.196377464147139,10.638313251169253,10.239270133041506,10.159265851235777,10.968534012624362,10.033867404296101,9.493926618193704,10.217151649251562,0,10.548136233883547,10.898317575784837,9.878524241476258,9.945442161870913,10.78071373787682,10.715970036790896,11.665921931383247,10.226651805418513,10.31395815620179,10.327238726001308,9.97195874833994,9.873241222526225,10.588681113039092,11.462745584245448,10.01742142787315,10.321230370051653,10.52774399202477,10.370612317743923,9.893703040311342,10.231683055747501,10.612210629774903,9.898412033458445,10.19184561423168,10.371137670142144,10.149333343718812,10.963320953837407
Gujarati,9.816300832247414,9.871197515780745,11.339525120574466,8.497714345819604,11.118381357302654,10.135792935735347,10.349667881332284,10.2793312109273,10.753868627332555,10.1081919134322,10.28427989137133,10.459214854764909,10.278086129706423,9.707733433446839,10.507290744428655,10.548136233883547,0,8.171960977727537,10.382761417725096,9.998258620283949,11.176918987439075,11.539981829581842,12.498702879550628,10.230387595002947,7.343160263466795,8.75361481557497,10.090732099951364,9.578039100370406,10.698875125948568,11.726344501905238,10.478220494512435,10.72530568406046,10.905033991019907,10.420849012736596,9.877364686638755,10.335519219089516,10.65118941839181,10.177364656354316,10.17426873877639,10.655991131220468,8.59807879901117,11.359379230568244
Hindi,10.311415188432512,10.175206090878813,11.681415481716428,8.695257673168104,11.455339051176761,10.41185114389488,10.599844002966718,10.600253855580123,11.023891621601091,10.523524431963649,10.643023304558387,11.18358502986253,10.582877797465493,10.096316145046451,10.876218801917434,10.898317575784837,8.171960977727537,0,10.694347687896531,10.375008565153703,11.521185325519207,11.815683577668215,12.674230452589857,10.437629052513397,8.456309029630889,8.973184576246716,10.325807228243466,9.819915382103385,10.69422948143755,11.942954338578048,10.700306090227942,10.847219045805582,11.253762869719449,10.736564858019916,10.030608397532346,10.7199452349369,11.050525658240453,10.557575298376396,10.380087600583387,10.936508700262952,7.395162877045385,11.748864158503636
Icelandic,8.14278550505344,9.224147247388261,10.157100684019372,9.89343693126714,10.197080194214864,9.477781586475256,9.828263280903563,9.713925894693267,9.888353021539253,8.316963910495344,8.974367213398445,9.720775111154133,9.56098051748465,8.716076451666341,9.01778412110499,9.878524241476258,10.382761417725096,10.694347687896531,0,9.432558247926739,10.40079249167116,10.05800363404529,11.178579474167343,9.560775952287404,10.015119350848831,10.089463214241142,8.06718260544791,9.371337044285331,9.723177921065316,10.851655961206042,9.456891303945492,10.019214615041177,9.692674232635916,9.542703599265252,9.337441656400516,9.603440898189563,10.220793108291078,9.790492739888526,8.159298565849587,9.676275545660543,9.762539870626302,10.57709457250549
Irish,8.647000363451458,8.742125399561614,10.455473327386466,9.569852289753811,10.738517658274562,9.48041235640997,9.449895464203912,9.795179477785084,10.05823991581725,8.903989414721458,9.404712320385368,9.646272551554018,8.940691459300123,8.487430288630138,9.511340678734287,9.945442161870913,9.998258620283949,10.375008565153703,9.432558247926739,0,10.640932818522751,10.785574389362047,12.312966063840067,9.694606071338418,9.40143946108974,9.744770222577742,9.15994294708764,8.674783992069452,9.958303973000888,11.180407012548915,9.010156093509462,9.954071276492574,10.131418258695982,10.046161211527373,9.10131488564919,9.535479243027254,9.955425230159266,9.235868542480036,9.314410958008501,10.184044622051454,9.346618923138063,9.966345850876705
Italian,10.323236198880227,10.170857689510195,11.470980439651694,10.619694823924668,10.819195824882884,10.075971443844663,9.213462900770097,10.25049800057393,10.757869398117613,10.639470222583347,10.639996473311605,11.210046407877348,9.564448663916258,8.626075199578345,10.548011461035792,10.78071373787682,11.176918987439075,11.521185325519207,10.40079249167116,10.640932818522751,0,11.35064816818651,11.990312721665093,10.316962730929466,10.808309743881965,10.747925105468974,10.371941272083005,10.499781312060902,10.836212231358104,11.321084984144417,9.23169824606402,9.506636199381298,10.569778280010567,10.320456803237805,10.63893476670596,10.391855046464553,10.826779125507414,8.974074198937293,10.463153944966463,10.531272934930339,10.722346905530326,10.999261322480969
Latvian,10.030105507786491,10.318183488152526,11.06597259099363,10.643956401068953,9.993466134353927,10.329548668210219,11.051881491875529,10.368077374582775,10.216060070510702,10.707788277693727,10.437516139210762,11.247590202940165,10.414759779899619,10.350379550521916,10.564296593274133,10.715970036790896,11.539981829581842,11.815683577668215,10.05800363404529,10.785574389362047,11.35064816818651,0,9.972316880393878,10.177782589588315,11.18657690377098,11.002359125753033,10.250440918374196,10.692889824404688,11.012542154043471,10.563867032583383,10.302469240940379,10.880520855929381,9.821571197411586,9.794257831823296,10.952218719091649,9.780090749159271,10.436092827905428,11.187505067702562,10.60903439427963,10.252732294204188,10.576577702243988,11.597207181807999
Lithuanian,11.631200319314958,11.602309143594141,11.953105003544339,11.910547217088647,10.991252313644159,11.257416788811822,12.10754553932261,10.828162663531785,11.530453972348319,12.29685560413006,12.067951586202314,12.703103409976196,12.018450739408125,11.630313779802378,12.15135052385795,11.665921931383247,12.498702879550628,12.674230452589857,11.178579474167343,12.312966063840067,11.990312721665093,9.972316880393878,0,11.131310713770402,12.445538477010219,12.01131376209955,11.575322756382755,11.860064327108791,11.806564403482788,11.753298829369763,11.88891021440134,11.731404352831557,11.014143597003137,10.698535334697135,11.553949730160532,11.25856103162938,11.569461379891482,11.946222831007628,11.734463610746639,10.983221380881659,11.911504437248338,12.459975406261263
Macedonian,9.276163631410869,9.36090417767268,10.659514459545926,9.717827718801562,7.5194826964762855,7.110151667192314,9.968022816867062,7.483963359941539,8.818826191183993,9.872365798915498,9.875539105322916,10.626060499066549,9.802046712967412,9.164753709547337,10.055639388522053,10.226651805418513,10.230387595002947,10.437629052513397,9.560775952287404,9.694606071338418,10.316962730929466,10.177782589588315,11.131310713770402,0,9.941589118469109,10.001380235842133,9.697905856571758,9.409010539719393,10.138983844968323,9.421634073476541,9.64277145240034,10.007498974089325,8.16515572922631,6.705709579113535,9.574931156472582,8.13039250634782,8.794674658611678,9.751962780098102,9.82919429521744,8.155780736757672,9.619356778607576,10.838040929670637
Marathi,9.418987261098001,9.312727469111293,10.948553555145049,8.532112910742617,10.91682913558796,9.812548103966586,9.888376910324629,9.935711889761762,10.470269726656909,9.713241935019976,9.981929143891886,10.311115814821381,9.666135955741014,9.201677133315757,10.206555151349967,10.31395815620179,7.343160263466795,8.456309029630889,10.015119350848831,9.40143946108974,10.808309743881965,11.18657690377098,12.445538477010219,9.941589118469109,0,8.892944877238056,9.683029594490781,9.141664338491145,10.460795353361421,11.452323925913777,9.8951528395183,10.340057511499312,10.44044725564461,10.107434142513815,9.36904541597791,9.897501184766545,10.232394383460173,9.700056478331284,9.81786191398369,10.344891921297522,8.602750217611304,10.887362964989409
Nepali,9.432880074221186,9.134844086520635,10.94930968007336,8.282148805064567,10.592075145750705,10.13917737582165,10.369847569602252,10.191230744491794,10.425370710722937,9.865357635055886,10.125467663745228,10.514854368269978,9.93136092749917,9.346315464311498,10.24656774517227,10.327238726001308,8.75361481557497,8.973184576246716,10.089463214241142,9.744770222577742,10.747925105468974,11.002359125753033,12.01131376209955,10.001380235842133,8.892944877238056,0,9.9760976569565,9.181670888706385,10.239635738290977,11.337369896234694,9.945784074190549,10.428017122473468,10.560107674077896,10.20532506690697,9.213847658268701,9.99888558095103,10.480951804428797,10.103119783025523,9.968524097910109,10.435559448615216,8.461839243437169,10.846042946780631
Norwegian,8.017091063170934,9.36449187110623,10.619051672484572,9.734839344950702,10.272438049073383,9.52062948279357,9.261720066688689,9.746222245871238,9.927682266929608,7.395671018413992,8.559565765801445,9.034351687586634,9.198565687505667,8.868129614097764,8.902306978656812,9.97195874833994,10.090732099951364,10.325807228243466,8.06718260544791,9.15994294708764,10.371941272083005,10.250440918374196,11.575322756382755,9.697905856571758,9.683029594490781,9.9760976569565,0,9.39306067890561,10.147202320388852,10.784354066590955,9.221285448367174,9.836752687086202,10.036883448693233,9.67864307956597,9.629974670134992,9.430261012460317,9.665923292450458,9.474793174262267,6.8112326225163935,9.974901569362274,9.35788806963855,10.732893079423555
Pashto,8.588304296234037,8.561067556815372,10.09864261228898,9.329584771368445,10.46767509854576,9.49504803695401,9.653788429532224,9.548321446578981,9.86159807295408,9.172265276662065,9.494996453544308,10.227288465325655,9.125972049640774,8.584958466923975,9.78381845652589,9.873241222526225,9.578039100370406,9.819915382103385,9.371337044285331,8.674783992069452,10.499781312060902,10.692889824404688,11.860064327108791,9.409010539719393,9.141664338491145,9.181670888706385,9.39306067890561,0,8.96516720506617,11.068989372416384,9.241780023241878,9.897777939147275,9.938784360462277,9.637775657940555,8.63650686236906,9.61436029610045,9.794289170421793,9.431702769594551,9.474278229993676,9.881975303105397,8.701161560655892,10.41847575112257
Persian,9.524738335827509,9.601996006230495,10.442752865620246,10.17073586355657,10.68788297080302,10.08447745242744,10.380808989102349,10.055349381827073,10.356951189949898,10.212365515269223,10.135062640464902,10.972816619556157,10.03094219165474,9.346664696578763,10.17089876603699,10.588681113039092,10.698875125948568,10.69422948143755,9.723177921065316,9.958303973000888,10.836212231358104,11.012542154043471,11.806564403482788,10.138983844968323,10.460795353361421,10.239635738290977,10.147202320388852,8.96516720506617,0,11.261777648932071,10.037922507126853,10.327636290563836,10.425789219498798,10.144498447631946,9.696784828655904,10.108151195640378,10.571277123301316,10.333220761891699,10.085448515687705,10.17447262022546,9.575959499977204,10.961935923748952
Polish,10.63982019748529,10.861113944673157,11.811180923426727,10.919036839911794,9.119651210917775,9.397547785184788,11.268535895929917,9.160527542525388,8.927622794923566,11.085821070250883,11.128982077514792,11.746361564523857,10.975526689378839,10.709243960454511,11.159114164915424,11.462745584245448,11.726344501905238,11.942954338578048,10.851655961206042,11.180407012548915,11.321084984144417,10.563867032583383,11.753298829369763,9.421634073476541,11.452323925913777,11.337369896234694,10.784354066590955,11.068989372416384,11.261777648932071,0,10.591982275263401,11.073092136555486,9.12164427611701,8.906673470975699,11.269849685213176,7.990076325053818,9.639516042939837,11.205304909660025,10.985670578537675,8.999846951734046,11.044701129508828,11.769208845303622
Portuguese,8.923159770924576,9.109134521585004,10.58459815740301,9.6941981198463,10.318998164547084,9.345727181420829,8.219221586422266,9.779102599885347,9.963990762788555,9.3773861238934,9.434934528337733,9.95355393745413,8.655744493375275,6.777905897978062,9.900219681943287,10.01742142787315,10.478220494512435,10.700306090227942,9.456891303945492,9.010156093509462,9.23169824606402,10.302469240940379,11.88891021440134,9.64277145240034,9.8951528395183,9.945784074190549,9.221285448367174,9.241780023241878,10.037922507126853,10.591982275263401,0,9.463239526355151,9.938110541421377,9.71717435475364,9.643493956042919,9.435948667390237,9.943232159638688,7.5814950603682245,9.528274282646386,9.979536220994335,9.614220561677651,10.41845432803449
Romanian,9.77283958866241,9.671172518645099,11.009834227168279,10.20329086724733,10.537269419563543,9.852113762666347,9.232959610060437,9.993679136175588,10.352286698754293,10.093270813172431,10.267085880353367,10.846558417014094,9.649694513996105,8.857549523602753,10.26115025581698,10.321230370051653,10.72530568406046,10.847219045805582,10.019214615041177,9.954071276492574,9.506636199381298,10.880520855929381,11.731404352831557,10.007498974089325,10.340057511499312,10.428017122473468,9.836752687086202,9.897777939147275,10.327636290563836,11.073092136555486,9.463239526355151,0,10.315395299262944,10.0075685585408,10.156339564525178,9.97770711499712,10.325373131503449,9.442952771316952,10.005330496615576,10.142665300913132,10.197623549612336,10.894901317359006
Russian,9.52048753124424,9.645986616034655,10.932789959457807,10.230116192602814,8.15729651164533,8.397075800438646,10.457244008570601,8.274390555994858,8.601123225053943,10.085693745474494,10.24102242811114,10.928707325588862,10.017322639055212,9.532964728609691,10.382893200560027,10.52774399202477,10.905033991019907,11.253762869719449,9.692674232635916,10.131418258695982,10.569778280010567,9.821571197411586,11.014143597003137,8.16515572922631,10.44044725564461,10.560107674077896,10.036883448693233,9.938784360462277,10.425789219498798,9.12164427611701,9.938110541421377,10.315395299262944,0,7.705412116155543,9.979604341062634,7.973795411155482,9.071069135031609,10.268476385314704,10.168730264905578,7.380706272434206,10.330166751822278,11.079464200173032
Serbian,9.271221130411444,9.518106630965644,10.654391875338305,9.878013609887303,5.675792875375632,7.657197971718212,10.095346601728185,5.956738004081612,8.270860472132066,9.919149120379888,9.978546975985978,10.657511669923787,9.795226606319432,9.29083688465763,10.037408401436629,10.370612317743923,10.420849012736596,10.736564858019916,9.542703599265252,10.046161211527373,10.320456803237805,9.794257831823296,10.698535334697135,6.705709579113535,10.107434142513815,10.20532506690697,9.67864307956597,9.637775657940555,10.144498447631946,8.906673470975699,9.71717435475364,10.0075685585408,7.705412116155543,0,9.80126768566583,7.5552795686535985,7.78925368255521,9.982507638882144,9.859973436845408,7.631666550154814,9.897048222258594,10.94474041691795
Sinhala,8.968621332032857,8.301449894952103,10.035882227549228,9.319194449535994,10.463699049750526,9.620492067860392,9.748775781241827,9.56805914549328,10.260276470869279,9.671711486168148,9.95849202140793,10.601064469964863,9.602440022665872,8.622772500997982,10.257777522660199,9.893703040311342,9.877364686638755,10.030608397532346,9.337441656400516,9.10131488564919,10.63893476670596,10.952218719091649,11.553949730160532,9.574931156472582,9.36904541597791,9.213847658268701,9.629974670134992,8.63650686236906,9.696784828655904,11.269849685213176,9.643493956042919,10.156339564525178,9.979604341062634,9.80126768566583,0,9.791213086645561,10.30155271822865,9.544324406056479,9.55073230274903,9.850698058493144,9.30392636697486,10.551826336470103
Slovak,9.15750417067334,9.33440440220853,10.74106746300317,9.811585274984713,8.030242701771565,8.083665591119521,9.854179317461739,7.786576478144564,6.7454385570726245,9.473826886865112,9.833269982264529,10.412024252021666,9.580784249663077,9.125783543832997,9.864870110334232,10.231683055747501,10.335519219089516,10.7199452349369,9.603440898189563,9.535479243027254,10.391855046464553,9.780090749159271,11.25856103162938,8.13039250634782,9.897501184766545,9.99888558095103,9.430261012460317,9.61436029610045,10.108151195640378,7.990076325053818,9.435948667390237,9.97770711499712,7.973795411155482,7.5552795686535985,9.791213086645561,0,8.357630890490043,9.832401191811094,9.71670270030238,8.031461459724879,9.735753450643502,10.563024092414201
Slovenian,9.610340370237799,9.841531161729494,11.307680588090395,10.142814152597579,8.551108530389486,8.632026446822785,10.25447921139659,7.7646794119865215,9.100484550984339,9.803996035689574,10.16599783094512,10.755931958221364,9.94152703155196,9.565197452515426,10.310649007810122,10.612210629774903,10.65118941839181,11.050525658240453,10.220793108291078,9.955425230159266,10.826779125507414,10.436092827905428,11.569461379891482,8.794674658611678,10.232394383460173,10.480951804428797,9.665923292450458,9.794289170421793,10.571277123301316,9.639516042939837,9.943232159638688,10.325373131503449,9.071069135031609,7.78925368255521,10.30155271822865,8.357630890490043,0,10.157038815277959,10.100041810498409,9.011801079670358,10.0485079416316,11.216872633135376
Spanish,9.405247175138527,9.394214801665747,11.004454776629197,9.829529374643656,10.665454738221634,9.50354345529636,7.84785160651615,9.794165200633266,10.192153615199848,9.753924569895142,9.928487509138755,10.30654888211819,8.975503913791187,6.20969477939819,10.158631148117546,9.898412033458445,10.177364656354316,10.557575298376396,9.790492739888526,9.235868542480036,8.974074198937293,11.187505067702562,11.946222831007628,9.751962780098102,9.700056478331284,10.103119783025523,9.474793174262267,9.431702769594551,10.333220761891699,11.205304909660025,7.5814950603682245,9.442952771316952,10.268476385314704,9.982507638882144,9.544324406056479,9.832401191811094,10.157038815277959,0,9.822414800223815,10.066426611748774,9.817646516281213,10.667344964274404
Swedish,8.227041520529669,9.479247272145752,10.656418375384316,9.838779577294924,10.521252558374018,9.699114004985756,9.605415424191301,9.888110606061957,10.246612908549288,8.109748428245885,8.825282496560716,9.438687761933068,9.686723419206414,8.95257007905113,8.825523215663644,10.19184561423168,10.17426873877639,10.380087600583387,8.159298565849587,9.314410958008501,10.463153944966463,10.60903439427963,11.734463610746639,9.82919429521744,9.81786191398369,9.968524097910109,6.8112326225163935,9.474278229993676,10.085448515687705,10.985670578537675,9.528274282646386,10.005330496615576,10.168730264905578,9.859973436845408,9.55073230274903,9.71670270030238,10.100041810498409,9.822414800223815,0,10.063268637968116,9.632694339691085,10.644012872378553
Ukrainian,9.584235325153788,9.60132955814416,10.904147915055459,10.177406956962283,8.196924481361519,8.537730480246456,10.276807804958327,8.116147919595718,8.482947756106702,10.101783411539838,10.31358011922327,10.901696621986371,10.023269155826307,9.490533166049145,10.410511448490801,10.371137670142144,10.655991131220468,10.936508700262952,9.676275545660543,10.184044622051454,10.531272934930339,10.252732294204188,10.983221380881659,8.155780736757672,10.344891921297522,10.435559448615216,9.974901569362274,9.881975303105397,10.17447262022546,8.999846951734046,9.979536220994335,10.142665300913132,7.380706272434206,7.631666550154814,9.850698058493144,8.031461459724879,9.011801079670358,10.066426611748774,10.063268637968116,0,10.248507444505782,10.945703409068646
Urdu,9.284085964408892,9.218423780708768,10.74203926812737,8.215426288165084,10.52867987284357,9.527307556152492,9.917969417250577,9.861184945115165,10.02726975643565,9.58305813126877,9.778863630955469,10.16919134862212,9.537465877351195,9.224344125347823,9.937145741982192,10.149333343718812,8.59807879901117,7.395162877045385,9.762539870626302,9.346618923138063,10.722346905530326,10.576577702243988,11.911504437248338,9.619356778607576,8.602750217611304,8.461839243437169,9.35788806963855,8.701161560655892,9.575959499977204,11.044701129508828,9.614220561677651,10.197623549612336,10.330166751822278,9.897048222258594,9.30392636697486,9.735753450643502,10.0485079416316,9.817646516281213,9.632694339691085,10.248507444505782,0,10.672533417526722
Welsh,10.158021004558787,10.260038284436908,11.169965363904515,10.922476817753488,11.433618376293825,10.419720288381232,10.914942769017603,10.668743982171861,10.831218898331924,10.527022165106665,10.645512277109326,10.971148886554182,10.39067407710454,9.98485554251564,10.733603973237917,10.963320953837407,11.359379230568244,11.748864158503636,10.57709457250549,9.966345850876705,10.999261322480969,11.597207181807999,12.459975406261263,10.838040929670637,10.887362964989409,10.846042946780631,10.732893079423555,10.41847575112257,10.961935923748952,11.769208845303622,10.41845432803449,10.894901317359006,11.079464200173032,10.94474041691795,10.551826336470103,10.563024092414201,11.216872633135376,10.667344964274404,10.644012872378553,10.945703409068646,10.672533417526722,0
