,Afrikaans,Albanian,Armenian,Bengali,Bosnian,Bulgarian,Catalan,Croatian,Czech,Danish,Dutch,English,French,Galician,German,Greek,Gujarati,Hindi,Icelandic,Irish,Italian,Latvian,Lithuanian,Macedonian,Marathi,Nepali,Norwegian,Pashto,Persian,Polish,Portuguese,Romanian,Russian,Serbian,Sinhala,Slovak,Slovenian,Spanish,Swedish,Ukrainian,Urdu,Welsh
Afrikaans,0,42.27670250511905,46.203433442245235,42.406670203199425,45.18341291817312,42.18408945334954,41.3256472868638,42.799785609838146,43.31361058708806,38.63153050410623,33.55662691911483,40.53089673568294,40.63647819567829,40.76157213234864,39.879788724818596,42.53684313886122,42.40942449051159,43.02883887218976,40.01989003833107,39.59396886644787,46.38118502652758,44.11354548453785,50.486458261703795,43.028489680103526,41.71888024924149,44.823015229207115,38.80285463741646,40.84865364010317,45.1861944942553,46.01292211934373,41.92290389302534,42.72302338318759,43.78645366152875,42.88811512138518,44.72378399981626,41.84463384933408,42.65650010962381,43.11501154045842,39.904279275953805,44.12803726879494,42.74070419307101,46.88304718074263
Albanian,42.27670250511905,0,47.27873626575832,44.09536854130932,45.82079576900756,43.1444940974602,42.881695907964435,43.69242952761661,44.96581722079745,42.52940210871746,43.75860859551667,44.568154706981844,41.973425624596416,42.07574638642854,43.7076958422693,43.82518019758144,44.62159575249212,44.69061010781729,43.79230428408567,41.92555656812269,46.41853498086531,45.79641814440643,51.529923610620926,43.638000592448655,43.50683877084862,46.0602446248876,42.715069561184656,43.37803970213583,46.089500158105174,47.279622743838544,43.31381854497642,44.04363295982018,44.61763450166794,43.681296061512235,44.82042087265629,43.450014552534654,44.15502777174076,43.713684775344305,43.60640863214568,44.532852630024664,44.07282839919614,47.502644785431386
Armenian,46.203433442245235,47.27873626575832,0,47.745085172369656,49.618785290416184,47.88479773585885,47.24517149617832,48.01198205017788,48.683259750686,46.68851481375593,47.10078182562367,47.84955342754858,46.62552957989009,46.845830562058154,47.282730129859075,47.5649925763651,48.42786137435111,48.57077278459385,46.61939377322505,46.26133822701995,50.17469644451019,48.56167577060421,52.91753990060468,47.814470876006666,47.933279814453925,50.31846649469453,47.38019472060525,47.19437334338231,48.82066614429018,50.337776466274974,47.20098226917104,48.15384069757615,48.64732940463753,47.92026180553034,48.66559012820104,47.826746791724645,48.931994240746576,48.01287547746396,46.99588181759438,48.86656170833139,47.92345954564638,50.507424893134264
Bengali,42.406670203199425,44.09536854130932,47.745085172369656,0,47.125190479528875,43.54177328961298,42.70253236906889,44.666741886293586,45.10138784803839,42.30993502062321,43.40893632798571,44.149268105323,42.11135827197043,42.63309309739227,43.495869238753606,43.16229330716599,40.503017342968896,40.53210715182716,43.6990999331235,41.949038320923734,46.65486799184553,46.11585346696125,51.71942186265108,44.46911502668554,40.39493949775419,41.89331396321703,42.733014896314465,42.636043043276146,46.15611456046515,47.092693892757914,43.18086018029656,44.199680689765316,45.445451639622846,44.5583351119211,44.90044239078507,43.928373584166565,44.06171527911783,43.55040697927791,43.4224053561385,45.828406868764496,39.833395630324354,48.03292231038901
Bosnian,45.18341291817312,45.82079576900756,49.618785290416184,47.125190479528875,0,41.094034719831704,45.96430110427979,36.221134479875076,43.68763462156883,45.33387308852295,46.46117315836814,47.292765597445616,45.390104937106976,45.19866708052662,46.542851739108336,47.07426611178081,47.33168065458699,47.81753201586277,46.19230608399316,45.721308455922234,48.41576763951225,46.91578119475062,51.90368810155007,38.20817942894004,46.524983373947336,49.188812425821915,45.45153260644807,46.562567997833625,48.73689227343911,45.776640465224844,45.9902724517707,46.643677191968706,41.14124857148495,32.34858371105117,48.2065992881043,41.526289574414356,42.130197633818426,46.503481151932746,46.155265569997255,40.87715461523488,47.034215456874456,49.9343086350832
Bulgarian,42.18408945334954,43.1444940974602,47.88479773585885,43.54177328961298,41.094034719831704,0,42.310011990227515,37.17537072063404,40.805824865949724,41.718020369724826,43.38198933030049,43.54773341482618,42.042687986484815,41.666957688541125,43.33858280851477,43.42643687574982,43.77690921371269,44.02992460450628,43.5377071795218,41.85614466855663,45.44313512871577,45.14006541319056,50.379765410386,37.57727186670204,42.92721316631462,45.85138590333889,41.83827475785537,43.057534859043365,46.050344420051445,43.781709100092236,42.76308431253995,43.431715920705024,41.387334707793585,38.90449738557922,44.97195277621291,39.44722451537559,40.598191191345045,42.77200175328531,43.20594139116114,41.48338625511326,43.55363443097527,47.10903452537206
Catalan,41.3256472868638,42.881695907964435,47.24517149617832,42.70253236906889,45.96430110427979,42.310011990227515,0,43.15719588729524,44.07747783744521,40.78332351773487,42.42544547518894,42.8074424048549,39.98092741208915,37.57464525808394,42.785904588213675,42.201806438901286,43.04394275698493,43.20526434784947,42.86399848107046,40.888239823910325,43.055495641196615,44.75027718753302,50.99937339084921,43.37186104992994,42.04961209668694,45.64729558292999,40.91939911006036,42.25754462121321,46.08956229791887,46.446185662253384,38.74933262603255,41.12045162826085,44.47708039105705,43.45978274897981,45.22236359737935,42.51907260707155,42.91056466530117,38.62545338969428,41.83892292141464,44.63630426597172,42.77952635443396,47.45593132420475
Croatian,42.799785609838146,43.69242952761661,48.01198205017788,44.666741886293586,36.221134479875076,37.17537072063404,43.15719588729524,0,40.935033914488415,42.56252858749152,43.94278092492683,44.02439445055541,42.74838337703156,42.58440217654534,43.86413834924278,44.30822192702228,44.34219019111029,45.23508178383586,44.491523153713146,42.59706294442106,45.95371121722083,45.27178767623864,50.31370747542727,38.568105093135166,43.48169842991373,46.556058828692905,42.80596812936882,43.52653121930672,46.750747220287195,43.493423913418965,43.49310164798538,44.00003152251687,41.1497238921997,34.121841187616,46.136376008498594,38.95392968956658,38.71748502883803,43.82782307476592,44.1297868532199,40.604091939135685,44.54259222014876,47.900650044512666
Czech,43.31361058708806,44.96581722079745,48.683259750686,45.10138784803839,43.68763462156883,40.805824865949724,44.07747783744521,40.935033914488415,0,42.8543939913573,45.02840261183,45.295116461242515,43.40346514162404,43.10870255426681,44.80365342333873,45.11309872743883,45.45836194981586,45.93208132980892,44.71858970901981,42.992028592879144,47.56718340541542,45.71165771457517,52.0105347785684,42.541460172699054,44.780427664976074,47.050084144291155,43.044020414280446,44.29084853625546,47.30403590007798,43.69073424328424,44.19683346374267,44.81345749152956,42.00142791567732,41.51078054889787,46.44430687876903,36.366779804334556,42.617111161139924,44.78792812292358,44.85330689042698,42.57215173985379,45.308055961720406,48.598006260660696
Danish,38.63153050410623,42.52940210871746,46.68851481375593,42.30993502062321,45.33387308852295,41.718020369724826,40.78332351773487,42.56252858749152,42.8543939913573,0,40.29847364241141,40.3794667746874,40.105726833589074,40.2930443726475,39.842068122850975,42.186201608312444,42.229462262759675,42.75321798819913,40.134965058279,39.05901633615901,45.413246360313316,44.9314291258825,50.81039818524524,42.830719439880255,41.383377639055794,44.28834040586619,36.12351794318764,40.844580905262134,44.99128703880449,46.13616151273882,41.69844238148051,42.49838046608235,43.661431727512024,42.718597163199924,44.30892676596023,41.55042151711932,41.90552109597467,42.300195304037324,38.96583607412745,43.650896509261074,41.7977164355802,45.95263793806276
Dutch,33.55662691911483,43.75860859551667,47.10078182562367,43.40893632798571,46.46117315836814,43.38198933030049,42.42544547518894,43.94278092492683,45.02840261183,40.29847364241141,0,41.72824203494723,42.09929090828494,42.96548749177685,39.16825289322478,43.29941958063279,43.31598876648685,43.403276526205396,41.7167728915461,41.70913215642115,46.325545549712004,45.66225766394783,51.13282806947949,44.22511402940016,42.87251039131503,46.18617219100982,40.8315571866618,43.023464244553665,46.37549402179306,46.59480876963543,43.08636402688549,43.8946184590614,45.17099661137877,44.27420196584951,45.82008581093018,43.8043958547999,44.21881444075055,44.076974283513565,40.33569799970881,45.439745129764994,43.709184785483636,47.60565467575507
English,40.53089673568294,44.568154706981844,47.84955342754858,44.149268105323,47.292765597445616,43.54773341482618,42.8074424048549,44.02439445055541,45.295116461242515,40.3794667746874,41.72824203494723,0,42.61386941953513,43.288306230041535,42.18921865328849,44.31031742844095,43.83795086574896,45.329533396776604,43.70081557594831,41.17117986968832,46.579581651008645,45.74508185392996,52.08498211388238,45.07814373856031,43.12229845578432,46.44911960347809,41.61010493518399,43.77576234539188,47.2828193578953,47.851956197873406,43.264999587469305,44.715883839220865,45.597145627018165,44.56811185811167,46.654456326094454,43.529977010835346,44.56645744965103,44.29165730188957,42.424293761748054,45.60917921778534,44.41973292003261,47.148366365791155
French,40.63647819567829,41.973425624596416,46.62552957989009,42.11135827197043,45.390104937106976,42.042687986484815,39.98092741208915,42.74838337703156,43.40346514162404,40.105726833589074,42.09929090828494,42.61386941953513,0,39.805439226141075,41.71381701049425,42.39171795015381,42.54574053435597,43.07110083994196,42.71928701909647,39.878943698193765,43.65280685386264,44.613071491422815,50.533754949388836,43.067414095475236,41.40945008938333,44.8295372852657,40.65981037845128,41.44499476669362,45.374976822977736,45.88603752467923,40.649944917496384,42.114455258969876,43.925600343766355,42.81216672969794,44.92984182409518,41.85418921896055,42.54605489019581,41.05226495869341,41.998880444007035,44.09655147299406,42.63721050190213,46.60182802011156
Galician,40.76157213234864,42.07574638642854,46.845830562058154,42.63309309739227,45.19866708052662,41.666957688541125,37.57464525808394,42.58440217654534,43.10870255426681,40.2930443726475,42.96548749177685,43.288306230041535,39.805439226141075,0,42.76908916299567,42.82225227434419,43.27180796460995,43.66627559075795,42.17126902198441,39.99927629449898,42.23131504066376,44.93643424519482,50.939667618979286,42.943226400012755,42.25930044031642,44.83640377335282,40.282519594353886,41.46353660357952,45.10534885018449,46.55680195881756,36.73698789717726,41.56602438696177,44.061473830544834,42.86211316915993,44.23830098795143,41.831895439073314,42.35558060297617,33.573414524344194,42.21951964386511,44.10570198044866,42.881135141301925,46.57646689063166
German,39.879788724818596,43.7076958422693,47.282730129859075,43.495869238753606,46.542851739108336,43.33858280851477,42.785904588213675,43.86413834924278,44.80365342333873,39.842068122850975,39.16825289322478,42.18921865328849,41.71381701049425,42.76908916299567,0,43.22372717858429,43.78107911587986,44.14421302097867,42.16901082481365,41.70769458663811,45.41598545476494,45.41682827041423,51.34196307927093,44.4304163823962,43.08310549008752,46.081272540893,41.297959539198246,43.536090157922224,46.257162857365465,46.64017528588867,43.46626058797902,43.912639666790895,45.34211969032592,44.247534749064485,46.11734505736529,43.26905905559342,43.98736694548329,43.88248456926295,40.61527363933731,45.318658941383674,43.974524528506116,47.33416653512915
Greek,42.53684313886122,43.82518019758144,47.5649925763651,43.16229330716599,47.07426611178081,43.42643687574982,42.201806438901286,44.30822192702228,45.11309872743883,42.186201608312444,43.29941958063279,44.31031742844095,42.39171795015381,42.82225227434419,43.22372717858429,0,43.31274993552432,43.65009388443181,43.477074726865816,41.99611590143982,45.994852801046676,45.87626498027181,51.28797704682882,44.39274466075149,42.97274538221434,45.776425317004595,42.987144048127604,43.15869727557128,46.800191490807975,47.44834215219381,43.32167078058575,44.05460799889531,45.09062884410688,44.50004464007219,44.910525052313446,43.62268116802449,44.3388362182354,43.30484298470735,43.03326407742331,45.370053323852986,43.40581755813448,47.38143705949825
Gujarati,42.40942449051159,44.62159575249212,48.42786137435111,40.503017342968896,47.33168065458699,43.77690921371269,43.04394275698493,44.34219019111029,45.45836194981586,42.229462262759675,43.31598876648685,43.83795086574896,42.54574053435597,43.27180796460995,43.78107911587986,43.31274993552432,0,37.75421542246326,44.58781870953928,42.15658087460098,47.441586207298016,46.54154594446689,52.251163184566124,45.102197576129896,35.04192383992853,43.215787894668146,43.098048810085444,42.666141773440586,47.21031157650148,47.97369250424359,44.10978637133942,44.73769546260944,45.86860237942528,44.63126276884347,46.09753506548803,43.96599351441759,44.14598832460819,44.41093836811343,43.80526503192105,46.03915632383495,40.639612558623426,48.31817219220036
Hindi,43.02883887218976,44.69061010781729,48.57077278459385,40.53210715182716,47.81753201586277,44.02992460450628,43.20526434784947,45.23508178383586,45.93208132980892,42.75321798819913,43.403276526205396,45.329533396776604,43.07110083994196,43.66627559075795,44.14421302097867,43.65009388443181,37.75421542246326,0,44.42946650551696,42.86558273802826,47.58301759848783,46.99522622831071,52.51209921554251,44.83026524754798,38.62451670435462,43.106226636677626,43.33925383596011,43.04303377904181,46.627224510413754,48.10220205666481,44.18610083437041,44.72467787630566,46.49523231740628,45.48027023931638,45.28679585053353,44.51222930937693,45.153297265060885,44.3425309891214,43.590364013599086,46.61507767104165,37.26588959790497,48.94040552937516
Icelandic,40.01989003833107,43.79230428408567,46.61939377322505,43.6990999331235,46.19230608399316,43.5377071795218,42.86399848107046,44.491523153713146,44.71858970901981,40.134965058279,41.7167728915461,43.70081557594831,42.71928701909647,42.17126902198441,42.16901082481365,43.477074726865816,44.58781870953928,44.42946650551696,0,41.86674191120501,46.880174213224564,45.3621348327583,50.5900617419127,44.065209331102686,43.78433980837384,46.56779963421291,40.12395504949306,43.2941381120236,45.77210518462646,47.08266106123176,43.21619055871517,44.285875045678154,44.92443160742425,44.31669052361804,44.971232532784505,43.677529221765234,44.85208024558769,44.07967033044629,40.10181006541802,45.29377931324375,43.91179059655083,47.37919002376686
Irish,39.59396886644787,41.92555656812269,46.26133822701995,41.949038320923734,45.721308455922234,41.85614466855663,40.888239823910325,42.59706294442106,42.992028592879144,39.05901633615901,41.70913215642115,41.17117986968832,39.878943698193765,39.99927629449898,41.70769458663811,41.99611590143982,42.15658087460098,42.86558273802826,41.86674191120501,0,46.013078009942895,44.823593637162766,50.837834091595774,42.80158169898258,41.105058781837215,44.06393846776028,39.38073122519057,40.18048592497241,44.96490643574427,46.139337527688745,41.33257059403483,42.560692695791126,43.87159230752105,42.99296842544049,44.12088241746713,41.28835612407459,41.93770853559007,42.09263073051978,41.32218286789482,44.13076634004123,42.158694896909374,45.373040488102
Italian,46.38118502652758,46.41853498086531,50.17469644451019,46.65486799184553,48.41576763951225,45.44313512871577,43.055495641196615,45.95371121722083,47.56718340541542,45.413246360313316,46.325545549712004,46.579581651008645,43.65280685386264,42.23131504066376,45.41598545476494,45.994852801046676,47.441586207298016,47.58301759848783,46.880174213224564,46.013078009942895,0,48.924799643287905,53.2214927718827,46.38665430211882,46.5977327310226,48.390212153920096,46.944080605692385,47.24348104553874,49.389261102138725,48.72236812187282,43.184732453611794,44.699798308645626,47.59039587036012,46.3926354396676,48.02401130988584,46.426394473097496,47.217621064597985,41.79711286297888,46.05090211730757,47.11586462610705,46.99887635571782,48.20100827236888
Latvian,44.11354548453785,45.79641814440643,48.56167577060421,46.11585346696125,46.91578119475062,45.14006541319056,44.75027718753302,45.27178767623864,45.71165771457517,44.9314291258825,45.66225766394783,45.74508185392996,44.613071491422815,44.93643424519482,45.41682827041423,45.87626498027181,46.54154594446689,46.99522622831071,45.3621348327583,44.823593637162766,48.924799643287905,0,47.82772359317989,45.55415833268567,45.81611820909649,49.055022318992535,44.71318774828969,46.024126884027424,48.4923159390426,47.350164050024226,44.74289680815959,46.19932242081304,45.52059606139848,45.136914693549755,47.95225857806961,44.45744438916585,45.59893186255763,46.354382013845765,45.30574452482115,46.39843642860007,46.260533457765,49.66549670306655
Lithuanian,50.486458261703795,51.529923610620926,52.91753990060468,51.71942186265108,51.90368810155007,50.379765410386,50.99937339084921,50.31370747542727,52.0105347785684,50.81039818524524,51.13282806947949,52.08498211388238,50.533754949388836,50.939667618979286,51.34196307927093,51.28797704682882,52.251163184566124,52.51209921554251,50.5900617419127,50.837834091595774,53.2214927718827,47.82772359317989,0,51.00592490675516,52.13973936125725,53.453434221669525,51.079936711132746,51.59324778475359,53.0910575880254,52.43455847550477,51.26057869558486,51.506586508355504,51.392524235378914,50.57691453113165,52.68487356702846,51.462297683856704,51.47939153873238,51.38384256843481,50.820059220309474,51.44889019453086,51.918006245085486,54.274445310830984
Macedonian,43.028489680103526,43.638000592448655,47.814470876006666,44.46911502668554,38.20817942894004,37.57727186670204,43.37186104992994,38.568105093135166,42.541460172699054,42.830719439880255,44.22511402940016,45.07814373856031,43.067414095475236,42.943226400012755,44.4304163823962,44.39274466075149,45.102197576129896,44.83026524754798,44.065209331102686,42.80158169898258,46.38665430211882,45.55415833268567,51.00592490675516,0,43.977502456144926,46.96616073740922,43.075229084405485,44.07769611954331,46.82714433214478,44.69132297448644,43.640333918837946,44.37240281491797,39.99899259382228,34.98567568472101,45.64469693765048,40.25276416474028,41.32220166060952,43.89871711044034,43.92377181223175,39.991637703166305,44.04099671643738,48.20915845657743
Marathi,41.71888024924149,43.50683877084862,47.933279814453925,40.39493949775419,46.524983373947336,42.92721316631462,42.04961209668694,43.48169842991373,44.780427664976074,41.383377639055794,42.87251039131503,43.12229845578432,41.40945008938333,42.25930044031642,43.08310549008752,42.97274538221434,35.04192383992853,38.62451670435462,43.78433980837384,41.105058781837215,46.5977327310226,45.81611820909649,52.13973936125725,43.977502456144926,0,43.417205637961814,42.07331464171285,41.9723058262588,46.49054086842482,47.28479758629666,43.063274912261484,43.63273535746284,44.78747904677194,43.778200722883774,45.32772992405745,42.91714708275778,43.276237109681276,43.41251768335934,43.33365769581967,44.8763877601823,40.79430225773285,47.66067417900895
Nepali,44.823015229207115,46.0602446248876,50.31846649469453,41.89331396321703,49.188812425821915,45.85138590333889,45.64729558292999,46.556058828692905,47.050084144291155,44.28834040586619,46.18617219100982,46.44911960347809,44.8295372852657,44.83640377335282,46.081272540893,45.776425317004595,43.215787894668146,43.106226636677626,46.56779963421291,44.06393846776028,48.390212153920096,49.055022318992535,53.453434221669525,46.96616073740922,43.417205637961814,0,45.203033865454564,44.14990769720492,48.022618926264975,49.74404857447151,46.16368722236326,46.79962346255559,48.21197191694114,46.956552590389315,46.588495263883246,46.09697642235586,46.34601385069475,46.04568409302618,46.03858827392687,47.9925454480858,42.41549485661226,49.07885351065431
Norwegian,38.80285463741646,42.715069561184656,47.38019472060525,42.733014896314465,45.45153260644807,41.83827475785537,40.91939911006036,42.80596812936882,43.044020414280446,36.12351794318764,40.8315571866618,41.61010493518399,40.65981037845128,40.282519594353886,41.297959539198246,42.987144048127604,43.098048810085444,43.33925383596011,40.12395504949306,39.38073122519057,46.944080605692385,44.71318774828969,51.079936711132746,43.075229084405485,42.07331464171285,45.203033865454564,0,40.98938275979511,45.23273073373457,46.01266654324268,42.262708314775495,42.756227041606195,43.90525767690432,42.945120465757235,44.70425681836696,41.60926962762784,41.3433761337911,42.65572834673424,36.88277483309721,43.91323999343926,42.379502059772655,47.64444309434734
Pashto,40.84865364010317,43.37803970213583,47.19437334338231,42.636043043276146,46.562567997833625,43.057534859043365,42.25754462121321,43.52653121930672,44.29084853625546,40.844580905262134,43.023464244553665,43.77576234539188,41.44499476669362,41.46353660357952,43.536090157922224,43.15869727557128,42.666141773440586,43.04303377904181,43.2941381120236,40.18048592497241,47.24348104553874,46.024126884027424,51.59324778475359,44.07769611954331,41.9723058262588,44.14990769720492,40.98938275979511,0,43.991001634528686,47.40303277666633,42.92311265090448,43.65316994081744,44.95412261726002,43.69235155635432,44.614828938953956,42.953524274712386,42.91722653918063,43.59586593928965,42.921299959326404,45.12277999126655,41.879846911265815,47.55589308499465
Persian,45.1861944942553,46.089500158105174,48.82066614429018,46.15611456046515,48.73689227343911,46.050344420051445,46.08956229791887,46.750747220287195,47.30403590007798,44.99128703880449,46.37549402179306,47.2828193578953,45.374976822977736,45.10534885018449,46.257162857365465,46.800191490807975,47.21031157650148,46.627224510413754,45.77210518462646,44.96490643574427,49.389261102138725,48.4923159390426,53.0910575880254,46.82714433214478,46.49054086842482,48.022618926264975,45.23273073373457,43.991001634528686,0,49.42611466449093,46.37024098805219,46.85897319153768,47.95993352390296,46.92652196224524,47.44297712083628,46.04020375408856,47.135903435260424,47.00995978271449,45.80542646263098,47.73086145670534,45.09732652900548,49.90700998061404
Polish,46.01292211934373,47.279622743838544,50.337776466274974,47.092693892757914,45.776640465224844,43.781709100092236,46.446185662253384,43.493423913418965,43.69073424328424,46.13616151273882,46.59480876963543,47.851956197873406,45.88603752467923,46.55680195881756,46.64017528588867,47.44834215219381,47.97369250424359,48.10220205666481,47.08266106123176,46.139337527688745,48.72236812187282,47.350164050024226,52.43455847550477,44.69132297448644,47.28479758629666,49.74404857447151,46.01266654324268,47.40303277666633,49.42611466449093,0,46.36537770654364,47.049147669930065,44.21541614500449,44.17897466616862,49.136296149235356,41.770923503824555,45.13693773127983,47.29011142746298,46.144176339197145,44.06842422064441,47.63728079273071,50.84791240220845
Portuguese,41.92290389302534,43.31381854497642,47.20098226917104,43.18086018029656,45.9902724517707,42.76308431253995,38.74933262603255,43.49310164798538,44.19683346374267,41.69844238148051,43.08636402688549,43.264999587469305,40.649944917496384,36.73698789717726,43.46626058797902,43.32167078058575,44.10978637133942,44.18610083437041,43.21619055871517,41.33257059403483,43.184732453611794,44.74289680815959,51.26057869558486,43.640333918837946,43.063274912261484,46.16368722236326,42.262708314775495,42.92311265090448,46.37024098805219,46.36537770654364,0,42.32158594602844,44.52124996433631,43.89192599984428,45.31916519191014,42.79921715738325,43.83227791649851,37.82279348812157,42.872713326536235,44.95607232413377,43.59067280062864,47.0839673959795
Romanian,42.72302338318759,44.04363295982018,48.15384069757615,44.199680689765316,46.643677191968706,43.431715920705024,41.12045162826085,44.00003152251687,44.81345749152956,42.49838046608235,43.8946184590614,44.715883839220865,42.114455258969876,41.56602438696177,43.912639666790895,44.05460799889531,44.73769546260944,44.72467787630566,44.285875045678154,42.560692695791126,44.699798308645626,46.19932242081304,51.506586508355504,44.37240281491797,43.63273535746284,46.79962346255559,42.756227041606195,43.65316994081744,46.85897319153768,47.049147669930065,42.32158594602844,0,45.317097122336406,44.47643555338111,46.53651903678797,43.66158859765952,44.15692074380551,42.81848916482486,43.60089879121254,45.42760291504979,44.51563617910523,48.09940378948018
Russian,43.78645366152875,44.61763450166794,48.64732940463753,45.445451639622846,41.14124857148495,41.387334707793585,44.47708039105705,41.1497238921997,42.00142791567732,43.661431727512024,45.17099661137877,45.597145627018165,43.925600343766355,44.061473830544834,45.34211969032592,45.09062884410688,45.86860237942528,46.49523231740628,44.92443160742425,43.87159230752105,47.59039587036012,45.52059606139848,51.392524235378914,39.99899259382228,44.78747904677194,48.21197191694114,43.90525767690432,44.95412261726002,47.95993352390296,44.21541614500449,44.52124996433631,45.317097122336406,0,39.27991071067822,46.73363973767703,40.08373323961841,42.762272653840746,45.199937587274654,44.824725473712306,37.891429441398984,45.7155748326997,49.046915518006834
Serbian,42.88811512138518,43.681296061512235,47.92026180553034,44.5583351119211,32.34858371105117,38.90449738557922,43.45978274897981,34.121841187616,41.51078054889787,42.718597163199924,44.27420196584951,44.56811185811167,42.81216672969794,42.86211316915993,44.247534749064485,44.50004464007219,44.63126276884347,45.48027023931638,44.31669052361804,42.99296842544049,46.3926354396676,45.136914693549755,50.57691453113165,34.98567568472101,43.778200722883774,46.956552590389315,42.945120465757235,43.69235155635432,46.92652196224524,44.17897466616862,43.89192599984428,44.47643555338111,39.27991071067822,0,46.09086947624682,38.78792816275901,38.8937041438943,44.32118061325757,44.15725150855329,38.94089173591414,44.503094580426094,48.05607923930287
Sinhala,44.72378399981626,44.82042087265629,48.66559012820104,44.90044239078507,48.2065992881043,44.97195277621291,45.22236359737935,46.136376008498594,46.44430687876903,44.30892676596023,45.82008581093018,46.654456326094454,44.92984182409518,44.23830098795143,46.11734505736529,44.910525052313446,46.09753506548803,45.28679585053353,44.971232532784505,44.12088241746713,48.02401130988584,47.95225857806961,52.68487356702846,45.64469693765048,45.32772992405745,46.588495263883246,44.70425681836696,44.614828938953956,47.44297712083628,49.136296149235356,45.31916519191014,46.53651903678797,46.73363973767703,46.09086947624682,0,45.66322349428927,46.533564392660395,45.626221471379395,45.21344817452252,47.01718521888668,44.75153482968628,48.749960771723615
Slovak,41.84463384933408,43.450014552534654,47.826746791724645,43.928373584166565,41.526289574414356,39.44722451537559,42.51907260707155,38.95392968956658,36.366779804334556,41.55042151711932,43.8043958547999,43.529977010835346,41.85418921896055,41.831895439073314,43.26905905559342,43.62268116802449,43.96599351441759,44.51222930937693,43.677529221765234,41.28835612407459,46.426394473097496,44.45744438916585,51.462297683856704,40.25276416474028,42.91714708275778,46.09697642235586,41.60926962762784,42.953524274712386,46.04020375408856,41.770923503824555,42.79921715738325,43.66158859765952,40.08373323961841,38.78792816275901,45.66322349428927,0,40.49853563689977,43.59147137759801,43.19467491051769,40.685370471217475,44.00743096949775,47.99815702850594
Slovenian,42.65650010962381,44.15502777174076,48.931994240746576,44.06171527911783,42.130197633818426,40.598191191345045,42.91056466530117,38.71748502883803,42.617111161139924,41.90552109597467,44.21881444075055,44.56645744965103,42.54605489019581,42.35558060297617,43.98736694548329,44.3388362182354,44.14598832460819,45.153297265060885,44.85208024558769,41.93770853559007,47.217621064597985,45.59893186255763,51.47939153873238,41.32220166060952,43.276237109681276,46.34601385069475,41.3433761337911,42.91722653918063,47.135903435260424,45.13693773127983,43.83227791649851,44.15692074380551,42.762272653840746,38.8937041438943,46.533564392660395,40.49853563689977,0,43.99630705380636,43.93898547305836,42.79764372229612,43.89702170484136,48.612493677335586
Spanish,43.11501154045842,43.713684775344305,48.01287547746396,43.55040697927791,46.503481151932746,42.77200175328531,38.62545338969428,43.82782307476592,44.78792812292358,42.300195304037324,44.076974283513565,44.29165730188957,41.05226495869341,33.573414524344194,43.88248456926295,43.30484298470735,44.41093836811343,44.3425309891214,44.07967033044629,42.09263073051978,41.79711286297888,46.354382013845765,51.38384256843481,43.89871711044034,43.41251768335934,46.04568409302618,42.65572834673424,43.59586593928965,47.00995978271449,47.29011142746298,37.82279348812157,42.81848916482486,45.199937587274654,44.32118061325757,45.626221471379395,43.59147137759801,43.99630705380636,0,43.54670034758682,45.02926472620608,43.87203183118143,47.73915926771399
Swedish,39.904279275953805,43.60640863214568,46.99588181759438,43.4224053561385,46.155265569997255,43.20594139116114,41.83892292141464,44.1297868532199,44.85330689042698,38.96583607412745,40.33569799970881,42.424293761748054,41.998880444007035,42.21951964386511,40.61527363933731,43.03326407742331,43.80526503192105,43.590364013599086,40.10181006541802,41.32218286789482,46.05090211730757,45.30574452482115,50.820059220309474,43.92377181223175,43.33365769581967,46.03858827392687,36.88277483309721,42.921299959326404,45.80542646263098,46.144176339197145,42.872713326536235,43.60089879121254,44.824725473712306,44.15725150855329,45.21344817452252,43.19467491051769,43.93898547305836,43.54670034758682,0,45.02896634441892,43.2064242042065,47.25594181537071
Ukrainian,44.12803726879494,44.532852630024664,48.86656170833139,45.828406868764496,40.87715461523488,41.48338625511326,44.63630426597172,40.604091939135685,42.57215173985379,43.650896509261074,45.439745129764994,45.60917921778534,44.09655147299406,44.10570198044866,45.318658941383674,45.370053323852986,46.03915632383495,46.61507767104165,45.29377931324375,44.13076634004123,47.11586462610705,46.39843642860007,51.44889019453086,39.991637703166305,44.8763877601823,47.9925454480858,43.91323999343926,45.12277999126655,47.73086145670534,44.06842422064441,44.95607232413377,45.42760291504979,37.891429441398984,38.94089173591414,47.01718521888668,40.685370471217475,42.79764372229612,45.02926472620608,45.02896634441892,0,45.8682702237125,48.93906503989428
Urdu,42.74070419307101,44.07282839919614,47.92345954564638,39.833395630324354,47.034215456874456,43.55363443097527,42.77952635443396,44.54259222014876,45.308055961720406,41.7977164355802,43.709184785483636,44.41973292003261,42.63721050190213,42.881135141301925,43.974524528506116,43.40581755813448,40.639612558623426,37.26588959790497,43.91179059655083,42.158694896909374,46.99887635571782,46.260533457765,51.918006245085486,44.04099671643738,40.79430225773285,42.41549485661226,42.379502059772655,41.879846911265815,45.09732652900548,47.63728079273071,43.59067280062864,44.51563617910523,45.7155748326997,44.503094580426094,44.75153482968628,44.00743096949775,43.89702170484136,43.87203183118143,43.2064242042065,45.8682702237125,0,47.49761320843643
Welsh,46.88304718074263,47.502644785431386,50.507424893134264,48.03292231038901,49.9343086350832,47.10903452537206,47.45593132420475,47.900650044512666,48.598006260660696,45.95263793806276,47.60565467575507,47.148366365791155,46.60182802011156,46.57646689063166,47.33416653512915,47.38143705949825,48.31817219220036,48.94040552937516,47.37919002376686,45.373040488102,48.20100827236888,49.66549670306655,54.274445310830984,48.20915845657743,47.66067417900895,49.07885351065431,47.64444309434734,47.55589308499465,49.90700998061404,50.84791240220845,47.0839673959795,48.09940378948018,49.046915518006834,48.05607923930287,48.749960771723615,47.99815702850594,48.612493677335586,47.73915926771399,47.25594181537071,48.93906503989428,47.49761320843643,0
