,Afrikaans,Albanian,Armenian,Bengali,Bosnian,Bulgarian,Catalan,Croatian,Czech,Danish,Dutch,English,French,Galician,German,Greek,Gujarati,Hindi,Icelandic,Irish,Italian,Latvian,Lithuanian,Macedonian,Marathi,Nepali,Norwegian,Pashto,Persian,Polish,Portuguese,Romanian,Russian,Serbian,Sinhala,Slovak,Slovenian,Spanish,Swedish,Ukrainian,Urdu,Welsh
Afrikaans,0,0.24060843834243395,0.19814434433395386,0.29182695218557664,0.2162842501013047,0.25110106660528997,0.2909421122968284,0.23281375031189167,0.23598079408179026,0.2407534286112239,0.1818919837868453,0.21571221584078273,0.2532392275686634,0.24981810764089252,0.2314835884690858,0.24364588916642219,0.2910569713265025,0.28165007808563475,0.21765140309278702,0.2651224950713227,0.2074682793536171,0.2417247295354198,0.2178321147314231,0.24114078024456384,0.28343634530681877,0.2065080713212153,0.2525920211598313,0.23825039915735574,0.2163684950336569,0.22285311281839473,0.23743353210037715,0.24033291047417474,0.22940734607495433,0.24065364615402246,0.21324927152808343,0.24660397106583357,0.24847238657949486,0.23119613373773415,0.2373000080638051,0.22891616547592994,0.2505271286969809,0.18826852649765805
Albanian,0.24060843834243395,0,0.19924461148749187,0.26234683235024214,0.2212123494234414,0.2377279618913399,0.2614804442209599,0.2209022499719373,0.23383155265430522,0.24710014070413758,0.23130230486467307,0.2408590239663473,0.22893669674775316,0.2225173395595767,0.2495229227960281,0.22595490133340662,0.27299452962598364,0.26778897393777396,0.23339484969141944,0.23566071389361923,0.2005147570660097,0.24658921438669482,0.2180642342360042,0.23196521073465864,0.2540326742883216,0.1995889027515742,0.2678215180901572,0.21855945550182004,0.2119948760097617,0.22125778837032983,0.21841427060504381,0.2290251054039585,0.22743397244525473,0.23555484946064975,0.18373061286169615,0.2360943990299802,0.23836964285877324,0.21307621549365674,0.24861261135945284,0.22142423676782802,0.22744358738507078,0.1925877996311529
Armenian,0.19814434433395386,0.19924461148749187,0,0.2274010313072094,0.2024455621578969,0.2035125789534146,0.2241012141356823,0.1946916931271933,0.20714121084720258,0.20349601106322746,0.20430870480107335,0.20998415639907464,0.19987635140552626,0.1974487640313476,0.20765111911886772,0.1885967790400707,0.23786467892442908,0.23004113865618764,0.19130065466986665,0.19884251867589864,0.1899449882224328,0.2192275656711931,0.21421483078497214,0.20660917080759938,0.21967197313163125,0.1913120637061321,0.21053227489118598,0.19110387378257726,0.19287267901993274,0.207069048910141,0.19996990707167817,0.19884906025618979,0.20125440894549843,0.2068478800771105,0.18530285971935814,0.1991911404408384,0.2092302104712651,0.19696045827469408,0.21170814242248095,0.2012269153870414,0.2073061295114394,0.18331342271750278
Bengali,0.29182695218557664,0.26234683235024214,0.2274010313072094,0,0.23958641022505095,0.26266036020019307,0.2902844541360231,0.24762779096971219,0.2597939957589334,0.2814201416542515,0.2723700290069116,0.2682643514042048,0.27279460740462996,0.2678810645713321,0.27782542898179363,0.25551533778776997,0.2575191354657596,0.249537139766001,0.2701253096070181,0.28301919781211293,0.22712431876704964,0.27029235526909445,0.23755112442125237,0.2525132437184151,0.2540664311394365,0.19486541215764538,0.3047349438159758,0.2643412249094977,0.24719477436214618,0.24063429654563379,0.258744800796242,0.25879687210662955,0.2538168215967116,0.2582391923748428,0.23147833916168062,0.25881828764791115,0.2624612223446953,0.2490724513034481,0.27395321574151155,0.2413892114249162,0.2296664534495838,0.22096808780057794
Bosnian,0.2162842501013047,0.2212123494234414,0.2024455621578969,0.23958641022505095,0,0.17555147896369697,0.24505591213401734,0.13797397196405017,0.17503097889060473,0.21750169936175803,0.2173461480555892,0.22653522209770927,0.21239093233837272,0.21895082873818975,0.22055825313161928,0.2083866756969877,0.2483042083005366,0.24699397869942435,0.21200453320056964,0.2254214942184535,0.19579301043903324,0.20472155430325065,0.1920350338202772,0.1564529544436184,0.239377402791162,0.19737358984208403,0.22866427418414625,0.21455606924612625,0.20724873898697974,0.16624129571790527,0.21252011200488624,0.2078083892015681,0.15982935302208676,0.1168716795666663,0.20543195357595329,0.1648225059585039,0.17268619303296212,0.20982723724625466,0.22928516746228367,0.15722785494638722,0.2215929571282815,0.19615443277013678
Bulgarian,0.25110106660528997,0.2377279618913399,0.2035125789534146,0.26266036020019307,0.17555147896369697,0,0.26312892694295587,0.16769366370076416,0.2025526165974044,0.2489770735834009,0.233757498969784,0.2394644510749156,0.23732820215026726,0.23721603177576317,0.24689006837929195,0.22360564232919292,0.2707600958419368,0.26605719424025226,0.23478317776666358,0.24697141329948227,0.19144394579007137,0.23597977560264852,0.20503227906361043,0.1721616870342039,0.26328330288763235,0.207327570605743,0.27356088103211174,0.23680742126669552,0.220479515256724,0.18436816430215822,0.22737159453369074,0.22733848477913915,0.18749637323624394,0.18335228650814833,0.20953701746640999,0.1991488436771638,0.2040036291147041,0.21335602850089994,0.25128580842259024,0.18516755414895555,0.23085126785833898,0.1857038985468002
Catalan,0.2909421122968284,0.2614804442209599,0.2241012141356823,0.2902844541360231,0.24505591213401734,0.26312892694295587,0,0.24821839357764267,0.2600708317673185,0.28287087977819503,0.2629677445806332,0.2600912999486048,0.2463127535108713,0.22430394266194317,0.27356459418321016,0.2537203324563211,0.30480786684830624,0.29976083511099544,0.2625615036925313,0.2800406137495495,0.18966849272931133,0.27327642866099516,0.22833366439180616,0.25685336518447366,0.2897435258693814,0.2335243065545644,0.29320589765980526,0.2745066132652247,0.24475700028514627,0.2354928442669912,0.21546132555389383,0.23359446084243946,0.251171924863548,0.2639275912271814,0.23883925577564047,0.2608341617749427,0.2706864904121885,0.2008102084213147,0.27412015443011656,0.2417837391949011,0.2708560052018816,0.21486482607272264
Croatian,0.23281375031189167,0.2209022499719373,0.1946916931271933,0.24762779096971219,0.13797397196405017,0.16769366370076416,0.24821839357764267,0,0.175183144866023,0.22323789294025714,0.2189394053023322,0.2276560803745428,0.215348335920204,0.21810475122068054,0.2326107734553136,0.20433175214097185,0.25918003056523936,0.2573777812334549,0.22077612523214166,0.226674565104665,0.18317688429180706,0.22529880567600438,0.19579479064966593,0.16756689087088397,0.24422863060896513,0.19199931350816257,0.2516104085610166,0.21380299919506143,0.20497467679130477,0.17092038673774423,0.2140025906399623,0.20961682270692517,0.1756231763120311,0.13933533063435,0.1903509127581808,0.17022473648365596,0.1665799193577124,0.1978616819558263,0.23118544879425645,0.16169220919168373,0.21984937183068268,0.17599255521443397
Czech,0.23598079408179026,0.23383155265430522,0.20714121084720258,0.2597939957589334,0.17503097889060473,0.2025526165974044,0.2600708317673185,0.175183144866023,0,0.23119370737573944,0.22573060527399244,0.22970032705525406,0.2244078071035454,0.2337260198603925,0.24684175649064144,0.22244109781493374,0.2671413472324993,0.2656389811192233,0.22832863679292514,0.23842895161959912,0.2031286102033875,0.22078459516250934,0.20565049580559588,0.19865085618917025,0.2573895150773947,0.20363065966384647,0.2566765635021047,0.22440672860947738,0.21521151282475764,0.17761941984757648,0.22303792864049796,0.2265715116887373,0.18439545007545927,0.18400793635055984,0.20717704563519854,0.1603705794580208,0.19414817245759322,0.2106041259760808,0.24274353042253277,0.1737100776411409,0.22749773697261816,0.18614851323629045
Danish,0.2407534286112239,0.24710014070413758,0.20349601106322746,0.2814201416542515,0.21750169936175803,0.2489770735834009,0.28287087977819503,0.22323789294025714,0.23119370737573944,0,0.22095495698463055,0.20739599713989657,0.2400809349795177,0.2464961074888063,0.22351875579663225,0.22665451215863433,0.2894900995837339,0.27213376614955714,0.20469227909255922,0.25083538661553545,0.19899071676652166,0.2505845842377019,0.22313358103557723,0.2417209999803678,0.2803773435667017,0.199860345973998,0.23710667378730893,0.24262057162730685,0.2199044070509557,0.21701077987945097,0.2245488094806304,0.2336712022496572,0.23024708692203438,0.24201007753241338,0.21256166717674246,0.23607288559599426,0.24314943657682708,0.21397661079399716,0.2191741667551281,0.22092865258560399,0.23964619340534882,0.1785493416557346
Dutch,0.1818919837868453,0.23130230486467307,0.20430870480107335,0.2723700290069116,0.2173461480555892,0.233757498969784,0.2629677445806332,0.2189394053023322,0.22573060527399244,0.22095495698463055,0,0.19953005686716416,0.23514332321119255,0.2357396142988292,0.20736782658731573,0.22238668096830996,0.2725632692056165,0.26866885286549336,0.21485842185602688,0.24057282749024617,0.2026369699539921,0.23779625228945936,0.21737857631379778,0.2266532021943506,0.26178005414155253,0.20563248803680276,0.2334304147629393,0.23140486925126377,0.21371303764490845,0.22196660135828894,0.22110462099974626,0.2310024426938547,0.2253741330068362,0.23115758269738668,0.21332890738068908,0.23231684429967592,0.2292692008698609,0.21289422220656787,0.2185310449032727,0.21934084396547182,0.23442482055485261,0.18597785173261208
English,0.21571221584078273,0.2408590239663473,0.20998415639907464,0.2682643514042048,0.22653522209770927,0.2394644510749156,0.2600912999486048,0.2276560803745428,0.22970032705525406,0.20739599713989657,0.19953005686716416,0,0.23134273855955986,0.231134262299856,0.2178349352031437,0.23232645912253896,0.26901605014202906,0.26638666252259685,0.21389697224151685,0.23572928239915825,0.201165873829862,0.2500651676718725,0.2205966081632693,0.2376301416097955,0.25936783128992924,0.20627969932569803,0.22931689721100854,0.23625325934907399,0.218342023715726,0.2207087097874459,0.2202148892803075,0.23177266545066086,0.2306045798545389,0.24200112781231628,0.21946056532834338,0.23366729151696983,0.24248922812565255,0.2183997609195298,0.22161584140170934,0.22589507110629556,0.23695703851380487,0.18797572906118729
French,0.2532392275686634,0.22893669674775316,0.19987635140552626,0.27279460740462996,0.21239093233837272,0.23732820215026726,0.2463127535108713,0.215348335920204,0.2244078071035454,0.2400809349795177,0.23514332321119255,0.23134273855955986,0,0.2186112540266877,0.2502847810582415,0.2151403922152294,0.2829853010212781,0.26952067678058145,0.23374243373187809,0.24352857835353536,0.17424960953807164,0.24024981328739983,0.2207266009329436,0.23087743956617307,0.2627401104881728,0.19368134165857182,0.2709170408000921,0.2285632514609759,0.21811366107203498,0.21439588367025186,0.20450383755407203,0.21590472100108335,0.22254523643824176,0.23328138006601581,0.20309014212238993,0.23289974844004657,0.2287314397118453,0.1891782992342714,0.25427695543377127,0.21380651591105423,0.23218857786226116,0.17497870389935855
Galician,0.24981810764089252,0.2225173395595767,0.1974487640313476,0.2678810645713321,0.21895082873818975,0.23721603177576317,0.22430394266194317,0.21810475122068054,0.2337260198603925,0.2464961074888063,0.2357396142988292,0.231134262299856,0.2186112540266877,0,0.2510698665626051,0.2244083885997145,0.279835553871937,0.26902660742537177,0.22654390497337862,0.2419431179558786,0.16981273252504703,0.2509832883169382,0.22027563439274686,0.22877374465036487,0.26343999390670847,0.19722496805804796,0.2738321206201051,0.22867538348152702,0.2097878711927966,0.21920338468371753,0.17045478746629864,0.21352275942591695,0.22637541020285568,0.2355679424632793,0.19483560236155725,0.2382852872119038,0.24297364261099488,0.14714432430303576,0.24234760226273883,0.22001197633480282,0.2355200109073901,0.1840688042954438
German,0.2314835884690858,0.2495229227960281,0.20765111911886772,0.27782542898179363,0.22055825313161928,0.24689006837929195,0.27356459418321016,0.2326107734553136,0.24684175649064144,0.22351875579663225,0.20736782658731573,0.2178349352031437,0.2502847810582415,0.2510698665626051,0,0.23071149304223126,0.2845333525806869,0.2736716033425626,0.22199162079811288,0.25548308737401376,0.20717884421954902,0.2445213289981435,0.2210819853344476,0.24032168495448503,0.27274741007248904,0.21789674207125084,0.24950172637301435,0.24768338130320558,0.22591120448915777,0.22821530011886465,0.24595594678520266,0.23665913177410255,0.23773599241972937,0.2416359203944747,0.22954216779040446,0.2483692198402376,0.24349284855876396,0.2293874012518676,0.2317662556643548,0.22933211594800593,0.24874862368694514,0.1943850341291214
Greek,0.24364588916642219,0.22595490133340662,0.1885967790400707,0.25551533778776997,0.2083866756969877,0.22360564232919292,0.2537203324563211,0.20433175214097185,0.22244109781493374,0.22665451215863433,0.22238668096830996,0.23232645912253896,0.2151403922152294,0.2244083885997145,0.23071149304223126,0,0.2728145642264981,0.25321267360502786,0.22275150104589012,0.22803282568089675,0.18079264064757017,0.2356538662209266,0.21373223897552293,0.22331532911991028,0.2535390451724807,0.18756987679483625,0.2621346425965048,0.21618450013586282,0.21150215735698769,0.21071467568710694,0.21310413740888692,0.21127008945332235,0.21840412312894358,0.22641953125214206,0.1925056256685379,0.22545331979885486,0.2254118128805896,0.19500182408338915,0.2431310883319289,0.20661853518904402,0.22249532780872278,0.17148545955064198
Gujarati,0.2910569713265025,0.27299452962598364,0.23786467892442908,0.2575191354657596,0.2483042083005366,0.2707600958419368,0.30480786684830624,0.25918003056523936,0.2671413472324993,0.2894900995837339,0.2725632692056165,0.26901605014202906,0.2829853010212781,0.279835553871937,0.2845333525806869,0.2728145642264981,0,0.21512037360225386,0.27773048802594963,0.29737563407375794,0.23501622737981773,0.27798504292690607,0.233873577296186,0.2615890754364797,0.21283898540194596,0.21188975935678864,0.3067097402637604,0.2688659845452834,0.24807076691745122,0.2442838982661533,0.27596169756866895,0.26818961951907,0.26241368917992536,0.26907590551836125,0.24201263300640258,0.2782319775668884,0.27887744093812583,0.26010579230453845,0.28577541590121314,0.2563006186119791,0.23557171991010192,0.23025275404120463
Hindi,0.28165007808563475,0.26778897393777396,0.23004113865618764,0.249537139766001,0.24699397869942435,0.26605719424025226,0.29976083511099544,0.2573777812334549,0.2656389811192233,0.27213376614955714,0.26866885286549336,0.26638666252259685,0.26952067678058145,0.26902660742537177,0.2736716033425626,0.25321267360502786,0.21512037360225386,0,0.26568616120742555,0.28080147221912644,0.22835950789705417,0.27395329954255876,0.2368030229132151,0.2564358177604532,0.22002708245938607,0.1972909480209401,0.2953486093479312,0.25314689038368743,0.24347331111956094,0.24609822805576417,0.2697511060404211,0.2545099933721002,0.25719724307149855,0.27125383863594604,0.23565096616195888,0.2714676089848307,0.27558461237568177,0.2505128905290624,0.2799731078688516,0.2523924118618111,0.1970146824559887,0.21970547226615897
Icelandic,0.21765140309278702,0.23339484969141944,0.19130065466986665,0.2701253096070181,0.21200453320056964,0.23478317776666358,0.2625615036925313,0.22077612523214166,0.22832863679292514,0.20469227909255922,0.21485842185602688,0.21389697224151685,0.23374243373187809,0.22654390497337862,0.22199162079811288,0.22275150104589012,0.27773048802594963,0.26568616120742555,0,0.24064294252085836,0.19708632677788454,0.23261455913855153,0.20634366432376444,0.22828607623653924,0.26337152247466444,0.20958491136936377,0.219990842815045,0.2271927630868288,0.20717521200925978,0.21719715759811284,0.22557316549793466,0.22504034425598463,0.21742465256239105,0.22657509449840527,0.20479224397211568,0.23051305750376572,0.23392784236843,0.2169848918558236,0.2097616241291486,0.2099694359575712,0.23569229632938302,0.18771928687387474
Irish,0.2651224950713227,0.23566071389361923,0.19884251867589864,0.28301919781211293,0.2254214942184535,0.24697141329948227,0.2800406137495495,0.226674565104665,0.23842895161959912,0.25083538661553545,0.24057282749024617,0.23572928239915825,0.24352857835353536,0.2419431179558786,0.25548308737401376,0.22803282568089675,0.29737563407375794,0.28080147221912644,0.24064294252085836,0,0.20465250684592082,0.2531492176127473,0.2267126895236177,0.2382494179594455,0.27740086986875584,0.20195671206112928,0.2946417861755463,0.2312892521479633,0.2179959355809098,0.2241451506095558,0.22041516452998916,0.2378734164468899,0.23493859277382356,0.25020111991092514,0.19907389578987206,0.24526674145678912,0.24605141819615578,0.2050060808513688,0.2533368869350022,0.22662766770287598,0.24012867459929224,0.1743758541943265
Italian,0.2074682793536171,0.2005147570660097,0.1899449882224328,0.22712431876704964,0.19579301043903324,0.19144394579007137,0.18966849272931133,0.18317688429180706,0.2031286102033875,0.19899071676652166,0.2026369699539921,0.201165873829862,0.17424960953807164,0.16981273252504703,0.20717884421954902,0.18079264064757017,0.23501622737981773,0.22835950789705417,0.19708632677788454,0.20465250684592082,0,0.22292293749298484,0.21375796474818964,0.19651449682894698,0.21820575989518673,0.18122093800346817,0.21504508142096473,0.1936940917999129,0.20198871397607884,0.1999687605205122,0.17381104455015933,0.16090958084744508,0.19606851856185845,0.20029267949343815,0.18891449239448013,0.19605451721838474,0.200630833676807,0.15989598345436903,0.21131024497439696,0.19083561962179757,0.20629983529156395,0.16928708251215413
Latvian,0.2417247295354198,0.24658921438669482,0.2192275656711931,0.27029235526909445,0.20472155430325065,0.23597977560264852,0.27327642866099516,0.22529880567600438,0.22078459516250934,0.2505845842377019,0.23779625228945936,0.2500651676718725,0.24024981328739983,0.2509832883169382,0.2445213289981435,0.2356538662209266,0.27798504292690607,0.27395329954255876,0.23261455913855153,0.2531492176127473,0.22292293749298484,0,0.17303741583041293,0.22828467544416345,0.26714748216546924,0.2318983631724384,0.25026150269665726,0.24490846027476135,0.23165132635699953,0.20461320533249996,0.24413836260481966,0.24092516579260584,0.21067335400210838,0.2180133150162581,0.23383881013882274,0.22272161354938627,0.22927186685713954,0.24831466394586718,0.2540116367555907,0.21514289645416368,0.2494893392082027,0.21369428033006585
Lithuanian,0.2178321147314231,0.2180642342360042,0.21421483078497214,0.23755112442125237,0.1920350338202772,0.20503227906361043,0.22833366439180616,0.19579479064966593,0.20565049580559588,0.22313358103557723,0.21737857631379778,0.2205966081632693,0.2207266009329436,0.22027563439274686,0.2210819853344476,0.21373223897552293,0.233873577296186,0.2368030229132151,0.20634366432376444,0.2267126895236177,0.21375796474818964,0.17303741583041293,0,0.20428152741921404,0.23354694120592237,0.22071563409842246,0.21216800137519254,0.21972057138894366,0.20995574698626934,0.19999673786444547,0.22180161377762156,0.2130241483771414,0.1958579466213859,0.19042991956837227,0.21545521893934486,0.2035177713815579,0.20266282445570205,0.21982134149290797,0.219571920563311,0.19232907688554984,0.22496893729484257,0.21662851459063892
Macedonian,0.24114078024456384,0.23196521073465864,0.20660917080759938,0.2525132437184151,0.1564529544436184,0.1721616870342039,0.25685336518447366,0.16756689087088397,0.19865085618917025,0.2417209999803678,0.2266532021943506,0.2376301416097955,0.23087743956617307,0.22877374465036487,0.24032168495448503,0.22331532911991028,0.2615890754364797,0.2564358177604532,0.22828607623653924,0.2382494179594455,0.19651449682894698,0.22828467544416345,0.20428152741921404,0,0.25248915035474956,0.20506045823497226,0.26445950095089993,0.22351018488775612,0.2157505990512208,0.18183328999964551,0.22211306999483413,0.22341811626893943,0.1784307448964496,0.15517722290388544,0.20714465792941544,0.19016190924843077,0.2017572121359995,0.21183445231345155,0.24168282101274358,0.17197270434896866,0.22771383877589255,0.19291415384789815
Marathi,0.28343634530681877,0.2540326742883216,0.21967197313163125,0.2540664311394365,0.239377402791162,0.26328330288763235,0.2897435258693814,0.24422863060896513,0.2573895150773947,0.2803773435667017,0.26178005414155253,0.25936783128992924,0.2627401104881728,0.26343999390670847,0.27274741007248904,0.2535390451724807,0.21283898540194596,0.22002708245938607,0.26337152247466444,0.27740086986875584,0.21820575989518673,0.26714748216546924,0.23354694120592237,0.25248915035474956,0,0.2018508736665976,0.3033459563608445,0.25138416517898726,0.23766005627554107,0.23500241516237916,0.25442547928273934,0.25510013341699506,0.24958633256949492,0.2609039848243892,0.21980729335064894,0.2629106701231177,0.26891369415923205,0.23874299950857042,0.2746203016473118,0.24464412400526755,0.22936889209960082,0.20876668529542727
Nepali,0.2065080713212153,0.1995889027515742,0.1913120637061321,0.19486541215764538,0.19737358984208403,0.207327570605743,0.2335243065545644,0.19199931350816257,0.20363065966384647,0.199860345973998,0.20563248803680276,0.20627969932569803,0.19368134165857182,0.19722496805804796,0.21789674207125084,0.18756987679483625,0.21188975935678864,0.1972909480209401,0.20958491136936377,0.20195671206112928,0.18122093800346817,0.2318983631724384,0.22071563409842246,0.20506045823497226,0.2018508736665976,0,0.22298622526267503,0.1874588688104089,0.20006521177227501,0.20646713653785612,0.19744580071876677,0.19871754779762563,0.20550488528977748,0.20991479600377333,0.17442087968353567,0.19758346934857285,0.20541140397961197,0.18638134005163923,0.21272053177402228,0.19975488428092658,0.1719675342265057,0.1771648263871646
Norwegian,0.2525920211598313,0.2678215180901572,0.21053227489118598,0.3047349438159758,0.22866427418414625,0.27356088103211174,0.29320589765980526,0.2516104085610166,0.2566765635021047,0.23710667378730893,0.2334304147629393,0.22931689721100854,0.2709170408000921,0.2738321206201051,0.24950172637301435,0.2621346425965048,0.3067097402637604,0.2953486093479312,0.219990842815045,0.2946417861755463,0.21504508142096473,0.25026150269665726,0.21216800137519254,0.26445950095089993,0.3033459563608445,0.22298622526267503,0,0.27673520627401615,0.23972354127032838,0.2273755845088867,0.25076234222097954,0.2527704236744209,0.24951680971694362,0.26047212157782335,0.23930811059831986,0.26365995168853845,0.2654386789262445,0.24448201737850225,0.19761182389711163,0.24481141883827973,0.2633590662202325,0.20674820769397456
Pashto,0.23825039915735574,0.21855945550182004,0.19110387378257726,0.2643412249094977,0.21455606924612625,0.23680742126669552,0.2745066132652247,0.21380299919506143,0.22440672860947738,0.24262057162730685,0.23140486925126377,0.23625325934907399,0.2285632514609759,0.22867538348152702,0.24768338130320558,0.21618450013586282,0.2688659845452834,0.25314689038368743,0.2271927630868288,0.2312892521479633,0.1936940917999129,0.24490846027476135,0.21972057138894366,0.22351018488775612,0.25138416517898726,0.1874588688104089,0.27673520627401615,0,0.19461417215372126,0.21744613993461287,0.21910719333232712,0.22446389706084394,0.2228627601079859,0.23290795410933285,0.18459357497161893,0.23492913941138377,0.23498300981577144,0.20313907531011244,0.24932775356263037,0.2148442114793757,0.21611218915085564,0.18185440386464347
Persian,0.2163684950336569,0.2119948760097617,0.19287267901993274,0.24719477436214618,0.20724873898697974,0.220479515256724,0.24475700028514627,0.20497467679130477,0.21521151282475764,0.2199044070509557,0.21371303764490845,0.218342023715726,0.21811366107203498,0.2097878711927966,0.22591120448915777,0.21150215735698769,0.24807076691745122,0.24347331111956094,0.20717521200925978,0.2179959355809098,0.20198871397607884,0.23165132635699953,0.20995574698626934,0.2157505990512208,0.23766005627554107,0.20006521177227501,0.23972354127032838,0.19461417215372126,0,0.21232211804379914,0.21202725739107434,0.21386550958107017,0.21267568118405059,0.2147903023136368,0.19622583417328754,0.21656189166172812,0.21883052286092208,0.2050656400390542,0.22167812370922524,0.2022485951944869,0.2069402969951769,0.19166207029008187
Polish,0.22285311281839473,0.22125778837032983,0.207069048910141,0.24063429654563379,0.16624129571790527,0.18436816430215822,0.2354928442669912,0.17092038673774423,0.17761941984757648,0.21701077987945097,0.22196660135828894,0.2207087097874459,0.21439588367025186,0.21920338468371753,0.22821530011886465,0.21071467568710694,0.2442838982661533,0.24609822805576417,0.21719715759811284,0.2241451506095558,0.1999687605205122,0.20461320533249996,0.19999673786444547,0.18183328999964551,0.23500241516237916,0.20646713653785612,0.2273755845088867,0.21744613993461287,0.21232211804379914,0,0.21197372070898374,0.20862227822890522,0.16972333581146473,0.17100874585348108,0.2068176182362455,0.1599128220381514,0.1823162995444135,0.20941697216742375,0.2261221405939674,0.1617969999116597,0.22161278971132523,0.19402192360058132
Portuguese,0.23743353210037715,0.21841427060504381,0.19996990707167817,0.258744800796242,0.21252011200488624,0.22737159453369074,0.21546132555389383,0.2140025906399623,0.22303792864049796,0.2245488094806304,0.22110462099974626,0.2202148892803075,0.20450383755407203,0.17045478746629864,0.24595594678520266,0.21310413740888692,0.27596169756866895,0.2697511060404211,0.22557316549793466,0.22041516452998916,0.17381104455015933,0.24413836260481966,0.22180161377762156,0.22211306999483413,0.25442547928273934,0.19744580071876677,0.25076234222097954,0.21910719333232712,0.21202725739107434,0.21197372070898374,0,0.20538135450980471,0.2166369205254903,0.22839872642961992,0.20066704297120755,0.21994890153624955,0.2204693254179392,0.15376412115840551,0.23174615717404373,0.21207788449449425,0.22441695259749306,0.18119271620530425
Romanian,0.24033291047417474,0.2290251054039585,0.19884906025618979,0.25879687210662955,0.2078083892015681,0.22733848477913915,0.23359446084243946,0.20961682270692517,0.2265715116887373,0.2336712022496572,0.2310024426938547,0.23177266545066086,0.21590472100108335,0.21352275942591695,0.23665913177410255,0.21127008945332235,0.26818961951907,0.2545099933721002,0.22504034425598463,0.2378734164468899,0.16090958084744508,0.24092516579260584,0.2130241483771414,0.22341811626893943,0.25510013341699506,0.19871754779762563,0.2527704236744209,0.22446389706084394,0.21386550958107017,0.20862227822890522,0.20538135450980471,0,0.21930944901248353,0.22548458175062483,0.20677668668422988,0.22464806068751253,0.22968928848310335,0.19628901381742642,0.23753888207727977,0.2136424723345695,0.2320819657938002,0.18478620663148784
Russian,0.22940734607495433,0.22743397244525473,0.20125440894549843,0.2538168215967116,0.15982935302208676,0.18749637323624394,0.251171924863548,0.1756231763120311,0.18439545007545927,0.23024708692203438,0.2253741330068362,0.2306045798545389,0.22254523643824176,0.22637541020285568,0.23773599241972937,0.21840412312894358,0.26241368917992536,0.25719724307149855,0.21742465256239105,0.23493859277382356,0.19606851856185845,0.21067335400210838,0.1958579466213859,0.1784307448964496,0.24958633256949492,0.20550488528977748,0.24951680971694362,0.2228627601079859,0.21267568118405059,0.16972333581146473,0.2166369205254903,0.21930944901248353,0,0.16603916242690442,0.2038790340626811,0.17308130751213105,0.19634565952505967,0.2121425207580293,0.23754873546310606,0.15151701162319683,0.2300566155589043,0.19228258749918345
Serbian,0.24065364615402246,0.23555484946064975,0.2068478800771105,0.2582391923748428,0.1168716795666663,0.18335228650814833,0.2639275912271814,0.13933533063435,0.18400793635055984,0.24201007753241338,0.23115758269738668,0.24200112781231628,0.23328138006601581,0.2355679424632793,0.2416359203944747,0.22641953125214206,0.26907590551836125,0.27125383863594604,0.22657509449840527,0.25020111991092514,0.20029267949343815,0.2180133150162581,0.19042991956837227,0.15517722290388544,0.2609039848243892,0.20991479600377333,0.26047212157782335,0.23290795410933285,0.2147903023136368,0.17100874585348108,0.22839872642961992,0.22548458175062483,0.16603916242690442,0,0.21226151289240933,0.17862332372860196,0.18053200982110412,0.22044094782707332,0.24281881202571762,0.1573742734808654,0.2372780567328896,0.19766281981913736
Sinhala,0.21324927152808343,0.18373061286169615,0.18530285971935814,0.23147833916168062,0.20543195357595329,0.20953701746640999,0.23883925577564047,0.1903509127581808,0.20717704563519854,0.21256166717674246,0.21332890738068908,0.21946056532834338,0.20309014212238993,0.19483560236155725,0.22954216779040446,0.1925056256685379,0.24201263300640258,0.23565096616195888,0.20479224397211568,0.19907389578987206,0.18891449239448013,0.23383881013882274,0.21545521893934486,0.20714465792941544,0.21980729335064894,0.17442087968353567,0.23930811059831986,0.18459357497161893,0.19622583417328754,0.2068176182362455,0.20066704297120755,0.20677668668422988,0.2038790340626811,0.21226151289240933,0,0.20557968880986982,0.21379436804616034,0.1851925529693953,0.22011675686080234,0.19824368452647792,0.20107130257717534,0.17674267037057248
Slovak,0.24660397106583357,0.2360943990299802,0.1991911404408384,0.25881828764791115,0.1648225059585039,0.1991488436771638,0.2608341617749427,0.17022473648365596,0.1603705794580208,0.23607288559599426,0.23231684429967592,0.23366729151696983,0.23289974844004657,0.2382852872119038,0.2483692198402376,0.22545331979885486,0.2782319775668884,0.2714676089848307,0.23051305750376572,0.24526674145678912,0.19605451721838474,0.22272161354938627,0.2035177713815579,0.19016190924843077,0.2629106701231177,0.19758346934857285,0.26365995168853845,0.23492913941138377,0.21656189166172812,0.1599128220381514,0.21994890153624955,0.22464806068751253,0.17308130751213105,0.17862332372860196,0.20557968880986982,0,0.1909847976741931,0.20994287508445042,0.2427137950534136,0.167725115043389,0.22974629970678934,0.17926193836541368
Slovenian,0.24847238657949486,0.23836964285877324,0.2092302104712651,0.2624612223446953,0.17268619303296212,0.2040036291147041,0.2706864904121885,0.1665799193577124,0.19414817245759322,0.24314943657682708,0.2292692008698609,0.24248922812565255,0.2287314397118453,0.24297364261099488,0.24349284855876396,0.2254118128805896,0.27887744093812583,0.27558461237568177,0.23392784236843,0.24605141819615578,0.200630833676807,0.22927186685713954,0.20266282445570205,0.2017572121359995,0.26891369415923205,0.20541140397961197,0.2654386789262445,0.23498300981577144,0.21883052286092208,0.1823162995444135,0.2204693254179392,0.22968928848310335,0.19634565952505967,0.18053200982110412,0.21379436804616034,0.1909847976741931,0,0.21596690004330185,0.24706763190679012,0.18732614933035782,0.23697889929079868,0.19041846001290005
Spanish,0.23119613373773415,0.21307621549365674,0.19696045827469408,0.2490724513034481,0.20982723724625466,0.21335602850089994,0.2008102084213147,0.1978616819558263,0.2106041259760808,0.21397661079399716,0.21289422220656787,0.2183997609195298,0.1891782992342714,0.14714432430303576,0.2293874012518676,0.19500182408338915,0.26010579230453845,0.2505128905290624,0.2169848918558236,0.2050060808513688,0.15989598345436903,0.24831466394586718,0.21982134149290797,0.21183445231345155,0.23874299950857042,0.18638134005163923,0.24448201737850225,0.20313907531011244,0.2050656400390542,0.20941697216742375,0.15376412115840551,0.19628901381742642,0.2121425207580293,0.22044094782707332,0.1851925529693953,0.20994287508445042,0.21596690004330185,0,0.22731955120763586,0.2019391802250592,0.21603036909109685,0.17501565756869808
Swedish,0.2373000080638051,0.24861261135945284,0.21170814242248095,0.27395321574151155,0.22928516746228367,0.25128580842259024,0.27412015443011656,0.23118544879425645,0.24274353042253277,0.2191741667551281,0.2185310449032727,0.22161584140170934,0.25427695543377127,0.24234760226273883,0.2317662556643548,0.2431310883319289,0.28577541590121314,0.2799731078688516,0.2097616241291486,0.2533368869350022,0.21131024497439696,0.2540116367555907,0.219571920563311,0.24168282101274358,0.2746203016473118,0.21272053177402228,0.19761182389711163,0.24932775356263037,0.22167812370922524,0.2261221405939674,0.23174615717404373,0.23753888207727977,0.23754873546310606,0.24281881202571762,0.22011675686080234,0.2427137950534136,0.24706763190679012,0.22731955120763586,0,0.23029775153245707,0.2416659838747526,0.19992514471877892
Ukrainian,0.22891616547592994,0.22142423676782802,0.2012269153870414,0.2413892114249162,0.15722785494638722,0.18516755414895555,0.2417837391949011,0.16169220919168373,0.1737100776411409,0.22092865258560399,0.21934084396547182,0.22589507110629556,0.21380651591105423,0.22001197633480282,0.22933211594800593,0.20661853518904402,0.2563006186119791,0.2523924118618111,0.2099694359575712,0.22662766770287598,0.19083561962179757,0.21514289645416368,0.19232907688554984,0.17197270434896866,0.24464412400526755,0.19975488428092658,0.24481141883827973,0.2148442114793757,0.2022485951944869,0.1617969999116597,0.21207788449449425,0.2136424723345695,0.15151701162319683,0.1573742734808654,0.19824368452647792,0.167725115043389,0.18732614933035782,0.2019391802250592,0.23029775153245707,0,0.22386939797584754,0.18289860631937566
Urdu,0.2505271286969809,0.22744358738507078,0.2073061295114394,0.2296664534495838,0.2215929571282815,0.23085126785833898,0.2708560052018816,0.21984937183068268,0.22749773697261816,0.23964619340534882,0.23442482055485261,0.23695703851380487,0.23218857786226116,0.2355200109073901,0.24874862368694514,0.22249532780872278,0.23557171991010192,0.1970146824559887,0.23569229632938302,0.24012867459929224,0.20629983529156395,0.2494893392082027,0.22496893729484257,0.22771383877589255,0.22936889209960082,0.1719675342265057,0.2633590662202325,0.21611218915085564,0.2069402969951769,0.22161278971132523,0.22441695259749306,0.2320819657938002,0.2300566155589043,0.2372780567328896,0.20107130257717534,0.22974629970678934,0.23697889929079868,0.21603036909109685,0.2416659838747526,0.22386939797584754,0,0.19227400165478054
Welsh,0.18826852649765805,0.1925877996311529,0.18331342271750278,0.22096808780057794,0.19615443277013678,0.1857038985468002,0.21486482607272264,0.17599255521443397,0.18614851323629045,0.1785493416557346,0.18597785173261208,0.18797572906118729,0.17497870389935855,0.1840688042954438,0.1943850341291214,0.17148545955064198,0.23025275404120463,0.21970547226615897,0.18771928687387474,0.1743758541943265,0.16928708251215413,0.21369428033006585,0.21662851459063892,0.19291415384789815,0.20876668529542727,0.1771648263871646,0.20674820769397456,0.18185440386464347,0.19166207029008187,0.19402192360058132,0.18119271620530425,0.18478620663148784,0.19228258749918345,0.19766281981913736,0.17674267037057248,0.17926193836541368,0.19041846001290005,0.17501565756869808,0.19992514471877892,0.18289860631937566,0.19227400165478054,0
