,Afrikaans,Albanian,Armenian,Bengali,Bosnian,Bulgarian,Catalan,Croatian,Czech,Danish,Dutch,English,French,Galician,German,Greek,Gujarati,Hindi,Icelandic,Irish,Italian,Latvian,Lithuanian,Macedonian,Marathi,Nepali,Norwegian,Pashto,Persian,Polish,Portuguese,Romanian,Russian,Serbian,Sinhala,Slovak,Slovenian,Spanish,Swedish,Ukrainian,Urdu,Welsh
Afrikaans,0,115.25418761166554,111.33839338717128,111.39178587473303,112.4819655698238,103.97750719288013,102.67508453728165,101.26530248117108,99.99009965427463,81.21649095183328,80.15301655804379,94.976820020488,95.6648808182523,97.18899132356826,100.87978006341245,109.5284029062517,117.27330857481849,116.59357248266492,87.2088098209725,93.59106552394684,121.78626156764517,120.24427417169022,148.22340464434524,107.89209157403741,105.01986510960998,115.28814897838465,78.8452155463188,99.37604793026651,119.7078877672916,131.97113746809254,103.4757292067378,108.47206084414273,110.9549209159024,104.17088846409492,129.3986332403144,98.33376919099726,109.16592522936642,104.88685703254889,91.83007985766584,109.52324076505815,108.07095180253313,118.8292625309101
Albanian,115.25418761166554,0,127.84823470788324,112.8091762744791,140.1021285143899,118.39767021387627,126.5937684835438,120.35800387419673,117.6775390852111,125.04392916770082,129.7361822987552,140.75412567268484,112.90240363527472,98.98603722922176,135.98177215804506,123.03556440967184,138.73317891393367,125.99888432849174,122.95816248438956,114.05886249694886,133.20223669181286,150.79031190360377,165.62651371282868,121.15596308638099,120.41443462060192,109.96475224855224,107.18820969380752,107.50397582897602,123.13019663884398,160.28596697484124,120.30848619626501,117.43343614229428,133.7725138347789,116.47529539840427,100.49851202075176,116.94005751369284,138.64743937438436,109.40953477937443,116.43745222747553,116.36469342377461,104.93001919456484,138.68655697563185
Armenian,111.33839338717128,127.84823470788324,0,129.498697069684,131.413382925169,122.08296305930281,129.82283887650857,120.73770779310789,113.92893940351462,120.68872759823716,123.97353122304555,132.86302851272865,117.5639132200815,115.59348692847668,125.48791560751415,117.63719595865467,134.9828898217041,130.3224583023215,111.04241170256047,115.28905787267455,141.29321420646318,136.54177794680592,150.30957107746534,124.32467887661774,126.32091118761537,132.91582369269827,111.8409428725675,114.42631697024166,123.67018849827679,159.22972161165967,129.76601100918526,122.377549461746,127.3455764240918,120.85553521859028,140.22054563476215,118.51519757645165,135.1573471391618,125.7718090708903,115.65155024353434,122.26037834079129,118.47533849380406,133.07788723749817
Bengali,111.39178587473303,112.8091762744791,129.498697069684,0,126.6650772182374,108.20889159684836,114.35712209480586,109.26512546335343,112.86655945025515,117.29256301084351,122.35831770915117,126.86146039352384,105.33303111685849,103.96159983630645,132.06086900819733,116.72079298319532,108.13906097499023,99.121071160884,117.82319656057315,111.8302349364063,125.37070649322612,141.36368611895796,161.532855428275,113.60451965338119,97.06621078320848,95.11762138052485,109.30628597245574,105.18073778750032,126.16509339291657,147.84710001784106,115.56519698673384,113.63506208744016,127.64733565767004,112.2939104286583,118.83077832503771,113.56747583599034,124.95661630064987,107.19538526297237,112.53436017975648,115.98239255342807,94.10066194103648,132.86053515274813
Bosnian,112.4819655698238,140.1021285143899,131.413382925169,126.6650772182374,0,95.17466383151461,121.4921863822513,85.8778569430133,96.86408793316477,115.91650089558253,131.51739645978475,129.98605050771022,113.22377217260713,118.53809774862181,143.06084719955814,127.86060450208568,137.50262441011418,132.73253412605746,111.60734889689847,122.68312529156833,132.52895137907177,128.66827915338595,149.44892090852292,87.67865669483523,125.4876370740353,136.4023204099607,110.35082649007447,121.80607332526313,132.250552896022,116.52359442086389,123.82086469501276,121.71920207899107,99.31619414894939,72.03860506444859,161.252861489939,92.67276322526166,104.38655901238614,127.73339674017596,116.78070191065098,98.30046993075342,126.66275460817252,131.55567463119908
Bulgarian,103.97750719288013,118.39767021387627,122.08296305930281,108.20889159684836,95.17466383151461,0,107.57763757920785,74.55764570778267,89.30817768363008,96.22347181167214,118.00672095275533,109.93116371776729,97.23762174919885,96.73214349107276,125.13627604464581,106.7687859438316,126.30872355240514,116.56640728516905,106.28466601634786,104.01382314185508,111.25459818937047,131.30612521259025,149.64183172626335,81.08386066337766,109.20225446307478,111.41674238024152,97.65489983880612,103.74299066719381,119.90179426491227,125.90483341357744,112.44652555172082,105.28708306463376,101.78301011470597,86.75729983135588,125.87263071837491,87.95871450492693,92.81721243824462,102.6212581836597,101.64636660822197,92.30507020705254,101.42068867009502,107.73691812074337
Catalan,102.67508453728165,126.5937684835438,129.82283887650857,114.35712209480586,121.4921863822513,107.57763757920785,0,103.739771140034,106.60188136938753,105.97972467306397,116.61472002750679,118.42250321664766,94.77628635816336,85.358643837495,127.04354297416724,112.71312994361797,123.5171797982073,122.24396457529804,111.0449136813334,99.82012927553488,107.77107652663166,133.59512756699084,153.17985814655987,113.27465203272351,109.61632531334895,118.98064196292903,102.59980244648997,107.68707047934694,127.72110190597195,138.96739120831148,93.56620936745897,100.49339410044277,120.12037557877746,111.2649453190888,136.7273581698884,102.6193634944538,114.48839447076658,86.28665276811249,110.45237678072566,115.40886273409112,112.57572899390978,124.37265844377704
Croatian,101.26530248117108,120.35800387419673,120.73770779310789,109.26512546335343,85.8778569430133,74.55764570778267,103.739771140034,0,85.31598030788497,97.61679646328383,119.69055607228414,109.79943500822326,96.2638328930966,95.33820107527278,130.56476839328954,110.32166927854422,127.87923129604847,120.3894065870455,107.84885580686385,103.61992816932803,109.22121244237302,128.86229926579026,147.1458008593545,86.82363100672367,111.7816820982627,112.4069489698455,95.792113304579,103.32158147725555,119.37106512889135,112.50400544634981,106.16659192831575,104.64900786646093,97.63633401133193,77.77298496171754,127.71363893382062,81.39406089448832,87.43212586201965,104.11549790134859,100.81030555124194,94.5560216838818,103.7990620058235,110.67257983496008
Czech,99.99009965427463,117.6775390852111,113.92893940351462,112.86655945025515,96.86408793316477,89.30817768363008,106.60188136938753,85.31598030788497,0,104.31998986159144,115.2758306709638,121.66120399836858,98.76313482621813,96.81700126161925,122.57132114705149,110.51547488929069,121.34043323570538,116.36079655797342,100.55216916184237,104.16526773807307,117.14793971691569,118.589310783923,142.18476157917985,94.22826808347384,109.33573651253096,113.83680974777616,97.75876806754054,103.3031658019795,120.09957101259221,112.32218695950394,108.26422130054789,107.23515867169827,95.46345925124476,87.39663500862034,130.05374568612766,70.98452119142807,100.15982147501556,105.02745613203139,108.8453257683585,91.17593396840161,103.656270733918,117.50707682328742
Danish,81.21649095183328,125.04392916770082,120.68872759823716,117.29256301084351,115.91650089558253,96.22347181167214,105.97972467306397,97.61679646328383,104.31998986159144,0,98.439909900452,85.27272853834154,96.10726228315,98.64348527963367,98.39974900893853,110.27060861844215,127.896824934186,121.92523316521829,83.26395396046088,92.23016375465389,115.43973981672097,133.6900961390586,161.20352064992574,110.51838274289548,110.6788230231286,120.81642219841795,69.42093890043647,107.83174161323974,118.79508507131972,138.66449981069303,110.14868927744901,110.62878154898254,117.82444844435973,107.79748237476558,142.87494430818813,101.57262697137628,102.04238527206205,107.55496361874029,83.40828571053872,112.78320648501811,110.8847137680397,109.66123601077115
Dutch,80.15301655804379,129.7361822987552,123.97353122304555,122.35831770915117,131.51739645978475,118.00672095275533,116.61472002750679,119.69055607228414,115.2758306709638,98.439909900452,0,104.7718463779518,113.77808609517623,113.9882127690632,95.5941580969282,115.34916625928513,126.57097281001384,125.04783666757973,98.00733760483716,109.01948547948538,133.17548502011257,139.67791209654098,160.10034152872723,124.08944211214877,116.45667574196486,128.04057051021178,95.05348876803713,118.26735000583973,128.66783379991472,148.84915509736535,119.85579705314056,121.45471162855941,130.6821743590649,121.18298104544883,143.84427280000517,117.83209021759718,124.47249165740601,117.35371018347689,103.44142739393193,125.77290942121267,120.75653847992953,132.05983652993754
English,94.976820020488,140.75412567268484,132.86302851272865,126.86146039352384,129.98605050771022,109.93116371776729,118.42250321664766,109.79943500822326,121.66120399836858,85.27272853834154,104.7718463779518,0,110.28706418510788,118.21032861603763,112.57710494590448,121.06629923380771,137.5520124631344,138.07761578547718,102.5676548625079,110.46422006094247,124.56200791011116,143.21722903280047,169.27430634147916,125.13940236853203,127.44703262649462,136.78049840333316,92.21263133308652,125.83043624147652,134.29692674056946,149.7175423051596,123.20032336625168,125.05657694425356,127.90629037881358,124.70899730691825,157.11516193795035,114.71526164185717,113.89506998664498,124.0498885432012,97.87311985574023,127.19215601915043,126.43223630280603,120.13812414931814
French,95.6648808182523,112.90240363527472,117.5639132200815,105.33303111685849,113.22377217260713,97.23762174919885,94.77628635816336,96.2638328930966,98.76313482621813,96.10726228315,113.77808609517623,110.28706418510788,0,86.88905023367441,122.4564187584018,105.41459211793756,119.7191942859857,112.6577642753713,104.09551156092105,95.59547034389527,105.52327165173617,125.8284155791411,152.89911707955906,103.55954120809983,102.50604372238026,109.91072309715256,92.2208279545288,96.9926556399751,119.54757456896793,131.45485263655758,96.85134441265808,96.96188956709896,111.93847098075608,101.96113972319698,128.7246233204113,95.57353387991851,109.77829971461072,94.77716897111004,102.44441037367581,106.70733583276262,102.11449821447664,120.10621780615412
Galician,97.18899132356826,98.98603722922176,115.59348692847668,103.96159983630645,118.53809774862181,96.73214349107276,85.358643837495,95.33820107527278,96.81700126161925,98.64348527963367,113.9882127690632,118.21032861603763,86.88905023367441,0,119.77758088480114,105.74166712775094,121.89188857176889,113.89237531008631,103.86492506287955,91.92347949180373,102.60229662104328,138.17614716431848,152.21101867248552,104.55396172370446,106.89677783332367,98.78099779849963,91.6868081202908,93.00380488761019,112.76490715636629,145.578779583884,79.8313670034068,94.99548731373393,118.46503299007229,102.97865674892304,100.90730166539473,97.98843185373904,116.41444658299643,66.07897990714949,99.87271355598953,106.1739362555564,95.26476472071892,114.52670579621343
German,100.87978006341245,135.98177215804506,125.48791560751415,132.06086900819733,143.06084719955814,125.13627604464581,127.04354297416724,130.56476839328954,122.57132114705149,98.39974900893853,95.5941580969282,112.57710494590448,122.4564187584018,119.77758088480114,0,118.70739952153768,137.1529291519345,131.44137522476004,106.40521391304314,113.38883555450906,138.74416778032852,148.53177948468374,163.651840416945,132.05582611302708,124.86591374972618,134.61655654396606,104.5395613549427,123.95389936678131,129.32322163123234,163.6601983370026,133.34920419644197,129.06818229883012,141.67770064049745,130.5524269180624,143.70213196373675,125.53310820285289,135.96401140593096,126.10311434012445,104.63686581936554,133.29541613673095,125.4790949751625,135.35049792500408
Greek,109.5284029062517,123.03556440967184,117.63719595865467,116.72079298319532,127.86060450208568,106.7687859438316,112.71312994361797,110.32166927854422,110.51547488929069,110.27060861844215,115.34916625928513,121.06629923380771,105.41459211793756,105.74166712775094,118.70739952153768,0,124.58521801616254,121.12151887670838,106.65039087638404,109.37134501756317,126.37737254699265,127.6839830344953,141.89621847536944,118.56216684482759,116.67673501267925,117.1420019017238,109.47213977041169,109.28566776428158,120.6279677851985,154.0867379487391,118.31641348008309,109.22947362068555,125.85213194456107,115.99292308139809,130.4705902730383,116.16895104039713,125.18547916318538,111.45390586203902,110.44969877867794,117.01248313764721,111.16354992794467,121.99957129449683
Gujarati,117.27330857481849,138.73317891393367,134.9828898217041,108.13906097499023,137.50262441011418,126.30872355240514,123.5171797982073,127.87923129604847,121.34043323570538,127.896824934186,126.57097281001384,137.5520124631344,119.7191942859857,121.89188857176889,137.1529291519345,124.58521801616254,0,102.78176171397233,123.02406986242725,119.05677378515927,148.1077297169478,145.13985476136847,167.57408426175616,127.13786478645955,91.50211193645887,120.5728670282435,122.06905373100525,120.0005856300744,142.3377555349624,152.91836847278094,126.97672573977873,128.1597513075562,135.19655385197044,126.39362707305324,147.7039963168271,121.76569721436688,140.37223213328596,124.71749329520908,128.10971975042887,129.2703771933528,108.44168461546218,147.03999072122042
Hindi,116.59357248266492,125.99888432849174,130.3224583023215,99.121071160884,132.73253412605746,116.56640728516905,122.24396457529804,120.3894065870455,116.36079655797342,121.92523316521829,125.04783666757973,138.07761578547718,112.6577642753713,113.89237531008631,131.44137522476004,121.12151887670838,102.78176171397233,0,123.256997150967,114.79479302722606,135.44287087024384,150.27962210814536,164.76702106226645,118.94727092887788,97.23797185875418,102.6095572143905,118.70812054424741,108.30867100821997,127.71830997806397,148.35772112674852,122.73482088406075,120.62969154523962,133.82321557485582,119.3485689848665,130.2611257957722,119.06452997390669,136.57626195267437,116.00494477722484,117.1961612397086,119.27996104907875,84.68252836104652,143.44093968024185
Icelandic,87.2088098209725,122.95816248438956,111.04241170256047,117.82319656057315,111.60734889689847,106.28466601634786,111.0449136813334,107.84885580686385,100.55216916184237,83.26395396046088,98.00733760483716,102.5676548625079,104.09551156092105,103.86492506287955,106.40521391304314,106.65039087638404,123.02406986242725,123.256997150967,0,99.19517702057077,127.49620157144706,120.64581087396408,140.29476036096978,111.31947255466899,112.9091075716269,120.29519094261951,81.9402866780712,107.22177258617661,114.20781144677206,138.39251831641815,114.33003010824206,110.56487549626276,113.84525738065874,106.44698225403809,137.64477216805864,103.53396200727568,114.0580539562879,112.4604233075768,91.33973023580013,109.19876729073934,113.77644857326324,116.57584030267147
Irish,93.59106552394684,114.05886249694886,115.28905787267455,111.8302349364063,122.68312529156833,104.01382314185508,99.82012927553488,103.61992816932803,104.16526773807307,92.23016375465389,109.01948547948538,110.46422006094247,95.59547034389527,91.92347949180373,113.38883555450906,109.37134501756317,119.05677378515927,114.79479302722606,99.19517702057077,0,121.83125931287752,136.09706327400727,157.682265248656,112.51922993565849,104.67567657941258,112.85585783855984,92.39404654856757,93.84756674432798,117.62225593972505,142.03305442123673,100.523219419208,106.92647153919506,117.74027254021046,112.29297709095525,127.329058856358,100.82059203091403,117.29899688617665,92.91684077678659,103.6179085310513,114.2229102443664,104.34306036568246,115.62364712842422
Italian,121.78626156764517,133.20223669181286,141.29321420646318,125.37070649322612,132.52895137907177,111.25459818937047,107.77107652663166,109.22121244237302,117.14793971691569,115.43973981672097,133.17548502011257,124.56200791011116,105.52327165173617,102.60229662104328,138.74416778032852,126.37737254699265,148.1077297169478,135.44287087024384,127.49620157144706,121.83125931287752,0,159.67449115301804,168.15635789069222,123.67959017798341,133.25528768782863,124.6707128244668,118.62942714452835,124.33644031584186,130.17725765043627,146.15138117577598,113.8553739955463,113.29581915068304,135.24769411862002,124.7692061097284,146.22163374320064,117.02459605962089,122.66451968328373,102.11131473866621,115.37656606045823,124.60300203599351,120.39693604371797,116.75275687959152
Latvian,120.24427417169022,150.79031190360377,136.54177794680592,141.36368611895796,128.66827915338595,131.30612521259025,133.59512756699084,128.86229926579026,118.589310783923,133.6900961390586,139.67791209654098,143.21722903280047,125.8284155791411,138.17614716431848,148.53177948468374,127.6839830344953,145.13985476136847,150.27962210814536,120.64581087396408,136.09706327400727,159.67449115301804,0,134.6029596376988,127.95642671489331,136.28440643036075,159.80523428269362,124.69160379829661,134.08914801537608,151.3406160503961,149.71116542936642,136.8651829136925,129.62666563458714,117.37474293204733,123.40793287315891,175.62755695058658,118.37697110332539,128.69910308783625,153.5419986559826,126.99645060426289,125.00709761854262,143.69022374507492,149.6801355627447
Lithuanian,148.22340464434524,165.62651371282868,150.30957107746534,161.532855428275,149.44892090852292,149.64183172626335,153.17985814655987,147.1458008593545,142.18476157917985,161.20352064992574,160.10034152872723,169.27430634147916,152.89911707955906,152.21101867248552,163.651840416945,141.89621847536944,167.57408426175616,164.76702106226645,140.29476036096978,157.682265248656,168.15635789069222,134.6029596376988,0,145.26802792843424,161.8114224093073,163.67530635421488,149.57576421619055,150.92379481317786,161.33760454400328,177.53040963624306,159.65682475031554,149.8177769205377,148.02147790196534,142.9490077522447,176.8825336310699,148.20585103910514,163.66164589431528,158.5562528225261,148.3265784851107,141.6642494672308,156.99001131949487,163.2473667062233
Macedonian,107.89209157403741,121.15596308638099,124.32467887661774,113.60451965338119,87.67865669483523,81.08386066337766,113.27465203272351,86.82363100672367,94.22826808347384,110.51838274289548,124.08944211214877,125.13940236853203,103.55954120809983,104.55396172370446,132.05582611302708,118.56216684482759,127.13786478645955,118.94727092887788,111.31947255466899,112.51922993565849,123.67959017798341,127.95642671489331,145.26802792843424,0,114.91360174936783,118.11015877552619,104.43539773157403,109.96089451686406,126.18762547105274,119.60436948432317,115.2779599787494,112.32225389281996,98.82139125390256,76.71203028568387,131.3746053583124,90.39416428035669,101.03923607317796,112.06653815768883,111.31537179927929,89.60508980539802,108.70990730413249,126.0832119814761
Marathi,105.01986510960998,120.41443462060192,126.32091118761537,97.06621078320848,125.4876370740353,109.20225446307478,109.61632531334895,111.7816820982627,109.33573651253096,110.6788230231286,116.45667574196486,127.44703262649462,102.50604372238026,106.89677783332367,124.86591374972618,116.67673501267925,91.50211193645887,97.23797185875418,112.9091075716269,104.67567657941258,133.25528768782863,136.28440643036075,161.8114224093073,114.91360174936783,0,107.00266190878845,105.70239696823516,103.57629298529837,133.13554419221916,138.7834446545365,110.20554238309526,113.11461889226426,118.98270889116519,112.61373332976994,130.18063968099565,106.18906403345706,125.42481355548293,109.4443228466091,110.34572432129858,117.59560018098286,97.72007573064585,134.28991259795635
Nepali,115.28814897838465,109.96475224855224,132.91582369269827,95.11762138052485,136.4023204099607,111.41674238024152,118.98064196292903,112.4069489698455,113.83680974777616,120.81642219841795,128.04057051021178,136.78049840333316,109.91072309715256,98.78099779849963,134.61655654396606,117.1420019017238,120.5728670282435,102.6095572143905,120.29519094261951,112.85585783855984,124.6707128244668,159.80523428269362,163.67530635421488,118.11015877552619,107.00266190878845,0,111.61747147725507,104.15036985284368,126.23353704015159,157.09490577997275,119.20534517145951,115.61847466643657,135.46814114045767,119.20985246790636,108.89630052846293,116.563229942803,134.19073484157502,105.6120233967835,112.12310227546715,118.95696870190446,92.02106677756527,134.33403966396543
Norwegian,78.8452155463188,107.18820969380752,111.8409428725675,109.30628597245574,110.35082649007447,97.65489983880612,102.59980244648997,95.792113304579,97.75876806754054,69.42093890043647,95.05348876803713,92.21263133308652,92.2208279545288,91.6868081202908,104.5395613549427,109.47213977041169,122.06905373100525,118.70812054424741,81.9402866780712,92.39404654856757,118.62942714452835,124.69160379829661,149.57576421619055,104.43539773157403,105.70239696823516,111.61747147725507,0,100.53102825886224,115.82208812456898,133.50595963935427,101.61991695106052,105.80171305796192,110.51158060914493,97.86694382642682,120.47092130502148,95.57545485568315,106.45315654668019,101.20625002675392,75.87122015219714,104.5332425775914,103.67374023946135,118.30159642592068
Pashto,99.37604793026651,107.50397582897602,114.42631697024166,105.18073778750032,121.80607332526313,103.74299066719381,107.68707047934694,103.32158147725555,103.3031658019795,107.83174161323974,118.26735000583973,125.83043624147652,96.9926556399751,93.00380488761019,123.95389936678131,109.28566776428158,120.0005856300744,108.30867100821997,107.22177258617661,93.84756674432798,124.33644031584186,134.08914801537608,150.92379481317786,109.96089451686406,103.57629298529837,104.15036985284368,100.53102825886224,0,106.29960586784149,144.19815028121127,106.68093864528716,107.39498085719987,118.00925312006798,108.64896164609483,110.84070931362352,105.08669876344288,122.66307753887308,100.92120992758687,105.68933135834203,109.14420049572787,92.817137423948,123.51114215289607
Persian,119.7078877672916,123.13019663884398,123.67018849827679,126.16509339291657,132.250552896022,119.90179426491227,127.72110190597195,119.37106512889135,120.09957101259221,118.79508507131972,128.66783379991472,134.29692674056946,119.54757456896793,112.76490715636629,129.32322163123234,120.6279677851985,142.3377555349624,127.71830997806397,114.20781144677206,117.62225593972505,130.17725765043627,151.3406160503961,161.33760454400328,126.18762547105274,133.13554419221916,126.23353704015159,115.82208812456898,106.29960586784149,0,161.51615951001236,131.35168216747027,122.15732163323631,136.71263295770586,122.37171278569907,132.68660985263313,123.40981809915873,134.22999502960838,118.94159223424901,121.31175475371653,122.88858420017569,110.87114276818473,129.54167352248444
Polish,131.97113746809254,160.28596697484124,159.22972161165967,147.84710001784106,116.52359442086389,125.90483341357744,138.96739120831148,112.50400544634981,112.32218695950394,138.66449981069303,148.84915509736535,149.7175423051596,131.45485263655758,145.578779583884,163.6601983370026,154.0867379487391,152.91836847278094,148.35772112674852,138.39251831641815,142.03305442123673,146.15138117577598,149.71116542936642,177.53040963624306,119.60436948432317,138.7834446545365,157.09490577997275,133.50595963935427,144.19815028121127,161.51615951001236,0,135.42963584248326,141.78656517971405,116.23412348293576,112.26838340152618,186.06340145621522,100.68021594198073,121.98626111614193,146.59786536867344,139.51602821199424,116.02716471513953,147.77174774847225,152.43298187408172
Portuguese,103.4757292067378,120.30848619626501,129.76601100918526,115.56519698673384,123.82086469501276,112.44652555172082,93.56620936745897,106.16659192831575,108.26422130054789,110.14868927744901,119.85579705314056,123.20032336625168,96.85134441265808,79.8313670034068,133.34920419644197,118.31641348008309,126.97672573977873,122.73482088406075,114.33003010824206,100.523219419208,113.8553739955463,136.8651829136925,159.65682475031554,115.2779599787494,110.20554238309526,119.20534517145951,101.61991695106052,106.68093864528716,131.35168216747027,135.42963584248326,0,103.91035160088205,118.11555904336386,111.56960873519279,131.08115720542455,102.99517659074185,121.04790236075763,83.2331928747707,113.8665881391961,117.29754148832066,112.40959316778633,127.60440200177625
Romanian,108.47206084414273,117.43343614229428,122.377549461746,113.63506208744016,121.71920207899107,105.28708306463376,100.49339410044277,104.64900786646093,107.23515867169827,110.62878154898254,121.45471162855941,125.05657694425356,96.96188956709896,94.99548731373393,129.06818229883012,109.22947362068555,128.1597513075562,120.62969154523962,110.56487549626276,106.92647153919506,113.29581915068304,129.62666563458714,149.8177769205377,112.32225389281996,113.11461889226426,115.61847466643657,105.80171305796192,107.39498085719987,122.15732163323631,141.78656517971405,103.91035160088205,0,119.90904262523334,111.67680985083013,126.73865647364262,109.0214456254446,122.58835854722487,103.03989035988336,109.1124506697006,112.57224732369238,107.65142554963069,122.0055679406723
Russian,110.9549209159024,133.7725138347789,127.3455764240918,127.64733565767004,99.31619414894939,101.78301011470597,120.12037557877746,97.63633401133193,95.46345925124476,117.82444844435973,130.6821743590649,127.90629037881358,111.93847098075608,118.46503299007229,141.67770064049745,125.85213194456107,135.19655385197044,133.82321557485582,113.84525738065874,117.74027254021046,135.24769411862002,117.37474293204733,148.02147790196534,98.82139125390256,118.98270889116519,135.46814114045767,110.51158060914493,118.00925312006798,136.71263295770586,116.23412348293576,118.11555904336386,119.90904262523334,0,92.58952632558369,148.92731511715644,89.85770310271845,106.68555875391768,126.5325104491741,118.06081772429437,92.88542296795774,123.89849540319129,132.26810048082848
Serbian,104.17088846409492,116.47529539840427,120.85553521859028,112.2939104286583,72.03860506444859,86.75729983135588,111.2649453190888,77.77298496171754,87.39663500862034,107.79748237476558,121.18298104544883,124.70899730691825,101.96113972319698,102.97865674892304,130.5524269180624,115.99292308139809,126.39362707305324,119.3485689848665,106.44698225403809,112.29297709095525,124.7692061097284,123.40793287315891,142.9490077522447,76.71203028568387,112.61373332976994,119.20985246790636,97.86694382642682,108.64896164609483,122.37171278569907,112.26838340152618,111.56960873519279,111.67680985083013,92.58952632558369,0,132.40395628947886,83.11776554882138,96.42306221758712,112.24148367634243,106.74812109605634,90.20528771478513,108.32159538792037,124.91862328319151
Sinhala,129.3986332403144,100.49851202075176,140.22054563476215,118.83077832503771,161.252861489939,125.87263071837491,136.7273581698884,127.71363893382062,130.05374568612766,142.87494430818813,143.84427280000517,157.11516193795035,128.7246233204113,100.90730166539473,143.70213196373675,130.4705902730383,147.7039963168271,130.2611257957722,137.64477216805864,127.329058856358,146.22163374320064,175.62755695058658,176.8825336310699,131.3746053583124,130.18063968099565,108.89630052846293,120.47092130502148,110.84070931362352,132.68660985263313,186.06340145621522,131.08115720542455,126.73865647364262,148.92731511715644,132.40395628947886,0,131.7276364156905,159.58206776730756,114.55630026369445,126.14023878327714,134.2421946694778,108.47655046108288,149.50357089696607
Slovak,98.33376919099726,116.94005751369284,118.51519757645165,113.56747583599034,92.67276322526166,87.95871450492693,102.6193634944538,81.39406089448832,70.98452119142807,101.57262697137628,117.83209021759718,114.71526164185717,95.57353387991851,97.98843185373904,125.53310820285289,116.16895104039713,121.76569721436688,119.06452997390669,103.53396200727568,100.82059203091403,117.02459605962089,118.37697110332539,148.20585103910514,90.39416428035669,106.18906403345706,116.563229942803,95.57545485568315,105.08669876344288,123.40981809915873,100.68021594198073,102.99517659074185,109.0214456254446,89.85770310271845,83.11776554882138,131.7276364156905,0,93.59079692249675,106.36539580145218,106.14710471312627,92.22860320223039,105.88739259066189,117.80015990183858
Slovenian,109.16592522936642,138.64743937438436,135.1573471391618,124.95661630064987,104.38655901238614,92.81721243824462,114.48839447076658,87.43212586201965,100.15982147501556,102.04238527206205,124.47249165740601,113.89506998664498,109.77829971461072,116.41444658299643,135.96401140593096,125.18547916318538,140.37223213328596,136.57626195267437,114.0580539562879,117.29899688617665,122.66451968328373,128.69910308783625,163.66164589431528,101.03923607317796,125.42481355548293,134.19073484157502,106.45315654668019,122.66307753887308,134.22999502960838,121.98626111614193,121.04790236075763,122.58835854722487,106.68555875391768,96.42306221758712,159.58206776730756,93.59079692249675,0,122.9307858359512,112.52153399280762,107.50465667697688,128.71729974961497,119.36934353514788
Spanish,104.88685703254889,109.40953477937443,125.7718090708903,107.19538526297237,127.73339674017596,102.6212581836597,86.28665276811249,104.11549790134859,105.02745613203139,107.55496361874029,117.35371018347689,124.0498885432012,94.77716897111004,66.07897990714949,126.10311434012445,111.45390586203902,124.71749329520908,116.00494477722484,112.4604233075768,92.91684077678659,102.11131473866621,153.5419986559826,158.5562528225261,112.06653815768883,109.4443228466091,105.6120233967835,101.20625002675392,100.92120992758687,118.94159223424901,146.59786536867344,83.2331928747707,103.03989035988336,126.5325104491741,112.24148367634243,114.55630026369445,106.36539580145218,122.9307858359512,0,109.02826058296492,112.68427483273219,99.67328676382778,119.2234138519674
Swedish,91.83007985766584,116.43745222747553,115.65155024353434,112.53436017975648,116.78070191065098,101.64636660822197,110.45237678072566,100.81030555124194,108.8453257683585,83.40828571053872,103.44142739393193,97.87311985574023,102.44441037367581,99.87271355598953,104.63686581936554,110.44969877867794,128.10971975042887,117.1961612397086,91.33973023580013,103.6179085310513,115.37656606045823,126.99645060426289,148.3265784851107,111.31537179927929,110.34572432129858,112.12310227546715,75.87122015219714,105.68933135834203,121.31175475371653,139.51602821199424,113.8665881391961,109.1124506697006,118.06081772429437,106.74812109605634,126.14023878327714,106.14710471312627,112.52153399280762,109.02826058296492,0,110.46718318107203,105.21690275906501,115.46038140159821
Ukrainian,109.52324076505815,116.36469342377461,122.26037834079129,115.98239255342807,98.30046993075342,92.30507020705254,115.40886273409112,94.5560216838818,91.17593396840161,112.78320648501811,125.77290942121267,127.19215601915043,106.70733583276262,106.1739362555564,133.29541613673095,117.01248313764721,129.2703771933528,119.27996104907875,109.19876729073934,114.2229102443664,124.60300203599351,125.00709761854262,141.6642494672308,89.60508980539802,117.59560018098286,118.95696870190446,104.5332425775914,109.14420049572787,122.88858420017569,116.02716471513953,117.29754148832066,112.57224732369238,92.88542296795774,90.20528771478513,134.2421946694778,92.22860320223039,107.50465667697688,112.68427483273219,110.46718318107203,0,108.37637302614299,121.00075622593359
Urdu,108.07095180253313,104.93001919456484,118.47533849380406,94.10066194103648,126.66275460817252,101.42068867009502,112.57572899390978,103.7990620058235,103.656270733918,110.8847137680397,120.75653847992953,126.43223630280603,102.11449821447664,95.26476472071892,125.4790949751625,111.16354992794467,108.44168461546218,84.68252836104652,113.77644857326324,104.34306036568246,120.39693604371797,143.69022374507492,156.99001131949487,108.70990730413249,97.72007573064585,92.02106677756527,103.67374023946135,92.817137423948,110.87114276818473,147.77174774847225,112.40959316778633,107.65142554963069,123.89849540319129,108.32159538792037,108.47655046108288,105.88739259066189,128.71729974961497,99.67328676382778,105.21690275906501,108.37637302614299,0,126.4907878374026
Welsh,118.8292625309101,138.68655697563185,133.07788723749817,132.86053515274813,131.55567463119908,107.73691812074337,124.37265844377704,110.67257983496008,117.50707682328742,109.66123601077115,132.05983652993754,120.13812414931814,120.10621780615412,114.52670579621343,135.35049792500408,121.99957129449683,147.03999072122042,143.44093968024185,116.57584030267147,115.62364712842422,116.75275687959152,149.6801355627447,163.2473667062233,126.0832119814761,134.28991259795635,134.33403966396543,118.30159642592068,123.51114215289607,129.54167352248444,152.43298187408172,127.60440200177625,122.0055679406723,132.26810048082848,124.91862328319151,149.50357089696607,117.80015990183858,119.36934353514788,119.2234138519674,115.46038140159821,121.00075622593359,126.4907878374026,0
