,Afrikaans,Albanian,Armenian,Bengali,Bosnian,Bulgarian,Catalan,Croatian,Czech,Danish,Dutch,English,French,Galician,German,Greek,Gujarati,Hindi,Icelandic,Irish,Italian,Latvian,Lithuanian,Macedonian,Marathi,Nepali,Norwegian,Pashto,Persian,Polish,Portuguese,Romanian,Russian,Serbian,Sinhala,Slovak,Slovenian,Spanish,Swedish,Ukrainian,Urdu,Welsh
Afrikaans,0,2.203118271013926,2.091982335607905,2.183172546322516,2.0820711919974837,2.107343245808485,2.139699498552388,2.0504582542399277,2.1526369701271983,1.9479021750528887,1.4884508570463344,1.976688386790057,2.1585583789424074,2.035097482590925,1.9280644277903107,2.199143507481129,2.2105754303257332,2.2099104790113984,1.8624528815203463,2.2035028206419103,2.1505999179046746,2.189035783403803,2.172717873342715,2.0533917547813343,2.1593189501795247,2.110513858757234,1.883317759959089,2.09640375534105,2.115669078416394,2.2118784809276355,2.1227440087533975,2.104639516709051,2.0937590809249955,2.0212580294874773,2.10062530597623,2.1367349403543523,2.15908359608344,2.1422730652905115,1.8774911220388366,2.0682070837941047,2.1622932972300632,2.173878163508753
Albanian,2.203118271013926,0,2.100362828602264,2.1368318900048062,2.1311968852172445,2.17227306712038,2.2520258523256556,2.0956782593083494,2.2435481408478957,2.3142565808493623,2.280048425023338,2.405230044452983,2.1727827848888044,2.0401373548006942,2.315158270096914,2.223105060716738,2.2347742117214118,2.1900699065545486,2.18897566955858,2.301011475005989,2.198840577020976,2.2484748776838046,2.1668704209981318,2.0776332238529918,2.1776178663329215,2.014670094498628,2.2784633968951504,2.110595977085616,2.141462107881465,2.279688578828872,2.1856161338379936,2.1072428306043935,2.1102848924214137,2.0766859317443136,1.8458531728669743,2.196616378330316,2.265553318471274,2.1763402070377387,2.196986980084961,2.062434805249672,2.1090520365710717,2.246417140880204
Armenian,2.091982335607905,2.100362828602264,0,2.116353703828203,2.0578137492794846,2.1425981534732426,2.1659516231552014,2.045341968611419,2.15673590945667,2.2566711766009857,2.1564775416902937,2.223037941461899,2.1761851083081143,2.0574671989224953,2.157327146415417,2.0823358011277597,2.1920309259012107,2.1882965880259646,2.0129158671259986,2.187125350711757,2.1154985843381464,2.0840626957129547,2.0173953767709767,2.0519538768902588,2.163318403169107,2.0696203414241547,2.1701135688467175,2.0598481955719237,1.9948243335892388,2.168739809256832,2.1346792905017455,2.0632169237215434,2.0737631774525904,2.0519256980324885,2.0032037447233924,2.148294801655471,2.203855653718339,2.140325701325041,2.087099144996765,2.0623860178182714,2.0978606854605246,2.083950960023915
Bengali,2.183172546322516,2.1368318900048062,2.116353703828203,0,2.119532331193456,2.0964589884991423,2.117489157759094,2.086385771426337,2.191494016511506,2.296060109137508,2.192517090273842,2.2274299968233153,2.1837569654450144,2.0847084592553884,2.2416089054885986,2.0902308306934416,1.7797008599088888,1.7508123698765863,2.1892164352486856,2.2337602969418677,2.098481908551437,2.2364814758567984,2.1266126123569933,2.0717163290357012,1.8261778552779768,1.7011205270250258,2.256592171168691,2.093171584084365,2.1308905703233654,2.162379568203812,2.114193269622712,2.0765200860546766,2.133904250225008,2.0761185265956223,1.969020147595601,2.1848894276351,2.214675733239823,2.0431856074691996,2.1334196248722077,2.0861546790956456,1.7914814327338127,2.174755230626685
Bosnian,2.0820711919974837,2.1311968852172445,2.0578137492794846,2.119532331193456,0,1.655167800546834,2.1363004500531844,1.3033301917197613,1.7702233799624343,2.210138032889853,2.128335049290468,2.2459737189384827,2.149397411111004,2.0415365075858727,2.1891181743822843,2.13614863995957,2.1946026667244865,2.171422993133613,2.043468531035523,2.265404603119721,2.0261369425725304,1.995918600748599,1.9569609353921764,1.422372945887859,2.164937848037438,2.0884304916796834,2.1251150978002653,2.137157753540497,2.08304436581961,1.7605737339623404,2.1006671087988216,2.014117562115278,1.6007416640582293,1.1309822355566792,2.0683032595878164,1.6710164295503598,1.7095269781228701,2.0518202469812006,2.077716400500762,1.5830652914224836,2.088569801824555,2.1519760504976646
Bulgarian,2.107343245808485,2.17227306712038,2.1425981534732426,2.0964589884991423,1.655167800546834,0,2.0634074591661147,1.4902939823667902,1.7547650287873644,2.184909383190838,2.122518628532316,2.1672137408682284,2.1242227582873237,2.0115277340929416,2.211671127739483,2.085033151038576,2.174443131567037,2.130662864149153,2.1208060790444847,2.222326847866476,1.9487072038989477,2.1547168391832967,2.0581932493745074,1.4875069948849922,2.133780195199338,2.1065229847762277,2.1591101374374286,2.1387012204064195,2.1094324100633997,1.8914182042156067,2.079655624873555,2.02912463787452,1.7614370203435377,1.58752376107449,2.080391453818393,1.7626705980094635,1.7904331935328104,1.976983092922328,2.096139615723092,1.72322179664657,2.0597991835381846,2.0467295336878086
Catalan,2.139699498552388,2.2520258523256556,2.1659516231552014,2.117489157759094,2.1363004500531844,2.0634074591661147,0,2.0494692067086375,2.211167187175212,2.2258285028629787,2.1437620571793845,2.126879301582058,1.9942529620809637,1.7323466851285192,2.2242922716356044,2.0976813049072756,2.143980794361251,2.134291371899664,2.17528505748112,2.1797787484771978,1.7826443542738217,2.284751394937097,2.173876511394738,2.0888606181039595,2.1088104296715864,2.14257602933596,2.1672860718165494,2.198744502335514,2.188526666563472,2.195411425616288,1.7758263664820808,1.8934565306451938,2.173498633631021,2.0968291748537435,2.141711390876873,2.155350122598456,2.1533755413981712,1.624191223701288,2.0939158755536753,2.1088286713419273,2.124553427038221,2.132196455126336
Croatian,2.0504582542399277,2.0956782593083494,2.045341968611419,2.086385771426337,1.3033301917197613,1.4902939823667902,2.0494692067086375,0,1.6934504894992737,2.128723451961039,2.108287677825743,2.1484695096132937,2.091395029581564,1.954053505748296,2.1762481452936275,2.0815242274634342,2.1381477510688014,2.121483071690258,2.0603977413024355,2.205691874887726,1.940847905149504,2.076010980928336,1.9610981152633429,1.483854015158076,2.0940320905106673,2.057028542308363,2.1163769938974277,2.047365095171001,2.0398207464710754,1.813677857887429,2.083608770388554,1.9612242338422143,1.6734571469538613,1.2268670940441477,1.9984939075466153,1.641411225554432,1.5848095419359303,1.9968003407488284,2.0528405107553667,1.6136345288103102,2.04184099654187,2.048071962375678
Czech,2.1526369701271983,2.2435481408478957,2.15673590945667,2.191494016511506,1.7702233799624343,1.7547650287873644,2.211167187175212,1.6934504894992737,0,2.181487216852954,2.19360098696543,2.248241909352597,2.1952838612050813,2.1102767088333434,2.2586215032840067,2.212864791349581,2.2771868147548546,2.256380758660278,2.1555553636238147,2.2864233902147246,2.107359085733415,2.1211581154099797,2.1199366247704527,1.79681527370859,2.2449368470839697,2.152827726087606,2.1878774181649066,2.189651087086141,2.158895970110397,1.8084701586398289,2.1728991809472573,2.108744878115557,1.7564513679288696,1.7099947650717116,2.1372572061799646,1.4476737683439762,1.8938178489199762,2.1237699136075934,2.1719075559767718,1.7086573300066377,2.1546433285233677,2.1488062779726134
Danish,1.9479021750528887,2.3142565808493623,2.2566711766009857,2.296060109137508,2.210138032889853,2.184909383190838,2.2258285028629787,2.128723451961039,2.181487216852954,0,2.0447881291677086,2.0680432748257127,2.2031311303880345,2.13140538241788,2.0177595588548067,2.2771039920423792,2.328234372201405,2.3119710532403444,1.8944336002432363,2.259831964279152,2.1674831966661987,2.325927275716599,2.2699402381536866,2.1900003393210037,2.267136000288699,2.179122491107903,1.735821444196292,2.2512197001837837,2.2259356058126913,2.300579457593614,2.2523998205044515,2.1678039518028274,2.200019395747569,2.17455034941235,2.1911991556384005,2.203841729169366,2.217008427217416,2.224201115501404,1.809447213910598,2.163134384727533,2.243617473557985,2.1851908452047066
Dutch,1.4884508570463344,2.280048425023338,2.1564775416902937,2.192517090273842,2.128335049290468,2.122518628532316,2.1437620571793845,2.108287677825743,2.19360098696543,2.0447881291677086,0,1.965981515119219,2.2116738601189154,2.155307404836374,1.784005898077832,2.172238894265603,2.183606911812263,2.190130314166236,1.97678330362744,2.2403328612524396,2.1309002532105135,2.243295043467778,2.1952569521176732,2.1090461132021536,2.170191358569976,2.1703674159906323,1.9670398615922415,2.2181739406963055,2.1670853594537856,2.208292057934907,2.126541664213971,2.1417495149952828,2.172940953962757,2.1111511348137046,2.1965855621694423,2.1993308353572045,2.1965135020327105,2.113263724263311,1.95303720970558,2.143006596173572,2.1701152369823156,2.170835650281923
English,1.976688386790057,2.405230044452983,2.223037941461899,2.2274299968233153,2.2459737189384827,2.1672137408682284,2.126879301582058,2.1484695096132937,2.248241909352597,2.0680432748257127,1.965981515119219,0,2.25804945765352,2.2343203775932117,2.05066562084311,2.256315208110197,2.2288401982757113,2.283058415719269,2.111701055165703,2.2279269869293246,2.1341265050790827,2.3178868238958046,2.243264162638884,2.216909212380649,2.232936759119935,2.203906124529811,2.058297385149363,2.3127711174855285,2.2321716566701433,2.267809949076236,2.1966649553074507,2.1843944163487263,2.2678930285607297,2.1948172631343064,2.32489495247492,2.2410218550124466,2.2436205105156737,2.1664243749653904,2.0089812191259133,2.2156811596591592,2.2205557234955218,2.114563046153368
French,2.1585583789424074,2.1727827848888044,2.1761851083081143,2.1837569654450144,2.149397411111004,2.1242227582873237,1.9942529620809637,2.091395029581564,2.1952838612050813,2.2031311303880345,2.2116738601189154,2.25804945765352,0,1.9432458483391368,2.245357431851968,2.166662765559418,2.266501326931138,2.2596822601275823,2.195110512982677,2.2322410428431487,1.9256134965054414,2.2556112716791645,2.20290187506656,2.120390949953958,2.1911821550031716,2.1537629400783533,2.2027230487329534,2.1633975060299546,2.1890243768452367,2.2558915591027553,2.0203015412337804,1.9980402010330476,2.1645025407139724,2.109923167406537,2.1087068294863966,2.197213629851461,2.200407805351931,1.989731697372348,2.1893740203974,2.1058278802814927,2.1769230482249093,2.181216243586914
Galician,2.035097482590925,2.0401373548006942,2.0574671989224953,2.0847084592553884,2.0415365075858727,2.0115277340929416,1.7323466851285192,1.954053505748296,2.1102767088333434,2.13140538241788,2.155307404836374,2.2343203775932117,1.9432458483391368,0,2.2180702398395584,2.0923203206923686,2.155967979646119,2.1438591456753646,2.0314385773449066,2.1302230476358197,1.796917639633081,2.199762347154864,2.130770800330185,1.9868284324690986,2.09457751833024,2.0255370514726216,2.0958315635409885,2.075898552908612,2.074047626047657,2.2058415336129045,1.60117641788575,1.8561737307986894,2.047812609346717,1.9816940427539915,1.9231134429172168,2.086037982307861,2.1169281480040887,1.4395689938124683,2.045365271991122,1.994043519297163,2.0960549886295614,2.1181909400644416
German,1.9280644277903107,2.315158270096914,2.157327146415417,2.2416089054885986,2.1891181743822843,2.211671127739483,2.2242922716356044,2.1762481452936275,2.2586215032840067,2.0177595588548067,1.784005898077832,2.05066562084311,2.245357431851968,2.2180702398395584,0,2.1874099840653662,2.2556670113179678,2.25039420893283,2.0448599437804362,2.259449387810469,2.1309640757000126,2.301213545828272,2.2048544872612417,2.20497083010804,2.2494436657621533,2.180618620432924,2.082131011180346,2.262142639084228,2.1811372433901988,2.27134229084943,2.2425788892324334,2.175120006672286,2.2729987486099645,2.1792979769218177,2.252215900110144,2.2590442179736425,2.267059181237056,2.1862087334108717,1.966903140852772,2.2111224644473895,2.2224120090388797,2.1897965206045114
Greek,2.199143507481129,2.223105060716738,2.0823358011277597,2.0902308306934416,2.13614863995957,2.085033151038576,2.0976813049072756,2.0815242274634342,2.212864791349581,2.2771039920423792,2.172238894265603,2.256315208110197,2.166662765559418,2.0923203206923686,2.1874099840653662,0,2.1340367385818193,2.1136985879344903,2.1408138930449803,2.228812036657679,2.0394764165661154,2.153350714804602,2.0758584599317516,2.094101333774715,2.1398865108548843,2.049218347169375,2.2446497451839753,2.1456449025678093,2.14971876232592,2.2381327278581464,2.132203150032823,2.05532101403835,2.143122793885926,2.109292289383264,2.103573125576657,2.193902146951669,2.218519376212958,2.0258696166773187,2.1636290413660624,2.0813807078279827,2.106375015367491,2.115652273754448
Gujarati,2.2105754303257332,2.2347742117214118,2.1920309259012107,1.7797008599088888,2.1946026667244865,2.174443131567037,2.143980794361251,2.1381477510688014,2.2771868147548546,2.328234372201405,2.183606911812263,2.2288401982757113,2.266501326931138,2.155967979646119,2.2556670113179678,2.1340367385818193,0,1.5822779312568311,2.242348651565631,2.2611711530939997,2.172783498604927,2.346394589027218,2.170640955374482,2.145371132481395,1.5290493427828638,1.7871377634166592,2.294201328442841,2.1144294053630492,2.1968131077037025,2.2371141338134204,2.20932388737852,2.1490182894996086,2.2362384183325656,2.161450095111279,2.0865784885729792,2.25847874070573,2.266771329506619,2.09189792052039,2.165623676472926,2.167080097258335,1.8200119637895944,2.229516524394413
Hindi,2.2099104790113984,2.1900699065545486,2.1882965880259646,1.7508123698765863,2.171422993133613,2.130662864149153,2.134291371899664,2.121483071690258,2.256380758660278,2.3119710532403444,2.190130314166236,2.283058415719269,2.2596822601275823,2.1438591456753646,2.25039420893283,2.1136985879344903,1.5822779312568311,0,2.2185157932037343,2.2278490079051214,2.1487801398566027,2.337209580088341,2.159404292494179,2.092419888085759,1.6813247078945226,1.7451889466473283,2.268135287674078,2.0743016789407345,2.142840087217988,2.1895703729611053,2.1651965178272103,2.0951710524812883,2.2217418830524087,2.1341274862674635,2.0145971470864805,2.2158010786642945,2.2627784423133184,2.058846370696752,2.1439325861388707,2.142180473060677,1.518263894100263,2.2392402698628278
Icelandic,1.8624528815203463,2.18897566955858,2.0129158671259986,2.1892164352486856,2.043468531035523,2.1208060790444847,2.17528505748112,2.0603977413024355,2.1555553636238147,1.8944336002432363,1.97678330362744,2.111701055165703,2.195110512982677,2.0314385773449066,2.0448599437804362,2.1408138930449803,2.242348651565631,2.2185157932037343,0,2.2242646952421024,2.1225774240853243,2.1015312194106963,2.08183856499269,2.0480226066505214,2.2135105719822854,2.1464922443805974,1.8217423319140182,2.1497608585817334,2.0699277463122097,2.1933189055222164,2.1425300943825536,2.0660244276711426,2.0486335315227304,2.030778982998865,2.035332624366766,2.165239038537537,2.212309954872024,2.1455396242497886,1.795503804860795,2.0409840879495658,2.168549171718051,2.1671738616684957
Irish,2.2035028206419103,2.301011475005989,2.187125350711757,2.2337602969418677,2.265404603119721,2.222326847866476,2.1797787484771978,2.205691874887726,2.2864233902147246,2.259831964279152,2.2403328612524396,2.2279269869293246,2.2322410428431487,2.1302230476358197,2.259449387810469,2.228812036657679,2.2611711530939997,2.2278490079051214,2.2242646952421024,0,2.2140002917181523,2.394539931143763,2.2933308936420462,2.1819660804286967,2.188224988311838,2.201212581098358,2.278601395107877,2.163190438013928,2.2352939465433126,2.319218847786078,2.150478697443214,2.173112048769212,2.2596836295110583,2.2182804085302266,2.1674177208381815,2.2635072009683075,2.292629901961174,2.0859593553545555,2.2001848403459605,2.2178111368412443,2.1978230510391064,2.1432074863964536
Italian,2.1505999179046746,2.198840577020976,2.1154985843381464,2.098481908551437,2.0261369425725304,1.9487072038989477,1.7826443542738217,1.940847905149504,2.107359085733415,2.1674831966661987,2.1309002532105135,2.1341265050790827,1.9256134965054414,1.796917639633081,2.1309640757000126,2.0394764165661154,2.172783498604927,2.1487801398566027,2.1225774240853243,2.2140002917181523,0,2.212935868914975,2.057839395690323,2.0069259518501044,2.146465553585668,2.098320900891725,2.1653761926569968,2.179696172920233,2.100486182740793,2.1118079727290198,1.8585691011654304,1.7929897373866606,2.067198697421487,1.9996725325240141,2.1583290509219935,2.094981254211057,2.0990590917177125,1.7202778684875755,2.0769434094745716,2.0178499492336783,2.1180022819490234,1.9659193152408037
Latvian,2.189035783403803,2.2484748776838046,2.0840626957129547,2.2364814758567984,1.995918600748599,2.1547168391832967,2.284751394937097,2.076010980928336,2.1211581154099797,2.325927275716599,2.243295043467778,2.3178868238958046,2.2556112716791645,2.199762347154864,2.301213545828272,2.153350714804602,2.346394589027218,2.337209580088341,2.1015312194106963,2.394539931143763,2.212935868914975,0,1.8051681907677812,2.070412023081038,2.3058722124046294,2.2298976230668837,2.2555449119021374,2.2896387884132303,2.2449530574911423,2.1053246006992468,2.2042065127822625,2.178517267393673,2.0036085187218964,2.0229149761094263,2.2037765285802413,2.101322946996642,2.1696068503973165,2.289137622055926,2.2045466276982912,2.04102410671098,2.2362028405702357,2.2398811838134165
Lithuanian,2.172717873342715,2.1668704209981318,2.0173953767709767,2.1266126123569933,1.9569609353921764,2.0581932493745074,2.173876511394738,1.9610981152633429,2.1199366247704527,2.2699402381536866,2.1952569521176732,2.243264162638884,2.20290187506656,2.130770800330185,2.2048544872612417,2.0758584599317516,2.170640955374482,2.159404292494179,2.08183856499269,2.2933308936420462,2.057839395690323,1.8051681907677812,0,1.9960482824416326,2.185852741226154,2.061066394069179,2.2019850905707177,2.16824372088259,2.1160185777753955,2.062835282020356,2.1948942755065617,2.071510962436622,2.0034279649667845,1.960031666201666,2.0684971124582616,2.1214511131696465,2.1397000263964157,2.11870622285455,2.092419659741346,1.9808797664518176,2.1287529627645614,2.1151410422784025
Macedonian,2.0533917547813343,2.0776332238529918,2.0519538768902588,2.0717163290357012,1.422372945887859,1.4875069948849922,2.0888606181039595,1.483854015158076,1.79681527370859,2.1900003393210037,2.1090461132021536,2.216909212380649,2.120390949953958,1.9868284324690986,2.20497083010804,2.094101333774715,2.145371132481395,2.092419888085759,2.0480226066505214,2.1819660804286967,2.0069259518501044,2.070412023081038,1.9960482824416326,0,2.116706110434706,2.0431696688449232,2.138352639360618,2.073725588004256,2.0844513955029074,1.8469859601744312,2.0713418495811684,1.9904208547002966,1.6124316854173175,1.3038230507828956,1.9889062775224338,1.7258521829811249,1.7775584729677159,2.0140552787464654,2.074883259470343,1.5736348519947276,2.0399282098587173,2.140501571357125
Marathi,2.1593189501795247,2.1776178663329215,2.163318403169107,1.8261778552779768,2.164937848037438,2.133780195199338,2.1088104296715864,2.0940320905106673,2.2449368470839697,2.267136000288699,2.170191358569976,2.232936759119935,2.1911821550031716,2.09457751833024,2.2494436657621533,2.1398865108548843,1.5290493427828638,1.6813247078945226,2.2135105719822854,2.188224988311838,2.146465553585668,2.3058722124046294,2.185852741226154,2.116706110434706,0,1.8425853339809892,2.241373832885685,2.0721638545291032,2.2058138096746447,2.223246723272945,2.1444378052915725,2.1120759777422276,2.162885463601207,2.11759290084109,2.0291248845974006,2.183296216607484,2.222123023927435,2.034498664165484,2.1430792788568374,2.132095821529285,1.840418026582582,2.1910019166018873
Nepali,2.110513858757234,2.014670094498628,2.0696203414241547,1.7011205270250258,2.0884304916796834,2.1065229847762277,2.14257602933596,2.057028542308363,2.152827726087606,2.179122491107903,2.1703674159906323,2.203906124529811,2.1537629400783533,2.0255370514726216,2.180618620432924,2.049218347169375,1.7871377634166592,1.7451889466473283,2.1464922443805974,2.201212581098358,2.098320900891725,2.2298976230668837,2.061066394069179,2.0431696688449232,1.8425853339809892,0,2.2049904469620376,1.956456905379388,2.065940772466078,2.1769383450464175,2.133739357796294,2.0489045266752806,2.120257962661984,2.056156662532288,1.8491207890312358,2.1298635102335375,2.1797820878514904,2.083717989633276,2.079594331210563,2.079578827452943,1.7512857885169852,2.106737077510785
Norwegian,1.883317759959089,2.2784633968951504,2.1701135688467175,2.256592171168691,2.1251150978002653,2.1591101374374286,2.1672860718165494,2.1163769938974277,2.1878774181649066,1.735821444196292,1.9670398615922415,2.058297385149363,2.2027230487329534,2.0958315635409885,2.082131011180346,2.2446497451839753,2.294201328442841,2.268135287674078,1.8217423319140182,2.278601395107877,2.1653761926569968,2.2555449119021374,2.2019850905707177,2.138352639360618,2.241373832885685,2.2049904469620376,0,2.2722640794317246,2.2036463780635556,2.2370525426081693,2.1748626220188694,2.1407446843553477,2.1708239133959193,2.1038125570689834,2.147968841037882,2.16784729728767,2.189548893687172,2.134497973109295,1.5979222658318866,2.1192822869807926,2.188802854011195,2.2490306279626613
Pashto,2.09640375534105,2.110595977085616,2.0598481955719237,2.093171584084365,2.137157753540497,2.1387012204064195,2.198744502335514,2.047365095171001,2.189651087086141,2.2512197001837837,2.2181739406963055,2.3127711174855285,2.1633975060299546,2.075898552908612,2.262142639084228,2.1456449025678093,2.1144294053630492,2.0743016789407345,2.1497608585817334,2.163190438013928,2.179696172920233,2.2896387884132303,2.16824372088259,2.073725588004256,2.0721638545291032,1.956456905379388,2.2722640794317246,0,1.9288906188668287,2.260337178525285,2.1639995310205355,2.092892128364644,2.12402605213933,2.0744757841650507,1.9304612506265941,2.1874255702864436,2.194433740936467,2.1430675296805974,2.1727561274242793,2.0867548090374926,1.9880327409856817,2.1864629726645277
Persian,2.115669078416394,2.141462107881465,1.9948243335892388,2.1308905703233654,2.08304436581961,2.1094324100633997,2.188526666563472,2.0398207464710754,2.158895970110397,2.2259356058126913,2.1670853594537856,2.2321716566701433,2.1890243768452367,2.074047626047657,2.1811372433901988,2.14971876232592,2.1968131077037025,2.142840087217988,2.0699277463122097,2.2352939465433126,2.100486182740793,2.2449530574911423,2.1160185777753955,2.0844513955029074,2.2058138096746447,2.065940772466078,2.2036463780635556,1.9288906188668287,0,2.183912503953068,2.164258179551278,2.0758181016269055,2.1213866430905597,2.069660364756783,2.0454525605339815,2.1546062310274072,2.2062420406459387,2.1321261572085524,2.106911440947965,2.05194397841611,2.0090026100482095,2.123758088060674
Polish,2.2118784809276355,2.279688578828872,2.168739809256832,2.162379568203812,1.7605737339623404,1.8914182042156067,2.195411425616288,1.813677857887429,1.8084701586398289,2.300579457593614,2.208292057934907,2.267809949076236,2.2558915591027553,2.2058415336129045,2.27134229084943,2.2381327278581464,2.2371141338134204,2.1895703729611053,2.1933189055222164,2.319218847786078,2.1118079727290198,2.1053246006992468,2.062835282020356,1.8469859601744312,2.223246723272945,2.1769383450464175,2.2370525426081693,2.260337178525285,2.183912503953068,0,2.13922581748264,2.132640025322276,1.8182366707338307,1.7796958429166672,2.234034919197578,1.6733708127261286,1.9225083718176172,2.1455129796088634,2.162977132264271,1.7621323165189469,2.1701926961662563,2.195384823083075
Portuguese,2.1227440087533975,2.1856161338379936,2.1346792905017455,2.114193269622712,2.1006671087988216,2.079655624873555,1.7758263664820808,2.083608770388554,2.1728991809472573,2.2523998205044515,2.126541664213971,2.1966649553074507,2.0203015412337804,1.60117641788575,2.2425788892324334,2.132203150032823,2.20932388737852,2.1651965178272103,2.1425300943825536,2.150478697443214,1.8585691011654304,2.2042065127822625,2.1948942755065617,2.0713418495811684,2.1444378052915725,2.133739357796294,2.1748626220188694,2.1639995310205355,2.164258179551278,2.13922581748264,0,1.9443379895352275,2.11547248880805,2.070237188556634,2.1163747808164537,2.130658264608135,2.188792310255244,1.6101412297400084,2.136131118378099,2.072612667675949,2.121811445399578,2.145616347519088
Romanian,2.104639516709051,2.1072428306043935,2.0632169237215434,2.0765200860546766,2.014117562115278,2.02912463787452,1.8934565306451938,1.9612242338422143,2.108744878115557,2.1678039518028274,2.1417495149952828,2.1843944163487263,1.9980402010330476,1.8561737307986894,2.175120006672286,2.05532101403835,2.1490182894996086,2.0951710524812883,2.0660244276711426,2.173112048769212,1.7929897373866606,2.178517267393673,2.071510962436622,1.9904208547002966,2.1120759777422276,2.0489045266752806,2.1407446843553477,2.092892128364644,2.0758181016269055,2.132640025322276,1.9443379895352275,0,2.048240766069764,1.997080475584781,2.0407240793320063,2.089436439621173,2.129906857282624,1.8850520753908382,2.0592294358230827,1.9967085274687149,2.0873749449699917,2.096396469394155
Russian,2.0937590809249955,2.1102848924214137,2.0737631774525904,2.133904250225008,1.6007416640582293,1.7614370203435377,2.173498633631021,1.6734571469538613,1.7564513679288696,2.200019395747569,2.172940953962757,2.2678930285607297,2.1645025407139724,2.047812609346717,2.2729987486099645,2.143122793885926,2.2362384183325656,2.2217418830524087,2.0486335315227304,2.2596836295110583,2.067198697421487,2.0036085187218964,2.0034279649667845,1.6124316854173175,2.162885463601207,2.120257962661984,2.1708239133959193,2.12402605213933,2.1213866430905597,1.8182366707338307,2.11547248880805,2.048240766069764,0,1.562108825992983,2.0282737200938428,1.6949391738787056,1.887710838221342,2.1029415146799293,2.1138540347595978,1.4556400768730122,2.1438617518720298,2.170377111191238
Serbian,2.0212580294874773,2.0766859317443136,2.0519256980324885,2.0761185265956223,1.1309822355566792,1.58752376107449,2.0968291748537435,1.2268670940441477,1.7099947650717116,2.17455034941235,2.1111511348137046,2.1948172631343064,2.109923167406537,1.9816940427539915,2.1792979769218177,2.109292289383264,2.161450095111279,2.1341274862674635,2.030778982998865,2.2182804085302266,1.9996725325240141,2.0229149761094263,1.960031666201666,1.3038230507828956,2.11759290084109,2.056156662532288,2.1038125570689834,2.0744757841650507,2.069660364756783,1.7796958429166672,2.070237188556634,1.997080475584781,1.562108825992983,0,2.0187243426379498,1.6209301264412037,1.6122062864567253,2.028776668117859,2.0650391026011707,1.5322999942389306,2.060659070250985,2.134048113230665
Sinhala,2.10062530597623,1.8458531728669743,2.0032037447233924,1.969020147595601,2.0683032595878164,2.080391453818393,2.141711390876873,1.9984939075466153,2.1372572061799646,2.1911991556384005,2.1965855621694423,2.32489495247492,2.1087068294863966,1.9231134429172168,2.252215900110144,2.103573125576657,2.0865784885729792,2.0145971470864805,2.035332624366766,2.1674177208381815,2.1583290509219935,2.2037765285802413,2.0684971124582616,1.9889062775224338,2.0291248845974006,1.8491207890312358,2.147968841037882,1.9304612506265941,2.0454525605339815,2.234034919197578,2.1163747808164537,2.0407240793320063,2.0282737200938428,2.0187243426379498,0,2.130137759189181,2.2427268696151494,2.0493050855691615,2.0547940113483203,2.005818811626504,1.948890140224095,2.1598833907376562
Slovak,2.1367349403543523,2.196616378330316,2.148294801655471,2.1848894276351,1.6710164295503598,1.7626705980094635,2.155350122598456,1.641411225554432,1.4476737683439762,2.203841729169366,2.1993308353572045,2.2410218550124466,2.197213629851461,2.086037982307861,2.2590442179736425,2.193902146951669,2.25847874070573,2.2158010786642945,2.165239038537537,2.2635072009683075,2.094981254211057,2.101322946996642,2.1214511131696465,1.7258521829811249,2.183296216607484,2.1298635102335375,2.16784729728767,2.1874255702864436,2.1546062310274072,1.6733708127261286,2.130658264608135,2.089436439621173,1.6949391738787056,1.6209301264412037,2.130137759189181,0,1.7939063467791274,2.1064698895647487,2.132092005617182,1.6841114838342393,2.138913120372443,2.1613207879640792
Slovenian,2.15908359608344,2.265553318471274,2.203855653718339,2.214675733239823,1.7095269781228701,1.7904331935328104,2.1533755413981712,1.5848095419359303,1.8938178489199762,2.217008427217416,2.1965135020327105,2.2436205105156737,2.200407805351931,2.1169281480040887,2.267059181237056,2.218519376212958,2.266771329506619,2.2627784423133184,2.212309954872024,2.292629901961174,2.0990590917177125,2.1696068503973165,2.1397000263964157,1.7775584729677159,2.222123023927435,2.1797820878514904,2.189548893687172,2.194433740936467,2.2062420406459387,1.9225083718176172,2.188792310255244,2.129906857282624,1.887710838221342,1.6122062864567253,2.2427268696151494,1.7939063467791274,0,2.1258220924996643,2.1511155853509596,1.8367829424078543,2.193732755685691,2.1843111722514745
Spanish,2.1422730652905115,2.1763402070377387,2.140325701325041,2.0431856074691996,2.0518202469812006,1.976983092922328,1.624191223701288,1.9968003407488284,2.1237699136075934,2.224201115501404,2.113263724263311,2.1664243749653904,1.989731697372348,1.4395689938124683,2.1862087334108717,2.0258696166773187,2.09189792052039,2.058846370696752,2.1455396242497886,2.0859593553545555,1.7202778684875755,2.289137622055926,2.11870622285455,2.0140552787464654,2.034498664165484,2.083717989633276,2.134497973109295,2.1430675296805974,2.1321261572085524,2.1455129796088634,1.6101412297400084,1.8850520753908382,2.1029415146799293,2.028776668117859,2.0493050855691615,2.1064698895647487,2.1258220924996643,0,2.0949973220077025,2.02565435963588,2.0499721949822582,2.0982198933200875
Swedish,1.8774911220388366,2.196986980084961,2.087099144996765,2.1334196248722077,2.077716400500762,2.096139615723092,2.0939158755536753,2.0528405107553667,2.1719075559767718,1.809447213910598,1.95303720970558,2.0089812191259133,2.1893740203974,2.045365271991122,1.966903140852772,2.1636290413660624,2.165623676472926,2.1439325861388707,1.795503804860795,2.2001848403459605,2.0769434094745716,2.2045466276982912,2.092419659741346,2.074883259470343,2.1430792788568374,2.079594331210563,1.5979222658318866,2.1727561274242793,2.106911440947965,2.162977132264271,2.136131118378099,2.0592294358230827,2.1138540347595978,2.0650391026011707,2.0547940113483203,2.132092005617182,2.1511155853509596,2.0949973220077025,0,2.075294338742918,2.1091546615127124,2.123046546239596
Ukrainian,2.0682070837941047,2.062434805249672,2.0623860178182714,2.0861546790956456,1.5830652914224836,1.72322179664657,2.1088286713419273,1.6136345288103102,1.7086573300066377,2.163134384727533,2.143006596173572,2.2156811596591592,2.1058278802814927,1.994043519297163,2.2111224644473895,2.0813807078279827,2.167080097258335,2.142180473060677,2.0409840879495658,2.2178111368412443,2.0178499492336783,2.04102410671098,1.9808797664518176,1.5736348519947276,2.132095821529285,2.079578827452943,2.1192822869807926,2.0867548090374926,2.05194397841611,1.7621323165189469,2.072612667675949,1.9967085274687149,1.4556400768730122,1.5322999942389306,2.005818811626504,1.6841114838342393,1.8367829424078543,2.02565435963588,2.075294338742918,0,2.071382007695519,2.1042879620571737
Urdu,2.1622932972300632,2.1090520365710717,2.0978606854605246,1.7914814327338127,2.088569801824555,2.0597991835381846,2.124553427038221,2.04184099654187,2.1546433285233677,2.243617473557985,2.1701152369823156,2.2205557234955218,2.1769230482249093,2.0960549886295614,2.2224120090388797,2.106375015367491,1.8200119637895944,1.518263894100263,2.168549171718051,2.1978230510391064,2.1180022819490234,2.2362028405702357,2.1287529627645614,2.0399282098587173,1.840418026582582,1.7512857885169852,2.188802854011195,1.9880327409856817,2.0090026100482095,2.1701926961662563,2.121811445399578,2.0873749449699917,2.1438617518720298,2.060659070250985,1.948890140224095,2.138913120372443,2.193732755685691,2.0499721949822582,2.1091546615127124,2.071382007695519,0,2.1325890045828677
Welsh,2.173878163508753,2.246417140880204,2.083950960023915,2.174755230626685,2.1519760504976646,2.0467295336878086,2.132196455126336,2.048071962375678,2.1488062779726134,2.1851908452047066,2.170835650281923,2.114563046153368,2.181216243586914,2.1181909400644416,2.1897965206045114,2.115652273754448,2.229516524394413,2.2392402698628278,2.1671738616684957,2.1432074863964536,1.9659193152408037,2.2398811838134165,2.1151410422784025,2.140501571357125,2.1910019166018873,2.106737077510785,2.2490306279626613,2.1864629726645277,2.123758088060674,2.195384823083075,2.145616347519088,2.096396469394155,2.170377111191238,2.134048113230665,2.1598833907376562,2.1613207879640792,2.1843111722514745,2.0982198933200875,2.123046546239596,2.1042879620571737,2.1325890045828677,0
