,Afrikaans,Albanian,Armenian,Bengali,Bosnian,Bulgarian,Catalan,Croatian,Czech,Danish,Dutch,English,French,Galician,German,Greek,Gujarati,Hindi,Icelandic,Irish,Italian,Latvian,Lithuanian,Macedonian,Marathi,Nepali,Norwegian,Pashto,Persian,Polish,Portuguese,Romanian,Russian,Serbian,Sinhala,Slovak,Slovenian,Spanish,Swedish,Ukrainian,Urdu,Welsh
Afrikaans,0,0.21091987836786485,0.18114240556917427,0.2616000782097492,0.192881611512401,0.22299222303851352,0.2551889605821958,0.20604199679141788,0.20210667178627564,0.20568144219707946,0.15742945457506835,0.19330349937574964,0.2214229512385424,0.22066407055007814,0.2032296270859671,0.21052449264250628,0.2613822556987027,0.2523411034357417,0.19584364528200388,0.22794366374681782,0.18654551299244698,0.21125223815393487,0.19871263128163968,0.2161446118764303,0.2515854020682751,0.18152771327742367,0.2225214385530408,0.21288843646226013,0.19405589785997504,0.19904497689087366,0.2078040642953527,0.21332067335150603,0.20574262896398637,0.21543653124152093,0.1847534387951254,0.21401219647114014,0.21739945760239868,0.20221090192777494,0.21037933473308335,0.20348209619674307,0.22158076646401934,0.16751976234849655
Albanian,0.21091987836786485,0,0.17652977319216448,0.2344184920353037,0.18948714719758583,0.20477301312219498,0.22538183661521377,0.1899628309967327,0.1965759807496815,0.2028884613491419,0.19745135251525636,0.20774368664056883,0.18995071335462538,0.1938955326814933,0.21073677976891267,0.18867782417482937,0.2436978823616072,0.2333836329779271,0.20279466303685928,0.1959514571341739,0.17022301201561624,0.21168389417289726,0.19819607827711064,0.20168686223955382,0.22414460490925175,0.17024243702280026,0.22988159690963983,0.18991403196406703,0.18738748069756891,0.1933553256825381,0.18403415084128175,0.1944724754605451,0.1977141791933612,0.20616654396123477,0.1621250397974645,0.20027412686306756,0.20090288469128798,0.17975863825746907,0.21873868251917092,0.19111788412229078,0.19931823869267162,0.16341765314090578
Armenian,0.18114240556917427,0.17652977319216448,0,0.20640041929238392,0.1835097180964362,0.1821959831451176,0.20095364906222463,0.1749583389966314,0.18016243807904617,0.17856231024357427,0.1812145478429428,0.18924631905573036,0.17910340127041507,0.1765793950798352,0.18558534267877255,0.17013622894313452,0.21359692716910378,0.20756027050443546,0.17612557918034835,0.17539515919378237,0.17355511991065262,0.19557412918765096,0.1958136491899258,0.1850797208148354,0.1965394016994697,0.1713270161889947,0.1913781547344765,0.1728509352100941,0.17309318086609868,0.18598687119577875,0.17816992725616146,0.17996754047653943,0.18167599733230586,0.18515771739262296,0.16577927071410523,0.17515447845547844,0.18594966405561897,0.1755472404498835,0.19047707499323951,0.18065651335916236,0.186576305694549,0.16582374997817415
Bengali,0.2616000782097492,0.2344184920353037,0.20640041929238392,0,0.21589382075671756,0.23746194438643764,0.26380256449053946,0.22425618320335758,0.23025035023065982,0.2500790593584161,0.24381480739552946,0.24522487531021445,0.24350589100551068,0.2412228816328741,0.2472542495269101,0.2294649195234671,0.2331700155664825,0.22432598421465258,0.24414697613802075,0.2509682364727172,0.20464176239266535,0.2414231635821886,0.218426762012294,0.2301375896939174,0.2294750589708764,0.17382010626113087,0.27314101868474855,0.23668563812537122,0.22249001960742287,0.21887723521700755,0.2337331731219958,0.23538691116689592,0.2301059325890696,0.235532937587023,0.2042297057505644,0.23236933999256507,0.23430565380347185,0.2244020786855999,0.24872491324484225,0.21965802425962025,0.208470012187682,0.1998055751806374
Bosnian,0.192881611512401,0.18948714719758583,0.1835097180964362,0.21589382075671756,0,0.15540259295767508,0.21632120145333308,0.11895142456758512,0.1513524570553859,0.1919112580482511,0.19161588129063026,0.20568037754102922,0.19103699028867063,0.19073235607071856,0.1972335773884768,0.18421520921663742,0.2200046372580695,0.22161927572209872,0.18788733415372064,0.19478265410007234,0.1757695659026195,0.18304084055137373,0.1742854057606436,0.13646962187592726,0.21118846130375796,0.1805286819574396,0.20714336235835767,0.18803954625846223,0.17862597028210023,0.1500238258916862,0.18883044907419697,0.18546926066110758,0.14290173411393298,0.10107220454033539,0.174610769176094,0.1454983531856808,0.15400034217964076,0.18291697117299913,0.20312211087073148,0.13658482070585923,0.19899317042223072,0.17644075735358591
Bulgarian,0.22299222303851352,0.20477301312219498,0.1821959831451176,0.23746194438643764,0.15540259295767508,0,0.2356678595822213,0.15221642154500592,0.1788223282671355,0.21957660503761123,0.21083553209699973,0.21829899254313176,0.211567916716717,0.21075183944313616,0.22086767734939788,0.19767997634699247,0.24211861684223454,0.23788594966035517,0.2119677643383634,0.21663362860377358,0.17420661461036693,0.20831952270084747,0.18713916104769937,0.15882118742663948,0.23471249754782528,0.17948038110406983,0.24426042305612092,0.21090763583371822,0.19462461579665163,0.1676888109606531,0.20402116953906627,0.20311181001813822,0.17180424120201504,0.16787697949273733,0.1800782167380202,0.17604253630779879,0.18160416030397916,0.18974713785270308,0.22472313905309826,0.16979733565131497,0.20717108839680942,0.16927519608929745
Catalan,0.2551889605821958,0.22538183661521377,0.20095364906222463,0.26380256449053946,0.21632120145333308,0.2356678595822213,0,0.22310392542778984,0.22785361274103602,0.24793585238373453,0.2351737108679914,0.23541004921599382,0.21485646174595208,0.19672341011903097,0.24234227208327372,0.22398390206262286,0.2756414005144115,0.26808821387874293,0.23483298561437083,0.2472850762611577,0.1701458631187507,0.23895404443985427,0.2076156645242632,0.23253799246941034,0.2610844914480667,0.20343666782558464,0.2597294855746153,0.24179871351884466,0.21718824695534797,0.21126698334145372,0.1931379944179437,0.21080946743543913,0.2256291838306177,0.23685894200794883,0.20600523592813558,0.23199540254424458,0.23961629346457272,0.180681798986215,0.2452438450248268,0.21909878318673692,0.24312097039480443,0.1936311043271834
Croatian,0.20604199679141788,0.1899628309967327,0.1749583389966314,0.22425618320335758,0.11895142456758512,0.15221642154500592,0.22310392542778984,0,0.15346947258481014,0.19783675583741972,0.194322420908274,0.20625107741987794,0.1927075673444466,0.19483088349439598,0.2053850442966426,0.18224847259684315,0.23080810031363722,0.23003784617638293,0.19799891213803872,0.19821996431955066,0.16477322029274655,0.19398647826571053,0.17627115802706367,0.15276534563718655,0.21805376025153747,0.16779610253134977,0.22398659346926716,0.1914198487677206,0.1792019375217576,0.15149861350383,0.19099123781185134,0.18648200398631715,0.1581368199593954,0.12621118885657873,0.16480076217554784,0.15126379194786668,0.1506232544163024,0.1775195513536411,0.20709778537951298,0.14630613377713175,0.1982307554490173,0.15988169016587941
Czech,0.20210667178627564,0.1965759807496815,0.18016243807904617,0.23025035023065982,0.1513524570553859,0.1788223282671355,0.22785361274103602,0.15346947258481014,0,0.19912199431342573,0.1985977391577948,0.2015295399311428,0.19332206072561187,0.19902456041185052,0.2158317690984405,0.19141837691757393,0.23110311939362915,0.2290151952386266,0.19924338600308947,0.2028630160244878,0.17862614941171454,0.18902831685935184,0.18295309833072043,0.1754398518586405,0.22143548415792297,0.17379937354096256,0.22421812968822186,0.193537331921364,0.18630043660575812,0.15560460494779252,0.19625969062589216,0.19455394009769592,0.1645616872380528,0.16272710583183866,0.16986378170219563,0.140604195650306,0.17052750883857273,0.18212529461255922,0.21278804206960109,0.15360135131259253,0.1988539496451431,0.16287150039043444
Danish,0.20568144219707946,0.2028884613491419,0.17856231024357427,0.2500790593584161,0.1919112580482511,0.21957660503761123,0.24793585238373453,0.19783675583741972,0.19912199431342573,0,0.19490258150387996,0.18514050357883519,0.20822757413752904,0.21042594573113466,0.19526197515149285,0.19888367118141592,0.2555810889410297,0.24249920754591245,0.18001129404148264,0.20953436851584603,0.17973394083326005,0.21763302271336835,0.20118605987403365,0.2153874548534399,0.24586848597483188,0.17287222275961953,0.2110008458920456,0.20820056427650607,0.18832697258256118,0.19331663902507248,0.19485177552967722,0.2082300416202362,0.2048184453749946,0.21504070533950645,0.17455007749851784,0.20690935134143412,0.21425339668793053,0.18595719410439246,0.19507966220631726,0.19686267144973554,0.21051607896627442,0.15907108287564445
Dutch,0.15742945457506835,0.19745135251525636,0.1812145478429428,0.24381480739552946,0.19161588129063026,0.21083553209699973,0.2351737108679914,0.194322420908274,0.1985977391577948,0.19490258150387996,0,0.17971059862206185,0.20743053808697354,0.20726778343179536,0.18485773010003176,0.19400695886473143,0.24385814905515957,0.2362257983346753,0.19330212343192993,0.20841367532408797,0.18172636532591085,0.20760992331229536,0.19753022096163378,0.20538675339891616,0.2316624421136827,0.1768275905154383,0.20877528020617697,0.2023963014016986,0.1880533286555934,0.19831569325927273,0.19728886822250882,0.20582371646965283,0.20296175446371498,0.20862973237400909,0.18034975605734305,0.20590669506897857,0.2036923973200648,0.1895997675269782,0.1952034395370402,0.1977449667224975,0.20840110316290406,0.16636075711339854
English,0.19330349937574964,0.20774368664056883,0.18924631905573036,0.24522487531021445,0.20568037754102922,0.21829899254313176,0.23541004921599382,0.20625107741987794,0.2015295399311428,0.18514050357883519,0.17971059862206185,0,0.2084288180009791,0.2075031334062603,0.1973846132373636,0.2101570151792846,0.2431827410685549,0.2424099541008969,0.19507019267501988,0.2067115916280746,0.18562791729474099,0.22423448319754205,0.20335685226085048,0.21872006491543877,0.23457681145856668,0.18326625839673627,0.211751642509274,0.21116483488667184,0.1953069897689284,0.20177147210948695,0.19748862876587112,0.21207166445906167,0.21139800538116243,0.22166684869321615,0.1905532129248752,0.20951817687859403,0.21803833915004528,0.19613294302657724,0.2035482577947704,0.20796843326319178,0.21519709500962156,0.17185561124508922
French,0.2214229512385424,0.18995071335462538,0.17910340127041507,0.24350589100551068,0.19103699028867063,0.211567916716717,0.21485646174595208,0.1927075673444466,0.19332206072561187,0.20822757413752904,0.20743053808697354,0.2084288180009791,0,0.1871404647679365,0.2200903534487428,0.19021029007304643,0.2496023240501152,0.23846552712907643,0.20801374626967628,0.20600183817872145,0.15839988485913692,0.2105279217452009,0.20091902584195429,0.20758974547144382,0.22980742524060815,0.16718459685705003,0.23849393831981408,0.19786095991525002,0.18971003297538927,0.19261717963756397,0.1770323160074114,0.19329671973218204,0.20015460960703174,0.20966277952866838,0.17104801217490478,0.2052432165187725,0.20175139436798536,0.16475506411529195,0.2236920513409104,0.19256621935525786,0.20467937236334285,0.15699162116019083
Galician,0.22066407055007814,0.1938955326814933,0.1765793950798352,0.2412228816328741,0.19073235607071856,0.21075183944313616,0.19672341011903097,0.19483088349439598,0.19902456041185052,0.21042594573113466,0.20726778343179536,0.2075031334062603,0.1871404647679365,0,0.21886409442425417,0.19308057090897623,0.25223138433174236,0.24080232386089923,0.20222222730058909,0.20851689968121082,0.14918416217986039,0.215718148925265,0.19892561411563864,0.20582043333515265,0.2358023017022063,0.1688308631800005,0.2383440821420425,0.20385016205265724,0.1878885984281656,0.19322661900674637,0.14784662310577343,0.18887801638121635,0.2019434205262869,0.21118871153779722,0.17187036819321186,0.20568303702064997,0.20980757505619615,0.12695677375699874,0.21678247880213358,0.197489711961476,0.20920814943122737,0.16281393603993166
German,0.2032296270859671,0.21073677976891267,0.18558534267877255,0.2472542495269101,0.1972335773884768,0.22086767734939788,0.24234227208327372,0.2053850442966426,0.2158317690984405,0.19526197515149285,0.18485773010003176,0.1973846132373636,0.2200903534487428,0.21886409442425417,0,0.20297110778413813,0.2535604297725602,0.2441504737282213,0.19836163530800838,0.2207607973486334,0.18556932055721043,0.21698330020009138,0.2010747242905244,0.21662531988785522,0.24127732256532705,0.18946262337925424,0.22340457206524025,0.21768929988075617,0.19648622224414078,0.20443343611871329,0.21683030584792468,0.20994721310949804,0.2140472553842156,0.21653363903289644,0.19465993855141647,0.21732133231101894,0.2143869453257249,0.20104845157706494,0.20514258192355309,0.20623698981446054,0.22093920206153408,0.17585646706568694
Greek,0.21052449264250628,0.18867782417482937,0.17013622894313452,0.2294649195234671,0.18421520921663742,0.19767997634699247,0.22398390206262286,0.18224847259684315,0.19141837691757393,0.19888367118141592,0.19400695886473143,0.2101570151792846,0.19021029007304643,0.19308057090897623,0.20297110778413813,0,0.2404674908809606,0.227650396197805,0.19742333462159742,0.19539438889658983,0.1640759749504618,0.2061578605286069,0.19018071717102433,0.198474084577718,0.2241306815446357,0.16366478844585225,0.23070337878024963,0.18880706812006412,0.18328789863524714,0.18614925494106485,0.18566312118852438,0.19080817133975125,0.1945129533427124,0.2015503372372326,0.16457116187909976,0.19750689225290083,0.19667981028829212,0.1733713525302466,0.21343734965750205,0.1847071867198971,0.1987770517333354,0.15523698706101358
Gujarati,0.2613822556987027,0.2436978823616072,0.21359692716910378,0.2331700155664825,0.2200046372580695,0.24211861684223454,0.2756414005144115,0.23080810031363722,0.23110311939362915,0.2555810889410297,0.24385814905515957,0.2431827410685549,0.2496023240501152,0.25223138433174236,0.2535604297725602,0.2404674908809606,0,0.19434568959768797,0.24993229377537893,0.26093365256602086,0.21071471242722312,0.24677970101403474,0.2158262511144402,0.23672748034930374,0.1948289206325285,0.18513539380222707,0.2745029953965957,0.2404663056765738,0.22179417589804795,0.2206047515251719,0.24579117786299728,0.24209299400912737,0.23651751473989635,0.24263543766901843,0.21494944758685036,0.24538649743309227,0.2454111503534559,0.23120285956488715,0.25899962679071026,0.23043253764852387,0.21203884660406536,0.20672435644793485
Hindi,0.2523411034357417,0.2333836329779271,0.20756027050443546,0.22432598421465258,0.22161927572209872,0.23788594966035517,0.26808821387874293,0.23003784617638293,0.2290151952386266,0.24249920754591245,0.2362257983346753,0.2424099541008969,0.23846552712907643,0.24080232386089923,0.2441504737282213,0.227650396197805,0.19434568959768797,0,0.23920422480791279,0.24487782433216096,0.20772542157180923,0.24357675879679874,0.21531948520609898,0.23078938169718125,0.19930473004828378,0.17490799474154037,0.26486094233712265,0.22633548027686184,0.21534654648159796,0.2220140857900131,0.23681450672114826,0.233540699156812,0.23260704953048997,0.24371379242141936,0.20811400712444475,0.24084139630209067,0.24368245933037036,0.22131807073163812,0.2518811736231242,0.2272611774350512,0.1771421366384465,0.1981333138346428
Icelandic,0.19584364528200388,0.20279466303685928,0.17612557918034835,0.24414697613802075,0.18788733415372064,0.2119677643383634,0.23483298561437083,0.19799891213803872,0.19924338600308947,0.18001129404148264,0.19330212343192993,0.19507019267501988,0.20801374626967628,0.20222222730058909,0.19836163530800838,0.19742333462159742,0.24993229377537893,0.23920422480791279,0,0.21227012092202902,0.1789914738962734,0.20537303543408844,0.1869282104549151,0.20680137076303906,0.23585053525530114,0.184743194052783,0.19665194285143217,0.207073215172798,0.18584202162361577,0.19438201425663498,0.20066955092713648,0.20176148962772872,0.1965672997901536,0.20370567577870427,0.18020097310573693,0.20324868704525526,0.20679676583215742,0.194148666029165,0.18861853881275809,0.18969300154972715,0.21222560871406967,0.17152872225632498
Irish,0.22794366374681782,0.1959514571341739,0.17539515919378237,0.2509682364727172,0.19478265410007234,0.21663362860377358,0.2472850762611577,0.19821996431955066,0.2028630160244878,0.20953436851584603,0.20841367532408797,0.2067115916280746,0.20600183817872145,0.20851689968121082,0.2207607973486334,0.19539438889658983,0.26093365256602086,0.24487782433216096,0.21227012092202902,0,0.1795937597093763,0.21709792188618518,0.20480035867060892,0.21164285157692003,0.242040053458815,0.16750750880505752,0.2563297793534056,0.1991039029346834,0.18825438336204775,0.19637773878161957,0.19198435912130263,0.20883333370155813,0.20681358541411762,0.22194378013978575,0.16877333173700904,0.2110292508492254,0.21165040100118568,0.18010954598834175,0.2249235913114835,0.2002255687815236,0.20971815561645996,0.15126109069670263
Italian,0.18654551299244698,0.17022301201561624,0.17355511991065262,0.20464176239266535,0.1757695659026195,0.17420661461036693,0.1701458631187507,0.16477322029274655,0.17862614941171454,0.17973394083326005,0.18172636532591085,0.18562791729474099,0.15839988485913692,0.14918416217986039,0.18556932055721043,0.1640759749504618,0.21071471242722312,0.20772542157180923,0.1789914738962734,0.1795937597093763,0,0.19620027299143203,0.19250277973365076,0.178009037483342,0.19498714532015948,0.16141403583438962,0.1950234985261638,0.17334850407900673,0.17908560483953054,0.18004070714043288,0.15406057511686105,0.1484202020852635,0.17915513454843937,0.18023519745967695,0.16267712748737503,0.17567189070062894,0.17867189551788487,0.14244414978935926,0.18835330908118544,0.1728631325085115,0.1855429951260375,0.156147517108828
Latvian,0.21125223815393487,0.21168389417289726,0.19557412918765096,0.2414231635821886,0.18304084055137373,0.20831952270084747,0.23895404443985427,0.19398647826571053,0.18902831685935184,0.21763302271336835,0.20760992331229536,0.22423448319754205,0.2105279217452009,0.215718148925265,0.21698330020009138,0.2061578605286069,0.24677970101403474,0.24357675879679874,0.20537303543408844,0.21709792188618518,0.19620027299143203,0,0.15925626547553473,0.20017633074479338,0.23321756184444045,0.20371575571580014,0.22393252853613754,0.2125408840309733,0.20230439040450895,0.18398903446654874,0.211180206757709,0.2105740215864479,0.18824160436157233,0.19084565067421694,0.19702722500988978,0.1945037297000539,0.19935652995901687,0.21123363256801245,0.22147764651723112,0.18774200485908243,0.22152466990486952,0.19041145306736465
Lithuanian,0.19871263128163968,0.19819607827711064,0.1958136491899258,0.218426762012294,0.1742854057606436,0.18713916104769937,0.2076156645242632,0.17627115802706367,0.18295309833072043,0.20118605987403365,0.19753022096163378,0.20335685226085048,0.20091902584195429,0.19892561411563864,0.2010747242905244,0.19018071717102433,0.2158262511144402,0.21531948520609898,0.1869282104549151,0.20480035867060892,0.19250277973365076,0.15925626547553473,0,0.18602903226494377,0.2131003208095359,0.1995599235358149,0.19654262164537054,0.19895469562960708,0.18965402552779775,0.18436702503234798,0.20101166102885373,0.19126661881517876,0.17875943183915563,0.17308509934973196,0.1920535102666193,0.1840541040258226,0.1822427994915979,0.19719318621821194,0.20102429961826665,0.17363216968876524,0.2071531513240868,0.1973679244154538
Macedonian,0.2161446118764303,0.20168686223955382,0.1850797208148354,0.2301375896939174,0.13646962187592726,0.15882118742663948,0.23253799246941034,0.15276534563718655,0.1754398518586405,0.2153874548534399,0.20538675339891616,0.21872006491543877,0.20758974547144382,0.20582043333515265,0.21662531988785522,0.198474084577718,0.23672748034930374,0.23078938169718125,0.20680137076303906,0.21164285157692003,0.178009037483342,0.20017633074479338,0.18602903226494377,0,0.22743662026674105,0.18055140911788864,0.23645605207151638,0.20084878544808718,0.19163719921720432,0.16471237809148886,0.2012010155467979,0.19945726354280302,0.16319047603830913,0.14261466573250384,0.1799791124734074,0.16998170831944753,0.1808325427810089,0.19072233234212546,0.21907086325131464,0.15826086837757483,0.20640288209878144,0.17624881850419713
Marathi,0.2515854020682751,0.22414460490925175,0.1965394016994697,0.2294750589708764,0.21118846130375796,0.23471249754782528,0.2610844914480667,0.21805376025153747,0.22143548415792297,0.24586848597483188,0.2316624421136827,0.23457681145856668,0.22980742524060815,0.2358023017022063,0.24127732256532705,0.2241306815446357,0.1948289206325285,0.19930473004828378,0.23585053525530114,0.242040053458815,0.19498714532015948,0.23321756184444045,0.2131003208095359,0.22743662026674105,0,0.17408541110343728,0.2695926841877567,0.22343978416274174,0.2097059285218351,0.21013012153453517,0.22479053646783725,0.22923395897612475,0.2236330423486909,0.23371226344705862,0.19282971060545553,0.2320085201027941,0.2358238642792195,0.21204520900666593,0.24780052853594658,0.2189637782031841,0.2062973518860624,0.1858230775575514
Nepali,0.18152771327742367,0.17024243702280026,0.1713270161889947,0.17382010626113087,0.1805286819574396,0.17948038110406983,0.20343666782558464,0.16779610253134977,0.17379937354096256,0.17287222275961953,0.1768275905154383,0.18326625839673627,0.16718459685705003,0.1688308631800005,0.18946262337925424,0.16366478844585225,0.18513539380222707,0.17490799474154037,0.184743194052783,0.16750750880505752,0.16141403583438962,0.20371575571580014,0.1995599235358149,0.18055140911788864,0.17408541110343728,0,0.19818432065689087,0.16207830193005576,0.17246461582795547,0.1843486983003895,0.16942717351684097,0.17847545895431202,0.18301335893814616,0.1877198277087383,0.14687035593068629,0.1745240564299643,0.1795587796585675,0.15804896300586127,0.1895590650761548,0.17676118750585118,0.15200667189335113,0.15608645896064638
Norwegian,0.2225214385530408,0.22988159690963983,0.1913781547344765,0.27314101868474855,0.20714336235835767,0.24426042305612092,0.2597294855746153,0.22398659346926716,0.22421812968822186,0.2110008458920456,0.20877528020617697,0.211751642509274,0.23849393831981408,0.2383440821420425,0.22340457206524025,0.23070337878024963,0.2745029953965957,0.26486094233712265,0.19665194285143217,0.2563297793534056,0.1950234985261638,0.22393252853613754,0.19654262164537054,0.23645605207151638,0.2695926841877567,0.19818432065689087,0,0.2409100092583401,0.21043252562086487,0.20653839351299375,0.2216209493396837,0.22652829446130326,0.2250215793491682,0.234006727230458,0.20560869445283078,0.23400270464285342,0.2368644597579655,0.21555815816698276,0.177181465926011,0.21879424466130287,0.23463095447863017,0.1861209156107604
Pashto,0.21288843646226013,0.18991403196406703,0.1728509352100941,0.23668563812537122,0.18803954625846223,0.21090763583371822,0.24179871351884466,0.1914198487677206,0.193537331921364,0.20820056427650607,0.2023963014016986,0.21116483488667184,0.19786095991525002,0.20385016205265724,0.21768929988075617,0.18880706812006412,0.2404663056765738,0.22633548027686184,0.207073215172798,0.1991039029346834,0.17334850407900673,0.2125408840309733,0.19895469562960708,0.20084878544808718,0.22343978416274174,0.16207830193005576,0.2409100092583401,0,0.17424149104388342,0.1923103972475937,0.19136398017729764,0.19892395063815255,0.20005926411628205,0.20868881503918332,0.1617736858579546,0.20517129481052535,0.20483479581995512,0.17853693482959315,0.22297550402822425,0.19281984829946033,0.19091947323659744,0.1617926628075829
Persian,0.19405589785997504,0.18738748069756891,0.17309318086609868,0.22249001960742287,0.17862597028210023,0.19462461579665163,0.21718824695534797,0.1792019375217576,0.18630043660575812,0.18832697258256118,0.1880533286555934,0.1953069897689284,0.18971003297538927,0.1878885984281656,0.19648622224414078,0.18328789863524714,0.22179417589804795,0.21534654648159796,0.18584202162361577,0.18825438336204775,0.17908560483953054,0.20230439040450895,0.18965402552779775,0.19163719921720432,0.2097059285218351,0.17246461582795547,0.21043252562086487,0.17424149104388342,0,0.18765341889494386,0.18668308382404764,0.18671448351353054,0.18901158074635055,0.19013731579784637,0.1702219346161824,0.18786340432627124,0.1889426312915999,0.17931178576276907,0.19783680084650399,0.1782882715875814,0.18445307701254565,0.16925807110647437
Polish,0.19904497689087366,0.1933553256825381,0.18598687119577875,0.21887723521700755,0.1500238258916862,0.1676888109606531,0.21126698334145372,0.15149861350383,0.15560460494779252,0.19331663902507248,0.19831569325927273,0.20177147210948695,0.19261717963756397,0.19322661900674637,0.20443343611871329,0.18614925494106485,0.2206047515251719,0.2220140857900131,0.19438201425663498,0.19637773878161957,0.18004070714043288,0.18398903446654874,0.18436702503234798,0.16471237809148886,0.21013012153453517,0.1843486983003895,0.20653839351299375,0.1923103972475937,0.18765341889494386,0,0.19017186530494276,0.18597985391243654,0.1553865443178232,0.1549126450920564,0.17836816901396466,0.143122211765369,0.1638813611900558,0.18479374129506565,0.20157139397175716,0.14459043512636516,0.20095439991395486,0.17540384966093248
Portuguese,0.2078040642953527,0.18403415084128175,0.17816992725616146,0.2337331731219958,0.18883044907419697,0.20402116953906627,0.1931379944179437,0.19099123781185134,0.19625969062589216,0.19485177552967722,0.19728886822250882,0.19748862876587112,0.1770323160074114,0.14784662310577343,0.21683030584792468,0.18566312118852438,0.24579117786299728,0.23681450672114826,0.20066955092713648,0.19198435912130263,0.15406057511686105,0.211180206757709,0.20101166102885373,0.2012010155467979,0.22479053646783725,0.16942717351684097,0.2216209493396837,0.19136398017729764,0.18668308382404764,0.19017186530494276,0,0.18263048400510726,0.19572700771352036,0.20681940933662835,0.16857233294485127,0.1969370379844263,0.19691684036776075,0.1387162600856299,0.20703356673574205,0.1919701170130217,0.19893094868044525,0.1617240485296034
Romanian,0.21332067335150603,0.1944724754605451,0.17996754047653943,0.23538691116689592,0.18546926066110758,0.20311181001813822,0.21080946743543913,0.18648200398631715,0.19455394009769592,0.2082300416202362,0.20582371646965283,0.21207166445906167,0.19329671973218204,0.18887801638121635,0.20994721310949804,0.19080817133975125,0.24209299400912737,0.233540699156812,0.20176148962772872,0.20883333370155813,0.1484202020852635,0.2105740215864479,0.19126661881517876,0.19945726354280302,0.22923395897612475,0.17847545895431202,0.22652829446130326,0.19892395063815255,0.18671448351353054,0.18597985391243654,0.18263048400510726,0,0.1971340776530452,0.20061095666901224,0.17967449833018032,0.19863144847544065,0.20241675783407226,0.17582119568765664,0.21355022952660532,0.19066066783452412,0.2106424569038367,0.16853794211215092
Russian,0.20574262896398637,0.1977141791933612,0.18167599733230586,0.2301059325890696,0.14290173411393298,0.17180424120201504,0.2256291838306177,0.1581368199593954,0.1645616872380528,0.2048184453749946,0.20296175446371498,0.21139800538116243,0.20015460960703174,0.2019434205262869,0.2140472553842156,0.1945129533427124,0.23651751473989635,0.23260704953048997,0.1965672997901536,0.20681358541411762,0.17915513454843937,0.18824160436157233,0.17875943183915563,0.16319047603830913,0.2236330423486909,0.18301335893814616,0.2250215793491682,0.20005926411628205,0.18901158074635055,0.1553865443178232,0.19572700771352036,0.1971340776530452,0,0.15154905594893645,0.1757492042602649,0.1545207708885575,0.17527170477933457,0.18965939311054944,0.213998376638721,0.13751176266851375,0.2080309757858286,0.1753146155009706
Serbian,0.21543653124152093,0.20616654396123477,0.18515771739262296,0.235532937587023,0.10107220454033539,0.16787697949273733,0.23685894200794883,0.12621118885657873,0.16272710583183866,0.21504070533950645,0.20862973237400909,0.22166684869321615,0.20966277952866838,0.21118871153779722,0.21653363903289644,0.2015503372372326,0.24263543766901843,0.24371379242141936,0.20370567577870427,0.22194378013978575,0.18023519745967695,0.19084565067421694,0.17308509934973196,0.14261466573250384,0.23371226344705862,0.1877198277087383,0.234006727230458,0.20868881503918332,0.19013731579784637,0.1549126450920564,0.20681940933662835,0.20061095666901224,0.15154905594893645,0,0.18487289348399566,0.1599484984988888,0.16278024497175522,0.19810056914809734,0.21855729116893646,0.14271051472137272,0.21539332305688474,0.18032099804567545
Sinhala,0.1847534387951254,0.1621250397974645,0.16577927071410523,0.2042297057505644,0.174610769176094,0.1800782167380202,0.20600523592813558,0.16480076217554784,0.16986378170219563,0.17455007749851784,0.18034975605734305,0.1905532129248752,0.17104801217490478,0.17187036819321186,0.19465993855141647,0.16457116187909976,0.21494944758685036,0.20811400712444475,0.18020097310573693,0.16877333173700904,0.16267712748737503,0.19702722500988978,0.1920535102666193,0.1799791124734074,0.19282971060545553,0.14687035593068629,0.20560869445283078,0.1617736858579546,0.1702219346161824,0.17836816901396466,0.16857233294485127,0.17967449833018032,0.1757492042602649,0.18487289348399566,0,0.17218859243147702,0.17873530890063097,0.1587795468161047,0.19403963129117033,0.171208994929034,0.17578411451517004,0.15051662450618936
Slovak,0.21401219647114014,0.20027412686306756,0.17515447845547844,0.23236933999256507,0.1454983531856808,0.17604253630779879,0.23199540254424458,0.15126379194786668,0.140604195650306,0.20690935134143412,0.20590669506897857,0.20951817687859403,0.2052432165187725,0.20568303702064997,0.21732133231101894,0.19750689225290083,0.24538649743309227,0.24084139630209067,0.20324868704525526,0.2110292508492254,0.17567189070062894,0.1945037297000539,0.1840541040258226,0.16998170831944753,0.2320085201027941,0.1745240564299643,0.23400270464285342,0.20517129481052535,0.18786340432627124,0.143122211765369,0.1969370379844263,0.19863144847544065,0.1545207708885575,0.1599484984988888,0.17218859243147702,0,0.17243186213988324,0.18550698183804631,0.21496753814801878,0.14973988654745762,0.20648664139923725,0.1606639556026568
Slovenian,0.21739945760239868,0.20090288469128798,0.18594966405561897,0.23430565380347185,0.15400034217964076,0.18160416030397916,0.23961629346457272,0.1506232544163024,0.17052750883857273,0.21425339668793053,0.2036923973200648,0.21803833915004528,0.20175139436798536,0.20980757505619615,0.2143869453257249,0.19667981028829212,0.2454111503534559,0.24368245933037036,0.20679676583215742,0.21165040100118568,0.17867189551788487,0.19935652995901687,0.1822427994915979,0.1808325427810089,0.2358238642792195,0.1795587796585675,0.2368644597579655,0.20483479581995512,0.1889426312915999,0.1638813611900558,0.19691684036776075,0.20241675783407226,0.17527170477933457,0.16278024497175522,0.17873530890063097,0.17243186213988324,0,0.19046590635834595,0.21939064101267136,0.16704122146479336,0.21076780397922032,0.17077913813408
Spanish,0.20221090192777494,0.17975863825746907,0.1755472404498835,0.2244020786855999,0.18291697117299913,0.18974713785270308,0.180681798986215,0.1775195513536411,0.18212529461255922,0.18595719410439246,0.1895997675269782,0.19613294302657724,0.16475506411529195,0.12695677375699874,0.20104845157706494,0.1733713525302466,0.23120285956488715,0.22131807073163812,0.194148666029165,0.18010954598834175,0.14244414978935926,0.21123363256801245,0.19719318621821194,0.19072233234212546,0.21204520900666593,0.15804896300586127,0.21555815816698276,0.17853693482959315,0.17931178576276907,0.18479374129506565,0.1387162600856299,0.17582119568765664,0.18965939311054944,0.19810056914809734,0.1587795468161047,0.18550698183804631,0.19046590635834595,0,0.20345459857299444,0.18308361987387164,0.19137259749986876,0.15681626767158466
Swedish,0.21037933473308335,0.21873868251917092,0.19047707499323951,0.24872491324484225,0.20312211087073148,0.22472313905309826,0.2452438450248268,0.20709778537951298,0.21278804206960109,0.19507966220631726,0.1952034395370402,0.2035482577947704,0.2236920513409104,0.21678247880213358,0.20514258192355309,0.21343734965750205,0.25899962679071026,0.2518811736231242,0.18861853881275809,0.2249235913114835,0.18835330908118544,0.22147764651723112,0.20102429961826665,0.21907086325131464,0.24780052853594658,0.1895590650761548,0.177181465926011,0.22297550402822425,0.19783680084650399,0.20157139397175716,0.20703356673574205,0.21355022952660532,0.213998376638721,0.21855729116893646,0.19403963129117033,0.21496753814801878,0.21939064101267136,0.20345459857299444,0,0.20573662345532406,0.22026068924926154,0.18061571399827106
Ukrainian,0.20348209619674307,0.19111788412229078,0.18065651335916236,0.21965802425962025,0.13658482070585923,0.16979733565131497,0.21909878318673692,0.14630613377713175,0.15360135131259253,0.19686267144973554,0.1977449667224975,0.20796843326319178,0.19256621935525786,0.197489711961476,0.20623698981446054,0.1847071867198971,0.23043253764852387,0.2272611774350512,0.18969300154972715,0.2002255687815236,0.1728631325085115,0.18774200485908243,0.17363216968876524,0.15826086837757483,0.2189637782031841,0.17676118750585118,0.21879424466130287,0.19281984829946033,0.1782882715875814,0.14459043512636516,0.1919701170130217,0.19066066783452412,0.13751176266851375,0.14271051472137272,0.171208994929034,0.14973988654745762,0.16704122146479336,0.18308361987387164,0.20573662345532406,0,0.2037740582126497,0.1673634983973581
Urdu,0.22158076646401934,0.19931823869267162,0.186576305694549,0.208470012187682,0.19899317042223072,0.20717108839680942,0.24312097039480443,0.1982307554490173,0.1988539496451431,0.21051607896627442,0.20840110316290406,0.21519709500962156,0.20467937236334285,0.20920814943122737,0.22093920206153408,0.1987770517333354,0.21203884660406536,0.1771421366384465,0.21222560871406967,0.20971815561645996,0.1855429951260375,0.22152466990486952,0.2071531513240868,0.20640288209878144,0.2062973518860624,0.15200667189335113,0.23463095447863017,0.19091947323659744,0.18445307701254565,0.20095439991395486,0.19893094868044525,0.2106424569038367,0.2080309757858286,0.21539332305688474,0.17578411451517004,0.20648664139923725,0.21076780397922032,0.19137259749986876,0.22026068924926154,0.2037740582126497,0,0.17386363994712803
Welsh,0.16751976234849655,0.16341765314090578,0.16582374997817415,0.1998055751806374,0.17644075735358591,0.16927519608929745,0.1936311043271834,0.15988169016587941,0.16287150039043444,0.15907108287564445,0.16636075711339854,0.17185561124508922,0.15699162116019083,0.16281393603993166,0.17585646706568694,0.15523698706101358,0.20672435644793485,0.1981333138346428,0.17152872225632498,0.15126109069670263,0.156147517108828,0.19041145306736465,0.1973679244154538,0.17624881850419713,0.1858230775575514,0.15608645896064638,0.1861209156107604,0.1617926628075829,0.16925807110647437,0.17540384966093248,0.1617240485296034,0.16853794211215092,0.1753146155009706,0.18032099804567545,0.15051662450618936,0.1606639556026568,0.17077913813408,0.15681626767158466,0.18061571399827106,0.1673634983973581,0.17386363994712803,0
