,Afrikaans,Albanian,Armenian,Bengali,Bosnian,Bulgarian,Catalan,Croatian,Czech,Danish,Dutch,English,French,Galician,German,Greek,Gujarati,Hindi,Icelandic,Irish,Italian,Latvian,Lithuanian,Macedonian,Marathi,Nepali,Norwegian,Pashto,Persian,Polish,Portuguese,Romanian,Russian,Serbian,Sinhala,Slovak,Slovenian,Spanish,Swedish,Ukrainian,Urdu,Welsh
Afrikaans,0,27.68215002563028,27.57572438016857,29.605126260938135,28.603648272913823,28.645016768303716,29.338121766069282,27.92790014990229,28.98745652091077,26.767195594587015,22.05247168775575,26.735692439685025,28.334381967632797,27.024077134432833,26.58123288685156,29.431566121541323,29.975861743831114,30.30383562617666,25.66540822627095,28.652055122451664,28.792458855055216,29.704252588525318,30.028147915760176,28.19940619208155,29.58683535733447,28.01486858027479,27.077849789094053,27.194139717121836,27.781322026332177,29.806320399396693,27.833935790110043,28.95405076295836,28.347607125627935,28.135981353650198,27.12399836858016,28.7816607200345,28.944597790600366,28.611293203435014,26.38111758495433,28.133164097225453,29.02073521902,28.045281609221686
Albanian,27.68215002563028,0,27.013933187887844,28.489689354818037,28.552811638564528,28.941203501624077,29.28642189092612,27.743470930133153,29.530293919199877,29.08794082170678,28.878160068130796,29.816558270423332,28.014066139858006,26.320466785837983,29.205835889517186,28.544183910073333,29.339245522352538,29.342835717475058,27.98881061177627,28.626355820424305,28.457396949492317,29.585945366335853,29.12097177391673,27.910223667116455,28.52227098558564,26.905919164783974,29.75200292183389,26.614324848580008,27.320832642303564,29.670126963627602,27.768587244690327,28.19394740867235,28.17451972358163,28.13731263377253,24.36734415072972,28.52475841270977,29.282139309163156,28.14413668284405,28.725448506871192,27.70295837021012,28.010196564080204,28.132684348657314
Armenian,27.57572438016857,27.013933187887844,0,28.755081056753838,28.03508635367422,28.898728182551775,29.354336473007194,27.781350902597744,29.381632964035433,29.462049372426907,28.6579365308441,29.26286746670064,28.552311400219413,27.504639209832767,28.914871083377353,28.274160203757578,29.804264999153954,29.983079406977158,26.836506650485607,28.83344810698918,28.467605490710547,28.20258401621045,28.12540826348155,28.04708107790404,29.24860607407775,28.135572751091804,29.262655670611583,27.04277441080636,26.706166544037867,29.230051361392178,28.076462020092805,28.459975642483872,28.170575127894445,28.058570200917504,26.173349934915347,28.761603837838145,29.241945508205355,28.83590314367842,28.40890668111507,27.997177602045067,28.560870737828083,27.682573432492525
Bengali,29.605126260938135,28.489689354818037,28.755081056753838,0,29.529091015352837,29.382045880595353,29.82915141755727,28.972914969652162,29.973929821933325,30.490766702869035,29.833212906754078,29.915926441496357,29.57310762974562,28.58557351085385,30.085507554185376,29.23305775047987,26.498128902691832,26.37937519934402,29.58382339500257,30.136663258725743,28.94771546351745,30.457552483567973,30.1235847671662,28.918156527105765,26.909863025432422,24.800903168309414,30.910213179977607,28.437481981914402,29.010847479872325,29.790203439948613,28.899414031425785,29.2230618711056,29.66355853771734,29.274573518795222,26.958405800283025,29.73658980324705,30.036781973181775,28.873251075307337,29.4024773656203,29.210811703908693,25.72801931977755,29.19383362281305
Bosnian,28.603648272913823,28.552811638564528,28.03508635367422,29.529091015352837,0,25.006366106130002,30.143094161962544,20.999681200967373,25.560203437102203,29.54322595230645,28.943490670359168,30.014947523186038,29.05147539217235,28.488316992569313,29.46262990986293,29.541616743069614,30.498415398575805,30.46190031055371,28.24913214670248,30.52961746780318,27.863683971961073,27.263697081754064,27.35284397309989,22.222052721250613,30.243381399981846,28.307767132047534,29.764703180775783,28.995602671707257,28.497629036592397,25.118027415008484,28.29394161815645,28.569617864078026,23.32017869682262,18.703539348948773,28.141992004811666,24.24180107566575,25.00196872674979,28.97973460818,29.271148950150206,23.05177386033176,29.0351697371858,28.49421500443756
Bulgarian,28.645016768303716,28.941203501624077,28.898728182551775,29.382045880595353,25.006366106130002,0,29.19954580512606,23.196345204382084,25.74930214276978,29.44661040121854,28.674460063721448,29.26915246873135,29.061094545837733,27.74584997583594,29.549155036491854,29.04885497483221,30.04091613309834,30.04973381553523,28.545082119497916,29.70569381948478,27.605471038821573,29.886177585774966,29.264814746534025,23.001949362563852,29.651640642554085,29.133692619553266,29.980150128036257,28.730979356046202,28.68804262745182,26.899771499733276,28.128177554030458,28.831284012764325,25.501152400170966,24.1232929510565,28.06960268012676,25.804715060400927,26.34964437582267,28.191620366490138,29.294314153100178,25.252243669499745,28.700612222117446,27.961783135693235
Catalan,29.338121766069282,29.28642189092612,29.354336473007194,29.82915141755727,30.143094161962544,29.19954580512606,0,28.80221197739476,30.37560436069792,29.964051209583026,29.326043715033855,29.242264316866635,27.542927611173702,24.626170902446976,30.078190203170955,29.145160128455647,30.15042679948029,30.208365586601765,29.3038168009093,29.7197584057468,26.23092527041496,31.268196186104614,30.57452034643296,29.244069155544892,29.650493640133366,29.575353345935667,29.613461063766252,29.478004450614378,29.505505603389697,30.479757244161696,25.507935086029974,27.413714881736233,30.049772706292593,29.64388490488559,28.511246762238947,29.818641422144538,30.07643327508261,24.636026326947277,29.123605837569325,29.280596122958087,29.4989107125862,29.257873355762708
Croatian,27.92790014990229,27.743470930133153,27.781350902597744,28.972914969652162,20.999681200967373,23.196345204382084,28.80221197739476,0,24.981872313811078,28.69041472566362,28.500389516568273,28.842032045436728,28.113888361318295,27.045727881645057,29.106613540825578,28.704930416853202,29.3238366067442,29.516420534109724,28.073527776969684,29.17013846325373,27.171401109461616,28.82504932544048,27.652507308936954,23.06428710517024,28.828575824006105,28.2090965387608,29.37203296728893,27.715297024962243,27.65873137909798,25.719393577247374,27.932871236889852,28.026638602062523,24.600177484052242,20.23371266302954,26.901788394887994,24.349634487386467,23.733167825296483,27.865723188579643,28.699511132726464,23.855407822123915,28.208811467687994,27.56706348593115
Czech,28.98745652091077,29.530293919199877,29.381632964035433,29.973929821933325,25.560203437102203,25.74930214276978,30.37560436069792,24.981872313811078,0,29.40636922842732,29.33259597451123,29.78160761692349,29.268157318725933,28.69781654543252,29.972818192887722,30.253382035179154,30.926766630273633,30.945228957314477,28.921222049739335,30.51317142517643,28.56255517278237,28.935112476859818,29.575570576515517,25.964449273068894,30.76482055500465,29.092287972042982,30.264686890971163,29.102821325549726,28.897377866761346,25.602434836594604,29.142214733274752,29.476728973009823,25.22688821666182,24.87916930420437,28.75880980175714,22.85797429154391,26.91675844030833,29.30182386168274,29.842785147759592,24.86750858070802,29.250591423398273,28.38415387239368
Danish,26.767195594587015,29.08794082170678,29.462049372426907,30.490766702869035,29.54322595230645,29.44661040121854,29.964051209583026,28.69041472566362,29.40636922842732,0,27.3224367738786,27.283841374144806,28.599079279827674,28.138671176170327,27.26569342284655,30.116509020062793,30.47382995546089,30.69563584884097,26.349135376169887,29.1566698130956,28.837563592842557,30.96885360144596,30.992494574125256,29.417987006318825,30.039981423739082,28.267634413579618,25.475983106786597,28.6581346758359,29.307001498370155,30.41960802348275,28.88185894425297,29.339056947397015,29.46443062763175,29.54709757293401,28.42482594718896,29.377498832779832,29.171482611045455,29.43939052688192,25.92154089281278,29.01235007390756,29.328247773547027,28.276650946729326
Dutch,22.05247168775575,28.878160068130796,28.6579365308441,29.833212906754078,28.943490670359168,28.674460063721448,29.326043715033855,28.500389516568273,29.33259597451123,27.3224367738786,0,26.56897736257601,28.890883957939682,28.305585070121573,25.178343467684066,29.01882251347436,29.777760135729913,30.005617580064186,26.788110388442753,29.346516351701634,28.527248194710385,29.82929590112372,30.168028003270496,28.605591881663045,29.668127786911924,28.690533222526003,27.311393561827607,28.65108119383811,28.539864516896255,29.914670158983743,28.075558906606904,29.02860161904151,29.074963854780666,28.811696553181925,28.40907993917076,29.35089853386829,29.18407513767272,28.58925729137223,26.894864019734282,28.844755719515803,29.070062852876223,28.437737223820417
English,26.735692439685025,29.816558270423332,29.26286746670064,29.915926441496357,30.014947523186038,29.26915246873135,29.242264316866635,28.842032045436728,29.78160761692349,27.283841374144806,26.56897736257601,0,29.126187882549033,28.709080777569117,27.797574538616562,30.11006038743081,29.76820311928857,30.588315238129454,28.00413325133218,29.213682970504983,28.777009552380115,30.639414440743778,30.747490993190745,29.393061615306184,29.745962556904402,29.0355911378747,27.857014636334736,29.46103239022849,29.40120985304773,30.474129599142362,28.620186772744084,29.484095723913086,29.743013202941754,29.37462737331744,29.142383476259443,29.82722962812141,29.77680297037378,28.95387565043859,27.66363550988168,29.231293401135225,29.269576202477147,28.182669675625743
French,28.334381967632797,28.014066139858006,28.552311400219413,29.57310762974562,29.05147539217235,29.061094545837733,27.542927611173702,28.113888361318295,29.268157318725933,28.599079279827674,28.890883957939682,29.126187882549033,0,26.28887331978037,29.425300100000726,29.216612097592098,30.415107338504605,30.468718661979068,28.857350188259588,28.811302196067746,26.65776314865005,29.982261161872422,30.116659345035636,28.734387686276786,29.377977080487447,28.382909116185886,29.50655479530113,28.070967171065895,28.70225216585779,30.105878883082866,26.729724602447728,28.104935443315735,29.00822422713302,28.73795140804603,27.73135006317776,29.017791438008746,29.098963529394155,26.974397384839772,29.455484261127616,28.54515224689237,28.851900837428783,28.205442379398676
Galician,27.024077134432833,26.320466785837983,27.504639209832767,28.58557351085385,28.488316992569313,27.74584997583594,24.626170902446976,27.045727881645057,28.69781654543252,28.138671176170327,28.305585070121573,28.709080777569117,26.28887331978037,0,28.89736426721313,28.321125095931347,29.373646149661568,29.585253067072834,27.01229955849391,27.62669878285092,25.11594066834768,30.166108263090862,29.725300512097014,27.600885524757857,28.517731497270884,27.53983471901943,28.837058932015506,26.828162287942536,27.110717421039354,29.68945935095378,22.263944636548583,26.568820807649043,28.117523147310987,27.75917012184328,25.684172892274578,28.253392298186565,28.6858015349603,20.96016826718534,27.84606875871235,27.463067899659872,28.34477523286348,27.434403776765237
German,26.58123288685156,29.205835889517186,28.914871083377353,30.085507554185376,29.46262990986293,29.549155036491854,30.078190203170955,29.106613540825578,29.972818192887722,27.26569342284655,25.178343467684066,27.797574538616562,29.425300100000726,28.89736426721313,0,29.371428338066682,30.34961672343927,30.490528374683052,27.46492273972131,29.825388830731573,28.73039250572838,30.357045753932702,30.32242578059939,29.536709159214904,30.21153079173092,28.627788469975094,28.47843854135367,29.36607710421933,28.994011017805345,30.429662427910454,29.448607368913034,29.292104987235035,30.023147816756754,29.447499766505903,29.01376941526224,29.81521472623958,29.853796788991275,29.53226579542262,27.113865241946023,29.513322837836046,29.45647523098163,28.814796103095354
Greek,29.431566121541323,28.544183910073333,28.274160203757578,29.23305775047987,29.541616743069614,29.04885497483221,29.145160128455647,28.704930416853202,30.253382035179154,30.116509020062793,29.01882251347436,30.11006038743081,29.216612097592098,28.321125095931347,29.371428338066682,0,29.684926975638742,29.71550154614534,28.77182433071647,29.77404008704248,28.335702975508806,29.5037704868769,29.311438170544026,29.082327645349604,29.55984297216858,28.267125208467405,30.40176679124175,28.70812728867184,29.006179222317485,30.26260165474097,28.679020172716452,28.789600801014856,29.470966848511058,29.37453059508808,27.72800335287582,29.74953435106248,29.91334379349675,28.181632511812992,29.47820887405623,28.778997359820867,28.896303149237283,28.424398909976794
Gujarati,29.975861743831114,29.339245522352538,29.804264999153954,26.498128902691832,30.498415398575805,30.04091613309834,30.15042679948029,29.3238366067442,30.926766630273633,30.47382995546089,29.777760135729913,29.76820311928857,30.415107338504605,29.373646149661568,30.34961672343927,29.684926975638742,0,24.108947545697678,30.185734666518456,30.55250084766892,29.968443142209882,31.879062462844146,30.633791019062762,29.63661760120103,23.254308125536014,25.857659113384194,31.123057174739024,28.72447243117479,29.69807083955202,30.885988229031742,30.065379899457113,30.01765201704397,30.749222280057104,30.043331111631282,27.84537207579118,30.55561798865937,30.57108729356354,29.246555062295872,29.82594872064462,29.853004274552223,26.407798658986717,29.921710860180987
Hindi,30.30383562617666,29.342835717475058,29.983079406977158,26.37937519934402,30.46190031055371,30.04973381553523,30.208365586601765,29.516420534109724,30.945228957314477,30.69563584884097,30.005617580064186,30.588315238129454,30.468718661979068,29.585253067072834,30.490528374683052,29.71550154614534,24.108947545697678,0,30.24562342473986,30.47299572928057,30.028583640826678,31.927115042601315,30.733350049335968,29.565988791391355,25.05121438110852,25.69501079223084,31.059019287691264,28.64571984704054,29.302144814874044,30.73304390205917,29.945300719032506,29.664996103008484,30.93001761364987,30.24836914742848,27.79417206313491,30.5010178577138,30.86371673480816,29.437269147111145,29.742015467085523,30.037035856847183,23.572808278057284,30.235352082174668
Icelandic,25.66540822627095,27.98881061177627,26.836506650485607,29.58382339500257,28.24913214670248,28.545082119497916,29.3038168009093,28.073527776969684,28.921222049739335,26.349135376169887,26.788110388442753,28.00413325133218,28.857350188259588,27.01229955849391,27.46492273972131,28.77182433071647,30.185734666518456,30.24562342473986,0,29.163938743202113,28.460212600519615,28.865643384759053,28.587684919098816,28.035028825551343,29.82034313231579,28.674080238566262,26.21110932246046,27.968329359032165,27.381224179576257,29.560579821277248,28.043124939799945,28.63429239676585,27.831053535426484,27.90838286593119,26.717213389821943,28.92333856262945,29.391489562432515,28.705706700612705,25.373537352290224,27.64738306601926,28.974203608771663,28.18149519197698
Irish,28.652055122451664,28.626355820424305,28.83344810698918,30.136663258725743,30.52961746780318,29.70569381948478,29.7197584057468,29.17013846325373,30.51317142517643,29.1566698130956,29.346516351701634,29.213682970504983,28.811302196067746,27.62669878285092,29.825388830731573,29.77404008704248,30.55250084766892,30.47299572928057,29.163938743202113,0,29.602204440999135,31.616433883656875,31.387360140388967,29.40855954050927,29.505819454237425,28.901498067583535,30.520777859388453,27.863397301347426,29.170277562863838,31.145418230731497,28.098364046816254,29.523075034753784,30.063540099248883,30.185720552598468,27.622642449664838,29.964620687656645,30.082501429396554,27.966702712010054,29.34873903891524,29.63762557497849,29.256638883405515,27.89188774439363
Italian,28.792458855055216,28.457396949492317,28.467605490710547,28.94771546351745,27.863683971961073,27.605471038821573,26.23092527041496,27.171401109461616,28.56255517278237,28.837563592842557,28.527248194710385,28.777009552380115,26.65776314865005,25.11594066834768,28.73039250572838,28.335702975508806,29.968443142209882,30.028583640826678,28.460212600519615,29.602204440999135,0,29.772606943171297,29.192315764443205,27.723311568167446,29.444471144821897,28.161958552175467,29.328062460415094,28.70237301771109,28.348227227841818,28.82839112798487,25.8257291272124,25.94777281402256,28.183752333622373,27.716276905259946,28.43567880395612,28.486963665052183,28.677446133771905,25.31736328581531,28.75952708630577,27.677004931411187,28.875932520827632,26.80738695962345
Latvian,29.704252588525318,29.585945366335853,28.20258401621045,30.457552483567973,27.263697081754064,29.886177585774966,31.268196186104614,28.82504932544048,28.935112476859818,30.96885360144596,29.82929590112372,30.639414440743778,29.982261161872422,30.166108263090862,30.357045753932702,29.5037704868769,31.879062462844146,31.927115042601315,28.865643384759053,31.616433883656875,29.772606943171297,0,25.316336337584186,28.7244524192475,31.528516704472906,29.813293835161513,30.793413789991355,30.25550389807525,30.00849031790848,28.19270765502748,29.473394354581686,29.932727580844098,27.5257639034815,27.868603945777565,29.34847085632097,28.29198067371897,29.10681062164651,30.961334020044458,30.359327022198645,28.199217222151614,30.03044286524609,29.70739918339583
Lithuanian,30.028147915760176,29.12097177391673,28.12540826348155,30.1235847671662,27.35284397309989,29.264814746534025,30.57452034643296,27.652507308936954,29.575570576515517,30.992494574125256,30.168028003270496,30.747490993190745,30.116659345035636,29.725300512097014,30.32242578059939,29.311438170544026,30.633791019062762,30.733350049335968,28.587684919098816,31.387360140388967,29.192315764443205,25.316336337584186,0,28.360901116120793,30.850093125773782,29.32894044698141,30.27373697414417,29.658862401162743,29.119835273957705,28.35868618958031,30.00236582302868,29.131583949677516,27.84784040842229,27.44554984664016,28.073289456230533,29.132679453455808,29.013035744853127,29.920416428228904,29.674662205105644,27.68688350019764,29.876934192553794,29.40436473692155
Macedonian,28.19940619208155,27.910223667116455,28.04708107790404,28.918156527105765,22.222052721250613,23.001949362563852,29.244069155544892,23.06428710517024,25.964449273068894,29.417987006318825,28.605591881663045,29.393061615306184,28.734387686276786,27.600885524757857,29.536709159214904,29.082327645349604,29.63661760120103,29.565988791391355,28.035028825551343,29.40855954050927,27.723311568167446,28.7244524192475,28.360901116120793,0,29.33865790349022,28.255261969298456,29.768580817127628,28.048192323266047,28.261036366204177,26.30595897697275,27.90129651140175,28.474365971932038,23.7453407300638,20.86567773368978,27.230065225939153,25.071728563053007,25.952831111935083,27.937859251387046,28.83008151147265,23.33145574168357,28.315381921308532,28.329192589713216
Marathi,29.58683535733447,28.52227098558564,29.24860607407775,26.909863025432422,30.243381399981846,29.651640642554085,29.650493640133366,28.828575824006105,30.76482055500465,30.039981423739082,29.668127786911924,29.745962556904402,29.377977080487447,28.517731497270884,30.21153079173092,29.55984297216858,23.254308125536014,25.05121438110852,29.82034313231579,29.505819454237425,29.444471144821897,31.528516704472906,30.850093125773782,29.33865790349022,0,26.490168672671597,30.68416697260343,28.126793250327186,29.57652722068477,30.7311000488667,29.16180909944224,29.650258506795282,30.04787793422786,29.77335407050285,27.35832252091304,29.820631683498824,30.002366256603636,28.42994152784942,29.651798993087105,29.443100922504613,26.68944668665446,29.374266640026825
Nepali,28.01486858027479,26.905919164783974,28.135572751091804,24.800903168309414,28.307767132047534,29.133692619553266,29.575353345935667,28.2090965387608,29.092287972042982,28.267634413579618,28.690533222526003,29.0355911378747,28.382909116185886,27.53983471901943,28.627788469975094,28.267125208467405,25.857659113384194,25.69501079223084,28.674080238566262,28.901498067583535,28.161958552175467,29.813293835161513,29.32894044698141,28.255261969298456,26.490168672671597,0,29.626067145211927,26.477814894683128,28.046450561755275,29.577123599343388,28.23637894323589,28.145830940068688,29.040110938901453,28.481125536008804,25.762506214904874,28.715812947677005,28.973784691805836,28.606543242002676,28.30175105696242,28.5185806835933,25.179670177980196,28.002013441818818
Norwegian,27.077849789094053,29.75200292183389,29.262655670611583,30.910213179977607,29.764703180775783,29.980150128036257,29.613461063766252,29.37203296728893,30.264686890971163,25.475983106786597,27.311393561827607,27.857014636334736,29.50655479530113,28.837058932015506,28.47843854135367,30.40176679124175,31.123057174739024,31.059019287691264,26.21110932246046,30.520777859388453,29.328062460415094,30.793413789991355,30.27373697414417,29.768580817127628,30.68416697260343,29.626067145211927,0,29.964272117041848,29.735735720825094,30.474267550787264,29.006090649317198,29.61717826630811,30.073499227416967,29.71754848241407,29.061069724454004,29.836811946149986,29.85791419360486,29.239517457815296,23.758288030081342,29.583364757772312,29.640130201261528,29.688089729685355
Pashto,27.194139717121836,26.614324848580008,27.04277441080636,28.437481981914402,28.995602671707257,28.730979356046202,29.478004450614378,27.715297024962243,29.102821325549726,28.6581346758359,28.65108119383811,29.46103239022849,28.070967171065895,26.828162287942536,29.36607710421933,28.70812728867184,28.72447243117479,28.64571984704054,27.968329359032165,27.863397301347426,28.70237301771109,30.25550389807525,29.658862401162743,28.048192323266047,28.126793250327186,26.477814894683128,29.964272117041848,0,25.89306444957336,29.8574343900881,27.90087681721619,28.560407653758205,28.631577811486338,28.45432817105092,25.50299978683099,29.01933739512921,28.69470788151712,28.10978162753734,28.69358378263706,28.185719176648412,27.06954970158198,28.137800797040413
Persian,27.781322026332177,27.320832642303564,26.706166544037867,29.010847479872325,28.497629036592397,28.68804262745182,29.505505603389697,27.65873137909798,28.897377866761346,29.307001498370155,28.539864516896255,29.40120985304773,28.70225216585779,27.110717421039354,28.994011017805345,29.006179222317485,29.69807083955202,29.302144814874044,27.381224179576257,29.170277562863838,28.348227227841818,30.00849031790848,29.119835273957705,28.261036366204177,29.57652722068477,28.046450561755275,29.735735720825094,25.89306444957336,0,29.406182531780516,28.424912550357046,28.4824166187059,28.451883663483542,28.109734427160287,26.64684952381391,28.846686795032074,29.29686599918994,28.545298604338218,28.471443477197628,27.63580918600085,27.430054006585735,27.987498582516174
Polish,29.806320399396693,29.670126963627602,29.230051361392178,29.790203439948613,25.118027415008484,26.899771499733276,30.479757244161696,25.719393577247374,25.602434836594604,30.41960802348275,29.914670158983743,30.474129599142362,30.105878883082866,29.68945935095378,30.429662427910454,30.26260165474097,30.885988229031742,30.73304390205917,29.560579821277248,31.145418230731497,28.82839112798487,28.19270765502748,28.35868618958031,26.30595897697275,30.7311000488667,29.577123599343388,30.474267550787264,29.8574343900881,29.406182531780516,0,28.88825587807191,29.497129194290014,25.51844143084911,25.296581864982034,29.266003136320467,24.04586956002149,26.989741043957864,29.82027827183892,29.804551844638013,25.08072159210961,29.72751440814499,29.22783033829614
Portuguese,27.833935790110043,27.768587244690327,28.076462020092805,28.899414031425785,28.29394161815645,28.128177554030458,25.507935086029974,27.932871236889852,29.142214733274752,28.88185894425297,28.075558906606904,28.620186772744084,26.729724602447728,22.263944636548583,29.448607368913034,28.679020172716452,30.065379899457113,29.945300719032506,28.043124939799945,28.098364046816254,25.8257291272124,29.473394354581686,30.00236582302868,27.90129651140175,29.16180909944224,28.23637894323589,29.006090649317198,27.90087681721619,28.424912550357046,28.88825587807191,0,27.222517845647307,28.177546826317776,27.978667284908504,27.526799066166234,28.262566987363062,28.665396427127064,22.753558131062228,28.60430177348819,27.885597396249352,28.52693341485534,27.925309440183433
Romanian,28.95405076295836,28.19394740867235,28.459975642483872,29.2230618711056,28.569617864078026,28.831284012764325,27.413714881736233,28.026638602062523,29.476728973009823,29.339056947397015,29.02860161904151,29.484095723913086,28.104935443315735,26.568820807649043,29.292104987235035,28.789600801014856,30.01765201704397,29.664996103008484,28.63429239676585,29.523075034753784,25.94777281402256,29.932727580844098,29.131583949677516,28.474365971932038,29.650258506795282,28.145830940068688,29.61717826630811,28.560407653758205,28.4824166187059,29.497129194290014,27.222517845647307,0,28.999429824003794,28.570479539566374,27.907597355506812,29.04756075027313,29.30045829840031,27.15806983201526,28.81781346451554,28.366599666300306,28.920100897448016,28.330308022556462
Russian,28.347607125627935,28.17451972358163,28.170575127894445,29.66355853771734,23.32017869682262,25.501152400170966,30.049772706292593,24.600177484052242,25.22688821666182,29.46443062763175,29.074963854780666,29.743013202941754,29.00822422713302,28.117523147310987,30.023147816756754,29.470966848511058,30.749222280057104,30.93001761364987,27.831053535426484,30.063540099248883,28.183752333622373,27.5257639034815,27.84784040842229,23.7453407300638,30.04787793422786,29.040110938901453,30.073499227416967,28.631577811486338,28.451883663483542,25.51844143084911,28.177546826317776,28.999429824003794,0,22.922477037014293,27.599952301178025,24.511667168567005,26.647272829035945,28.939159597488562,29.233207023991078,21.705235103023266,29.3427200238014,28.49428760473506
Serbian,28.135981353650198,28.13731263377253,28.058570200917504,29.274573518795222,18.703539348948773,24.1232929510565,29.64388490488559,20.23371266302954,24.87916930420437,29.54709757293401,28.811696553181925,29.37462737331744,28.73795140804603,27.75917012184328,29.447499766505903,29.37453059508808,30.043331111631282,30.24836914742848,27.90838286593119,30.185720552598468,27.716276905259946,27.868603945777565,27.44554984664016,20.86567773368978,29.77335407050285,28.481125536008804,29.71754848241407,28.45432817105092,28.109734427160287,25.296581864982034,27.978667284908504,28.570479539566374,22.922477037014293,0,27.586878725686493,23.915219678831903,24.113712573748803,28.45996350622104,28.965135016910704,22.518757629347874,28.732806655103733,28.419249638182393
Sinhala,27.12399836858016,24.36734415072972,26.173349934915347,26.958405800283025,28.141992004811666,28.06960268012676,28.511246762238947,26.901788394887994,28.75880980175714,28.42482594718896,28.40907993917076,29.142383476259443,27.73135006317776,25.684172892274578,29.01376941526224,27.72800335287582,27.84537207579118,27.79417206313491,26.717213389821943,27.622642449664838,28.43567880395612,29.34847085632097,28.073289456230533,27.230065225939153,27.35832252091304,25.762506214904874,29.061069724454004,25.50299978683099,26.64684952381391,29.266003136320467,27.526799066166234,27.907597355506812,27.599952301178025,27.586878725686493,0,28.120915576672548,28.806061905799748,27.1056844044252,27.65401296201196,27.218083105339876,26.663680448925025,27.663166181016276
Slovak,28.7816607200345,28.52475841270977,28.761603837838145,29.73658980324705,24.24180107566575,25.804715060400927,29.818641422144538,24.349634487386467,22.85797429154391,29.377498832779832,29.35089853386829,29.82722962812141,29.017791438008746,28.253392298186565,29.81521472623958,29.74953435106248,30.55561798865937,30.5010178577138,28.92333856262945,29.964620687656645,28.486963665052183,28.29198067371897,29.132679453455808,25.071728563053007,29.820631683498824,28.715812947677005,29.836811946149986,29.01933739512921,28.846686795032074,24.04586956002149,28.262566987363062,29.04756075027313,24.511667168567005,23.915219678831903,28.120915576672548,0,25.904649144656474,28.88024735383607,29.296545728502302,24.522526982646262,29.064851396368358,28.499091103298415
Slovenian,28.944597790600366,29.282139309163156,29.241945508205355,30.036781973181775,25.00196872674979,26.34964437582267,30.07643327508261,23.733167825296483,26.91675844030833,29.171482611045455,29.18407513767272,29.77680297037378,29.098963529394155,28.6858015349603,29.853796788991275,29.91334379349675,30.57108729356354,30.86371673480816,29.391489562432515,30.082501429396554,28.677446133771905,29.10681062164651,29.013035744853127,25.952831111935083,30.002366256603636,28.973784691805836,29.85791419360486,28.69470788151712,29.29686599918994,26.989741043957864,28.665396427127064,29.30045829840031,26.647272829035945,24.113712573748803,28.806061905799748,25.904649144656474,0,28.932780312802993,29.519636449520355,26.282666000220473,29.31507246567807,28.882759668519682
Spanish,28.611293203435014,28.14413668284405,28.83590314367842,28.873251075307337,28.97973460818,28.191620366490138,24.636026326947277,27.865723188579643,29.30182386168274,29.43939052688192,28.58925729137223,28.95387565043859,26.974397384839772,20.96016826718534,29.53226579542262,28.181632511812992,29.246555062295872,29.437269147111145,28.705706700612705,27.966702712010054,25.31736328581531,30.961334020044458,29.920416428228904,27.937859251387046,28.42994152784942,28.606543242002676,29.239517457815296,28.10978162753734,28.545298604338218,29.82027827183892,22.753558131062228,27.15806983201526,28.939159597488562,28.45996350622104,27.1056844044252,28.88024735383607,28.932780312802993,0,29.00097017437712,28.13275688138258,28.473196299736845,28.18952355288267
Swedish,26.38111758495433,28.725448506871192,28.40890668111507,29.4024773656203,29.271148950150206,29.294314153100178,29.123605837569325,28.699511132726464,29.842785147759592,25.92154089281278,26.894864019734282,27.66363550988168,29.455484261127616,27.84606875871235,27.113865241946023,29.47820887405623,29.82594872064462,29.742015467085523,25.373537352290224,29.34873903891524,28.75952708630577,30.359327022198645,29.674662205105644,28.83008151147265,29.651798993087105,28.30175105696242,23.758288030081342,28.69358378263706,28.471443477197628,29.804551844638013,28.60430177348819,28.81781346451554,29.233207023991078,28.965135016910704,27.65401296201196,29.296545728502302,29.519636449520355,29.00097017437712,0,28.750130617952344,28.73119710299871,28.63840969874109
Ukrainian,28.133164097225453,27.70295837021012,27.997177602045067,29.210811703908693,23.05177386033176,25.252243669499745,29.280596122958087,23.855407822123915,24.86750858070802,29.01235007390756,28.844755719515803,29.231293401135225,28.54515224689237,27.463067899659872,29.513322837836046,28.778997359820867,29.853004274552223,30.037035856847183,27.64738306601926,29.63762557497849,27.677004931411187,28.199217222151614,27.68688350019764,23.33145574168357,29.443100922504613,28.5185806835933,29.583364757772312,28.185719176648412,27.63580918600085,25.08072159210961,27.885597396249352,28.366599666300306,21.705235103023266,22.518757629347874,27.218083105339876,24.522526982646262,26.282666000220473,28.13275688138258,28.750130617952344,0,28.878261998641513,27.823493920130943
Urdu,29.02073521902,28.010196564080204,28.560870737828083,25.72801931977755,29.0351697371858,28.700612222117446,29.4989107125862,28.208811467687994,29.250591423398273,29.328247773547027,29.070062852876223,29.269576202477147,28.851900837428783,28.34477523286348,29.45647523098163,28.896303149237283,26.407798658986717,23.572808278057284,28.974203608771663,29.256638883405515,28.875932520827632,30.03044286524609,29.876934192553794,28.315381921308532,26.68944668665446,25.179670177980196,29.640130201261528,27.06954970158198,27.430054006585735,29.72751440814499,28.52693341485534,28.920100897448016,29.3427200238014,28.732806655103733,26.663680448925025,29.064851396368358,29.31507246567807,28.473196299736845,28.73119710299871,28.878261998641513,0,28.44556372473887
Welsh,28.045281609221686,28.132684348657314,27.682573432492525,29.19383362281305,28.49421500443756,27.961783135693235,29.257873355762708,27.56706348593115,28.38415387239368,28.276650946729326,28.437737223820417,28.182669675625743,28.205442379398676,27.434403776765237,28.814796103095354,28.424398909976794,29.921710860180987,30.235352082174668,28.18149519197698,27.89188774439363,26.80738695962345,29.70739918339583,29.40436473692155,28.329192589713216,29.374266640026825,28.002013441818818,29.688089729685355,28.137800797040413,27.987498582516174,29.22783033829614,27.925309440183433,28.330308022556462,28.49428760473506,28.419249638182393,27.663166181016276,28.499091103298415,28.882759668519682,28.18952355288267,28.63840969874109,27.823493920130943,28.44556372473887,0
