,Afrikaans,Albanian,Armenian,Bengali,Bosnian,Bulgarian,Catalan,Croatian,Czech,Danish,Dutch,English,French,Galician,German,Greek,Gujarati,Hindi,Icelandic,Irish,Italian,Latvian,Lithuanian,Macedonian,Marathi,Nepali,Norwegian,Pashto,Persian,Polish,Portuguese,Romanian,Russian,Serbian,Sinhala,Slovak,Slovenian,Spanish,Swedish,Ukrainian,Urdu,Welsh
Afrikaans,0,127.53659669510198,137.3757169978403,128.82703282023692,139.24440948285726,125.55289702884188,122.21693781265795,122.87021666997636,133.08681818348205,99.58889624323142,88.39475095715684,110.53049843440448,114.40238142694325,109.9951890921925,113.68601402398859,122.95940077001758,129.7368457401233,132.41652179601965,109.21719349683359,108.64990024612486,143.17058174915078,146.490520155774,186.65202963676415,126.77512877115795,121.5901440956061,129.82956163017158,103.66892771175807,110.7658127573055,140.4701393491747,153.5698087437492,120.36243382778181,127.74081309279646,131.29605559890643,124.49012402818626,128.7145587276568,121.6485059753496,124.43144614275971,123.70533703578425,109.27062088175713,129.6589023692619,126.00805351899942,142.12348540514367
Albanian,127.53659669510198,0,146.24292436543098,134.6078612008776,152.77647556719918,136.6541078001748,135.99943372476005,129.9915293012833,144.20659157593477,124.04473944627952,138.41547725141265,143.5998071359217,122.6628372728528,116.21319318675557,143.1033977510689,129.47647907310798,142.00125487169984,140.22820020025924,135.88575551685818,122.44312259162308,151.391229434989,160.29588633730478,192.64126412563186,136.46064874635277,130.4856919058244,132.27238837412972,130.34477325919303,117.99741345646424,148.47814550024466,167.3512216067465,131.66347876436464,133.29487045170788,141.48859598988298,136.26851497551667,117.93096727573003,132.56893758040388,140.58004652414152,131.84681320748044,134.2173691530584,137.62978977744658,130.31731980129499,153.19335335203579
Armenian,137.3757169978403,146.24292436543098,0,149.69911652669165,161.32797684138015,152.30872559107237,148.87278926061327,144.27992518132166,160.50179879743266,139.78767814073674,149.5424218477195,152.03988288907578,139.3856694605036,134.14145609418907,152.51949646008535,140.02259582030587,156.82903724307005,156.46121765197515,140.54596819547916,135.98820875034295,164.2167179193798,165.35933169827462,195.63212456417907,149.8198037826309,147.54275106320654,150.69890585205633,142.71139789128236,131.38894319553563,153.8537453372325,177.57240084116418,145.84884827211928,146.87593228446883,154.28327343793873,148.61597701725796,141.96467744979887,148.0162454730571,154.33642153397096,150.12192530688145,145.58592559876598,151.69249138576288,147.06021823330752,159.80403202047935
Bengali,128.82703282023692,134.6078612008776,149.69911652669165,0,153.2080071264516,134.4388895434459,129.82189855641448,131.668516168314,144.34846631966695,127.31359364723511,136.51335121740718,136.50156857715396,125.52233469436376,122.29104487492067,142.0326946626563,125.95183900274009,114.14621500281021,111.94734997078248,139.2280188648394,122.18426608146251,148.52515943739635,160.45671621846012,192.60957103935755,136.28768624567948,111.13246163828076,111.67997278368256,132.31504384154508,120.7717745711264,150.07815642691378,160.0227172048683,130.13702410413796,134.14450838998974,144.43555058132873,136.22046467200636,127.88744345923968,133.8446819940422,137.48809572717553,128.72055008429734,133.76222196944684,140.63449529558855,110.23200666294166,153.9959197218834
Bosnian,139.24440948285726,152.77647556719918,161.32797684138015,153.2080071264516,0,120.14169572992748,150.78388997595704,93.63983978746265,128.52194827849442,139.12361178399485,149.8308440350621,154.8562457344009,139.7662508309706,138.03802023473807,155.70420181750387,146.78545744328522,159.16455109571515,158.5019924188494,146.2769434287684,142.57019545575565,159.11289335545973,156.15106936104107,186.37101425399004,104.63727450172986,151.45430080531673,155.84263578856897,142.11117771680443,141.85734713775886,163.9252220646498,140.4952409648264,144.68975084003827,147.96545697570954,116.96690469461122,78.72371281218064,153.2845680299167,114.59983207789138,119.23533547092562,147.48469272193992,148.45454019445145,114.68042742302185,149.49191081824787,165.0245407249925
Bulgarian,125.55289702884188,136.6541078001748,152.30872559107237,134.4388895434459,120.14169572992748,0,127.8454222028912,94.51120115309723,115.19594068464673,119.05149429205902,131.6123402341911,131.89240102866057,121.50239177721703,118.12105245354182,139.54996128176572,125.36005016238497,139.69139841806066,137.82479650840142,134.6679561757101,122.08411705756338,137.38992325976258,154.4403746022028,184.4738781685307,99.14069905365302,130.68709632991283,140.04945565413362,126.0196011391393,124.19350456823774,148.30417440367233,138.58377859539473,127.32006285399693,130.21317002712996,118.25004228643117,105.03961417117002,134.96597776824362,108.31084711841298,112.42486533629882,125.54679471150612,131.93752252463707,116.52862935107133,128.4979739226298,142.9463712995496
Catalan,122.21693781265795,135.99943372476005,148.87278926061327,129.82189855641448,150.78388997595704,127.8454222028912,0,125.80429395041602,141.4331226250854,119.80566634018884,128.6453199242211,126.76425711342178,109.7101507938261,95.76614477621803,136.789455465711,121.46141430843636,131.7245150679837,131.5650007890724,133.12096313325176,114.79890245440124,124.25888433823008,158.9473348013675,190.82537795169725,133.434779633982,123.50649328604328,137.47535762942732,121.5868859674128,121.13857421576262,149.16978676281443,158.7958186085225,105.25175102994936,118.17501942419231,141.91158015121064,133.8457548686939,135.12268627417046,128.6932964735961,131.72710663515286,99.25657242786693,127.32762994478098,137.62083464999714,128.74470213115666,147.76706202715758
Croatian,122.87021666997636,129.9915293012833,144.27992518132166,131.668516168314,93.63983978746265,94.51120115309723,125.80429395041602,0,109.59962293304848,115.24395144405595,130.87879905146175,129.80128625864143,117.13643209251929,113.94977024947016,137.2163892679971,123.29646255193833,136.5439038015873,135.8739230611155,131.59714141167564,119.73447426214766,134.8084260681692,149.78179272432251,172.05793897444866,100.73876258755833,126.52184441549016,133.72096775755006,124.36538677537828,117.81556016931063,142.232720278298,133.39502911637945,126.03755936867059,126.81161209721972,113.35809446751625,81.19708126692008,127.15212577772303,101.32981577762285,98.30208706389746,123.2825780086101,129.40645112017606,107.11941236102793,125.84640740879448,138.71594610477456
Czech,133.08681818348205,144.20659157593477,160.50179879743266,144.34846631966695,128.52194827849442,115.19594068464673,141.4331226250854,109.59962293304848,0,125.11204196745139,142.72178890598573,143.37345567059117,128.10656263469258,127.53490862020134,149.0467873949946,138.8288966639906,152.77294436980117,152.0541582747367,141.2269471949578,129.95229924794722,152.47415651623285,154.28056342750503,194.38117409539927,122.99144591234695,143.58624209315022,149.08303308189957,132.94006573746418,132.410587630584,156.78634769762547,135.14005478845394,137.9464772183051,141.05384892856043,118.39915594221418,114.68381018557251,144.05320262923047,90.88299200666795,122.57351651407791,137.93543242142846,141.58966149461145,116.37108976713219,137.48543188012255,154.1822194171257
Danish,99.58889624323142,124.04473944627952,139.78767814073674,127.31359364723511,139.12361178399485,119.05149429205902,119.80566634018884,115.24395144405595,125.11204196745139,0,109.63328897346793,108.2806071352853,107.31005028830755,107.18673676410309,111.28367345742149,117.76845386201363,129.26127271351797,129.0894704946716,105.64154023360342,104.7123477687265,133.70732064037247,146.2602106026744,185.18110241361742,125.54058619203963,119.5319040048696,124.59932285887373,89.17044878308789,108.94875512309127,138.64020296525172,151.8589217192395,119.64100942728572,122.05504826784029,129.13767536606383,124.76272296310805,123.8855327841714,117.10473976200078,119.37945406067767,120.62654587303473,99.19659571445312,126.95840075334546,120.34680546638515,133.60516461217102
Dutch,88.39475095715684,138.41547725141265,149.5424218477195,136.51335121740718,149.8308440350621,131.6123402341911,128.6453199242211,130.87879905146175,142.72178890598573,109.63328897346793,0,117.55240355615291,122.87711286045518,122.76156332617612,110.93989743634947,126.2413001611793,137.2196303520483,137.27472064103196,122.39367167907866,118.53246769470574,147.77390401065256,155.46301560134643,195.20915778216,136.41911241151493,129.71875438980402,139.0018643468515,112.01614402738528,123.55502604117419,149.29414275469045,162.1822624816682,127.19702734843197,135.1050165072584,142.90307784867494,135.39708572884095,138.36469106644762,132.17034647004692,132.93401389780675,128.7731129948004,118.17868515073346,141.08224243848161,131.3801392800106,148.5501387993545
English,110.53049843440448,143.5998071359217,152.03988288907578,136.50156857715396,154.8562457344009,131.89240102866057,126.76425711342178,129.80128625864143,143.37345567059117,108.2806071352853,117.55240355615291,0,123.66155733123776,123.79296661601225,126.91370434618574,130.97336089843267,136.25950621459768,139.67295520019314,128.51510575096097,115.89905394967367,146.65477474527253,157.4477527631952,196.22682228858773,138.65270252708038,129.19940350362612,139.55160137220543,115.36159989038111,126.83504170013225,153.74258253948614,163.22616605272754,128.54180069830153,136.9144669627989,144.40151521899352,137.34460177869627,143.32228192688243,132.4949533470202,133.63368165816996,130.70381856104382,122.52611070465437,142.6267860692909,132.5626642973727,143.6643924755468
French,114.40238142694325,122.6628372728528,139.3856694605036,125.52233469436376,139.7662508309706,121.50239177721703,109.7101507938261,117.13643209251929,128.10656263469258,107.31005028830755,122.87711286045518,123.66155733123776,0,100.74189615718795,128.26819845451942,117.34399058127445,131.39625824709375,130.7584000556881,125.89025780185945,108.5008008076709,123.33221356249989,145.8111313188674,183.18716756340118,126.40440941797382,119.7148195303523,127.0065057026456,114.97087398503,110.9530392697939,139.58191459556895,152.1183809771204,110.43397021437282,117.56494499681716,131.1485142508681,123.92490764506415,124.12961871613697,119.50705506541077,123.03779834192144,110.51227724113453,123.85299569365891,127.52995935855125,120.67691848522576,137.29362334032777
Galician,109.9951890921925,116.21319318675557,134.14145609418907,122.29104487492067,138.03802023473807,118.12105245354182,95.76614477621803,113.94977024947016,127.53490862020134,107.18673676410309,122.76156332617612,123.79296661601225,100.74189615718795,0,128.46679506191924,114.37275105357347,126.37459828798077,125.97391173983333,117.1801104989103,104.36036198216017,117.52834178053764,149.93031000018553,181.48446574390658,122.01610529089157,116.02116579245019,122.46287860460339,113.09325986912806,106.1726175489923,133.01483206469337,152.07169741874765,88.91250517424868,111.04500753544188,129.18962276588528,121.54440899537828,114.15305015001567,116.81929618826888,123.31049467891563,78.79251839001749,117.05292252790056,124.3447823047231,119.26046834143436,135.73418954107572
German,113.68601402398859,143.1033977510689,152.51949646008535,142.0326946626563,155.70420181750387,139.54996128176572,136.789455465711,137.2163892679971,149.0467873949946,111.28367345742149,110.93989743634947,126.91370434618574,128.26819845451942,128.46679506191924,0,130.86851384800292,144.68514003527017,144.82952984593197,128.44890548901185,123.4161014394758,151.52314997233674,159.2205986484659,196.60983606748036,143.62431017357443,137.6258835794931,142.7647679722181,120.3672767794,129.4731121341667,152.08430798583402,169.96331890944367,137.71105267824294,138.4884591951752,150.3676984052866,141.39246232243477,144.2123384070012,137.5304587259571,139.47033979586143,137.96059850314165,122.72413817655993,148.02591071421148,137.27708846195765,154.61899719924864
Greek,122.95940077001758,129.47647907310798,140.02259582030587,125.95183900274009,146.78545744328522,125.36005016238497,121.46141430843636,123.29646255193833,138.8288966639906,117.76845386201363,126.2413001611793,130.97336089843267,117.34399058127445,114.37275105357347,130.86851384800292,0,129.29637511000533,127.14059945879266,128.04363227505635,114.13593233050172,135.6769298235699,148.39602850568374,179.28201944597103,131.07093609874383,121.93587192777525,126.4768115503273,123.4486208804672,115.65580852803119,143.31793943861547,156.96929406512845,122.15473173032616,125.09910649576622,136.8755081120622,131.46695343711832,125.54949332530431,127.24758611475569,131.2548987422462,117.08348251470454,127.82222551079151,132.81671313634143,122.41903537930445,139.30202258625596
Gujarati,129.7368457401233,142.00125487169984,156.82903724307005,114.14621500281021,159.16455109571515,139.69139841806066,131.7245150679837,136.5439038015873,152.77294436980117,129.26127271351797,137.2196303520483,136.25950621459768,131.39625824709375,126.37459828798077,144.68514003527017,129.29637511000533,0,101.02621355292658,143.33665633663225,124.2929470090836,156.35121589138367,168.85372438154786,198.63189642024463,141.7409201586503,91.06444394604753,118.27542864756045,135.5295904538316,121.71533780240725,157.33890333702743,169.30726432296706,137.3582139506983,140.1564188215194,151.90395802416367,141.90546605128432,135.1693582151653,140.36341995354135,141.51059164880155,130.7495521523596,137.5749054124078,147.23036718290746,113.62342386028807,159.7979981361478
Hindi,132.41652179601965,140.22820020025924,156.46121765197515,111.94734997078248,158.5019924188494,137.82479650840142,131.5650007890724,135.8739230611155,152.0541582747367,129.0894704946716,137.27472064103196,139.67295520019314,130.7584000556881,125.97391173983333,144.82952984593197,127.14059945879266,101.02621355292658,0,143.2374931608043,123.72946089998635,153.8416504943311,169.669805139657,198.38889422489038,139.61962275378474,101.05967397388758,115.38541893443427,134.03215861615246,120.67859070742008,152.0480261313649,167.1490322617033,135.46349041225912,136.14092187206373,151.98564462140305,142.0070155280003,131.16846277516728,139.78711524147866,142.45923298496297,130.03923391538362,135.66724706477598,145.27313678694267,95.0261198238999,159.41490908574596
Icelandic,109.21719349683359,135.88575551685818,140.54596819547916,139.2280188648394,146.2769434287684,134.6679561757101,133.12096313325176,131.59714141167564,141.2269471949578,105.64154023360342,122.39367167907866,128.51510575096097,125.89025780185945,117.1801104989103,128.44890548901185,128.04363227505635,143.33665633663225,143.2374931608043,0,121.16903547900534,149.08413617391682,150.53535196905273,183.46403123914263,134.1733916164714,135.51991871048,141.6902147461639,106.73869915230095,123.12191809079425,143.59005861503402,162.9325162708035,131.13737805313272,133.85727829624602,137.49791043783657,132.43488700021948,132.0577137279535,132.5396719592253,137.66807767317871,133.8730424306462,109.74044649436824,134.66484464670333,135.0751008786652,150.5024573549277
Irish,108.64990024612486,122.44312259162308,135.98820875034295,122.18426608146251,142.57019545575565,122.08411705756338,114.79890245440124,119.73447426214766,129.95229924794722,104.7123477687265,118.53246769470574,115.89905394967367,108.5008008076709,104.36036198216017,123.4161014394758,114.13593233050172,124.2929470090836,123.72946089998635,121.16903547900534,0,137.32304501212377,149.3392896322552,186.86498950762558,124.62973958409033,113.55504700940158,124.02628865737715,113.2052033940148,104.6096980952737,138.25817381626675,152.09948156924514,111.98579328589705,121.09976737901205,131.05171604036767,126.88959463485021,120.36231124703986,117.61261349224723,122.22058622804296,110.51629081519873,117.39879353576066,129.12053055110516,116.44295733277535,131.10814444000388
Italian,143.17058174915078,151.391229434989,164.2167179193798,148.52515943739635,159.11289335545973,137.38992325976258,124.25888433823008,134.8084260681692,152.47415651623285,133.70732064037247,147.77390401065256,146.65477474527253,123.33221356249989,117.52834178053764,151.52314997233674,135.6769298235699,156.35121589138367,153.8416504943311,149.08413617391682,137.32304501212377,0,173.75697766380603,200.92325823468798,145.91391226265395,146.05684521751317,149.9642804367642,142.27940184486198,139.61383476894028,162.54541234170188,172.00598439956264,129.3465649030756,127.57036289356368,153.62905078861885,145.2126737176422,152.4038760240268,142.41452158381546,145.06437881470885,121.01374377954465,146.409626684406,147.9979138673809,146.6132894715922,147.8953015549922
Latvian,146.490520155774,160.29588633730478,165.35933169827462,160.45671621846012,156.15106936104107,154.4403746022028,158.9473348013675,149.78179272432251,154.28056342750503,146.2602106026744,155.46301560134643,157.4477527631952,145.8111313188674,149.93031000018553,159.2205986484659,148.39602850568374,168.85372438154786,169.669805139657,150.53535196905273,149.3392896322552,173.75697766380603,0,169.8852929826149,152.74210463476595,160.29221013583555,165.5717326194583,147.86623448668442,151.0028426229675,176.72142533480667,167.11551490008137,153.06757227986785,157.9596274697052,147.92275844933198,146.29242286395262,163.46949618376675,144.02518367891514,151.6740921970877,163.87206215294634,154.70884978611943,153.3980800622445,158.2010674406594,174.56859777816044
Lithuanian,186.65202963676415,192.64126412563186,195.63212456417907,192.60957103935755,186.37101425399004,184.4738781685307,190.82537795169725,172.05793897444866,194.38117409539927,185.18110241361742,195.20915778216,196.22682228858773,183.18716756340118,181.48446574390658,196.60983606748036,179.28201944597103,198.63189642024463,198.38889422489038,183.46403123914263,186.86498950762558,200.92325823468798,169.8852929826149,0,183.05058350796924,193.86633669837076,192.9846530361565,185.01698280897065,181.79044741938174,203.42856330713636,204.0299854439025,193.7498767018615,187.7999064415443,183.76635819131687,172.81054635972163,186.31599214273984,184.55158477383017,184.07683310122167,191.2549926378187,186.8504951636565,180.41149997518357,190.88412407465128,204.86455381971885
Macedonian,126.77512877115795,136.46064874635277,149.8198037826309,136.28768624567948,104.63727450172986,99.14069905365302,133.434779633982,100.73876258755833,122.99144591234695,125.54058619203963,136.41911241151493,138.65270252708038,126.40440941797382,122.01610529089157,143.62431017357443,131.07093609874383,141.7409201586503,139.61962275378474,134.1733916164714,124.62973958409033,145.91391226265395,152.74210463476595,183.05058350796924,0,133.5388690950974,139.87720121052064,130.038727498051,124.63519943155872,151.26016019542405,139.55793469799343,130.93176336654557,134.49781821869493,112.49399704166645,89.40388496325252,135.1299403851568,109.87870040058758,116.55943238949445,130.29266651933614,134.31470811492258,109.17974498972485,131.5974405946615,152.81151258606332
Marathi,121.5901440956061,130.4856919058244,147.54275106320654,111.13246163828076,151.45430080531673,130.68709632991283,123.50649328604328,126.52184441549016,143.58624209315022,119.5319040048696,129.71875438980402,129.19940350362612,119.7148195303523,116.02116579245019,137.6258835794931,121.93587192777525,91.06444394604753,101.05967397388758,135.51991871048,113.55504700940158,146.05684521751317,160.29221013583555,193.86633669837076,133.5388690950974,0,116.06793820600505,126.38957028645333,113.07458315384511,149.52262642772087,161.28350427500249,126.26180378714645,130.9484266799291,140.41645699758766,133.84250403732517,125.62573763440237,129.29627020901006,132.08525665826218,120.66587175255033,129.27392793533025,137.70199428955573,109.80596253321099,148.31460871693912
Nepali,129.82956163017158,132.27238837412972,150.69890585205633,111.67997278368256,155.84263578856897,140.04945565413362,137.47535762942732,133.72096775755006,149.08303308189957,124.59932285887373,139.0018643468515,139.55160137220543,127.0065057026456,122.46287860460339,142.7647679722181,126.4768115503273,118.27542864756045,115.38541893443427,141.6902147461639,124.02628865737715,149.9642804367642,165.5717326194583,192.9846530361565,139.87720121052064,116.06793820600505,0,135.97539696510188,115.94444206598457,152.0792223911481,168.35447349832228,134.80179266703306,136.26830426549728,149.060421335402,141.13884719751,123.15055421401848,136.35691435350304,141.48007148560714,132.56985770883225,135.73853438483073,145.1850777692865,111.89061638529864,151.44567467465794
Norwegian,103.66892771175807,130.34477325919303,142.71139789128236,132.31504384154508,142.11117771680443,126.0196011391393,121.5868859674128,124.36538677537828,132.94006573746418,89.17044878308789,112.01614402738528,115.36159989038111,114.97087398503,113.09325986912806,120.3672767794,123.4486208804672,135.5295904538316,134.03215861615246,106.73869915230095,113.2052033940148,142.27940184486198,147.86623448668442,185.01698280897065,130.038727498051,126.38957028645333,135.97539696510188,0,119.81263534619696,144.5814802147818,153.76095045805576,121.47104219451388,127.51015616416305,134.71786799477442,127.493753575821,131.24605531015968,122.67256269755599,125.44605381080893,123.07671316409159,90.66846112883972,132.29158751254144,125.29103395107916,148.71339311364326
Pashto,110.7658127573055,117.99741345646424,131.38894319553563,120.7717745711264,141.85734713775886,124.19350456823774,121.13857421576262,117.81556016931063,132.410587630584,108.94875512309127,123.55502604117419,126.83504170013225,110.9530392697939,106.1726175489923,129.4731121341667,115.65580852803119,121.71533780240725,120.67859070742008,123.12191809079425,104.6096980952737,139.61383476894028,151.0028426229675,181.79044741938174,124.63519943155872,113.07458315384511,115.94444206598457,119.81263534619696,0,124.74930522069413,155.44151682512603,119.1185898642564,122.52017247927719,131.11036333842438,124.74465038485286,113.07981034064952,121.86054638086081,123.49736744228251,118.54431894714415,122.21634555087759,128.44664167008037,110.96679512226358,138.82847359432208
Persian,140.4701393491747,148.47814550024466,153.8537453372325,150.07815642691378,163.9252220646498,148.30417440367233,149.16978676281443,142.232720278298,156.78634769762547,138.64020296525172,149.29414275469045,153.74258253948614,139.58191459556895,133.01483206469337,152.08430798583402,143.31793943861547,157.33890333702743,152.0480261313649,143.59005861503402,138.25817381626675,162.54541234170188,176.72142533480667,203.42856330713636,151.26016019542405,149.52262642772087,152.0792223911481,144.5814802147818,124.74930522069413,0,179.51024629839486,148.1787299720877,146.84406301850134,157.6733257695523,148.8459493893624,145.10860533805015,146.39224846801127,151.53651537479493,147.77258392294908,145.82238086521502,149.58423394652948,138.93729388440377,162.58509529976143
Polish,153.5698087437492,167.3512216067465,177.57240084116418,160.0227172048683,140.4952409648264,138.58377859539473,158.7958186085225,133.39502911637945,135.14005478845394,151.8589217192395,162.1822624816682,163.22616605272754,152.1183809771204,152.07169741874765,169.96331890944367,156.96929406512845,169.30726432296706,167.1490322617033,162.9325162708035,152.09948156924514,172.00598439956264,167.11551490008137,204.0299854439025,139.55793469799343,161.28350427500249,168.35447349832228,153.76095045805576,155.44151682512603,179.51024629839486,0,152.70541759997244,160.89794711841566,136.52567114603076,131.72327508075588,167.69522998098066,116.69133198251507,139.72687455923486,157.32562110805176,158.64887530995082,134.301068162552,158.8929809556572,177.04256574078542
Portuguese,120.36243382778181,131.66347876436464,145.84884827211928,130.13702410413796,144.68975084003827,127.32006285399693,105.25175102994936,126.03755936867059,137.9464772183051,119.64100942728572,127.19702734843197,128.54180069830153,110.43397021437282,88.91250517424868,137.71105267824294,122.15473173032616,137.3582139506983,135.46349041225912,131.13737805313272,111.98579328589705,129.3465649030756,153.06757227986785,193.7498767018615,130.93176336654557,126.26180378714645,134.80179266703306,121.47104219451388,119.1185898642564,148.1787299720877,152.70541759997244,0,123.3730439358217,136.4297331974753,130.14708478783194,131.65451401891684,123.66688292485729,130.89662335914224,93.86994362892132,129.04854482529674,134.4504321726009,126.96429046827586,145.93407839449486
Romanian,127.74081309279646,133.29487045170788,146.87593228446883,134.14450838998974,147.96545697570954,130.21317002712996,118.17501942419231,126.81161209721972,141.05384892856043,122.05504826784029,135.1050165072584,136.9144669627989,117.56494499681716,111.04500753544188,138.4884591951752,125.09910649576622,140.1564188215194,136.14092187206373,133.85727829624602,121.09976737901205,127.57036289356368,157.9596274697052,187.7999064415443,134.49781821869493,130.9484266799291,136.26830426549728,127.51015616416305,122.52017247927719,146.84406301850134,160.89794711841566,123.3730439358217,0,141.4194123250701,133.553359635432,134.08491810624008,131.28275167397268,135.77662498862975,120.97891949034975,131.08760479380595,136.74511152713507,131.45344622609014,147.17178477805365
Russian,131.29605559890643,141.48859598988298,154.28327343793873,144.43555058132873,116.96690469461122,118.25004228643117,141.91158015121064,113.35809446751625,118.39915594221418,129.13767536606383,142.90307784867494,144.40151521899352,131.1485142508681,129.18962276588528,150.3676984052866,136.8755081120622,151.90395802416367,151.98564462140305,137.49791043783657,131.05171604036767,153.62905078861885,147.92275844933198,183.76635819131687,112.49399704166645,140.41645699758766,149.060421335402,134.71786799477442,131.11036333842438,157.6733257695523,136.52567114603076,136.4297331974753,141.4194123250701,0,106.81937357561782,141.3796786199465,107.77399221366564,124.98013073054841,139.59978870034186,140.27306560307142,101.4324674139331,141.87347772189943,157.69728412983147
Serbian,124.49012402818626,136.26851497551667,148.61597701725796,136.22046467200636,78.72371281218064,105.03961417117002,133.8457548686939,81.19708126692008,114.68381018557251,124.76272296310805,135.39708572884095,137.34460177869627,123.92490764506415,121.54440899537828,141.39246232243477,131.46695343711832,141.90546605128432,142.0070155280003,132.43488700021948,126.88959463485021,145.2126737176422,146.29242286395262,172.81054635972163,89.40388496325252,133.84250403732517,141.13884719751,127.493753575821,124.74465038485286,148.8459493893624,131.72327508075588,130.14708478783194,133.553359635432,106.81937357561782,0,136.2602321348269,102.5609202848721,102.93515560066065,131.51605377494528,133.24671527284954,102.79664163007853,133.1038356978246,151.98880267677097
Sinhala,128.7145587276568,117.93096727573003,141.96467744979887,127.88744345923968,153.2845680299167,134.96597776824362,135.12268627417046,127.15212577772303,144.05320262923047,123.8855327841714,138.36469106644762,143.32228192688243,124.12961871613697,114.15305015001567,144.2123384070012,125.54949332530431,135.1693582151653,131.16846277516728,132.0577137279535,120.36231124703986,152.4038760240268,163.46949618376675,186.31599214273984,135.1299403851568,125.62573763440237,123.15055421401848,131.24605531015968,113.07981034064952,145.10860533805015,167.69522998098066,131.65451401891684,134.08491810624008,141.3796786199465,136.2602321348269,0,133.8154598770757,143.2740919051679,128.0864024583578,131.5067880058172,137.0249801448557,123.52709252352778,152.24307499533364
Slovak,121.6485059753496,132.56893758040388,148.0162454730571,133.8446819940422,114.59983207789138,108.31084711841298,128.6932964735961,101.32981577762285,90.88299200666795,117.10473976200078,132.17034647004692,132.4949533470202,119.50705506541077,116.81929618826888,137.5304587259571,127.24758611475569,140.36341995354135,139.78711524147866,132.5396719592253,117.61261349224723,142.41452158381546,144.02518367891514,184.55158477383017,109.87870040058758,129.29627020901006,136.35691435350304,122.67256269755599,121.86054638086081,146.39224846801127,116.69133198251507,123.66688292485729,131.28275167397268,107.77399221366564,102.5609202848721,133.8154598770757,0,109.95628144637,127.35129285353788,129.0670160970898,109.19746945340111,128.6808163385699,145.03411872446853
Slovenian,124.43144614275971,140.58004652414152,154.33642153397096,137.48809572717553,119.23533547092562,112.42486533629882,131.72710663515286,98.30208706389746,122.57351651407791,119.37945406067767,132.93401389780675,133.63368165816996,123.03779834192144,123.31049467891563,139.47033979586143,131.2548987422462,141.51059164880155,142.45923298496297,137.66807767317871,122.22058622804296,145.06437881470885,151.6740921970877,184.07683310122167,116.55943238949445,132.08525665826218,141.48007148560714,125.44605381080893,123.49736744228251,151.53651537479493,139.72687455923486,130.89662335914224,135.77662498862975,124.98013073054841,102.93515560066065,143.2740919051679,109.95628144637,0,131.34294492349323,133.03537143599087,122.14679108727833,133.69055202368799,148.1278429137882
Spanish,123.70533703578425,131.84681320748044,150.12192530688145,128.72055008429734,147.48469272193992,125.54679471150612,99.25657242786693,123.2825780086101,137.93543242142846,120.62654587303473,128.7731129948004,130.70381856104382,110.51227724113453,78.79251839001749,137.96059850314165,117.08348251470454,130.7495521523596,130.03923391538362,133.8730424306462,110.51629081519873,121.01374377954465,163.87206215294634,191.2549926378187,130.29266651933614,120.66587175255033,132.56985770883225,123.07671316409159,118.54431894714415,147.77258392294908,157.32562110805176,93.86994362892132,120.97891949034975,139.59978870034186,131.51605377494528,128.0864024583578,127.35129285353788,131.34294492349323,0,129.9256249934785,133.39048028444347,124.5647272774659,145.00954320998736
Swedish,109.27062088175713,134.2173691530584,145.58592559876598,133.76222196944684,148.45454019445145,131.93752252463707,127.32762994478098,129.40645112017606,141.58966149461145,99.19659571445312,118.17868515073346,122.52611070465437,123.85299569365891,117.05292252790056,122.72413817655993,127.82222551079151,137.5749054124078,135.66724706477598,109.74044649436824,117.39879353576066,146.409626684406,154.70884978611943,186.8504951636565,134.31470811492258,129.27392793533025,135.73853438483073,90.66846112883972,122.21634555087759,145.82238086521502,158.64887530995082,129.04854482529674,131.08760479380595,140.27306560307142,133.24671527284954,131.5067880058172,129.0670160970898,133.03537143599087,129.9256249934785,0,136.29448718057347,128.8969085941675,148.03746260253303
Ukrainian,129.6589023692619,137.62978977744658,151.69249138576288,140.63449529558855,114.68042742302185,116.52862935107133,137.62083464999714,107.11941236102793,116.37108976713219,126.95840075334546,141.08224243848161,142.6267860692909,127.52995935855125,124.3447823047231,148.02591071421148,132.81671313634143,147.23036718290746,145.27313678694267,134.66484464670333,129.12053055110516,147.9979138673809,153.3980800622445,180.41149997518357,109.17974498972485,137.70199428955573,145.1850777692865,132.29158751254144,128.44664167008037,149.58423394652948,134.301068162552,134.4504321726009,136.74511152713507,101.4324674139331,102.79664163007853,137.0249801448557,109.19746945340111,122.14679108727833,133.39048028444347,136.29448718057347,0,137.77106364284572,152.06074396766073
Urdu,126.00805351899942,130.31731980129499,147.06021823330752,110.23200666294166,149.49191081824787,128.4979739226298,128.74470213115666,125.84640740879448,137.48543188012255,120.34680546638515,131.3801392800106,132.5626642973727,120.67691848522576,119.26046834143436,137.27708846195765,122.41903537930445,113.62342386028807,95.0261198238999,135.0751008786652,116.44295733277535,146.6132894715922,158.2010674406594,190.88412407465128,131.5974405946615,109.80596253321099,111.89061638529864,125.29103395107916,110.96679512226358,138.93729388440377,158.8929809556572,126.96429046827586,131.45344622609014,141.87347772189943,133.1038356978246,123.52709252352778,128.6808163385699,133.69055202368799,124.5647272774659,128.8969085941675,137.77106364284572,0,147.80175814719638
Welsh,142.12348540514367,153.19335335203579,159.80403202047935,153.9959197218834,165.0245407249925,142.9463712995496,147.76706202715758,138.71594610477456,154.1822194171257,133.60516461217102,148.5501387993545,143.6643924755468,137.29362334032777,135.73418954107572,154.61899719924864,139.30202258625596,159.7979981361478,159.41490908574596,150.5024573549277,131.10814444000388,147.8953015549922,174.56859777816044,204.86455381971885,152.81151258606332,148.31460871693912,151.44567467465794,148.71339311364326,138.82847359432208,162.58509529976143,177.04256574078542,145.93407839449486,147.17178477805365,157.69728412983147,151.98880267677097,152.24307499533364,145.03411872446853,148.1278429137882,145.00954320998736,148.03746260253303,152.06074396766073,147.80175814719638,0
