,Afrikaans,Albanian,Armenian,Bengali,Bosnian,Bulgarian,Catalan,Croatian,Czech,Danish,Dutch,English,French,Galician,German,Greek,Gujarati,Hindi,Icelandic,Irish,Italian,Latvian,Lithuanian,Macedonian,Marathi,Nepali,Norwegian,Pashto,Persian,Polish,Portuguese,Romanian,Russian,Serbian,Sinhala,Slovak,Slovenian,Spanish,Swedish,Ukrainian,Urdu,Welsh
Afrikaans,0,3.1939414057525126,2.8439151762886272,3.6890486368228235,2.9802274002570344,3.5502587618587618,3.850755582906137,3.4513041052567557,3.5184324214931046,3.5795303931893385,2.7271669732131136,3.3301627419200712,3.5921388269094154,3.3651747264366905,3.2894767969602983,3.6728072444394853,3.8328091748743427,3.85242938775856,3.024832455809762,3.683278092474995,3.160133055655165,3.2394958801613076,2.6669425828575726,3.3117092245602278,3.8050062277200096,3.0650102184815373,3.4175543710250302,3.3758997279760146,3.019039281169306,3.2272979120515,3.4321279495761647,3.478324725871835,3.254781453004599,3.299858077494618,2.9577131569127553,3.545865376919066,3.5922229125009295,3.536057956904806,3.2415771285346335,3.18872448941089,3.502391527919943,2.990121107770758
Albanian,3.1939414057525126,0,2.8259547778233296,3.457054361457871,3.040683605007855,3.485265173012978,3.6997905702379343,3.4023516821272155,3.5343753441871884,3.527063822630254,3.38368844217609,3.680707129191266,3.3811489021097993,3.0702094622347462,3.4458582361833896,3.5134973116142283,3.7019750891873118,3.777902341628019,3.1431234173368328,3.348775776183225,3.182505410328099,3.281780854016737,2.712759633424755,3.250874250865749,3.5804030583094177,2.933899941024876,3.52904865488981,3.121133336544564,2.9651329184746906,3.2247890106012194,3.2778737636341937,3.380363479200147,3.2453748324155,3.310328475473378,2.6209821552324226,3.4429138606945426,3.5414991397622178,3.4515135561810895,3.394641556196519,3.190029916087162,3.3077430703537773,3.0505461562159857
Armenian,2.8439151762886272,2.8259547778233296,0,2.9932034077801823,2.905367549827393,2.9787905218920265,3.068660639516511,2.944980537126947,3.024634063855184,3.0380435368812577,3.0016922285883023,3.1029105334628246,2.9257643425986704,2.820673618373776,3.0247742657809895,2.9551346831549887,3.1486133157002625,3.1522553880703357,2.761055913701993,2.954202180220847,2.976536203710814,3.0156398580312302,2.67147016997813,2.896513759473679,3.010412657214787,2.829300760236061,2.9051482099038437,2.756791897232662,2.786785079287788,3.014536372053279,2.967569492113865,2.9539209150944075,2.928147891892986,2.920061757736059,2.6796971806867638,2.959319347259177,3.067730207863065,3.0475662116597744,2.892277769262769,2.8974559795029267,2.9214818711781607,2.8614782540923076
Bengali,3.6890486368228235,3.457054361457871,2.9932034077801823,0,3.1970629562092663,3.5792124609259024,3.765965645018344,3.5375521783482484,3.5144806739935035,3.9124514856360912,3.6395845649071763,3.677943713628949,3.656427537538091,3.5237159942842147,3.651715169812239,3.582344252133756,3.387307436507676,3.3634153877707287,3.4585956923482732,3.7716104462195306,3.1926615917478127,3.4567829646540016,2.7672540374331733,3.422088417013728,3.375209840757916,2.811637326159486,3.8080196702063964,3.561081725854683,3.237161017678965,3.2636285510256964,3.490229436100034,3.507587771597807,3.398392714638291,3.4398401287691134,3.1546506539633614,3.583638915231775,3.7188658458330437,3.4788396444835357,3.5860732956241033,3.289047004135695,3.132025454871341,3.061780202333452
Bosnian,2.9802274002570344,3.040683605007855,2.905367549827393,3.1970629562092663,0,2.684230321575673,3.321290337092084,2.2510225531188954,2.8213030711736513,3.1505012987241594,3.146981894924282,3.3018830032500355,3.0797205217797416,2.99484507883682,3.21283855485739,3.1964750684343053,3.357324270020447,3.3607701560619496,2.9838809882323263,3.1841862595802355,2.9973468899127558,3.0503974831909018,2.621404669417539,2.3257444870556467,3.250717490344788,2.9688927554238798,3.121428217955989,3.006504763292614,2.989502552037561,2.6625551676532555,3.092307384535022,3.09922848549319,2.509067650223435,1.8583216717315016,2.9146583494950136,2.621853215754042,2.7083909153099324,3.1355684910252473,3.1264906192265722,2.4904533257777657,3.0977489961908136,3.0144388760240153
Bulgarian,3.5502587618587618,3.485265173012978,2.9787905218920265,3.5792124609259024,2.684230321575673,0,3.6606719737962954,2.7555988563367166,3.1555247148617362,3.749936447343596,3.5685285429177913,3.554323027600664,3.5575601440169264,3.4299992629833422,3.651757212317122,3.492983986705781,3.7224872879248716,3.7394810136553134,3.3769990816838376,3.7191742306490196,3.027094811615896,3.3727448104670916,2.677439662015805,2.6411819798362424,3.695945928533938,3.233074754785614,3.7005591586918696,3.487526908334396,3.257545614687363,2.9285968880019855,3.473360728162785,3.458638750855236,2.9233840438012106,2.8018336853523933,3.1868636817350966,3.148077719995354,3.1071561082285335,3.428575567821681,3.5064997495256844,2.908300777422829,3.416458794472525,2.936490184711852
Catalan,3.850755582906137,3.6997905702379343,3.068660639516511,3.765965645018344,3.321290337092084,3.6606719737962954,0,3.6183197555047917,3.670936890277683,4.086842766137024,3.7042539290947887,3.658027137947139,3.5854564281519137,3.302592801540458,3.75661698930006,3.6818863726254114,3.855459579951171,3.837016327704837,3.5508775264086037,3.9773632604410114,2.805188751845521,3.555671064906291,2.7974158348490406,3.535523505304539,3.8596049890755415,3.402407012172157,3.8794140549921847,3.8624130382312476,3.3676237891603287,3.374254311630687,3.195991049941938,3.3959160218400415,3.530188854053745,3.5920224672936714,3.414579768082287,3.782783803133572,3.825650341704185,3.064707543433806,3.7060389709415955,3.443540444325522,3.6484969443274333,3.106184083428995
Croatian,3.4513041052567557,3.4023516821272155,2.944980537126947,3.5375521783482484,2.2510225531188954,2.7555988563367166,3.6183197555047917,0,2.9629785555488275,3.598055939210395,3.4710689316809007,3.5200647346162857,3.4470447601408956,3.3707299845646843,3.5577527929384405,3.478254703106752,3.6754369595439775,3.716331030394034,3.310750152780598,3.6048785794760208,3.0486685407947003,3.416341946245993,2.6528614068856866,2.6463989327440753,3.5823940433163286,3.162273432955656,3.6136337469531146,3.3556613376282534,3.17253758137782,2.868686884275939,3.425698303897105,3.365754855203326,2.8788785592537858,2.26582471543866,3.1205250662519357,2.87126800748733,2.791720893372506,3.3609973135021907,3.452121808997957,2.7289035760217333,3.3913629157974965,2.9566310174311865
Czech,3.5184324214931046,3.5343753441871884,3.024634063855184,3.5144806739935035,2.8213030711736513,3.1555247148617362,3.670936890277683,2.9629785555488275,0,3.5786348366325016,3.477249214112069,3.506051824354574,3.529239772408213,3.5091338703424952,3.6451995239409793,3.5357448416297363,3.703087959085267,3.6997880424394363,3.3889417008557197,3.675582086319834,3.1831958266908913,3.3329366547102652,2.7886932792986743,3.0605431693074556,3.649373807297311,3.1776656647565202,3.638512261772727,3.427783717281254,3.2498742828256937,2.897364972079453,3.468536869756128,3.4511265071775346,3.0344850358443822,2.927712592365327,3.2061667293691105,2.7398286145183124,3.110034762550002,3.420989743585936,3.51607400336533,2.885563464014779,3.412266777474214,3.0073708746705723
Danish,3.5795303931893385,3.527063822630254,3.0380435368812577,3.9124514856360912,3.1505012987241594,3.749936447343596,4.086842766137024,3.598055939210395,3.5786348366325016,0,3.417857939187545,3.57993370701045,3.7844289218226237,3.690074082889071,3.467503626201548,3.7910820730250436,3.9858508601427767,3.93016035548967,3.145415993226612,3.9811674968605373,3.125833712691777,3.506233434858124,2.8138298346616284,3.5136628472838236,4.014404818885131,3.1939023159128723,3.4915898776231504,3.707983708827222,3.255080104026499,3.2792145594539472,3.638973607025487,3.645407720521039,3.4291323540586713,3.5432755370614464,3.1503017218737703,3.7475632748591656,3.7873633885639157,3.6703671774930777,3.2845623951845715,3.3456705902255575,3.6694821400401127,2.9777865480384755
Dutch,2.7271669732131136,3.38368844217609,3.0016922285883023,3.6395845649071763,3.146981894924282,3.5685285429177913,3.7042539290947887,3.4710689316809007,3.477249214112069,3.417857939187545,0,3.3035099890736266,3.570905755348379,3.4841689264597386,3.096000034969849,3.5357034529946487,3.7086251039494753,3.7252622119541106,3.1984218843755747,3.642227976627058,3.164314862820327,3.395860678184206,2.765934093363614,3.363734582363669,3.6979044767350207,3.2227490615166166,3.339110097302576,3.5226812849794555,3.1829105040617307,3.271409576860463,3.376213520392492,3.52582143402596,3.3879043280840855,3.3803052851336086,3.191681792719384,3.5411813979418487,3.5130068797909995,3.4177750163888203,3.278601731414097,3.3006464197184324,3.5002840764252583,3.0517596965632645
English,3.3301627419200712,3.680707129191266,3.1029105334628246,3.677943713628949,3.3018830032500355,3.554323027600664,3.658027137947139,3.5200647346162857,3.506051824354574,3.57993370701045,3.3035099890736266,0,3.5919245739102363,3.5622826705922503,3.3891987902736855,3.6378079145701934,3.702568237529646,3.700652627925883,3.289750231440358,3.6871609408841852,3.1502349665920684,3.4805424955978075,2.7991332728702005,3.4819180932679448,3.6739442815362895,3.312110202749697,3.485483993464603,3.608723938534728,3.3070020870937475,3.3280863908048803,3.4944376302982794,3.5378403157590235,3.4268909790620348,3.4478493639313745,3.345450838631374,3.5951815888331042,3.667956170449,3.5791001357895302,3.461252832283153,3.4076723621111826,3.558314150818423,3.0435469613948194
French,3.5921388269094154,3.3811489021097993,2.9257643425986704,3.656427537538091,3.0797205217797416,3.5575601440169264,3.5854564281519137,3.4470447601408956,3.529239772408213,3.7844289218226237,3.570905755348379,3.5919245739102363,0,3.3852859820952723,3.649023706000392,3.621090992143895,3.810293217161906,3.8528224152239403,3.33772811371136,3.819001302221565,2.9002343852729693,3.37415134794035,2.7218861335964357,3.356226460934211,3.739061523625137,3.1412674509928813,3.76912151886171,3.487261406567945,3.184681253461053,3.233532263519184,3.3621090099983735,3.333638236043948,3.3304143291093156,3.3942509308578988,3.036165222585653,3.6753626263438157,3.5841161683452993,3.3518641928781845,3.5713652183098428,3.214424912600811,3.512437910391282,2.9146007914969476
Galician,3.3651747264366905,3.0702094622347462,2.820673618373776,3.5237159942842147,2.99484507883682,3.4299992629833422,3.302592801540458,3.3707299845646843,3.5091338703424952,3.690074082889071,3.4841689264597386,3.5622826705922503,3.3852859820952723,0,3.5745460363803687,3.5057890382652794,3.729286784217796,3.7521373963352556,3.1048658766523616,3.5556697444097236,2.7664119012290214,3.2797674944242443,2.715275701602682,3.2587210241984153,3.6641408129329873,3.027807068912312,3.6778501747607977,3.346182545223929,3.0011575856164874,3.235922053421542,2.81356262853631,3.2150335860356387,3.232306040558906,3.301100441669113,2.8237898721688013,3.552756965881503,3.580524947824713,2.6966712579500114,3.400845152460929,3.1546979190784517,3.390655137794965,2.912037923619448
German,3.2894767969602983,3.4458582361833896,3.0247742657809895,3.651715169812239,3.21283855485739,3.651757212317122,3.75661698930006,3.5577527929384405,3.6451995239409793,3.467503626201548,3.096000034969849,3.3891987902736855,3.649023706000392,3.5745460363803687,0,3.620060779644352,3.76561337753365,3.7542875038142194,3.287750470959345,3.688264945343808,3.2183894643944324,3.439359842059748,2.771982772200884,3.4651363180937906,3.7348946246963077,3.2044900855859275,3.4973569197413523,3.548686301843505,3.2718330399865967,3.347197586207175,3.549954868537633,3.5285332424031246,3.469385188369209,3.46340706710218,3.2217139578410996,3.6365621544642166,3.58637617678955,3.5311027618361654,3.3395991906414197,3.39102799859537,3.5332949570164653,3.0841064986904767
Greek,3.6728072444394853,3.5134973116142283,2.9551346831549887,3.582344252133756,3.1964750684343053,3.492983986705781,3.6818863726254114,3.478254703106752,3.5357448416297363,3.7910820730250436,3.5357034529946487,3.6378079145701934,3.621090992143895,3.5057890382652794,3.620060779644352,0,3.6881103754717652,3.622434340031838,3.4419310697937484,3.7182378962453595,3.1346650925235444,3.378391583757345,2.730493417293545,3.4398052248111846,3.6441910540630627,3.16850699209225,3.719615912173693,3.5066715941969067,3.22824345406305,3.2805391494212475,3.4503436395242657,3.4725991336180337,3.4306668677971355,3.4292110572032493,3.1765132344039677,3.6345983471142094,3.6049760065117904,3.346155183836933,3.583135401997659,3.3276561749970672,3.428130663893352,2.984748032111727
Gujarati,3.8328091748743427,3.7019750891873118,3.1486133157002625,3.387307436507676,3.357324270020447,3.7224872879248716,3.855459579951171,3.6754369595439775,3.703087959085267,3.9858508601427767,3.7086251039494753,3.702568237529646,3.810293217161906,3.729286784217796,3.76561337753365,3.6881103754717652,0,2.986266033722591,3.622285609264571,3.9191314611705796,3.294511170858344,3.62668934970604,2.8296005856166873,3.5959390092115395,2.9183104232296366,3.078055602859858,3.918459265948321,3.6701420036338503,3.391829198239826,3.376030076174243,3.643094673984806,3.683616247390706,3.5661494749962412,3.6026744508163864,3.350585541159807,3.7850511015056836,3.80932367683423,3.603007444145422,3.765952467233346,3.467098768359336,3.260037949325021,3.1810678891532005
Hindi,3.85242938775856,3.777902341628019,3.1522553880703357,3.3634153877707287,3.3607701560619496,3.7394810136553134,3.837016327704837,3.716331030394034,3.6997880424394363,3.93016035548967,3.7252622119541106,3.700652627925883,3.8528224152239403,3.7521373963352556,3.7542875038142194,3.622434340031838,2.986266033722591,0,3.5804038065213035,3.9333278097066073,3.3100424003676197,3.644888003278273,2.8314076911008312,3.5888524694112873,3.1366586047037193,3.065215453653127,3.896628407101257,3.681669773525441,3.4423825842138784,3.4126929997310747,3.719205868346022,3.5614522073834283,3.5716414273236583,3.639484451649155,3.418173072372278,3.764315332189014,3.79026867847733,3.6034211690293994,3.7128166954834727,3.5110273480557006,2.8631544412392667,3.177923970872549
Icelandic,3.024832455809762,3.1431234173368328,2.761055913701993,3.4585956923482732,2.9838809882323263,3.3769990816838376,3.5508775264086037,3.310750152780598,3.3889417008557197,3.145415993226612,3.1984218843755747,3.289750231440358,3.33772811371136,3.1048658766523616,3.287750470959345,3.4419310697937484,3.622285609264571,3.5804038065213035,0,3.416998445376953,3.1125820877167443,3.2339484834906163,2.639466408318339,3.2093455057041695,3.5254098795611974,3.060991229478346,3.0257442087914797,3.21076781837036,2.9428028993751245,3.204401780878645,3.323035065812166,3.3077702705898755,3.16395961582623,3.20629259925651,2.840876744241715,3.4053709931474816,3.406650872534321,3.369055522763926,2.932409361334879,3.114883235891874,3.2910941867169576,2.955318855561596
Irish,3.683278092474995,3.348775776183225,2.954202180220847,3.7716104462195306,3.1841862595802355,3.7191742306490196,3.9773632604410114,3.6048785794760208,3.675582086319834,3.9811674968605373,3.642227976627058,3.6871609408841852,3.819001302221565,3.5556697444097236,3.688264945343808,3.7182378962453595,3.9191314611705796,3.9333278097066073,3.416998445376953,0,3.2219881492915396,3.430580118561852,2.761167388075318,3.451710614295997,3.856238937806026,3.1484724981321106,4.0060275593426935,3.5813715540650257,3.15712786546751,3.3198128917314604,3.4768214899106185,3.6421427928459766,3.4730053049049303,3.5170445972154925,3.05107141280905,3.7431885355484824,3.7575783660676816,3.492521889819935,3.639842846481656,3.3691512595661557,3.5686361119439183,2.9247098179575852
Italian,3.160133055655165,3.182505410328099,2.976536203710814,3.1926615917478127,2.9973468899127558,3.027094811615896,2.805188751845521,3.0486685407947003,3.1831958266908913,3.125833712691777,3.164314862820327,3.1502349665920684,2.9002343852729693,2.7664119012290214,3.2183894643944324,3.1346650925235444,3.294511170858344,3.3100424003676197,3.1125820877167443,3.2219881492915396,0,3.2954728893229523,2.8409713046816183,3.0366541282702055,3.198828383841919,3.0386686007192436,3.1354762947946573,3.1158997473405274,3.1082462248234037,3.13907643727611,2.870593511927696,2.7857743217997415,3.090654949659287,3.05681922468459,3.040544324162917,3.167571684793993,3.175331955828487,2.740290491006076,3.1634733382037195,3.0180399017819766,3.095273271160508,2.805042744844427
Latvian,3.2394958801613076,3.281780854016737,3.0156398580312302,3.4567829646540016,3.0503974831909018,3.3727448104670916,3.555671064906291,3.416341946245993,3.3329366547102652,3.506233434858124,3.395860678184206,3.4805424955978075,3.37415134794035,3.2797674944242443,3.439359842059748,3.378391583757345,3.62668934970604,3.644888003278273,3.2339484834906163,3.430580118561852,3.2954728893229523,0,2.4204603338222697,3.2199260684003326,3.5575252029492517,3.1980856754799274,3.3910740016253778,3.298799631074294,3.175881306162888,3.1297173108331595,3.377945244797038,3.352860696627399,3.128223173348223,3.199051757119565,3.090992125174836,3.2755431639125376,3.4031507350999837,3.524855254554953,3.3753140515443487,3.2014755437353686,3.399894930819968,3.2067373812028523
Lithuanian,2.6669425828575726,2.712759633424755,2.67147016997813,2.7672540374331733,2.621404669417539,2.677439662015805,2.7974158348490406,2.6528614068856866,2.7886932792986743,2.8138298346616284,2.765934093363614,2.7991332728702005,2.7218861335964357,2.715275701602682,2.771982772200884,2.730493417293545,2.8296005856166873,2.8314076911008312,2.639466408318339,2.761167388075318,2.8409713046816183,2.4204603338222697,0,2.63321064295189,2.8030460651564395,2.6742334521668445,2.667707324838707,2.6662115413678573,2.734285786367282,2.738713456490019,2.7646232064869576,2.7389270512281074,2.6483440655016715,2.561069925010101,2.6531872014783207,2.684368366895417,2.7021769544928635,2.8101254786635104,2.6962549398097955,2.616677795053454,2.71516981383149,2.80827447776059
Macedonian,3.3117092245602278,3.250874250865749,2.896513759473679,3.422088417013728,2.3257444870556467,2.6411819798362424,3.535523505304539,2.6463989327440753,3.0605431693074556,3.5136628472838236,3.363734582363669,3.4819180932679448,3.356226460934211,3.2587210241984153,3.4651363180937906,3.4398052248111846,3.5959390092115395,3.5888524694112873,3.2093455057041695,3.451710614295997,3.0366541282702055,3.2199260684003326,2.63321064295189,0,3.5354267019187176,3.065484891920292,3.496031085585852,3.2798393173593365,3.1179805620668413,2.8422207326506874,3.3049279476127684,3.334894356383383,2.7001563940958846,2.2945651370548465,2.9982769566030023,2.921758957564742,3.003650524342918,3.3004257910472536,3.34635547445417,2.637394343624928,3.3087295051950907,2.9608655484289996
Marathi,3.8050062277200096,3.5804030583094177,3.010412657214787,3.375209840757916,3.250717490344788,3.695945928533938,3.8596049890755415,3.5823940433163286,3.649373807297311,4.014404818885131,3.6979044767350207,3.6739442815362895,3.739061523625137,3.6641408129329873,3.7348946246963077,3.6441910540630627,2.9183104232296366,3.1366586047037193,3.5254098795611974,3.856238937806026,3.198828383841919,3.5575252029492517,2.8030460651564395,3.5354267019187176,0,3.038277211894559,3.955411786288557,3.640252705866995,3.286090383584565,3.3278584882055835,3.5989929207359768,3.639241910800601,3.4703749927615317,3.545182848154882,3.1980996075566432,3.73913754821538,3.800887908021006,3.541293522788795,3.7377958690075124,3.401996801861738,3.2863997402920337,3.0547362407707936
Nepali,3.0650102184815373,2.933899941024876,2.829300760236061,2.811637326159486,2.9688927554238798,3.233074754785614,3.402407012172157,3.162273432955656,3.1776656647565202,3.1939023159128723,3.2227490615166166,3.312110202749697,3.1412674509928813,3.027807068912312,3.2044900855859275,3.16850699209225,3.078055602859858,3.065215453653127,3.060991229478346,3.1484724981321106,3.0386686007192436,3.1980856754799274,2.6742334521668445,3.065484891920292,3.038277211894559,0,3.2146854846227964,2.9177857345671843,2.969386129408247,3.0547079444574865,3.1117151128428677,3.149773579916036,3.0992742346337043,3.1042572895077996,2.7017534357196777,3.1357644545610452,3.271039234817487,3.2118452088198577,3.166690643378857,3.054805174870755,2.7687465571037606,2.9147018523305825
Norwegian,3.4175543710250302,3.52904865488981,2.9051482099038437,3.8080196702063964,3.121428217955989,3.7005591586918696,3.8794140549921847,3.6136337469531146,3.638512261772727,3.4915898776231504,3.339110097302576,3.485483993464603,3.76912151886171,3.6778501747607977,3.4973569197413523,3.719615912173693,3.918459265948321,3.896628407101257,3.0257442087914797,4.0060275593426935,3.1354762947946573,3.3910740016253778,2.667707324838707,3.496031085585852,3.955411786288557,3.2146854846227964,0,3.7485192201731152,3.223097879346975,3.2277309032013544,3.596387413096989,3.591140922408613,3.4189102306208157,3.495117573223568,3.185156400905785,3.7150160041771914,3.779957621077227,3.5670446933041817,2.842064627198631,3.378603295185517,3.595212927459555,3.0464295791404403
Pashto,3.3758997279760146,3.121133336544564,2.756791897232662,3.561081725854683,3.006504763292614,3.487526908334396,3.8624130382312476,3.3556613376282534,3.427783717281254,3.707983708827222,3.5226812849794555,3.608723938534728,3.487261406567945,3.346182545223929,3.548686301843505,3.5066715941969067,3.6701420036338503,3.681669773525441,3.21076781837036,3.5813715540650257,3.1158997473405274,3.298799631074294,2.6662115413678573,3.2798393173593365,3.640252705866995,2.9177857345671843,3.7485192201731152,0,2.8466043285345592,3.1870591802194395,3.4321540836387143,3.3915234699587162,3.2117656560329784,3.3224329020029395,2.8151179270369147,3.5051579919821862,3.515672288769062,3.4743720807467637,3.4372257875563053,3.1465440177532256,3.2959387437672656,2.9158177897536706
Persian,3.019039281169306,2.9651329184746906,2.786785079287788,3.237161017678965,2.989502552037561,3.257545614687363,3.3676237891603287,3.17253758137782,3.2498742828256937,3.255080104026499,3.1829105040617307,3.3070020870937475,3.184681253461053,3.0011575856164874,3.2718330399865967,3.22824345406305,3.391829198239826,3.4423825842138784,2.9428028993751245,3.15712786546751,3.1082462248234037,3.175881306162888,2.734285786367282,3.1179805620668413,3.286090383584565,2.969386129408247,3.223097879346975,2.8466043285345592,0,3.1742054805127244,3.1345757438083575,3.194760754881382,3.089652755654309,3.1146614882740407,2.899941939589996,3.2032408945585646,3.2446658951471266,3.2056680817508725,3.1428008843872113,3.023699419644776,3.022858795294898,2.9586590564877393
Polish,3.2272979120515,3.2247890106012194,3.014536372053279,3.2636285510256964,2.6625551676532555,2.9285968880019855,3.374254311630687,2.868686884275939,2.897364972079453,3.2792145594539472,3.271409576860463,3.3280863908048803,3.233532263519184,3.235922053421542,3.347197586207175,3.2805391494212475,3.376030076174243,3.4126929997310747,3.204401780878645,3.3198128917314604,3.13907643727611,3.1297173108331595,2.738713456490019,2.8422207326506874,3.3278584882055835,3.0547079444574865,3.2277309032013544,3.1870591802194395,3.1742054805127244,0,3.1791845134548105,3.237033291436338,2.7865270184403883,2.7200235304918503,3.085404227661113,2.587425665916399,2.9263432254010215,3.2298479942493175,3.211045761974596,2.6996576024436694,3.2109569838881886,3.0694745234565106
Portuguese,3.4321279495761647,3.2778737636341937,2.967569492113865,3.490229436100034,3.092307384535022,3.473360728162785,3.195991049941938,3.425698303897105,3.468536869756128,3.638973607025487,3.376213520392492,3.4944376302982794,3.3621090099983735,2.81356262853631,3.549954868537633,3.4503436395242657,3.643094673984806,3.719205868346022,3.323035065812166,3.4768214899106185,2.870593511927696,3.377945244797038,2.7646232064869576,3.3049279476127684,3.5989929207359768,3.1117151128428677,3.596387413096989,3.4321540836387143,3.1345757438083575,3.1791845134548105,0,3.3162195086352297,3.303579058699595,3.333003452722819,3.1154232270521276,3.4705176826122344,3.4745722644137125,2.7049328887629245,3.4909709128512856,3.2118375089707905,3.378418530983851,2.996837132726039
Romanian,3.478324725871835,3.380363479200147,2.9539209150944075,3.507587771597807,3.09922848549319,3.458638750855236,3.3959160218400415,3.365754855203326,3.4511265071775346,3.645407720521039,3.52582143402596,3.5378403157590235,3.333638236043948,3.2150335860356387,3.5285332424031246,3.4725991336180337,3.683616247390706,3.5614522073834283,3.3077702705898755,3.6421427928459766,2.7857743217997415,3.352860696627399,2.7389270512281074,3.334894356383383,3.639241910800601,3.149773579916036,3.591140922408613,3.3915234699587162,3.194760754881382,3.237033291436338,3.3162195086352297,0,3.282187591871034,3.339896685609944,3.103985105361948,3.505717168389956,3.5415510605168934,3.3009181114180715,3.459098625183028,3.2609581655356594,3.3980076967725985,2.9940579822095765
Russian,3.254781453004599,3.2453748324155,2.928147891892986,3.398392714638291,2.509067650223435,2.9233840438012106,3.530188854053745,2.8788785592537858,3.0344850358443822,3.4291323540586713,3.3879043280840855,3.4268909790620348,3.3304143291093156,3.232306040558906,3.469385188369209,3.4306668677971355,3.5661494749962412,3.5716414273236583,3.16395961582623,3.4730053049049303,3.090654949659287,3.128223173348223,2.6483440655016715,2.7001563940958846,3.4703749927615317,3.0992742346337043,3.4189102306208157,3.2117656560329784,3.089652755654309,2.7865270184403883,3.303579058699595,3.282187591871034,0,2.635849655193165,2.963770470815667,2.887185258316135,3.0726294602204742,3.3899159300968416,3.304971970646594,2.469014541098942,3.3224215416024663,3.025879648844965
Serbian,3.299858077494618,3.310328475473378,2.920061757736059,3.4398401287691134,1.8583216717315016,2.8018336853523933,3.5920224672936714,2.26582471543866,2.927712592365327,3.5432755370614464,3.3803052851336086,3.4478493639313745,3.3942509308578988,3.301100441669113,3.46340706710218,3.4292110572032493,3.6026744508163864,3.639484451649155,3.20629259925651,3.5170445972154925,3.05681922468459,3.199051757119565,2.561069925010101,2.2945651370548465,3.545182848154882,3.1042572895077996,3.495117573223568,3.3224329020029395,3.1146614882740407,2.7200235304918503,3.333003452722819,3.339896685609944,2.635849655193165,0,3.084059653615133,2.786891554587862,2.816663309868674,3.331735193040394,3.3543689187583143,2.557903523631563,3.340382519327551,2.979765785835125
Sinhala,2.9577131569127553,2.6209821552324226,2.6796971806867638,3.1546506539633614,2.9146583494950136,3.1868636817350966,3.414579768082287,3.1205250662519357,3.2061667293691105,3.1503017218737703,3.191681792719384,3.345450838631374,3.036165222585653,2.8237898721688013,3.2217139578410996,3.1765132344039677,3.350585541159807,3.418173072372278,2.840876744241715,3.05107141280905,3.040544324162917,3.090992125174836,2.6531872014783207,2.9982769566030023,3.1980996075566432,2.7017534357196777,3.185156400905785,2.8151179270369147,2.899941939589996,3.085404227661113,3.1154232270521276,3.103985105361948,2.963770470815667,3.084059653615133,0,3.165305331766982,3.272495894298282,3.1285407429425267,3.0837162815773946,2.9453017289591683,3.054192478005839,2.8786512961306294
Slovak,3.545865376919066,3.4429138606945426,2.959319347259177,3.583638915231775,2.621853215754042,3.148077719995354,3.782783803133572,2.87126800748733,2.7398286145183124,3.7475632748591656,3.5411813979418487,3.5951815888331042,3.6753626263438157,3.552756965881503,3.6365621544642166,3.6345983471142094,3.7850511015056836,3.764315332189014,3.4053709931474816,3.7431885355484824,3.167571684793993,3.2755431639125376,2.684368366895417,2.921758957564742,3.73913754821538,3.1357644545610452,3.7150160041771914,3.5051579919821862,3.2032408945585646,2.587425665916399,3.4705176826122344,3.505717168389956,2.887185258316135,2.786891554587862,3.165305331766982,0,3.0934776469925183,3.498891608947247,3.5599097476790424,2.7934097402594684,3.457226271901724,3.0102477930367066
Slovenian,3.5922229125009295,3.5414991397622178,3.067730207863065,3.7188658458330437,2.7083909153099324,3.1071561082285335,3.825650341704185,2.791720893372506,3.110034762550002,3.7873633885639157,3.5130068797909995,3.667956170449,3.5841161683452993,3.580524947824713,3.58637617678955,3.6049760065117904,3.80932367683423,3.79026867847733,3.406650872534321,3.7575783660676816,3.175331955828487,3.4031507350999837,2.7021769544928635,3.003650524342918,3.800887908021006,3.271039234817487,3.779957621077227,3.515672288769062,3.2446658951471266,2.9263432254010215,3.4745722644137125,3.5415510605168934,3.0726294602204742,2.816663309868674,3.272495894298282,3.0934776469925183,0,3.5059842443642917,3.605304909446708,3.0179442850832197,3.5665984635326033,3.056784135057448
Spanish,3.536057956904806,3.4515135561810895,3.0475662116597744,3.4788396444835357,3.1355684910252473,3.428575567821681,3.064707543433806,3.3609973135021907,3.420989743585936,3.6703671774930777,3.4177750163888203,3.5791001357895302,3.3518641928781845,2.6966712579500114,3.5311027618361654,3.346155183836933,3.603007444145422,3.6034211690293994,3.369055522763926,3.492521889819935,2.740290491006076,3.524855254554953,2.8101254786635104,3.3004257910472536,3.541293522788795,3.2118452088198577,3.5670446933041817,3.4743720807467637,3.2056680817508725,3.2298479942493175,2.7049328887629245,3.3009181114180715,3.3899159300968416,3.331735193040394,3.1285407429425267,3.498891608947247,3.5059842443642917,0,3.5416639713431564,3.2368179986922225,3.375564923963271,2.9765895433291925
Swedish,3.2415771285346335,3.394641556196519,2.892277769262769,3.5860732956241033,3.1264906192265722,3.5064997495256844,3.7060389709415955,3.452121808997957,3.51607400336533,3.2845623951845715,3.278601731414097,3.461252832283153,3.5713652183098428,3.400845152460929,3.3395991906414197,3.583135401997659,3.765952467233346,3.7128166954834727,2.932409361334879,3.639842846481656,3.1634733382037195,3.3753140515443487,2.6962549398097955,3.34635547445417,3.7377958690075124,3.166690643378857,2.842064627198631,3.4372257875563053,3.1428008843872113,3.211045761974596,3.4909709128512856,3.459098625183028,3.304971970646594,3.3543689187583143,3.0837162815773946,3.5599097476790424,3.605304909446708,3.5416639713431564,0,3.296631659230699,3.441866320461172,3.031621490452335
Ukrainian,3.18872448941089,3.190029916087162,2.8974559795029267,3.289047004135695,2.4904533257777657,2.908300777422829,3.443540444325522,2.7289035760217333,2.885563464014779,3.3456705902255575,3.3006464197184324,3.4076723621111826,3.214424912600811,3.1546979190784517,3.39102799859537,3.3276561749970672,3.467098768359336,3.5110273480557006,3.114883235891874,3.3691512595661557,3.0180399017819766,3.2014755437353686,2.616677795053454,2.637394343624928,3.401996801861738,3.054805174870755,3.378603295185517,3.1465440177532256,3.023699419644776,2.6996576024436694,3.2118375089707905,3.2609581655356594,2.469014541098942,2.557903523631563,2.9453017289591683,2.7934097402594684,3.0179442850832197,3.2368179986922225,3.296631659230699,0,3.223886697954504,2.9416418929322594
Urdu,3.502391527919943,3.3077430703537773,2.9214818711781607,3.132025454871341,3.0977489961908136,3.416458794472525,3.6484969443274333,3.3913629157974965,3.412266777474214,3.6694821400401127,3.5002840764252583,3.558314150818423,3.512437910391282,3.390655137794965,3.5332949570164653,3.428130663893352,3.260037949325021,2.8631544412392667,3.2910941867169576,3.5686361119439183,3.095273271160508,3.399894930819968,2.71516981383149,3.3087295051950907,3.2863997402920337,2.7687465571037606,3.595212927459555,3.2959387437672656,3.022858795294898,3.2109569838881886,3.378418530983851,3.3980076967725985,3.3224215416024663,3.340382519327551,3.054192478005839,3.457226271901724,3.5665984635326033,3.375564923963271,3.441866320461172,3.223886697954504,0,2.9516517266775684
Welsh,2.990121107770758,3.0505461562159857,2.8614782540923076,3.061780202333452,3.0144388760240153,2.936490184711852,3.106184083428995,2.9566310174311865,3.0073708746705723,2.9777865480384755,3.0517596965632645,3.0435469613948194,2.9146007914969476,2.912037923619448,3.0841064986904767,2.984748032111727,3.1810678891532005,3.177923970872549,2.955318855561596,2.9247098179575852,2.805042744844427,3.2067373812028523,2.80827447776059,2.9608655484289996,3.0547362407707936,2.9147018523305825,3.0464295791404403,2.9158177897536706,2.9586590564877393,3.0694745234565106,2.996837132726039,2.9940579822095765,3.025879648844965,2.979765785835125,2.8786512961306294,3.0102477930367066,3.056784135057448,2.9765895433291925,3.031621490452335,2.9416418929322594,2.9516517266775684,0
