,Afrikaans,Albanian,Armenian,Bengali,Bosnian,Bulgarian,Catalan,Croatian,Czech,Danish,Dutch,English,French,Galician,German,Greek,Gujarati,Hindi,Icelandic,Irish,Italian,Latvian,Lithuanian,Macedonian,Marathi,Nepali,Norwegian,Pashto,Persian,Polish,Portuguese,Romanian,Russian,Serbian,Sinhala,Slovak,Slovenian,Spanish,Swedish,Ukrainian,Urdu,Welsh
Afrikaans,0,4485.921211302602,6107.4364159001825,5466.107237090814,6269.270633894214,5952.263135905215,6181.314535265305,6425.103203762776,7036.699453342592,5230.952271254683,4501.207535816831,6099.077129769393,5569.064504055581,4636.827331881793,5245.616380645847,6973.016053908555,5976.842859717172,6794.430107268303,4534.131368964334,4999.147195861546,6856.041931851854,6616.572034246816,6352.062593467689,5581.595875060427,5526.033767349832,5330.7995235161425,4831.747645162586,4982.011175252539,5444.472086417888,7879.160438988404,5881.716860748871,6294.109977159905,5882.3167224642375,5648.3126392817385,4724.568443024503,6358.7599184865885,6903.930912756569,6705.264185052008,5080.42887947955,5942.367970845174,5707.55067120165,6593.225904751719
Albanian,4485.921211302602,0,5980.533595695741,5413.528441145889,6282.587205833054,6138.6137067455675,6444.353636647715,6639.831655024771,7314.746253119926,6076.040817674718,6190.071481738095,7199.653288211804,5744.0087442173335,4609.242975836884,6120.354566000975,6938.358030261707,6061.085982923784,6849.046985305976,5122.069908268182,4979.3701204066365,7058.345423500055,6728.8009663103185,6448.584897729482,5648.105248519927,5585.463233134551,5232.892717554138,5728.612105842614,4951.655127730453,5340.677557354939,8038.034977932728,5964.121341725139,6365.031300958747,5807.196929573565,5762.876387606612,4369.697261810373,6472.545939011022,7211.657621421645,6777.825802310825,5918.088018158273,5853.515427439542,5709.3528998498305,6666.57581603197
Armenian,6107.4364159001825,5980.533595695741,0,6732.94577891054,7221.39652799914,7295.833364262836,7488.045297455336,7472.9518479614935,8107.2152483636855,7444.139987347832,7395.267163846319,7898.052306958393,7087.667356444979,6266.426777400072,7215.674793057131,7930.0480474982005,7168.517313816774,7850.808397917424,6396.2296716520195,6564.654438691552,7920.979118548283,7483.670243138081,7142.399906131951,6745.295501735138,6906.092452780396,6573.206193717709,6966.22574280712,6319.682550331729,6477.908742925827,8645.856362034994,7108.184643183573,7485.527126472552,7033.804849229588,6784.1374109789285,6126.3233218531805,7478.685847258198,8108.256405631633,7870.768549401285,6942.70328783927,6984.903805226099,6849.216282711521,7506.691467619784
Bengali,5466.107237090814,5413.528441145889,6732.94577891054,0,7072.105433672333,6485.227611770168,6583.781938979081,7060.200087418835,7540.409014988948,6788.964978672083,6547.439067041326,7079.011112650543,6241.272555846842,5625.447094736639,6581.080524504859,7176.274227306399,5466.699353167832,6096.0563452341,5930.723594746556,5757.760201838962,7298.93317800746,7434.828837997743,6934.884189710291,6281.854110213206,5334.775238961899,5180.38974561469,6287.376186742381,5720.816413557911,6127.641092645282,8125.279474200223,6253.628573609316,6924.164057372095,6667.655431684062,6362.566911224215,5507.335534641654,6969.661923452257,7604.821906583407,6779.158637599828,6330.29600582931,6629.545592486394,5396.187897096925,7043.74502191997
Bosnian,6269.270633894214,6282.587205833054,7221.39652799914,7072.105433672333,0,6187.436215702643,7739.765647932011,5141.4688086601,7182.57432417416,7477.548419867869,7499.014186141615,8312.407326297362,7201.683059477997,6524.637329799683,7553.942111287112,8226.830965154724,7612.122875518987,8225.642110619232,6666.79765652754,6995.303788347266,8042.285894391006,7213.592044732321,7388.006669994273,5067.1873676190025,7312.3889988811125,6856.922085300667,6844.916173148674,6739.046822227881,6847.3089980319255,7513.060780776869,7458.698030574816,7714.071721746806,5699.736415675919,4058.1879361098177,6398.85209043713,6166.917588788069,6567.333063561456,7997.842238065971,7183.659209162484,5747.821925646949,7145.934907869361,8041.842646493935
Bulgarian,5952.263135905215,6138.6137067455675,7295.833364262836,6485.227611770168,6187.436215702643,0,6782.315197128032,5701.289624595028,6708.665379067295,7004.8130703878305,6960.4378737650095,7288.606661780862,6652.090547968976,5830.449995200554,6979.097481534369,7457.8023019014345,6749.73831036475,7275.283711171439,6345.211850769493,6416.1141897377875,7268.2111702478105,7693.5511612479295,7371.870352808048,4950.188737352138,6457.200474744931,6636.288675023075,6626.149857599541,6312.39660926631,6689.200690593028,7650.139765739924,6845.352842903651,7110.874918042979,5983.400101192952,5362.447599865022,6127.296439180845,6149.8540330745245,6580.674496488701,7123.004304017817,6707.020483352993,6039.452554140303,6483.774118342716,7177.290379597553
Catalan,6181.314535265305,6444.353636647715,7488.045297455336,6583.781938979081,7739.765647932011,6782.315197128032,0,7403.4690639075325,8040.8759347882215,7110.626332589301,7089.135441674427,7242.992207195766,6278.262846817737,5257.707973291628,7077.132778782051,7521.469051538383,6769.612180554916,7288.28206360819,6575.386772136205,6407.286084895923,6393.8496662097305,8131.6291321878925,7681.824598578258,6808.857509480388,6484.781699853804,6882.640785838761,6620.4091177167575,6611.875938886271,6995.11433107606,8759.515724049706,5659.7627160144275,6872.60153412782,7247.6988412050005,6938.820982595258,6480.302823239221,7442.678162091647,7882.262015590543,5713.272181431793,6727.56677599181,7184.321573235543,6691.849134995776,7391.00515279592
Croatian,6425.103203762776,6639.831655024771,7472.9518479614935,7060.200087418835,5141.4688086601,5701.289624595028,7403.4690639075325,0,6579.687955733153,7396.9470609923355,7408.385682926985,7931.303300732055,7198.825483631395,6536.936654754284,7437.4512814414575,8039.796195482323,7327.911936069202,7830.3040117751525,6811.062716159313,6940.838726672312,7863.655426646552,8087.219406984324,7626.4894578827825,5443.262336911315,7083.5779131250365,7026.9846749940325,7050.672419647255,6743.287373125435,7026.710943112881,7749.385331274085,7313.079076464721,7655.535743503096,6238.082148664122,4474.251591645715,6693.875016393517,5967.381685767116,6290.693692151361,7725.279239496249,7242.367593467307,6077.166507183337,7031.950580712743,7818.586688167104
Czech,7036.699453342592,7314.746253119926,8107.2152483636855,7540.409014988948,7182.57432417416,6708.665379067295,8040.8759347882215,6579.687955733153,0,7709.1546825310525,7836.191578858839,8467.563598575296,7779.795904310989,7153.682947699145,7889.085176428422,8564.747923506227,7889.51400850405,8379.151530305406,7392.116209264805,7410.893275359838,8378.059721345768,8435.695417318584,8366.1246941617,6710.605316182617,7636.491015503661,7517.263666852915,7601.331118545816,7269.283677935385,7577.497999109629,7767.674561569489,7800.753661133088,8177.336521748177,6850.182817359034,6507.111275166682,7375.629788969108,5599.1469796743895,7197.976207772211,8212.242298666357,7851.420132285854,6580.2445937424045,7586.353885997796,8283.097716057075
Danish,5230.952271254683,6076.040817674718,7444.139987347832,6788.964978672083,7477.548419867869,7004.8130703878305,7110.626332589301,7396.9470609923355,7709.1546825310525,0,6378.937141064811,7216.6054082256,6667.567154788864,5942.108878997491,6321.193030087715,7988.080217906159,7131.609274254002,7776.373158395908,5468.738290814357,6131.6402669201125,7774.4290986817405,7975.0592033387165,7902.233374844387,6819.652851756331,6774.511013993353,6652.701427857407,5234.544559368971,6335.280634281037,6735.89907705855,8780.719230202409,7026.972532247609,7395.899094181454,7129.228562599242,6917.669932087003,6178.987227066138,7301.042668362181,7601.386530309858,7531.892137569942,5846.391077153336,6983.088607846751,6890.075312485084,7536.129313942561
Dutch,4501.207535816831,6190.071481738095,7395.267163846319,6547.439067041326,7499.014186141615,6960.4378737650095,7089.135441674427,7408.385682926985,7836.191578858839,6378.937141064811,0,6897.629066911157,6849.941323481136,6257.929074593716,5744.503261375861,7741.194170951648,6904.501219962226,7578.535019093206,5850.71821623147,6330.544861697491,7805.965356342802,7940.964749891216,7589.906262871111,6759.704172012049,6665.522622474948,6691.167659336508,5947.849507370644,6529.672779694067,6773.3266619926735,8533.46123358131,6700.1179685118705,7556.7459863774575,7256.177329506831,6839.057860810096,6385.468633714112,7285.974603440276,7795.922192080616,7299.341161983088,6264.664122802027,7140.697419901194,6812.172631625662,7613.1086559583
English,6099.077129769393,7199.653288211804,7898.052306958393,7079.011112650543,8312.407326297362,7288.606661780862,7242.992207195766,7931.303300732055,8467.563598575296,7216.6054082256,6897.629066911157,0,7197.04837057325,6878.173840897442,6988.879776739304,8336.719825598704,7209.953252743472,7924.397337994578,6801.9724037738315,6833.362839858769,8003.291075097476,8509.970331810358,8196.844913952675,7365.805256102723,7009.989549293703,7314.345882078763,6759.989024981211,7116.910817949194,7491.842106163407,9252.027114020862,7336.30264962436,7870.091430553738,7763.473117716784,7402.870346363109,7153.708061266807,8003.450943170798,8373.443937142578,7895.342399091758,6955.183125342959,7803.597474307334,7144.532715718879,7706.86793613382
French,5569.064504055581,5744.0087442173335,7087.667356444979,6241.272555846842,7201.683059477997,6652.090547968976,6278.262846817737,7198.825483631395,7779.795904310989,6667.567154788864,6849.941323481136,7197.04837057325,0,5414.093314400915,6691.210159634195,7475.322360042078,6675.667980190094,7349.304849394833,6040.991652612805,5942.473291866389,6894.318392637056,7564.051691477598,7305.663445203743,6454.413460116923,6301.71459326361,6328.341695452705,6306.621238965502,5979.497855365758,6421.97233827764,8453.554074452084,6321.864835041131,6751.823293514205,6798.661322095602,6578.186544329139,5850.867239523652,7168.016534374034,7584.176555636473,6856.648111366232,6528.636813745826,6815.248922789846,6478.267708844398,7140.445847045843
Galician,4636.827331881793,4609.242975836884,6266.426777400072,5625.447094736639,6524.637329799683,5830.449995200554,5257.707973291628,6536.936654754284,7153.682947699145,5942.108878997491,6257.929074593716,6878.173840897442,5414.093314400915,0,6229.107885061718,6905.077976888237,6121.1310729185225,6839.054296806521,5110.253016299495,5147.276432433586,5993.129134188546,6710.918231850773,6653.178540894048,5751.814114287408,5696.132891207461,5625.309685624883,5721.632837764596,5314.304237398309,5596.4094667155405,8117.585738437817,4889.287290033447,5992.216370752561,5989.417414173592,5852.766524151939,4816.504157623383,6539.539644649768,7006.407176073516,5141.596128192777,5813.661309048954,6022.677144202267,5861.985034143128,6534.250557953696
German,5245.616380645847,6120.354566000975,7215.674793057131,6581.080524504859,7553.942111287112,6979.097481534369,7077.132778782051,7437.4512814414575,7889.085176428422,6321.193030087715,5744.503261375861,6988.879776739304,6691.210159634195,6229.107885061718,0,7647.3196351594,6880.537602818792,7546.551838295066,5993.300015743461,6219.8179842066465,7587.811000525132,7858.771247011678,7477.4184063329885,6833.078558581395,6704.885757574904,6630.835211568494,6259.743039736698,6402.019769868497,6636.123932663701,8538.33100046924,6914.451359395296,7321.595901789743,7252.119145071097,6866.002937556139,6379.707486001972,7266.323473799533,7826.124211595464,7435.503583185583,6232.385966999799,7189.396242818441,6732.23297012521,7485.187686071681
Greek,6973.016053908555,6938.358030261707,7930.0480474982005,7176.274227306399,8226.830965154724,7457.8023019014345,7521.469051538383,8039.796195482323,8564.747923506227,7988.080217906159,7741.194170951648,8336.719825598704,7475.322360042078,6905.077976888237,7647.3196351594,0,7461.222372318829,8008.169200189647,7223.239660891783,7135.600251348406,8235.609534821439,8214.631477620564,8089.28751780762,7408.934471085455,7298.565775452627,7350.369399617448,7509.129750179689,7194.8829911118,7511.372406661671,9146.94254167212,7360.741145834351,8042.267325918709,7817.867938934008,7524.001494198187,7123.135565806348,7984.074882198398,8484.772044451278,7601.252465638196,7595.942119752057,7667.26660142318,7355.139344580419,8099.648664732797
Gujarati,5976.842859717172,6061.085982923784,7168.517313816774,5466.699353167832,7612.122875518987,6749.73831036475,6769.612180554916,7327.911936069202,7889.51400850405,7131.609274254002,6904.501219962226,7209.953252743472,6675.667980190094,6121.1310729185225,6880.537602818792,7461.222372318829,0,5561.018122724061,6426.035056762121,6062.741893833024,7607.326010428391,8034.53081053356,7334.858234373167,6668.335309281207,4537.1918211071725,5558.4785670710235,6725.82557176168,6088.8894209700165,6675.768232160395,8592.08443378922,6657.9709210551055,7406.022237462266,7155.235393426278,6740.589640439214,6084.624042266377,7297.110223054418,7911.660508110166,7118.352762224758,6725.671396146837,6986.4449246628565,5595.886298224579,7208.191797743527
Hindi,6794.430107268303,6849.046985305976,7850.808397917424,6096.0563452341,8225.642110619232,7275.283711171439,7288.28206360819,7830.3040117751525,8379.151530305406,7776.373158395908,7578.535019093206,7924.397337994578,7349.304849394833,6839.054296806521,7546.551838295066,8008.169200189647,5561.018122724061,0,7118.434325050493,6943.017321746196,8075.674745578558,8714.485670478716,8021.640591039399,7229.793130966276,5783.405051347662,6270.329710295483,7366.972322714251,6792.454077723201,7280.009436549742,8979.130000945177,7302.66916985126,7739.304896533772,7793.311969133392,7383.21719435195,6812.751429696048,7881.633187342229,8400.460289811974,7606.8306306890245,7235.206166760818,7640.433320456848,5258.319888523382,7935.835941324929
Icelandic,4534.131368964334,5122.069908268182,6396.2296716520195,5930.723594746556,6666.79765652754,6345.211850769493,6575.386772136205,6811.062716159313,7392.116209264805,5468.738290814357,5850.71821623147,6801.9724037738315,6040.991652612805,5110.253016299495,5993.300015743461,7223.239660891783,6426.035056762121,7118.434325050493,0,5664.223900372595,7189.414211508433,7001.925173394742,6641.419738207318,5999.48788660486,6085.607886178411,5909.365290339589,5126.47834559933,5653.261210553544,5861.193511552926,8160.304928563669,6361.72973512017,6678.556245332821,6265.339155175328,6058.5146109100315,5197.367104340747,6792.470773149411,7372.111426900356,6988.674702554513,5243.760199096113,6311.7060835809125,6136.93907000318,6994.70696774343
Irish,4999.147195861546,4979.3701204066365,6564.654438691552,5757.760201838962,6995.303788347266,6416.1141897377875,6407.286084895923,6940.838726672312,7410.893275359838,6131.6402669201125,6330.544861697491,6833.362839858769,5942.473291866389,5147.276432433586,6219.8179842066465,7135.600251348406,6062.741893833024,6943.017321746196,5664.223900372595,0,7167.845804334556,7372.102662728381,6925.091563605772,6121.048719504067,5679.455594456601,5705.702998063184,5858.852486011633,5354.746557046651,5983.365741871251,8273.779926917352,5998.625682388021,6730.248073134531,6541.833517025442,6283.439926024683,5223.904781153493,6762.691268815724,7344.980386020486,6739.081402046103,6047.690332096076,6526.968242404117,6014.5751119502165,6545.8775961135425
Italian,6856.041931851854,7058.345423500055,7920.979118548283,7298.93317800746,8042.285894391006,7268.2111702478105,6393.8496662097305,7863.655426646552,8378.059721345768,7774.4290986817405,7805.965356342802,8003.291075097476,6894.318392637056,5993.129134188546,7587.811000525132,8235.609534821439,7607.326010428391,8075.674745578558,7189.414211508433,7167.845804334556,0,8459.671188877195,8013.711105051479,7342.828056548244,7357.198971755598,7419.766819100565,7437.99835614291,7197.5553999352705,7367.536131442644,8990.285850665261,6656.302989768576,7091.168062158863,7596.901843769469,7415.294856719014,7056.509386381347,7927.216608670475,8428.656792381977,6862.340282184922,7422.257285298962,7666.738848142757,7374.685348876522,7734.662828821557
Latvian,6616.572034246816,6728.8009663103185,7483.670243138081,7434.828837997743,7213.592044732321,7693.5511612479295,8131.6291321878925,8087.219406984324,8435.695417318584,7975.0592033387165,7940.964749891216,8509.970331810358,7564.051691477598,6710.918231850773,7858.771247011678,8214.631477620564,8034.53081053356,8714.485670478716,7001.925173394742,7372.102662728381,8459.671188877195,0,7166.089327147053,7188.5756623780335,7750.425047771823,7390.509903931935,7380.1230321779585,7113.929709006029,7267.5050224718425,8756.616867796598,7904.783016702887,8022.340897965661,7011.3891229596875,7156.630827086758,6904.267335457192,7783.36920087123,8100.967339367733,8652.453140013888,7603.784607287562,7358.893682132308,7605.353762930982,8558.938777119763
Lithuanian,6352.062593467689,6448.584897729482,7142.399906131951,6934.884189710291,7388.006669994273,7371.870352808048,7681.824598578258,7626.4894578827825,8366.1246941617,7902.233374844387,7589.906262871111,8196.844913952675,7305.663445203743,6653.178540894048,7477.4184063329885,8089.28751780762,7334.858234373167,8021.640591039399,6641.419738207318,6925.091563605772,8013.711105051479,7166.089327147053,0,6892.914824906897,7186.576577783899,6830.0030966396425,7210.964436760742,6797.5000277966365,6955.217982401363,8540.439809063413,7446.328708481166,7745.675266208062,7108.291640361763,6914.553251353754,6485.447291741404,7617.307809626429,8275.308228751614,7979.027779443965,7136.079602851045,7153.928551150922,7127.794728761947,7899.674214828137
Macedonian,5581.595875060427,5648.105248519927,6745.295501735138,6281.854110213206,5067.1873676190025,4950.188737352138,6808.857509480388,5443.262336911315,6710.605316182617,6819.652851756331,6759.704172012049,7365.805256102723,6454.413460116923,5751.814114287408,6833.078558581395,7408.934471085455,6668.335309281207,7229.793130966276,5999.48788660486,6121.048719504067,7342.828056548244,7188.5756623780335,6892.914824906897,0,6375.846473457404,6207.073612453393,6333.029966583445,5979.338432618531,6320.890295623735,7425.542432769022,6608.150436060673,7028.119911987247,5489.7681406407,4314.514152218017,5700.454599279755,5868.080472229073,6388.309496974046,7104.599797384273,6529.650462856976,5468.621061513348,6298.78085146449,7248.941663815016
Marathi,5526.033767349832,5585.463233134551,6906.092452780396,5334.775238961899,7312.3889988811125,6457.200474744931,6484.781699853804,7083.5779131250365,7636.491015503661,6774.511013993353,6665.522622474948,7009.989549293703,6301.71459326361,5696.132891207461,6704.885757574904,7298.565775452627,4537.1918211071725,5783.405051347662,6085.607886178411,5679.455594456601,7357.198971755598,7750.425047771823,7186.576577783899,6375.846473457404,0,5480.1285963236505,6357.144591428971,5820.0256074076315,6393.995768848176,8407.265373016495,6367.5061987888,7070.123593365038,6774.543683249268,6443.984913372085,5640.600110290611,7045.171079405273,7585.033432606478,6828.123805845166,6433.373460047762,6745.046011879326,5568.623324080488,6928.664131810206
Nepali,5330.7995235161425,5232.892717554138,6573.206193717709,5180.38974561469,6856.922085300667,6636.288675023075,6882.640785838761,7026.9846749940325,7517.263666852915,6652.701427857407,6691.167659336508,7314.345882078763,6328.341695452705,5625.309685624883,6630.835211568494,7350.369399617448,5558.4785670710235,6270.329710295483,5909.365290339589,5705.702998063184,7419.766819100565,7390.509903931935,6830.0030966396425,6207.073612453393,5480.1285963236505,0,6266.479192427771,5570.356643219753,6030.065575783186,8235.459957435933,6466.975618350617,7020.37807423789,6648.799236722377,6285.492626759205,5311.460861508457,6915.479307640142,7518.905878129676,7148.670370559553,6371.262615805824,6501.251102975849,5486.937917658082,7021.077738632032
Norwegian,4831.747645162586,5728.612105842614,6966.22574280712,6287.376186742381,6844.916173148674,6626.149857599541,6620.4091177167575,7050.672419647255,7601.331118545816,5234.544559368971,5947.849507370644,6759.989024981211,6306.621238965502,5721.632837764596,6259.743039736698,7509.129750179689,6725.82557176168,7366.972322714251,5126.47834559933,5858.852486011633,7437.99835614291,7380.1230321779585,7210.964436760742,6333.029966583445,6357.144591428971,6266.479192427771,0,6057.5205585324875,6324.245201186949,8308.11076011663,6511.120049970732,7075.189712183842,6730.912181064065,6305.346657744697,5821.736184667549,6947.099098534855,7265.803389402671,7022.411449336017,4861.791281463442,6623.969670012788,6398.793211401932,7308.4709608757385
Pashto,4982.011175252539,4951.655127730453,6319.682550331729,5720.816413557911,6739.046822227881,6312.39660926631,6611.875938886271,6743.287373125435,7269.283677935385,6335.280634281037,6529.672779694067,7116.910817949194,5979.497855365758,5314.304237398309,6402.019769868497,7194.8829911118,6088.8894209700165,6792.454077723201,5653.261210553544,5354.746557046651,7197.5553999352705,7113.929709006029,6797.5000277966365,5979.338432618531,5820.0256074076315,5570.356643219753,6057.5205585324875,0,5297.118794502439,8160.870301145899,6269.610008256603,6648.706833438201,6262.861390951645,6124.135991126088,5068.670958017822,6711.023548527227,7170.441459938372,7055.753117786863,6174.922445135098,6278.536837759588,5655.331830008941,6824.087990959305
Persian,5444.472086417888,5340.677557354939,6477.908742925827,6127.641092645282,6847.3089980319255,6689.200690593028,6995.11433107606,7026.710943112881,7577.497999109629,6735.89907705855,6773.3266619926735,7491.842106163407,6421.97233827764,5596.4094667155405,6636.123932663701,7511.372406661671,6675.768232160395,7280.009436549742,5861.193511552926,5983.365741871251,7367.536131442644,7267.5050224718425,6955.217982401363,6320.890295623735,6393.995768848176,6030.065575783186,6324.245201186949,5297.118794502439,0,8232.185402176738,6694.637046970153,6868.77719061788,6524.30157980689,6310.006571494359,5534.821355761723,6997.7336029804665,7565.4208490525525,7313.529445246516,6494.330137225278,6556.377086233398,6079.678073249462,7193.492320552084
Polish,7879.160438988404,8038.034977932728,8645.856362034994,8125.279474200223,7513.060780776869,7650.139765739924,8759.515724049706,7749.385331274085,7767.674561569489,8780.719230202409,8533.46123358131,9252.027114020862,8453.554074452084,8117.585738437817,8538.33100046924,9146.94254167212,8592.08443378922,8979.130000945177,8160.304928563669,8273.779926917352,8990.285850665261,8756.616867796598,8540.439809063413,7425.542432769022,8407.265373016495,8235.459957435933,8308.11076011663,8160.870301145899,8232.185402176738,0,8276.759585082335,8807.509140735296,7440.056153313176,7166.033740373254,8205.720372830261,6741.81225718122,8106.849862199501,8894.193680230503,8447.040524136077,7175.395479526751,8306.45996820773,9048.832056912168
Portuguese,5881.716860748871,5964.121341725139,7108.184643183573,6253.628573609316,7458.698030574816,6845.352842903651,5659.7627160144275,7313.079076464721,7800.753661133088,7026.972532247609,6700.1179685118705,7336.30264962436,6321.864835041131,4889.287290033447,6914.451359395296,7360.741145834351,6657.9709210551055,7302.66916985126,6361.72973512017,5998.625682388021,6656.302989768576,7904.783016702887,7446.328708481166,6608.150436060673,6367.5061987888,6466.975618350617,6511.120049970732,6269.610008256603,6694.637046970153,8276.759585082335,0,7012.890061451333,7112.72193035092,6660.589895581236,6222.39355900582,7108.703511522408,7773.574344465959,5581.697175848649,6688.209988732804,6877.3371384465045,6503.520539228157,7274.7746608059015
Romanian,6294.109977159905,6365.031300958747,7485.527126472552,6924.164057372095,7714.071721746806,7110.874918042979,6872.60153412782,7655.535743503096,8177.336521748177,7395.899094181454,7556.7459863774575,7870.091430553738,6751.823293514205,5992.216370752561,7321.595901789743,8042.267325918709,7406.022237462266,7739.304896533772,6678.556245332821,6730.248073134531,7091.168062158863,8022.340897965661,7745.675266208062,7028.119911987247,7070.123593365038,7020.37807423789,7075.189712183842,6648.706833438201,6868.77719061788,8807.509140735296,7012.890061451333,0,7240.726774050922,7122.684184759539,6566.0705056306215,7736.383758132585,8119.6045764057135,7403.3314682673945,7159.456408514683,7307.533167241256,6981.233520709025,7646.522799465616
Russian,5882.3167224642375,5807.196929573565,7033.804849229588,6667.655431684062,5699.736415675919,5983.400101192952,7247.6988412050005,6238.082148664122,6850.182817359034,7129.228562599242,7256.177329506831,7763.473117716784,6798.661322095602,5989.417414173592,7252.119145071097,7817.867938934008,7155.235393426278,7793.311969133392,6265.339155175328,6541.833517025442,7596.901843769469,7011.3891229596875,7108.291640361763,5489.7681406407,6774.543683249268,6648.799236722377,6730.912181064065,6262.861390951645,6524.30157980689,7440.056153313176,7112.72193035092,7240.726774050922,0,5429.33969662048,5928.097558069018,6227.199503097544,6814.142489509617,7655.803950334303,6791.290484550906,5163.249388029925,6810.770715563959,7632.178405368169
Serbian,5648.3126392817385,5762.876387606612,6784.1374109789285,6362.566911224215,4058.1879361098177,5362.447599865022,6938.820982595258,4474.251591645715,6507.111275166682,6917.669932087003,6839.057860810096,7402.870346363109,6578.186544329139,5852.766524151939,6866.002937556139,7524.001494198187,6740.589640439214,7383.21719435195,6058.5146109100315,6283.439926024683,7415.294856719014,7156.630827086758,6914.553251353754,4314.514152218017,6443.984913372085,6285.492626759205,6305.346657744697,6124.135991126088,6310.006571494359,7166.033740373254,6660.589895581236,7122.684184759539,5429.33969662048,0,5872.298065413827,5602.895872683738,5947.325845169386,7277.289496311219,6580.322922875282,5373.100790502295,6432.241713541315,7324.666429538888
Sinhala,4724.568443024503,4369.697261810373,6126.3233218531805,5507.335534641654,6398.85209043713,6127.296439180845,6480.302823239221,6693.875016393517,7375.629788969108,6178.987227066138,6385.468633714112,7153.708061266807,5850.867239523652,4816.504157623383,6379.707486001972,7123.135565806348,6084.624042266377,6812.751429696048,5197.367104340747,5223.904781153493,7056.509386381347,6904.267335457192,6485.447291741404,5700.454599279755,5640.600110290611,5311.460861508457,5821.736184667549,5068.670958017822,5534.821355761723,8205.720372830261,6222.39355900582,6566.0705056306215,5928.097558069018,5872.298065413827,0,6718.00660966754,7245.183425069897,6832.029010924587,5954.469392732757,6058.442549669414,5819.039454964018,6785.496215262212
Slovak,6358.7599184865885,6472.545939011022,7478.685847258198,6969.661923452257,6166.917588788069,6149.8540330745245,7442.678162091647,5967.381685767116,5599.1469796743895,7301.042668362181,7285.974603440276,8003.450943170798,7168.016534374034,6539.539644649768,7266.323473799533,7984.074882198398,7297.110223054418,7881.633187342229,6792.470773149411,6762.691268815724,7927.216608670475,7783.36920087123,7617.307809626429,5868.080472229073,7045.171079405273,6915.479307640142,6947.099098534855,6711.023548527227,6997.7336029804665,6741.81225718122,7108.703511522408,7736.383758132585,6227.199503097544,5602.895872683738,6718.00660966754,0,6593.882029457545,7702.596071351972,7148.717702948264,5906.440196693322,6976.917793724614,7874.761940140518
Slovenian,6903.930912756569,7211.657621421645,8108.256405631633,7604.821906583407,6567.333063561456,6580.674496488701,7882.262015590543,6290.693692151361,7197.976207772211,7601.386530309858,7795.922192080616,8373.443937142578,7584.176555636473,7006.407176073516,7826.124211595464,8484.772044451278,7911.660508110166,8400.460289811974,7372.111426900356,7344.980386020486,8428.656792381977,8100.967339367733,8275.308228751614,6388.309496974046,7585.033432606478,7518.905878129676,7265.803389402671,7170.441459938372,7565.4208490525525,8106.849862199501,7773.574344465959,8119.6045764057135,6814.142489509617,5947.325845169386,7245.183425069897,6593.882029457545,0,8232.237684768383,7631.6020612747125,6750.839362101542,7486.479060887647,8395.429862064742
Spanish,6705.264185052008,6777.825802310825,7870.768549401285,6779.158637599828,7997.842238065971,7123.004304017817,5713.272181431793,7725.279239496249,8212.242298666357,7531.892137569942,7299.341161983088,7895.342399091758,6856.648111366232,5141.596128192777,7435.503583185583,7601.252465638196,7118.352762224758,7606.8306306890245,6988.674702554513,6739.081402046103,6862.340282184922,8652.453140013888,7979.027779443965,7104.599797384273,6828.123805845166,7148.670370559553,7022.411449336017,7055.753117786863,7313.529445246516,8894.193680230503,5581.697175848649,7403.3314682673945,7655.803950334303,7277.289496311219,6832.029010924587,7702.596071351972,8232.237684768383,0,7289.741665250182,7402.490915358717,7049.519318731691,7656.333235517924
Swedish,5080.42887947955,5918.088018158273,6942.70328783927,6330.29600582931,7183.659209162484,6707.020483352993,6727.56677599181,7242.367593467307,7851.420132285854,5846.391077153336,6264.664122802027,6955.183125342959,6528.636813745826,5813.661309048954,6232.385966999799,7595.942119752057,6725.671396146837,7235.206166760818,5243.760199096113,6047.690332096076,7422.257285298962,7603.784607287562,7136.079602851045,6529.650462856976,6433.373460047762,6371.262615805824,4861.791281463442,6174.922445135098,6494.330137225278,8447.040524136077,6688.209988732804,7159.456408514683,6791.290484550906,6580.322922875282,5954.469392732757,7148.717702948264,7631.6020612747125,7289.741665250182,0,6824.35788646428,6440.124860975164,7303.408671193989
Ukrainian,5942.367970845174,5853.515427439542,6984.903805226099,6629.545592486394,5747.821925646949,6039.452554140303,7184.321573235543,6077.166507183337,6580.2445937424045,6983.088607846751,7140.697419901194,7803.597474307334,6815.248922789846,6022.677144202267,7189.396242818441,7667.26660142318,6986.4449246628565,7640.433320456848,6311.7060835809125,6526.968242404117,7666.738848142757,7358.893682132308,7153.928551150922,5468.621061513348,6745.046011879326,6501.251102975849,6623.969670012788,6278.536837759588,6556.377086233398,7175.395479526751,6877.3371384465045,7307.533167241256,5163.249388029925,5373.100790502295,6058.442549669414,5906.440196693322,6750.839362101542,7402.490915358717,6824.35788646428,0,6666.342398083207,7525.499219026085
Urdu,5707.55067120165,5709.3528998498305,6849.216282711521,5396.187897096925,7145.934907869361,6483.774118342716,6691.849134995776,7031.950580712743,7586.353885997796,6890.075312485084,6812.172631625662,7144.532715718879,6478.267708844398,5861.985034143128,6732.23297012521,7355.139344580419,5595.886298224579,5258.319888523382,6136.93907000318,6014.5751119502165,7374.685348876522,7605.353762930982,7127.794728761947,6298.78085146449,5568.623324080488,5486.937917658082,6398.793211401932,5655.331830008941,6079.678073249462,8306.45996820773,6503.520539228157,6981.233520709025,6810.770715563959,6432.241713541315,5819.039454964018,6976.917793724614,7486.479060887647,7049.519318731691,6440.124860975164,6666.342398083207,0,7082.365583210389
Welsh,6593.225904751719,6666.57581603197,7506.691467619784,7043.74502191997,8041.842646493935,7177.290379597553,7391.00515279592,7818.586688167104,8283.097716057075,7536.129313942561,7613.1086559583,7706.86793613382,7140.445847045843,6534.250557953696,7485.187686071681,8099.648664732797,7208.191797743527,7935.835941324929,6994.70696774343,6545.8775961135425,7734.662828821557,8558.938777119763,7899.674214828137,7248.941663815016,6928.664131810206,7021.077738632032,7308.4709608757385,6824.087990959305,7193.492320552084,9048.832056912168,7274.7746608059015,7646.522799465616,7632.178405368169,7324.666429538888,6785.496215262212,7874.761940140518,8395.429862064742,7656.333235517924,7303.408671193989,7525.499219026085,7082.365583210389,0
