,Afrikaans,Albanian,Armenian,Bengali,Bosnian,Bulgarian,Catalan,Croatian,Czech,Danish,Dutch,English,French,Galician,German,Greek,Gujarati,Hindi,Icelandic,Irish,Italian,Latvian,Lithuanian,Macedonian,Marathi,Nepali,Norwegian,Pashto,Persian,Polish,Portuguese,Romanian,Russian,Serbian,Sinhala,Slovak,Slovenian,Spanish,Swedish,Ukrainian,Urdu,Welsh
Afrikaans,0,2.2010891112788493,2.078232207332723,2.169267986316667,2.0676571310599625,2.1002832018829123,2.1266281213046017,2.0437145809169044,2.1417468191375177,1.9416507704560921,1.479726530331499,1.9729066843030738,2.1462804879491637,2.0256468366428444,1.9194402323648743,2.1883954513067296,2.198361068093077,2.1966509150214217,1.8500434901379526,2.1931487494053665,2.1426322448874076,2.173221727879027,2.1552429079050133,2.042018288757078,2.1463258058804215,2.1018394206520683,1.8740682883644995,2.083979782850113,2.1052986779233045,2.1948115466408353,2.119090220257705,2.095064563923404,2.082077183199901,2.0099907589638786,2.0905048661585446,2.1225229368043275,2.1417480845814394,2.1363355209940362,1.8663601154684766,2.055802660511839,2.1505452630955855,2.1667234093626684
Albanian,2.2010891112788493,0,2.096103361815281,2.135881787529693,2.1233075329751965,2.1772020489363397,2.252456301773924,2.098389754020979,2.237963278296696,2.322066618564862,2.278794701399107,2.4153974316337727,2.1663100949008203,2.034270510144127,2.304420889091021,2.227725837687332,2.236152459880964,2.1925695140287202,2.1864804726664904,2.299945930975419,2.2023490609875913,2.2365942515741875,2.1589044535325077,2.070323768882904,2.1775882115478304,2.0218343791100484,2.2615586636587532,2.1087881722217032,2.1307191643073513,2.2658737409384977,2.1763264023257896,2.1112624254718315,2.106869370131454,2.069638051376357,1.838911156844791,2.1944696648566744,2.258774560630745,2.1710469500283573,2.1915931085794704,2.056271742587911,2.1075142454403597,2.2603195001251355
Armenian,2.078232207332723,2.096103361815281,0,2.1043285709450403,2.0486374042094764,2.140952993182595,2.156508701231169,2.040712441048932,2.146396881760522,2.24506438932542,2.1479068653720206,2.222278146138334,2.1597920252158027,2.046636721024949,2.148993606455323,2.0733389489059295,2.1793122636221423,2.1733584394029055,2.004215230289378,2.174785656857529,2.1123657648452427,2.0751822847796717,2.010596332933424,2.0413396926916874,2.1479476569273372,2.0603884054957216,2.156586056059594,2.042470952259788,1.9869918532157844,2.1563450467226124,2.133098970286313,2.051203262869727,2.063924579139696,2.0418571411841975,1.9906644773767508,2.138709023043081,2.1893929789535607,2.136380257107611,2.0776897134056007,2.054150173382966,2.084545433829494,2.0870877717279406
Bengali,2.169267986316667,2.135881787529693,2.1043285709450403,0,2.105248208676532,2.0912883189724063,2.104642159724656,2.079889042162037,2.1785630467242973,2.284427765764212,2.180390944001801,2.221329932057667,2.171065265955674,2.0781681408365604,2.230332563699858,2.0788391112236404,1.7704925208937001,1.7402680134397475,2.177744212087382,2.221824619396375,2.09115092622027,2.2226579335329424,2.1080673802887087,2.0614523139458507,1.8173615152957212,1.6932570397312667,2.2425412601519343,2.0801563724871928,2.1191597453038775,2.1439956914881964,2.110988991563562,2.0655994346921287,2.123508620184642,2.0646551483308206,1.9617296604602397,2.172709788365727,2.1977768914854092,2.0366297068864188,2.122411515405986,2.074436391340114,1.7821301174048483,2.1688148362857276
Bosnian,2.0676571310599625,2.1233075329751965,2.0486374042094764,2.105248208676532,0,1.6529713581750993,2.1205614247379714,1.3049047046493656,1.7609572821752708,2.1947329246193834,2.1170559485850533,2.2418798972139133,2.1300802659256846,2.025884269114289,2.182427458694004,2.124736282366395,2.1803812125767603,2.1526751049110917,2.032934249030405,2.248469548239532,2.0180612778280063,1.9829779584600684,1.9459840781618072,1.4131490262772695,2.1466963224517253,2.0761703476539335,2.1106387084343963,2.1161766194467804,2.0741962471518574,1.7515787285089455,2.0950702967128536,2.0007905353518374,1.5903369763836674,1.1244197643073914,2.0545179119737185,1.6619425820030176,1.6978578873937882,2.0456446146777285,2.0662979942635,1.5747154593686,2.0715757364204475,2.148695209109977
Bulgarian,2.1002832018829123,2.1772020489363397,2.140952993182595,2.0912883189724063,1.6529713581750993,0,2.054748547901785,1.4852225118060787,1.7473328341993313,2.171723658291066,2.1170208621242894,2.1633528578249797,2.1124715978500905,2.011332808464771,2.213040293584795,2.078850577858081,2.1700471342107357,2.122642014274818,2.1168171549706645,2.2170708380851027,1.9443350807908912,2.1470829539400422,2.0502597436122802,1.4871997715575522,2.127253464133618,2.0997517544811966,2.1526384900598536,2.1248504058625888,2.1099940363108574,1.8872912756284397,2.0871363546231714,2.0229228070507155,1.7577527904506285,1.5877601026861037,2.077692323360554,1.7577777252502877,1.7812451668470286,1.9826749434627307,2.0888269960690335,1.7208275428247946,2.052899120973579,2.0437437859372767
Catalan,2.1266281213046017,2.252456301773924,2.156508701231169,2.104642159724656,2.1205614247379714,2.054748547901785,0,2.0410879384283853,2.1939690019772096,2.211818667916936,2.1312546194681903,2.1177639287120185,1.983611642209311,1.734468873027244,2.2135169526231184,2.088023844492743,2.1283080606241604,2.115970512265902,2.165958852759325,2.167578248010412,1.7734540280627977,2.2721485563533506,2.1571624517881762,2.0759488094052188,2.0925547406309897,2.1336761485429268,2.1604206793830487,2.1843188507382583,2.180540237242646,2.1751961768074763,1.7809231548771998,1.8810554633887098,2.1617344887152448,2.0838857018569983,2.136367963305763,2.1394343357116004,2.136930090841232,1.6280190096138563,2.083226033091782,2.0991004382046503,2.111332303219554,2.122910281801194
Croatian,2.0437145809169044,2.098389754020979,2.040712441048932,2.079889042162037,1.3049047046493656,1.4852225118060787,2.0410879384283853,0,1.687383600676557,2.119791397473865,2.1023235420301227,2.147330796383401,2.0789139682685875,1.9511621059211284,2.1741510935774864,2.075626240087434,2.133192391546712,2.1135076831053734,2.054788861924936,2.2018373961918654,1.9355608813143697,2.0663045238919326,1.949070543732327,1.4823078009940729,2.0867512988569525,2.0515620384873903,2.111105565747185,2.036666074744531,2.037911076195907,1.8081071385827332,2.0866363348871535,1.9538315763110805,1.670622253460527,1.231772392615617,1.9967167540229351,1.640416622944056,1.580562902091962,2.001418745314054,2.045221234744946,1.611983985567324,2.0364891122915645,2.046455947781454
Czech,2.1417468191375177,2.237963278296696,2.146396881760522,2.1785630467242973,1.7609572821752708,1.7473328341993313,2.1939690019772096,1.687383600676557,0,2.1667508797301966,2.1842204383435244,2.2426056342059444,2.177301899070434,2.097854376044297,2.2518580417288945,2.202767395709634,2.2676530400382733,2.244916311085969,2.144405668489354,2.2738754520394013,2.0998315062643247,2.1087953838903255,2.1076997493880714,1.7864601563972329,2.2311741221301546,2.1427535608486292,2.1731005406198403,2.171678207516112,2.1514626305228144,1.8015496860446774,2.167329251144794,2.098466389598351,1.7480157774904577,1.7027423610708836,2.124318642138925,1.4452737494577927,1.8798862275615382,2.117748713004524,2.1575985882152584,1.7002939011917078,2.139639356586198,2.1448433621880394
Danish,1.9416507704560921,2.322066618564862,2.24506438932542,2.284427765764212,2.1947329246193834,2.171723658291066,2.211818667916936,2.119791397473865,2.1667508797301966,0,2.0361860299289822,2.0592199713800166,2.194594107581482,2.131567637974403,2.0123804357570094,2.264667928043801,2.318160802394536,2.29892850767658,1.8842466330441963,2.256999835839548,2.1523959513134394,2.3083121894490075,2.2481223534743395,2.180111786840568,2.2575847034595684,2.170937405550527,1.7433491845395968,2.2415753825648848,2.21998503116909,2.280298452180056,2.2568165386715338,2.154967004165488,2.188052841830844,2.1679145587475537,2.1908172243967736,2.189205989339006,2.2025104529061834,2.228171298593575,1.801089617809784,2.152037667016569,2.235432172663392,2.1690515061334237
Dutch,1.479726530331499,2.278794701399107,2.1479068653720206,2.180390944001801,2.1170559485850533,2.1170208621242894,2.1312546194681903,2.1023235420301227,2.1842204383435244,2.0361860299289822,0,1.9645889902474687,2.197524835679831,2.146703490281959,1.778986869570628,2.1634882887689644,2.172923757654446,2.1775944904181097,1.9697253757202389,2.23158997050317,2.125417748800176,2.232057766433582,2.182899712133476,2.0995362536215945,2.157104209513101,2.162330553727646,1.9585932153480636,2.2049424968238287,2.160829800867109,2.1967813472166116,2.126189673410599,2.132374180897782,2.16282481001879,2.10187970753178,2.18733825145687,2.187479888587527,2.1824537868097034,2.108703153185818,1.9449288223441301,2.134188560855347,2.1575298733486483,2.1676183476447948
English,1.9729066843030738,2.4153974316337727,2.222278146138334,2.221329932057667,2.2418798972139133,2.1633528578249797,2.1177639287120185,2.147330796383401,2.2426056342059444,2.0592199713800166,1.9645889902474687,0,2.253269759336486,2.23777684632511,2.0548203315702436,2.2512110444237496,2.22299558389398,2.271043670357742,2.1104410885931095,2.2244681868999647,2.130170322791961,2.313187819472771,2.236933391658317,2.2125177340956905,2.223883359432401,2.1987310008690013,2.0625935482900832,2.3034669704770567,2.2343719588571247,2.261449366495697,2.207562091930029,2.1770583470427036,2.264731294526308,2.1931686226571943,2.325913910041675,2.2330689496769267,2.2335836598197187,2.174425634494962,2.0071856168714475,2.213412467851007,2.2129568476093904,2.110011690488171
French,2.1462804879491637,2.1663100949008203,2.1597920252158027,2.171065265955674,2.1300802659256846,2.1124715978500905,1.983611642209311,2.0789139682685875,2.177301899070434,2.194594107581482,2.197524835679831,2.253269759336486,0,1.9335765163808576,2.2289898535512704,2.153854390920398,2.2536460375794847,2.2490351815732614,2.1815714767673806,2.221214691475318,1.9158588834726622,2.2341675623018387,2.1775341652755804,2.105325639508814,2.1800322846478344,2.1445525108879946,2.187329509952833,2.1490694467621307,2.1751989827260174,2.2321451058444906,2.0099884050510592,1.9860585989606443,2.149776067881906,2.094799500485674,2.095957525524877,2.182380039905247,2.184819843540748,1.9804895941257625,2.1731426802714706,2.089119335118383,2.1655490499491648,2.1751417190250506
Galician,2.0256468366428444,2.034270510144127,2.046636721024949,2.0781681408365604,2.025884269114289,2.011332808464771,1.734468873027244,1.9511621059211284,2.097854376044297,2.131567637974403,2.146703490281959,2.23777684632511,1.9335765163808576,0,2.2021966729255573,2.087284488077636,2.1467074932488623,2.136369467865009,2.0220665062994025,2.1194624768465786,1.7986335192434508,2.186991720242446,2.1127501577625325,1.9751227062329022,2.0859435541117763,2.023321140359971,2.081449202371342,2.0658331830878764,2.0600166644704827,2.185816624293405,1.5959904999852985,1.8525696760182748,2.0371163549865763,1.967620988811564,1.9128317244170587,2.076565897355401,2.1068458549701634,1.4367030308823332,2.036787743624717,1.983265452591761,2.08751890647703,2.1241591679301957
German,1.9194402323648743,2.304420889091021,2.148993606455323,2.230332563699858,2.182427458694004,2.213040293584795,2.2135169526231184,2.1741510935774864,2.2518580417288945,2.0123804357570094,1.778986869570628,2.0548203315702436,2.2289898535512704,2.2021966729255573,0,2.1793448386979914,2.244064100522171,2.2365577108029244,2.039116649621739,2.245331333073219,2.1315406815718827,2.293161034309983,2.197586492126298,2.194510585936245,2.234171579572011,2.170532660612727,2.0682606104321173,2.2450634892062933,2.1745550040604495,2.2648107595207225,2.233048985659297,2.16592786108975,2.262567350945089,2.1696609513415814,2.235661498975259,2.2532752324242904,2.2586760455438366,2.176614885802247,1.9598149544627874,2.200257820265928,2.2067507537767126,2.196579627959034
Greek,2.1883954513067296,2.227725837687332,2.0733389489059295,2.0788391112236404,2.124736282366395,2.078850577858081,2.088023844492743,2.075626240087434,2.202767395709634,2.264667928043801,2.1634882887689644,2.2512110444237496,2.153854390920398,2.087284488077636,2.1793448386979914,0,2.124181749455884,2.101260483044504,2.132997850013099,2.220120696325983,2.032635228396315,2.141482027348562,2.0640607880365347,2.0849500502382923,2.127428022902972,2.041714031134145,2.2344879346126176,2.132291649776098,2.1437445223703344,2.2253034241290064,2.134081822483407,2.045774329034599,2.1347238263137887,2.0997137056431026,2.100098379257631,2.1830661709086217,2.204415633688527,2.025808331300226,2.1540782564408314,2.0724331436372676,2.095310641537429,2.1118023751444985
Gujarati,2.198361068093077,2.236152459880964,2.1793122636221423,1.7704925208937001,2.1803812125767603,2.1700471342107357,2.1283080606241604,2.133192391546712,2.2676530400382733,2.318160802394536,2.172923757654446,2.22299558389398,2.2536460375794847,2.1467074932488623,2.244064100522171,2.124181749455884,0,1.574736206406179,2.2321296029670274,2.251665809741461,2.166800049867888,2.332957751296118,2.155794369073666,2.133409403827488,1.5205246268736738,1.7834611925766106,2.2822809863687255,2.1025939169856103,2.187508386222905,2.220900283624833,2.206856795893979,2.139845064154496,2.2277204878083103,2.1505034436418207,2.081083070944777,2.2473579412289872,2.2481029702964346,2.0843682075473824,2.152528106885725,2.155771805037689,1.8109012218823595,2.2265670937005733
Hindi,2.1966509150214217,2.1925695140287202,2.1733584394029055,1.7402680134397475,2.1526751049110917,2.122642014274818,2.115970512265902,2.1135076831053734,2.244916311085969,2.29892850767658,2.1775944904181097,2.271043670357742,2.2490351815732614,2.136369467865009,2.2365577108029244,2.101260483044504,1.574736206406179,0,2.204646902351488,2.2178074518753212,2.140218021191527,2.319489835285614,2.1388759859135495,2.0791921499438355,1.6728032433237707,1.7405653136997776,2.2526627285289886,2.0639295763445555,2.13222245238025,2.167963209171468,2.1644427876280594,2.084127645220931,2.2106195724026496,2.121343041138445,2.008448680437436,2.200916300508151,2.239704517078248,2.0519130214368793,2.1277956908879876,2.1281414557341796,1.510376494024008,2.231748722362461
Icelandic,1.8500434901379526,2.1864804726664904,2.004215230289378,2.177744212087382,2.032934249030405,2.1168171549706645,2.165958852759325,2.054788861924936,2.144405668489354,1.8842466330441963,1.9697253757202389,2.1104410885931095,2.1815714767673806,2.0220665062994025,2.039116649621739,2.132997850013099,2.2321296029670274,2.204646902351488,0,2.2120543994453916,2.118191540820764,2.0889340043709566,2.071686242517703,2.0370409479337837,2.2007829583241914,2.1374320024467957,1.811105394697375,2.1316538011083868,2.0619071700879354,2.1799567155564508,2.1422104554359462,2.054346549111138,2.0379753971739722,2.0202142996599393,2.022550210360696,2.153438051298269,2.1968898559172354,2.142878041590154,1.7863924294119575,2.0314582530847374,2.1559846932722437,2.166080155017896
Irish,2.1931487494053665,2.299945930975419,2.174785656857529,2.221824619396375,2.248469548239532,2.2170708380851027,2.167578248010412,2.2018373961918654,2.2738754520394013,2.256999835839548,2.23158997050317,2.2244681868999647,2.221214691475318,2.1194624768465786,2.245331333073219,2.220120696325983,2.251665809741461,2.2178074518753212,2.2120543994453916,0,2.206559549422636,2.378133387813764,2.275776550082444,2.1682886287146044,2.1772218102261527,2.1976888121410463,2.2628728754938843,2.154188586140695,2.220868943737772,2.299426788240735,2.1427330910507134,2.165548853696595,2.24672794096914,2.2037369240369244,2.1587538785134983,2.2505389968226384,2.278339428890574,2.077032659869948,2.188714182569144,2.2039260053862533,2.187799183108873,2.1447639023855385
Italian,2.1426322448874076,2.2023490609875913,2.1123657648452427,2.09115092622027,2.0180612778280063,1.9443350807908912,1.7734540280627977,1.9355608813143697,2.0998315062643247,2.1523959513134394,2.125417748800176,2.130170322791961,1.9158588834726622,1.7986335192434508,2.1315406815718827,2.032635228396315,2.166800049867888,2.140218021191527,2.118191540820764,2.206559549422636,0,2.2054667270379658,2.050862819961946,1.9999821179853579,2.1369982644804666,2.0914447610022147,2.1586060631741977,2.1667400519566646,2.1002584667393753,2.1069384141436727,1.8686281040348967,1.7863840914142326,2.060194215793878,1.9936420188303372,2.1544588863470606,2.087219617432169,2.085830834939531,1.7262619264198766,2.0685886244790397,2.0114291158021613,2.1082577870319694,1.9627982187740782
Latvian,2.173221727879027,2.2365942515741875,2.0751822847796717,2.2226579335329424,1.9829779584600684,2.1470829539400422,2.2721485563533506,2.0663045238919326,2.1087953838903255,2.3083121894490075,2.232057766433582,2.313187819472771,2.2341675623018387,2.186991720242446,2.293161034309983,2.141482027348562,2.332957751296118,2.319489835285614,2.0889340043709566,2.378133387813764,2.2054667270379658,0,1.7965200129507566,2.0556543325020984,2.286970357177235,2.2155410862907754,2.2405659764977144,2.268628021639018,2.2363660587374206,2.0913567091918925,2.1987246237584506,2.1636598541354797,1.9911493078964,2.0093743730831433,2.1873333798230963,2.0887217014997206,2.151508267362951,2.285923600221987,2.193540366751594,2.029515707583033,2.2185242833424463,2.2366795375295014
Lithuanian,2.1552429079050133,2.1589044535325077,2.010596332933424,2.1080673802887087,1.9459840781618072,2.0502597436122802,2.1571624517881762,1.949070543732327,2.1076997493880714,2.2481223534743395,2.182899712133476,2.236933391658317,2.1775341652755804,2.1127501577625325,2.197586492126298,2.0640607880365347,2.155794369073666,2.1388759859135495,2.071686242517703,2.275776550082444,2.050862819961946,1.7965200129507566,0,1.9804885479436432,2.1645901898900357,2.0428398450781047,2.183592274930725,2.1439302204685684,2.1093542916152916,2.05353660060278,2.1914467709471355,2.0552276439246184,1.99164115865462,1.945090380057521,2.049602883467118,2.108645099078642,2.11972986769992,2.1123403666366247,2.078285700771081,1.967997619439853,2.106599056659898,2.1123189893829437
Macedonian,2.042018288757078,2.070323768882904,2.0413396926916874,2.0614523139458507,1.4131490262772695,1.4871997715575522,2.0759488094052188,1.4823078009940729,1.7864601563972329,2.180111786840568,2.0995362536215945,2.2125177340956905,2.105325639508814,1.9751227062329022,2.194510585936245,2.0849500502382923,2.133409403827488,2.0791921499438355,2.0370409479337837,2.1682886287146044,1.9999821179853579,2.0556543325020984,1.9804885479436432,0,2.1034218713634147,2.03572733660482,2.1220730662924194,2.058254184275101,2.074198505887934,1.8328413725349364,2.064331619884615,1.9806961383712625,1.6030940640176732,1.2954325274138994,1.9778849655217838,1.7161383109786221,1.7645746346690725,2.0070624443195415,2.063333461337496,1.565375274757181,2.0271381527952426,2.1394767305570763
Marathi,2.1463258058804215,2.1775882115478304,2.1479476569273372,1.8173615152957212,2.1466963224517253,2.127253464133618,2.0925547406309897,2.0867512988569525,2.2311741221301546,2.2575847034595684,2.157104209513101,2.223883359432401,2.1800322846478344,2.0859435541117763,2.234171579572011,2.127428022902972,1.5205246268736738,1.6728032433237707,2.2007829583241914,2.1772218102261527,2.1369982644804666,2.286970357177235,2.1645901898900357,2.1034218713634147,0,1.838533569257811,2.2252687528075863,2.062943371418555,2.192529864698862,2.2014440206914103,2.138463592435418,2.1013716598683576,2.1510827196413844,2.1040188361476573,2.0244682286700306,2.1676803239311515,2.2022888198262467,2.0244443815354174,2.128074902881683,2.1166504050889587,1.831246701291534,2.184759888598802
Nepali,2.1018394206520683,2.0218343791100484,2.0603884054957216,1.6932570397312667,2.0761703476539335,2.0997517544811966,2.1336761485429268,2.0515620384873903,2.1427535608486292,2.170937405550527,2.162330553727646,2.1987310008690013,2.1445525108879946,2.023321140359971,2.170532660612727,2.041714031134145,1.7834611925766106,1.7405653136997776,2.1374320024467957,2.1976888121410463,2.0914447610022147,2.2155410862907754,2.0428398450781047,2.03572733660482,1.838533569257811,0,2.1974010309760548,1.9496170592227011,2.0584277428255553,2.1605322875526283,2.1344642518813575,2.0401521838927694,2.1131605365324324,2.04956941544872,1.8473681565473876,2.120786829368612,2.1657749056642177,2.0844476398766614,2.0699495490080193,2.0722645222700007,1.7465011162433945,2.100930947286888
Norwegian,1.8740682883644995,2.2615586636587532,2.156586056059594,2.2425412601519343,2.1106387084343963,2.1526384900598536,2.1604206793830487,2.111105565747185,2.1731005406198403,1.7433491845395968,1.9585932153480636,2.0625935482900832,2.187329509952833,2.081449202371342,2.0682606104321173,2.2344879346126176,2.2822809863687255,2.2526627285289886,1.811105394697375,2.2628728754938843,2.1586060631741977,2.2405659764977144,2.183592274930725,2.1220730662924194,2.2252687528075863,2.1974010309760548,0,2.2576837496176454,2.188167134938078,2.2162941444732445,2.159332725182565,2.1313882288539943,2.157274271556477,2.090902176943628,2.1322605294619903,2.1560150230056583,2.1814389086078267,2.1220239712209175,1.5936258353838875,2.1058675900582684,2.175091299831056,2.2491532912365
Pashto,2.083979782850113,2.1087881722217032,2.042470952259788,2.0801563724871928,2.1161766194467804,2.1248504058625888,2.1843188507382583,2.036666074744531,2.171678207516112,2.2415753825648848,2.2049424968238287,2.3034669704770567,2.1490694467621307,2.0658331830878764,2.2450634892062933,2.132291649776098,2.1025939169856103,2.0639295763445555,2.1316538011083868,2.154188586140695,2.1667400519566646,2.268628021639018,2.1439302204685684,2.058254184275101,2.062943371418555,1.9496170592227011,2.2576837496176454,0,1.9135066719034142,2.2342454668800036,2.154685178708679,2.07827288094006,2.108872631520711,2.0597732149816186,1.9226871767977658,2.169767302030659,2.17594169058494,2.134180783522892,2.155732231330399,2.0709261668600853,1.9775098032443885,2.177599123261432
Persian,2.1052986779233045,2.1307191643073513,1.9869918532157844,2.1191597453038775,2.0741962471518574,2.1099940363108574,2.180540237242646,2.037911076195907,2.1514626305228144,2.21998503116909,2.160829800867109,2.2343719588571247,2.1751989827260174,2.0600166644704827,2.1745550040604495,2.1437445223703344,2.187508386222905,2.13222245238025,2.0619071700879354,2.220868943737772,2.1002584667393753,2.2363660587374206,2.1093542916152916,2.074198505887934,2.192529864698862,2.0584277428255553,2.188167134938078,1.9135066719034142,0,2.175701806938934,2.1579951956418375,2.0680367134697946,2.112840081670768,2.060007695912947,2.0299158977441123,2.1490907915034683,2.1949350246588804,2.125515796210639,2.09790676381972,2.042881159338054,1.9949980871854733,2.129404500024766
Polish,2.1948115466408353,2.2658737409384977,2.1563450467226124,2.1439956914881964,1.7515787285089455,1.8872912756284397,2.1751961768074763,1.8081071385827332,1.8015496860446774,2.280298452180056,2.1967813472166116,2.261449366495697,2.2321451058444906,2.185816624293405,2.2648107595207225,2.2253034241290064,2.220900283624833,2.167963209171468,2.1799567155564508,2.299426788240735,2.1069384141436727,2.0913567091918925,2.05353660060278,1.8328413725349364,2.2014440206914103,2.1605322875526283,2.2162941444732445,2.2342454668800036,2.175701806938934,0,2.1320947350914428,2.1198215042483297,1.8052723139231626,1.7669771097966063,2.2131215560701607,1.6627765657400453,1.902874913740297,2.1350041711076098,2.1476753358147547,1.7510384734914242,2.1467311315025874,2.1909971266170722
Portuguese,2.119090220257705,2.1763264023257896,2.133098970286313,2.110988991563562,2.0950702967128536,2.0871363546231714,1.7809231548771998,2.0866363348871535,2.167329251144794,2.2568165386715338,2.126189673410599,2.207562091930029,2.0099884050510592,1.5959904999852985,2.233048985659297,2.134081822483407,2.206856795893979,2.1644427876280594,2.1422104554359462,2.1427330910507134,1.8686281040348967,2.1987246237584506,2.1914467709471355,2.064331619884615,2.138463592435418,2.1344642518813575,2.159332725182565,2.154685178708679,2.1579951956418375,2.1320947350914428,0,1.9467027650284459,2.1119938460554,2.062164200907318,2.106855395572716,2.1292025638714676,2.1845655902335666,1.6062982703303457,2.1336172285671817,2.066828503567928,2.1154544449303434,2.163220199869643
Romanian,2.095064563923404,2.1112624254718315,2.051203262869727,2.0655994346921287,2.0007905353518374,2.0229228070507155,1.8810554633887098,1.9538315763110805,2.098466389598351,2.154967004165488,2.132374180897782,2.1770583470427036,1.9860585989606443,1.8525696760182748,2.16592786108975,2.045774329034599,2.139845064154496,2.084127645220931,2.054346549111138,2.165548853696595,1.7863840914142326,2.1636598541354797,2.0552276439246184,1.9806961383712625,2.1013716598683576,2.0401521838927694,2.1313882288539943,2.07827288094006,2.0680367134697946,2.1198215042483297,1.9467027650284459,0,2.03764743512132,1.9876968632932432,2.0318775499630064,2.0766579604342237,2.114030908620056,1.884468593004533,2.045546558601672,1.9870891111424454,2.076251645806043,2.0894152122327627
Russian,2.082077183199901,2.106869370131454,2.063924579139696,2.123508620184642,1.5903369763836674,1.7577527904506285,2.1617344887152448,1.670622253460527,1.7480157774904577,2.188052841830844,2.16282481001879,2.264731294526308,2.149776067881906,2.0371163549865763,2.262567350945089,2.1347238263137887,2.2277204878083103,2.2106195724026496,2.0379753971739722,2.24672794096914,2.060194215793878,1.9911493078964,1.99164115865462,1.6030940640176732,2.1510827196413844,2.1131605365324324,2.157274271556477,2.108872631520711,2.112840081670768,1.8052723139231626,2.1119938460554,2.03764743512132,0,1.5531920920158295,2.016344972697149,1.6871872149055622,1.8738093382727221,2.097661978475597,2.10326970165117,1.4475980989982922,2.131874399023805,2.1688863775785623
Serbian,2.0099907589638786,2.069638051376357,2.0418571411841975,2.0646551483308206,1.1244197643073914,1.5877601026861037,2.0838857018569983,1.231772392615617,1.7027423610708836,2.1679145587475537,2.10187970753178,2.1931686226571943,2.094799500485674,1.967620988811564,2.1696609513415814,2.0997137056431026,2.1505034436418207,2.121343041138445,2.0202142996599393,2.2037369240369244,1.9936420188303372,2.0093743730831433,1.945090380057521,1.2954325274138994,2.1040188361476573,2.04956941544872,2.090902176943628,2.0597732149816186,2.060007695912947,1.7669771097966063,2.062164200907318,1.9876968632932432,1.5531920920158295,0,2.007781306407042,1.6158167102717118,1.6023971672842072,2.019299445690085,2.0541969500681927,1.52469453699603,2.046725057950604,2.1355492726940324
Sinhala,2.0905048661585446,1.838911156844791,1.9906644773767508,1.9617296604602397,2.0545179119737185,2.077692323360554,2.136367963305763,1.9967167540229351,2.124318642138925,2.1908172243967736,2.18733825145687,2.325913910041675,2.095957525524877,1.9128317244170587,2.235661498975259,2.100098379257631,2.081083070944777,2.008448680437436,2.022550210360696,2.1587538785134983,2.1544588863470606,2.1873333798230963,2.049602883467118,1.9778849655217838,2.0244682286700306,1.8473681565473876,2.1322605294619903,1.9226871767977658,2.0299158977441123,2.2131215560701607,2.106855395572716,2.0318775499630064,2.016344972697149,2.007781306407042,0,2.122661324133786,2.2348859217067174,2.041806295882547,2.0448513062354667,1.9934826724256511,1.9420985732930065,2.1632408027928287
Slovak,2.1225229368043275,2.1944696648566744,2.138709023043081,2.172709788365727,1.6619425820030176,1.7577777252502877,2.1394343357116004,1.640416622944056,1.4452737494577927,2.189205989339006,2.187479888587527,2.2330689496769267,2.182380039905247,2.076565897355401,2.2532752324242904,2.1830661709086217,2.2473579412289872,2.200916300508151,2.153438051298269,2.2505389968226384,2.087219617432169,2.0887217014997206,2.108645099078642,1.7161383109786221,2.1676803239311515,2.120786829368612,2.1560150230056583,2.169767302030659,2.1490907915034683,1.6627765657400453,2.1292025638714676,2.0766579604342237,1.6871872149055622,1.6158167102717118,2.122661324133786,0,1.7813059295168363,2.1021077945935183,2.121434073991198,1.6780705782921648,2.124562183961694,2.1528556316486815
Slovenian,2.1417480845814394,2.258774560630745,2.1893929789535607,2.1977768914854092,1.6978578873937882,1.7812451668470286,2.136930090841232,1.580562902091962,1.8798862275615382,2.2025104529061834,2.1824537868097034,2.2335836598197187,2.184819843540748,2.1068458549701634,2.2586760455438366,2.204415633688527,2.2481029702964346,2.239704517078248,2.1968898559172354,2.278339428890574,2.085830834939531,2.151508267362951,2.11972986769992,1.7645746346690725,2.2022888198262467,2.1657749056642177,2.1814389086078267,2.17594169058494,2.1949350246588804,1.902874913740297,2.1845655902335666,2.114030908620056,1.8738093382727221,1.6023971672842072,2.2348859217067174,1.7813059295168363,0,2.1210147691893115,2.13959919814833,1.825679486340204,2.1764737554054476,2.1718920163158453
Spanish,2.1363355209940362,2.1710469500283573,2.136380257107611,2.0366297068864188,2.0456446146777285,1.9826749434627307,1.6280190096138563,2.001418745314054,2.117748713004524,2.228171298593575,2.108703153185818,2.174425634494962,1.9804895941257625,1.4367030308823332,2.176614885802247,2.025808331300226,2.0843682075473824,2.0519130214368793,2.142878041590154,2.077032659869948,1.7262619264198766,2.285923600221987,2.1123403666366247,2.0070624443195415,2.0244443815354174,2.0844476398766614,2.1220239712209175,2.134180783522892,2.125515796210639,2.1350041711076098,1.6062982703303457,1.884468593004533,2.097661978475597,2.019299445690085,2.041806295882547,2.1021077945935183,2.1210147691893115,0,2.0933832687848466,2.020568954284376,2.041041137263868,2.111148559234397
Swedish,1.8663601154684766,2.1915931085794704,2.0776897134056007,2.122411515405986,2.0662979942635,2.0888269960690335,2.083226033091782,2.045221234744946,2.1575985882152584,1.801089617809784,1.9449288223441301,2.0071856168714475,2.1731426802714706,2.036787743624717,1.9598149544627874,2.1540782564408314,2.152528106885725,2.1277956908879876,1.7863924294119575,2.188714182569144,2.0685886244790397,2.193540366751594,2.078285700771081,2.063333461337496,2.128074902881683,2.0699495490080193,1.5936258353838875,2.155732231330399,2.09790676381972,2.1476753358147547,2.1336172285671817,2.045546558601672,2.10326970165117,2.0541969500681927,2.0448513062354667,2.121434073991198,2.13959919814833,2.0933832687848466,0,2.0653657894393254,2.0967388806114604,2.1196970983236074
Ukrainian,2.055802660511839,2.056271742587911,2.054150173382966,2.074436391340114,1.5747154593686,1.7208275428247946,2.0991004382046503,1.611983985567324,1.7002939011917078,2.152037667016569,2.134188560855347,2.213412467851007,2.089119335118383,1.983265452591761,2.200257820265928,2.0724331436372676,2.155771805037689,2.1281414557341796,2.0314582530847374,2.2039260053862533,2.0114291158021613,2.029515707583033,1.967997619439853,1.565375274757181,2.1166504050889587,2.0722645222700007,2.1058675900582684,2.0709261668600853,2.042881159338054,1.7510384734914242,2.066828503567928,1.9870891111424454,1.4475980989982922,1.52469453699603,1.9934826724256511,1.6780705782921648,1.825679486340204,2.020568954284376,2.0653657894393254,0,2.0590644983339184,2.1042966234834757
Urdu,2.1505452630955855,2.1075142454403597,2.084545433829494,1.7821301174048483,2.0715757364204475,2.052899120973579,2.111332303219554,2.0364891122915645,2.139639356586198,2.235432172663392,2.1575298733486483,2.2129568476093904,2.1655490499491648,2.08751890647703,2.2067507537767126,2.095310641537429,1.8109012218823595,1.510376494024008,2.1559846932722437,2.187799183108873,2.1082577870319694,2.2185242833424463,2.106599056659898,2.0271381527952426,1.831246701291534,1.7465011162433945,2.175091299831056,1.9775098032443885,1.9949980871854733,2.1467311315025874,2.1154544449303434,2.076251645806043,2.131874399023805,2.046725057950604,1.9420985732930065,2.124562183961694,2.1764737554054476,2.041041137263868,2.0967388806114604,2.0590644983339184,0,2.1269909354889527
Welsh,2.1667234093626684,2.2603195001251355,2.0870877717279406,2.1688148362857276,2.148695209109977,2.0437437859372767,2.122910281801194,2.046455947781454,2.1448433621880394,2.1690515061334237,2.1676183476447948,2.110011690488171,2.1751417190250506,2.1241591679301957,2.196579627959034,2.1118023751444985,2.2265670937005733,2.231748722362461,2.166080155017896,2.1447639023855385,1.9627982187740782,2.2366795375295014,2.1123189893829437,2.1394767305570763,2.184759888598802,2.100930947286888,2.2491532912365,2.177599123261432,2.129404500024766,2.1909971266170722,2.163220199869643,2.0894152122327627,2.1688863775785623,2.1355492726940324,2.1632408027928287,2.1528556316486815,2.1718920163158453,2.111148559234397,2.1196970983236074,2.1042966234834757,2.1269909354889527,0
