,Afrikaans,Albanian,Armenian,Bengali,Bosnian,Bulgarian,Catalan,Croatian,Czech,Danish,Dutch,English,French,Galician,German,Greek,Gujarati,Hindi,Icelandic,Irish,Italian,Latvian,Lithuanian,Macedonian,Marathi,Nepali,Norwegian,Pashto,Persian,Polish,Portuguese,Romanian,Russian,Serbian,Sinhala,Slovak,Slovenian,Spanish,Swedish,Ukrainian,Urdu,Welsh
Afrikaans,0,6.313955544962807,5.538110456752953,6.270557826349273,5.772716656122005,6.320430123742949,6.212403130666148,6.3098880981536185,6.186204951334236,6.1254611175111275,5.349383357612105,5.983133807916044,6.279159678836586,6.269607579260739,6.085824563991595,6.435275550979625,6.27669065498823,6.243685871622294,5.845684633894103,6.228005592490125,5.957312315839546,5.856613576196162,5.201266240771208,6.138290670341971,6.362248166061665,6.033718146684344,6.067127100530443,6.2246591313438095,5.88312961929671,5.81995311401194,6.296942821014875,6.196550120084586,6.032510592685782,6.101688024270344,6.086703672363415,6.219747539865222,6.122186027630304,6.362044075077075,6.153628005387204,6.011172031816819,6.312753097329999,5.696900548101418
Albanian,6.313955544962807,0,5.93488102721883,6.455027933162081,6.1616960100209175,6.495422996782997,6.368273418066388,6.459447693684273,6.526498633186891,6.388712068546266,6.423410945334631,6.549630899792086,6.347362598679191,6.354177377271444,6.4756580312183205,6.607218861499479,6.563581837053642,6.520369616197066,6.39550118283664,6.2506865020857445,6.172045166240234,6.300236493080819,5.585952918867409,6.361049564805227,6.491030039078146,6.426811772681191,6.396476370698185,6.415420979480583,6.218010927695272,6.229768531008691,6.435817346163475,6.519822081372184,6.382850684491399,6.341498415713034,6.194333824158409,6.551974441081756,6.346840260833173,6.521331833990998,6.553916820279635,6.361041352802328,6.495119702831996,6.058922940359545
Armenian,5.538110456752953,5.93488102721883,0,5.905224159802807,6.236689406769316,5.986635356466368,5.752606752583656,6.094080521694182,6.057099587209604,5.604156037193604,5.92133976059908,6.039062616818857,5.709965009255745,5.679783971114286,5.9253143950065805,5.98272273939385,6.001736354920787,6.007921644886475,5.777509151136284,5.447156518679549,6.304324413089901,6.155439393786477,5.919721884949454,6.024457564882752,5.836349832100584,6.303969705751835,5.547589226613771,5.67181949974098,5.951779191540482,6.26562163452123,6.001773497463966,6.012416540493223,6.0646284557003405,6.009388729465702,6.0896502469627,5.911854587572276,5.912016754698196,6.097382575024654,5.954483155072416,6.1361191311210765,6.006513140511929,6.316642648006606
Bengali,6.270557826349273,6.455027933162081,5.905224159802807,0,6.065718838181395,6.318533187089053,6.20773988859135,6.36731491158914,6.190714951517441,6.249945357001911,6.310331811953299,6.437961587074532,6.229651460036053,6.281863861618643,6.260552428468188,6.3630530292103895,6.032663676078107,5.87652664850642,6.315423841844937,6.164112766620176,6.0615098183015315,6.083055241161185,5.4159275330935825,6.278465592225434,6.076215557813955,5.694109582915572,6.208838112815833,6.251465061515109,6.075491755393208,5.917757388384818,6.319468527420137,6.28901661944181,6.249355988244501,6.272891242369189,6.150424997053543,6.274391632548979,6.205565621760542,6.366467462425552,6.353981101659721,6.185300582327988,5.9020777851719215,5.8969665264276685
Bosnian,5.772716656122005,6.1616960100209175,6.236689406769316,6.065718838181395,0,5.694262124572075,5.906813119342539,5.445457454799595,5.821428470925468,5.7677747498516165,6.1102527199736905,6.2009582264490355,5.823757921146557,5.883674136568007,6.0733713734658155,6.205995211946104,6.152119509288233,6.193445528946152,6.053032363172434,5.70950925400958,6.307552451580191,6.0647887859120635,5.7733524524595214,5.315870311650927,6.007458278916213,6.437144701977029,5.727013926391505,5.943842952125255,6.219420102996287,5.934703261822126,6.1073233928062445,6.166608068604021,5.546540008405861,4.754012826894875,6.3241072346847185,5.57990213064796,5.640304962374894,6.190713408027119,6.118971986056283,5.594284011515953,6.180167628350739,6.328932998569908
Bulgarian,6.320430123742949,6.495422996782997,5.986635356466368,6.318533187089053,5.694262124572075,0,6.163951732123848,5.737859551051416,5.977102200670708,6.277991248339572,6.3692870812536055,6.2911870376473145,6.181607556040682,6.336615766414521,6.317628396918903,6.3448908480911195,6.436772520792263,6.381167717596208,6.36213882432793,6.231283285830074,5.83980151877131,6.000615462398514,5.309717551283933,5.823982178987233,6.43152456357054,6.307073914381055,6.23086390588614,6.37061529689844,6.176675495041208,5.731122361059905,6.320980377625497,6.30124083670024,6.0241479990609905,5.926851312275178,6.311965034189755,6.080210519435336,5.982359092540443,6.278031897780338,6.331641930320109,5.9933744494385,6.389138683898491,5.859640966792958
Catalan,6.212403130666148,6.368273418066388,5.752606752583656,6.20773988859135,5.906813119342539,6.163951732123848,0,6.159455807681625,6.070777463098931,6.281061176486279,6.22501493645054,6.213851950518415,6.0671053320293495,5.998158313086934,6.206936868343785,6.273325923553836,6.196979885201878,6.161934317406569,6.136017793224047,6.145677139964254,5.658478785745628,5.9149312717290305,5.2648518860363875,6.096351218716381,6.259337525001874,6.1364757169395485,6.190709983753177,6.2673071950344115,5.9828804088316385,5.8048575256167565,5.912984594515545,6.087672796091339,6.077182621035239,6.111349214704105,6.116713472126921,6.1566180656216325,6.150844272278885,5.93471380260016,6.2465627865593065,6.048212844121484,6.2466895049359925,5.841456678066692
Croatian,6.3098880981536185,6.459447693684273,6.094080521694182,6.36731491158914,5.445457454799595,5.737859551051416,6.159455807681625,0,6.017149540896704,6.2316359615542645,6.363327198371975,6.329252175950286,6.165627818284528,6.298345749543755,6.365621201941357,6.384399939635738,6.428150365713624,6.523026203691077,6.413966171100632,6.177861932033732,6.024120190758143,6.128570566405427,5.40169932753092,5.874264536242376,6.314205126282633,6.420427262581032,6.212396181051672,6.3480859711374515,6.295860387869096,5.80328945631374,6.391172818346109,6.287352879689614,6.037789761117798,5.594280315018171,6.385361837690563,5.954685945768726,5.769512639927795,6.292749257287434,6.390604677735926,5.936756495305244,6.47801578523743,6.06449346274196
Czech,6.186204951334236,6.526498633186891,6.057099587209604,6.190714951517441,5.821428470925468,5.977102200670708,6.070777463098931,6.017149540896704,0,6.0774450555973925,6.296642712492555,6.207981446010654,6.113574626474779,6.228105181455158,6.408063844560998,6.392613307131401,6.327304179603332,6.3873969753447835,6.335043945290629,6.073558974269562,6.140504140622103,6.070136597949292,5.561862123515024,6.040083699169344,6.268837682204949,6.288653657315745,6.061912937697005,6.280471938546113,6.249078118080937,5.785302109825967,6.314639731846004,6.261700015446276,5.908739712788555,5.924000920234868,6.278740476184198,5.706032000603109,5.850287949327823,6.281296257941319,6.2495905443241435,5.90841789823003,6.320276265415128,6.034584990626106
Danish,6.1254611175111275,6.388712068546266,5.604156037193604,6.249945357001911,5.7677747498516165,6.277991248339572,6.281061176486279,6.2316359615542645,6.0774450555973925,0,6.060259380705088,5.972851169730399,6.2635311259633815,6.322788456821984,6.000731942790026,6.328872275069827,6.190522600143886,6.141109955715459,5.9396657414565235,6.2138394077601,5.81443418723619,5.861320719265701,5.1630833823446425,6.131104041629754,6.279794587687597,5.914411835848517,6.048268273186039,6.324270784923934,5.8764130768363385,5.7099966398549755,6.228216740772118,6.20809009556148,6.044238217635584,6.102502168741346,6.112225737930885,6.199389989901548,6.155497504081283,6.2448890069108876,5.99296569111078,6.020757521259128,6.194061385487231,5.571691272446712
Dutch,5.349383357612105,6.423410945334631,5.92133976059908,6.310331811953299,6.1102527199736905,6.3692870812536055,6.22501493645054,6.363327198371975,6.296642712492555,6.060259380705088,0,6.109503691219896,6.24061849313089,6.371064810190585,5.9641330643404915,6.403788759548511,6.346079647659592,6.3102060576691485,6.171486219102208,6.189912917343069,6.092642511737729,6.072582613558166,5.413962202485143,6.286867358723035,6.3314644848906445,6.331374057888267,6.049767990244771,6.370389538011329,6.172243150334049,6.046071259993245,6.372812285635888,6.300221785491909,6.25403793185824,6.276886979431793,6.338142500195791,6.314665661794373,6.149027535330827,6.3913318589014425,6.153476791771256,6.246225633779812,6.370235792810169,5.992371738545387
English,5.983133807916044,6.549630899792086,6.039062616818857,6.437961587074532,6.2009582264490355,6.2911870376473145,6.213851950518415,6.329252175950286,6.207981446010654,5.972851169730399,6.109503691219896,0,6.2133608994006,6.27608194940189,6.075399846615851,6.505772200366876,6.394327832934495,6.39800512647538,6.253034151999291,6.017865613347202,6.03514678233839,6.238993832921689,5.521975761919883,6.355637539876536,6.319008202928356,6.386421567354192,6.052827333650609,6.340208863855074,6.210395975619583,6.086270738318899,6.264755206090535,6.3138837713754565,6.283716638636841,6.31293338745682,6.399728186504306,6.250942235000716,6.3128543604440805,6.450364649947442,6.336875091145325,6.299764177939222,6.514910564191089,6.000754344785905
French,6.279159678836586,6.347362598679191,5.709965009255745,6.229651460036053,5.823757921146557,6.181607556040682,6.0671053320293495,6.165627818284528,6.113574626474779,6.2635311259633815,6.24061849313089,6.2133608994006,0,6.266737386099588,6.236642515430599,6.284042934088785,6.258345497762648,6.274727706787181,6.222581833554696,6.229252417656242,5.683407759220269,5.849515602363069,5.178476570524993,6.115399674302304,6.270596907698831,6.0408850053914485,6.257488646650078,6.318766723730523,5.981191743625028,5.751087645952892,6.098838154797056,6.094172561076316,6.056311476329906,6.104526707095159,6.163521450874265,6.206446454713226,6.035863505532497,6.075602731051989,6.258203722955732,5.976618934611366,6.266982300793883,5.7408132682403545
Galician,6.269607579260739,6.354177377271444,5.679783971114286,6.281863861618643,5.883674136568007,6.336615766414521,5.998158313086934,6.298345749543755,6.228105181455158,6.322788456821984,6.371064810190585,6.27608194940189,6.266737386099588,0,6.354469970395012,6.466427884628318,6.342049576421994,6.287254309072646,6.125703023381616,6.1960773519579515,5.628417448383593,6.061727680950274,5.289856960173884,6.169183661429374,6.369084896685077,6.06472931919993,6.310250239678331,6.324197928785358,5.966277216621855,5.942463534067549,5.855868703877692,6.2192199886100585,6.156791794014398,6.141335319955338,6.064569567975513,6.3427710013000285,6.15302360647038,5.511280711979196,6.292689337980553,6.130981357848248,6.349809317055794,5.760797536692039
German,6.085824563991595,6.4756580312183205,5.9253143950065805,6.260552428468188,6.0733713734658155,6.317628396918903,6.206936868343785,6.365621201941357,6.408063844560998,6.000731942790026,5.9641330643404915,6.075399846615851,6.236642515430599,6.354469970395012,0,6.3712343181287485,6.387938502451081,6.421653588758392,6.202732510178706,6.16593841584175,6.026329847600216,6.098298635226842,5.412313807898084,6.331148870591804,6.367029440915129,6.310839061628779,6.097353866295073,6.361677770535424,6.16714247864938,6.0961960490638045,6.454139575790833,6.28814042838548,6.284119635289391,6.2713883983394085,6.396885564953511,6.368213440203525,6.116249858134611,6.317925644045777,6.122498489123366,6.205350162162918,6.37400187297236,5.926246300695423
Greek,6.435275550979625,6.607218861499479,5.98272273939385,6.3630530292103895,6.205995211946104,6.3448908480911195,6.273325923553836,6.384399939635738,6.392613307131401,6.328872275069827,6.403788759548511,6.505772200366876,6.284042934088785,6.466427884628318,6.3712343181287485,0,6.456885046379678,6.3148381143197385,6.421778049338929,6.26703414466617,6.0673909349015,6.20962438323316,5.467539901892228,6.378659332636148,6.415150826602009,6.323851331262955,6.341280606485918,6.3672565085972925,6.186522989751224,6.078864524754259,6.410253780116294,6.386648757699914,6.369268402158636,6.37279513248206,6.256432929748777,6.479316141757211,6.316453883086164,6.414615986148413,6.424395978963495,6.324615861135599,6.3483319457849445,5.9611192439101535
Gujarati,6.27669065498823,6.563581837053642,6.001736354920787,6.032663676078107,6.152119509288233,6.436772520792263,6.196979885201878,6.428150365713624,6.327304179603332,6.190522600143886,6.346079647659592,6.394327832934495,6.258345497762648,6.342049576421994,6.387938502451081,6.456885046379678,0,5.5437685910793215,6.4128443593410465,6.227484743799713,6.1684957537923815,6.213726705573675,5.5210405511197616,6.356145910913818,5.442618070975943,5.988818925334064,6.215922160725651,6.277029107597578,6.209540080300719,6.079998508447713,6.440758742573459,6.3216835923196495,6.32176923456632,6.331481164649355,6.302639214717774,6.3590126712109445,6.192056336761466,6.425438173521307,6.4084566621125125,6.294396043778825,6.114103442868979,6.031924358607572
Hindi,6.243685871622294,6.520369616197066,6.007921644886475,5.87652664850642,6.193445528946152,6.381167717596208,6.161934317406569,6.523026203691077,6.3873969753447835,6.141109955715459,6.3102060576691485,6.39800512647538,6.274727706787181,6.287254309072646,6.421653588758392,6.3148381143197385,5.5437685910793215,0,6.284643231716364,6.1256032726583785,6.205031362729003,6.226636353709079,5.507054857546753,6.2782777226327955,5.647454630754611,5.856998221979117,6.168011878074688,6.216660775535597,6.20118294068839,6.154678542186272,6.47605376923037,6.277638193663465,6.331433826259116,6.422255252515985,6.26052261109619,6.3630082313131835,6.194853759751241,6.337342530392656,6.315384836054687,6.311206042902686,5.65100813417555,6.022562848998097
Icelandic,5.845684633894103,6.39550118283664,5.777509151136284,6.315423841844937,6.053032363172434,6.36213882432793,6.136017793224047,6.413966171100632,6.335043945290629,5.9396657414565235,6.171486219102208,6.253034151999291,6.222581833554696,6.125703023381616,6.202732510178706,6.421778049338929,6.4128443593410465,6.284643231716364,0,6.017479498438588,6.172363616826824,6.0824754438034585,5.422413032883281,6.2476752662964765,6.340750125235842,6.371225944253593,5.900776553020574,6.198709762995837,6.011074995387914,6.1303397414380365,6.342251596505578,6.282286731626392,6.2403069985474895,6.230754006439681,6.150985037086777,6.321165459687073,6.163326559642084,6.425355781473372,6.065236031368016,6.182124824450558,6.3321604064049195,5.986301497823738
Irish,6.228005592490125,6.2506865020857445,5.447156518679549,6.164112766620176,5.70950925400958,6.231283285830074,6.145677139964254,6.177861932033732,6.073558974269562,6.2138394077601,6.189912917343069,6.017865613347202,6.229252417656242,6.1960773519579515,6.16593841584175,6.26703414466617,6.227484743799713,6.1256032726583785,6.017479498438588,0,5.755989734357545,5.777069789626145,5.066773416409173,6.020939744632741,6.256739767801373,5.8318665303577655,6.217506897215359,6.2020933301602525,5.763049609765573,5.668020366491438,6.173131663116243,6.0916157473707395,5.988860763215527,6.039100312169917,5.959276423232199,6.188425726993629,6.015396979250578,6.130495200111922,6.09628513491416,5.907753282470876,6.157804581651549,5.455072543726677
Italian,5.957312315839546,6.172045166240234,6.304324413089901,6.0615098183015315,6.307552451580191,5.83980151877131,5.658478785745628,6.024120190758143,6.140504140622103,5.81443418723619,6.092642511737729,6.03514678233839,5.683407759220269,5.628417448383593,6.026329847600216,6.0673909349015,6.1684957537923815,6.205031362729003,6.172363616826824,5.755989734357545,0,6.199560040369032,5.890130984915485,6.096088381317969,6.028553349371885,6.361288022643838,5.87294992603445,6.040473288376846,6.366892075883447,6.339934386538023,5.8241838077897485,5.8385197902917545,6.2441269715023475,6.145220837281197,6.294747563555127,6.062229438169127,6.012614735032687,5.740786416924933,6.096735735540688,6.202643833017462,6.192966755679195,6.057846071858348
Latvian,5.856613576196162,6.300236493080819,6.155439393786477,6.083055241161185,6.0647887859120635,6.000615462398514,5.9149312717290305,6.128570566405427,6.070136597949292,5.861320719265701,6.072582613558166,6.238993832921689,5.849515602363069,6.061727680950274,6.098298635226842,6.20962438323316,6.213726705573675,6.226636353709079,6.0824754438034585,5.777069789626145,6.199560040369032,0,5.239493197726587,6.081955601787024,6.100788289715984,6.445244312833339,5.7814272593204565,6.098888195066936,6.212680952057412,5.968565833428343,6.067389378178923,6.162649784176306,6.0625646416815195,6.064258986465186,6.361446252946874,5.9513180092515725,5.961997729195055,6.25942642205229,6.149793638779517,6.143738982204174,6.213178166959766,6.224213762192053
Lithuanian,5.201266240771208,5.585952918867409,5.919721884949454,5.4159275330935825,5.7733524524595214,5.309717551283933,5.2648518860363875,5.40169932753092,5.561862123515024,5.1630833823446425,5.413962202485143,5.521975761919883,5.178476570524993,5.289856960173884,5.412313807898084,5.467539901892228,5.5210405511197616,5.507054857546753,5.422413032883281,5.066773416409173,5.890130984915485,5.239493197726587,0,5.473812467603412,5.402769365699151,5.852879785108654,5.083110301969325,5.341947114462388,5.788062168357424,5.822357508289856,5.440625188335618,5.461206233259452,5.6120418772836,5.408983062811905,5.792505782253961,5.337395619447775,5.329128602524623,5.521243679852544,5.423272678626675,5.582420278297761,5.520276863947541,6.038840455584162
Macedonian,6.138290670341971,6.361049564805227,6.024457564882752,6.278465592225434,5.315870311650927,5.823982178987233,6.096351218716381,5.874264536242376,6.040083699169344,6.131104041629754,6.286867358723035,6.355637539876536,6.115399674302304,6.169183661429374,6.331148870591804,6.378659332636148,6.356145910913818,6.2782777226327955,6.2476752662964765,6.020939744632741,6.096088381317969,6.081955601787024,5.473812467603412,0,6.286665865964827,6.373707811230123,6.099019418552022,6.280929931804776,6.174699906627115,5.875963006029763,6.262355046918704,6.3227920624419545,5.676091597775903,5.298768579401693,6.282819674614223,5.938592096473614,5.932712911240477,6.298772897861303,6.287400581933415,5.645554161760239,6.315843865783228,6.0778099947840705
Marathi,6.362248166061665,6.491030039078146,5.836349832100584,6.076215557813955,6.007458278916213,6.43152456357054,6.259337525001874,6.314205126282633,6.268837682204949,6.279794587687597,6.3314644848906445,6.319008202928356,6.270596907698831,6.369084896685077,6.367029440915129,6.415150826602009,5.442618070975943,5.647454630754611,6.340750125235842,6.256739767801373,6.028553349371885,6.100788289715984,5.402769365699151,6.286665865964827,0,5.938678948323821,6.31318277302809,6.309163699470832,6.0881556308249305,5.957128403106367,6.407711519963404,6.268429569202161,6.212749628612478,6.263739510337668,6.1990337190163,6.335505159833947,6.2306657308241356,6.368929016351479,6.444167590387201,6.1774631033049925,6.13044579511434,5.890886346874192
Nepali,6.033718146684344,6.426811772681191,6.303969705751835,5.694109582915572,6.437144701977029,6.307073914381055,6.1364757169395485,6.420427262581032,6.288653657315745,5.914411835848517,6.331374057888267,6.386421567354192,6.0408850053914485,6.06472931919993,6.310839061628779,6.323851331262955,5.988818925334064,5.856998221979117,6.371225944253593,5.8318665303577655,6.361288022643838,6.445244312833339,5.852879785108654,6.373707811230123,5.938678948323821,0,5.982917555436211,6.036241406406439,6.2847603007589745,6.343791759801917,6.391818711455921,6.3309980665858,6.464218914628197,6.3872024272298695,6.284254009584884,6.263021568054794,6.147128334207488,6.352642849062203,6.332610833324193,6.44541798785653,5.847740189619253,6.2605318114171205
Norwegian,6.067127100530443,6.396476370698185,5.547589226613771,6.208838112815833,5.727013926391505,6.23086390588614,6.190709983753177,6.212396181051672,6.061912937697005,6.048268273186039,6.049767990244771,6.052827333650609,6.257488646650078,6.310250239678331,6.097353866295073,6.341280606485918,6.215922160725651,6.168011878074688,5.900776553020574,6.217506897215359,5.87294992603445,5.7814272593204565,5.083110301969325,6.099019418552022,6.31318277302809,5.982917555436211,0,6.31702342522675,5.88038425931731,5.630274839830571,6.216577838835745,6.2020198201199825,5.975179542795481,6.074145091620535,6.09553953313855,6.143174435863038,6.051502745073999,6.201804503801927,5.655912431227048,5.979321590286292,6.210605827001376,5.678536726166367
Pashto,6.2246591313438095,6.415420979480583,5.67181949974098,6.251465061515109,5.943842952125255,6.37061529689844,6.2673071950344115,6.3480859711374515,6.280471938546113,6.324270784923934,6.370389538011329,6.340208863855074,6.318766723730523,6.324197928785358,6.361677770535424,6.3672565085972925,6.277029107597578,6.216660775535597,6.198709762995837,6.2020933301602525,6.040473288376846,6.098888195066936,5.341947114462388,6.280929931804776,6.309163699470832,6.036241406406439,6.31702342522675,0,5.784993286642257,5.970623197295105,6.413059354543006,6.288612608640274,6.189695567774504,6.219414413843675,6.082614478226337,6.381588064750198,6.194790580518549,6.369266933879325,6.3623832371521845,6.177022130618662,6.223314010704374,5.7996301167374895
Persian,5.88312961929671,6.218010927695272,5.951779191540482,6.075491755393208,6.219420102996287,6.176675495041208,5.9828804088316385,6.295860387869096,6.249078118080937,5.8764130768363385,6.172243150334049,6.210395975619583,5.981191743625028,5.966277216621855,6.16714247864938,6.186522989751224,6.209540080300719,6.20118294068839,6.011074995387914,5.763049609765573,6.366892075883447,6.212680952057412,5.788062168357424,6.174699906627115,6.0881556308249305,6.2847603007589745,5.88038425931731,5.784993286642257,0,6.291715085647989,6.205336643299003,6.237165266910973,6.22637533307424,6.191854518144863,6.250393630342542,6.147117916760647,6.091158223460103,6.2524585455564665,6.0831653578577844,6.192519521268511,6.04099613496967,6.160801349520968
Polish,5.81995311401194,6.229768531008691,6.26562163452123,5.917757388384818,5.934703261822126,5.731122361059905,5.8048575256167565,5.80328945631374,5.785302109825967,5.7099966398549755,6.046071259993245,6.086270738318899,5.751087645952892,5.942463534067549,6.0961960490638045,6.078864524754259,6.079998508447713,6.154678542186272,6.1303397414380365,5.668020366491438,6.339934386538023,5.968565833428343,5.822357508289856,5.875963006029763,5.957128403106367,6.343791759801917,5.630274839830571,5.970623197295105,6.291715085647989,0,6.031046185432092,6.07143795591563,5.8622903440295975,5.816866040040706,6.305851724819393,5.466590952469438,5.687192892158578,6.106681144138348,5.960233582745947,5.804723657008379,6.087308504639926,6.279801240842417
Portuguese,6.296942821014875,6.435817346163475,6.001773497463966,6.319468527420137,6.1073233928062445,6.320980377625497,5.912984594515545,6.391172818346109,6.314639731846004,6.228216740772118,6.372812285635888,6.264755206090535,6.098838154797056,5.855868703877692,6.454139575790833,6.410253780116294,6.440758742573459,6.47605376923037,6.342251596505578,6.173131663116243,5.8241838077897485,6.067389378178923,5.440625188335618,6.262355046918704,6.407711519963404,6.391818711455921,6.216577838835745,6.413059354543006,6.205336643299003,6.031046185432092,0,6.24529593930661,6.163774420279986,6.279822415413897,6.333851848244315,6.337936935200817,6.214892783312996,5.8134651675656235,6.319978536944346,6.189661843488117,6.40600719560337,5.982119769232057
Romanian,6.196550120084586,6.519822081372184,6.012416540493223,6.28901661944181,6.166608068604021,6.30124083670024,6.087672796091339,6.287352879689614,6.261700015446276,6.20809009556148,6.300221785491909,6.3138837713754565,6.094172561076316,6.2192199886100585,6.28814042838548,6.386648757699914,6.3216835923196495,6.277638193663465,6.282286731626392,6.0916157473707395,5.8385197902917545,6.162649784176306,5.461206233259452,6.3227920624419545,6.268429569202161,6.3309980665858,6.2020198201199825,6.288612608640274,6.237165266910973,6.07143795591563,6.24529593930661,0,6.299986825803124,6.302216785028934,6.344642092435946,6.2876577040669055,6.210213252808022,6.320502443898283,6.406889971731219,6.343986214107434,6.446814055347143,6.013564412110878
Russian,6.032510592685782,6.382850684491399,6.0646284557003405,6.249355988244501,5.546540008405861,6.0241479990609905,6.077182621035239,6.037789761117798,5.908739712788555,6.044238217635584,6.25403793185824,6.283716638636841,6.056311476329906,6.156791794014398,6.284119635289391,6.369268402158636,6.32176923456632,6.331433826259116,6.2403069985474895,5.988860763215527,6.2441269715023475,6.0625646416815195,5.6120418772836,5.676091597775903,6.212749628612478,6.464218914628197,5.975179542795481,6.189695567774504,6.22637533307424,5.8622903440295975,6.163774420279986,6.299986825803124,0,5.588381893466735,6.301501459181996,5.768265117431619,5.955211559547694,6.32306671884444,6.274662917045073,5.453150679418862,6.330829403832824,6.179485036892873
Serbian,6.101688024270344,6.341498415713034,6.009388729465702,6.272891242369189,4.754012826894875,5.926851312275178,6.111349214704105,5.594280315018171,5.924000920234868,6.102502168741346,6.276886979431793,6.31293338745682,6.104526707095159,6.141335319955338,6.2713883983394085,6.37279513248206,6.331481164649355,6.422255252515985,6.230754006439681,6.039100312169917,6.145220837281197,6.064258986465186,5.408983062811905,5.298768579401693,6.263739510337668,6.3872024272298695,6.074145091620535,6.219414413843675,6.191854518144863,5.816866040040706,6.279822415413897,6.302216785028934,5.588381893466735,0,6.347619842497065,5.818764952338115,5.7803659472208055,6.283573644133732,6.325627171796164,5.574114266289104,6.371587480957137,6.066280379271054
Sinhala,6.086703672363415,6.194333824158409,6.0896502469627,6.150424997053543,6.3241072346847185,6.311965034189755,6.116713472126921,6.385361837690563,6.278740476184198,6.112225737930885,6.338142500195791,6.399728186504306,6.163521450874265,6.064569567975513,6.396885564953511,6.256432929748777,6.302639214717774,6.26052261109619,6.150985037086777,5.959276423232199,6.294747563555127,6.361446252946874,5.792505782253961,6.282819674614223,6.1990337190163,6.284254009584884,6.09553953313855,6.082614478226337,6.250393630342542,6.305851724819393,6.333851848244315,6.344642092435946,6.301501459181996,6.347619842497065,0,6.2798463202940535,6.268235004030621,6.3201317395646734,6.305718682734242,6.3159756507947336,6.244238397234628,6.150303757067192
Slovak,6.219747539865222,6.551974441081756,5.911854587572276,6.274391632548979,5.57990213064796,6.080210519435336,6.1566180656216325,5.954685945768726,5.706032000603109,6.199389989901548,6.314665661794373,6.250942235000716,6.206446454713226,6.3427710013000285,6.368213440203525,6.479316141757211,6.3590126712109445,6.3630082313131835,6.321165459687073,6.188425726993629,6.062229438169127,5.9513180092515725,5.337395619447775,5.938592096473614,6.335505159833947,6.263021568054794,6.143174435863038,6.381588064750198,6.147117916760647,5.466590952469438,6.337936935200817,6.2876577040669055,5.768265117431619,5.818764952338115,6.2798463202940535,0,5.906335374618041,6.3312843018152725,6.305674906417844,5.796382822705045,6.370754611498913,5.965034138277086
Slovenian,6.122186027630304,6.346840260833173,5.912016754698196,6.205565621760542,5.640304962374894,5.982359092540443,6.150844272278885,5.769512639927795,5.850287949327823,6.155497504081283,6.149027535330827,6.3128543604440805,6.035863505532497,6.15302360647038,6.116249858134611,6.316453883086164,6.192056336761466,6.194853759751241,6.163326559642084,6.015396979250578,6.012614735032687,5.961997729195055,5.329128602524623,5.932712911240477,6.2306657308241356,6.147128334207488,6.051502745073999,6.194790580518549,6.091158223460103,5.687192892158578,6.214892783312996,6.210213252808022,5.955211559547694,5.7803659472208055,6.268235004030621,5.906335374618041,0,6.150152909898678,6.305268947672395,6.0199493798400345,6.269197057491869,5.951427320406929
Spanish,6.362044075077075,6.521331833990998,6.097382575024654,6.366467462425552,6.190713408027119,6.278031897780338,5.93471380260016,6.292749257287434,6.281296257941319,6.2448890069108876,6.3913318589014425,6.450364649947442,6.075602731051989,5.511280711979196,6.317925644045777,6.414615986148413,6.425438173521307,6.337342530392656,6.425355781473372,6.130495200111922,5.740786416924933,6.25942642205229,5.521243679852544,6.298772897861303,6.368929016351479,6.352642849062203,6.201804503801927,6.369266933879325,6.2524585455564665,6.106681144138348,5.8134651675656235,6.320502443898283,6.32306671884444,6.283573644133732,6.3201317395646734,6.3312843018152725,6.150152909898678,0,6.41691189745838,6.274111694213406,6.433144932760413,6.063539784092533
Swedish,6.153628005387204,6.553916820279635,5.954483155072416,6.353981101659721,6.118971986056283,6.331641930320109,6.2465627865593065,6.390604677735926,6.2495905443241435,5.99296569111078,6.153476791771256,6.336875091145325,6.258203722955732,6.292689337980553,6.122498489123366,6.424395978963495,6.4084566621125125,6.315384836054687,6.065236031368016,6.09628513491416,6.096735735540688,6.149793638779517,5.423272678626675,6.287400581933415,6.444167590387201,6.332610833324193,5.655912431227048,6.3623832371521845,6.0831653578577844,5.960233582745947,6.319978536944346,6.406889971731219,6.274662917045073,6.325627171796164,6.305718682734242,6.305674906417844,6.305268947672395,6.41691189745838,0,6.275305105005473,6.378993746297501,5.970522381660368
Ukrainian,6.011172031816819,6.361041352802328,6.1361191311210765,6.185300582327988,5.594284011515953,5.9933744494385,6.048212844121484,5.936756495305244,5.90841789823003,6.020757521259128,6.246225633779812,6.299764177939222,5.976618934611366,6.130981357848248,6.205350162162918,6.324615861135599,6.294396043778825,6.311206042902686,6.182124824450558,5.907753282470876,6.202643833017462,6.143738982204174,5.582420278297761,5.645554161760239,6.1774631033049925,6.44541798785653,5.979321590286292,6.177022130618662,6.192519521268511,5.804723657008379,6.189661843488117,6.343986214107434,5.453150679418862,5.574114266289104,6.3159756507947336,5.796382822705045,6.0199493798400345,6.274111694213406,6.275305105005473,0,6.328259793383315,6.130377312368764
Urdu,6.312753097329999,6.495119702831996,6.006513140511929,5.9020777851719215,6.180167628350739,6.389138683898491,6.2466895049359925,6.47801578523743,6.320276265415128,6.194061385487231,6.370235792810169,6.514910564191089,6.266982300793883,6.349809317055794,6.37400187297236,6.3483319457849445,6.114103442868979,5.65100813417555,6.3321604064049195,6.157804581651549,6.192966755679195,6.213178166959766,5.520276863947541,6.315843865783228,6.13044579511434,5.847740189619253,6.210605827001376,6.223314010704374,6.04099613496967,6.087308504639926,6.40600719560337,6.446814055347143,6.330829403832824,6.371587480957137,6.244238397234628,6.370754611498913,6.269197057491869,6.433144932760413,6.378993746297501,6.328259793383315,0,5.999133040678045
Welsh,5.696900548101418,6.058922940359545,6.316642648006606,5.8969665264276685,6.328932998569908,5.859640966792958,5.841456678066692,6.06449346274196,6.034584990626106,5.571691272446712,5.992371738545387,6.000754344785905,5.7408132682403545,5.760797536692039,5.926246300695423,5.9611192439101535,6.031924358607572,6.022562848998097,5.986301497823738,5.455072543726677,6.057846071858348,6.224213762192053,6.038840455584162,6.0778099947840705,5.890886346874192,6.2605318114171205,5.678536726166367,5.7996301167374895,6.160801349520968,6.279801240842417,5.982119769232057,6.013564412110878,6.179485036892873,6.066280379271054,6.150303757067192,5.965034138277086,5.951427320406929,6.063539784092533,5.970522381660368,6.130377312368764,5.999133040678045,0
