,Afrikaans,Albanian,Armenian,Bengali,Bosnian,Bulgarian,Catalan,Croatian,Czech,Danish,Dutch,English,French,Galician,German,Greek,Gujarati,Hindi,Icelandic,Irish,Italian,Latvian,Lithuanian,Macedonian,Marathi,Nepali,Norwegian,Pashto,Persian,Polish,Portuguese,Romanian,Russian,Serbian,Sinhala,Slovak,Slovenian,Spanish,Swedish,Ukrainian,Urdu,Welsh
Afrikaans,0,1.5842575720274081,1.4445218212548787,1.70410649327696,1.552438851416061,1.6289064536675095,1.6926571764834446,1.5877140077630782,1.6555364753610826,1.507472727160873,1.2075851102229358,1.4597601546945642,1.5675775194251356,1.5162111212129392,1.4847186946223656,1.5688727436883665,1.7560721789726532,1.7198935674377533,1.3843150909665904,1.577265659015008,1.5123282804114038,1.6698319939756934,1.7927151101134104,1.5653673050460342,1.6926714354159833,1.463641572205612,1.5390031483990914,1.4771773436319473,1.5404644204365114,1.6461990493143681,1.5365019079846403,1.5855624053847177,1.5542514511300056,1.557816371384364,1.4493493628641863,1.6000621542557898,1.6123081459541557,1.511270588615153,1.4934032794043701,1.547454364676267,1.6048142920109498,1.4773934846659116
Albanian,1.5842575720274081,0,1.4718468431145364,1.6582535001667824,1.6071341540252455,1.6102393298240183,1.6854829059094556,1.5368781403823197,1.660996744153186,1.6774622677061086,1.594367951368307,1.6824736461592993,1.542254793151726,1.490584320124688,1.670857556726888,1.5068053240821215,1.7600252580091293,1.7313744130538298,1.585510594428007,1.609103821329327,1.498611189091016,1.7106841131002413,1.7728609437603011,1.5700417001067424,1.6649459486093194,1.4551342593694416,1.7179230156292293,1.48266542026752,1.5240552247102082,1.6502310477175972,1.5114547147574433,1.561446387262869,1.5758783913642036,1.5763290711729185,1.2957989624799942,1.6055746110416442,1.6458040963879792,1.4653989611666125,1.6245401991979165,1.531200122149685,1.556180245385183,1.5152613475776626
Armenian,1.4445218212548787,1.4718468431145364,0,1.5793327581045347,1.4433638736193195,1.554999631862531,1.6024762324433466,1.4864139332283457,1.6047205581309747,1.595056198780418,1.5180210645384993,1.5645973304087826,1.4916149838862531,1.469783879846768,1.5424348830338472,1.4037820561088123,1.6840245038713033,1.6340804949359287,1.3839422601895925,1.5106920435815936,1.4266716038601561,1.527235831522443,1.6204564718396552,1.492958682890001,1.6074150028657983,1.4305052088756576,1.5653901182542163,1.4012576493078164,1.4195055033401265,1.5587936226351016,1.4807945745614457,1.4716630475509511,1.469251530691148,1.4738383834430657,1.3258388098061036,1.53052270207504,1.5621165768566474,1.4582949774174052,1.5314303990489755,1.4586654584895908,1.5092135335796137,1.4020358669010842
Bengali,1.70410649327696,1.6582535001667824,1.5793327581045347,0,1.595483281615602,1.59824515485153,1.64483363312771,1.5549019852647417,1.665980018880546,1.6626027895000266,1.6316874814657933,1.618217306110358,1.610848859659361,1.596635726632043,1.6751614070530645,1.5165954568689073,1.4747878509957704,1.4366417407861478,1.6505313095362133,1.685698875626047,1.4873892264982271,1.718406612891935,1.7868728263442977,1.5567414185599762,1.463764736598396,1.2494486870114367,1.758433950491154,1.555983677842681,1.6197672105958487,1.60835363837133,1.563175421567977,1.5582588514034517,1.598887847230934,1.570346904352106,1.4642611997585886,1.6000036665150488,1.614000034795907,1.489197569314613,1.6144189857861675,1.5331039968004259,1.3438935701944736,1.5038612111714955
Bosnian,1.552438851416061,1.6071341540252455,1.4433638736193195,1.595483281615602,0,1.3110440222874424,1.6480724198496797,1.0993408318782179,1.3515089574714654,1.5521502432664023,1.550095876457594,1.5867295863373851,1.4918756957651824,1.5692446195482301,1.5676760166443828,1.4798437772225623,1.699754284190022,1.6356703977143328,1.507110393727242,1.6500200132390006,1.391353209592912,1.452976999483045,1.5424347575700255,1.137421487563141,1.6603712933347794,1.36805596467926,1.574583617990159,1.549694521597431,1.5560371302039442,1.2757121899999548,1.4852171487134842,1.460074533760739,1.1754812381088713,0.9031242099274099,1.4744248317535935,1.2337165555552565,1.266625509545867,1.4757259864146712,1.5612436335669593,1.1580177417142452,1.5153336695456836,1.4298457421913235
Bulgarian,1.6289064536675095,1.6102393298240183,1.554999631862531,1.59824515485153,1.3110440222874424,0,1.5666881488927127,1.0815888770558995,1.3163086665519907,1.5026928304596827,1.4948303703449244,1.5095309903557375,1.469678998561889,1.510566144280975,1.5860564136119903,1.4218445257827805,1.68280294282273,1.6241279144980971,1.5516056177966018,1.5968005598605879,1.331107059621697,1.64463832836616,1.6675799113539922,1.1492861527474396,1.6193553357367099,1.4662908146757965,1.6461502797944119,1.528031605183347,1.5626947447841,1.350277317835551,1.429537063191651,1.46415153071496,1.3142846189503765,1.2272221379891566,1.4518242735086992,1.2937630560632525,1.3673486045324466,1.366721721423425,1.5405879555407689,1.2456469257600566,1.4679098350371365,1.3438373823981165
Catalan,1.6926571764834446,1.6854829059094556,1.6024762324433466,1.64483363312771,1.6480724198496797,1.5666881488927127,0,1.5183574651346536,1.6628828982846233,1.6066788743824307,1.5732416269184641,1.569137250135941,1.4443519318814917,1.3404464784957255,1.6646258264965275,1.5019178481386046,1.7141533890241256,1.6928979302891518,1.6302095451008822,1.625609781995189,1.3137522954097438,1.7582213934251854,1.7710614926191284,1.566474573775706,1.6374612671213766,1.5348376978358265,1.658126017126274,1.5993812121928817,1.649992415719234,1.6219617235625912,1.3126595072496359,1.4152566622496174,1.6129897902434729,1.5949553421297198,1.549995484122008,1.5781380109884977,1.616522328960908,1.2082639446615568,1.591385638908752,1.5398900497398664,1.5790209084694917,1.4820560020052014
Croatian,1.5877140077630782,1.5368781403823197,1.4864139332283457,1.5549019852647417,1.0993408318782179,1.0815888770558995,1.5183574651346536,0,1.215401363302305,1.4248284833335352,1.469233282061957,1.4834348791719834,1.3896684495717564,1.4537665659452903,1.5448205967671662,1.360910405276525,1.6415873220308015,1.5925238276555251,1.5139651486776802,1.5470290782967988,1.3052458466754306,1.5994333937125955,1.595457299593099,1.1717413430786445,1.5514555911538408,1.4101605493287233,1.5700260293625785,1.4559083565982829,1.4930060774097895,1.2924469065244653,1.3900864154443306,1.3989884937128352,1.2789030247368482,1.0117194033788022,1.3740534468513907,1.194650141673903,1.185498303092654,1.3194494516362711,1.4836466163295332,1.1583538644615092,1.4309979565996302,1.323665979990938
Czech,1.6555364753610826,1.660996744153186,1.6047205581309747,1.665980018880546,1.3515089574714654,1.3163086665519907,1.6628828982846233,1.215401363302305,0,1.5141469602522415,1.550952136676027,1.5801227359253938,1.4877230085322755,1.5801471480934062,1.6396695637328798,1.5142223292523078,1.7566950346017485,1.711675987599916,1.6006042146229975,1.6585303149798765,1.4455751192659234,1.62724409287869,1.7370472248792992,1.3609616947713103,1.7064081008909973,1.487455058254793,1.656347927902094,1.5598875265006449,1.592147346606909,1.3165633942894603,1.4804973110238582,1.5276918253677854,1.310859769912509,1.2888917359626895,1.535370587502989,1.110263575965388,1.3996068927485221,1.4503782703422075,1.5991572241463812,1.2374537649905943,1.5341151435737332,1.4252626483776674
Danish,1.507472727160873,1.6774622677061086,1.595056198780418,1.6626027895000266,1.5521502432664023,1.5026928304596827,1.6066788743824307,1.4248284833335352,1.5141469602522415,0,1.390548034239417,1.361137670044629,1.4411355239194044,1.5359156575958608,1.414076759165843,1.450188788649698,1.7185830580006318,1.6430279708494704,1.4029852383915138,1.5665345646581135,1.3966478024336504,1.7260949641835033,1.8136660083176428,1.5443332688458022,1.6353694089861552,1.4054539330229188,1.328595732755755,1.5267280420606701,1.6091574432435598,1.5698145766188554,1.456505875296723,1.4715996023795852,1.5438600700164324,1.5433654941565085,1.5244386671062227,1.478053730150047,1.517550323985742,1.4122496874230188,1.3336688016502467,1.4719680734852187,1.5019802288990256,1.3526979639209002
Dutch,1.2075851102229358,1.594367951368307,1.5180210645384993,1.6316874814657933,1.550095876457594,1.4948303703449244,1.5732416269184641,1.469233282061957,1.550952136676027,1.390548034239417,0,1.3625433337827175,1.4908865705447705,1.5280147275168285,1.2964256625381738,1.4398885641175567,1.6581930783044012,1.630758579295423,1.4137025356944681,1.5642034755288865,1.413705166776307,1.642820729222763,1.7387937090852967,1.4797021276128255,1.597475790129542,1.4515721074415078,1.4790297414602427,1.503773217994712,1.530752761596758,1.5748401068997708,1.4320437965344106,1.491640743368734,1.5231892544659493,1.5001171888500633,1.4884487835350495,1.5128024379987766,1.5185960983352473,1.3881714905938334,1.4040581269185084,1.4702073408828582,1.5082097126945098,1.400406174725871
English,1.4597601546945642,1.6824736461592993,1.5645973304087826,1.618217306110358,1.5867295863373851,1.5095309903557375,1.569137250135941,1.4834348791719834,1.5801227359253938,1.361137670044629,1.3625433337827175,0,1.5093862905808877,1.5539791972140342,1.4427913545001683,1.4925473543783496,1.6629378489292728,1.6433268376182582,1.4660571968920184,1.5703634939567965,1.4136102643005877,1.6660729641660552,1.7483034479941004,1.547545383085359,1.6147555946187466,1.4428536983677556,1.4786651246794433,1.570111823937723,1.600748034369571,1.5800174573662087,1.477598371005869,1.4960156200633334,1.5585677387096981,1.5552552058273534,1.5395954091716049,1.526268345858577,1.5731599307749593,1.4421521981070273,1.4179379412508752,1.5106742137415172,1.5160608114766478,1.3653022308154745
French,1.5675775194251356,1.542254793151726,1.4916149838862531,1.610848859659361,1.4918756957651824,1.469678998561889,1.4443519318814917,1.3896684495717564,1.4877230085322755,1.4411355239194044,1.4908865705447705,1.5093862905808877,0,1.3749348698850399,1.5478827353564295,1.3751388571942902,1.686325105621819,1.6200794125681244,1.5308474171189959,1.5127799261955015,1.2647151253826687,1.6230776749389166,1.7362604693571033,1.4785299243473942,1.571323170206881,1.393879271914657,1.5577540780058796,1.4526106220290649,1.5401791620337622,1.5296546847814898,1.31389135463487,1.3798630246636117,1.4810034797527722,1.4672591507037824,1.4092365201907797,1.458794579838925,1.4944720205893203,1.2481673478133446,1.5532505009622521,1.4208839490733423,1.4616467711472538,1.371377594304083
Galician,1.5162111212129392,1.490584320124688,1.469783879846768,1.596635726632043,1.5692446195482301,1.510566144280975,1.3404464784957255,1.4537665659452903,1.5801471480934062,1.5359156575958608,1.5280147275168285,1.5539791972140342,1.3749348698850399,0,1.5979297083902169,1.45804751753561,1.6749218602077924,1.6549052281476762,1.463239423353658,1.4751010032412553,1.283816747610052,1.7171769966473434,1.7768827664787128,1.473903467810832,1.580192614760191,1.4361670726163798,1.6228394537356248,1.4168335548254267,1.472466209527141,1.5992219390402613,1.1394256793610764,1.406826761312838,1.5144147000218375,1.4905661328807631,1.3351722613544772,1.5225599758310033,1.5697400602005644,1.0036114742363644,1.5046740094753084,1.4493699683182755,1.5022154464194752,1.4327585330576356
German,1.4847186946223656,1.670857556726888,1.5424348830338472,1.6751614070530645,1.5676760166443828,1.5860564136119903,1.6646258264965275,1.5448205967671662,1.6396695637328798,1.414076759165843,1.2964256625381738,1.4427913545001683,1.5478827353564295,1.5979297083902169,0,1.476559328043185,1.7305839783165713,1.6673572800914913,1.4712738408584456,1.6177952699562543,1.4427088084505804,1.6646085379032634,1.7539343986859974,1.564898431418036,1.6621958607136362,1.4854589863211753,1.5543924438160144,1.576753294462909,1.5821984054171534,1.625134626367558,1.5560640854934131,1.5264896469802358,1.5932946786113176,1.5567044676858588,1.5491143133962073,1.5880658119364053,1.5953049513599766,1.4811930972092562,1.4575744613366401,1.536549051550593,1.5663047148077502,1.4509945877514532
Greek,1.5688727436883665,1.5068053240821215,1.4037820561088123,1.5165954568689073,1.4798437772225623,1.4218445257827805,1.5019178481386046,1.360910405276525,1.5142223292523078,1.450188788649698,1.4398885641175567,1.4925473543783496,1.3751388571942902,1.45804751753561,1.476559328043185,0,1.611228116384111,1.5146366836721574,1.4618912020993424,1.5039419648481094,1.284988127593599,1.5512577483751073,1.643203219168951,1.448473769638908,1.5269529627571157,1.3312003967135673,1.5631430413269274,1.4181730549841134,1.5009869631828079,1.509727651838809,1.3922229329274993,1.3577292057584966,1.4664466665035614,1.4598389440245896,1.3330571082134797,1.4539008838690586,1.4876438259723306,1.2746468678784055,1.4885267756730498,1.385956521369809,1.4039714108995365,1.3060056608332546
Gujarati,1.7560721789726532,1.7600252580091293,1.6840245038713033,1.4747878509957704,1.699754284190022,1.68280294282273,1.7141533890241256,1.6415873220308015,1.7566950346017485,1.7185830580006318,1.6581930783044012,1.6629378489292728,1.686325105621819,1.6749218602077924,1.7305839783165713,1.611228116384111,0,1.2822562192740248,1.720488521063578,1.760589302670566,1.5715035395294157,1.8268877169161257,1.8402967455002166,1.6433129499626375,1.2173967818377807,1.388269308757603,1.820779473174861,1.6065439319586456,1.6924387794499511,1.698008527823003,1.6670845134522025,1.6316311149571263,1.7033535567676337,1.667505260396774,1.5637914630137968,1.698920785696436,1.7207991141568835,1.5557188993859308,1.6997435723503584,1.64140062703556,1.4109247953965958,1.590827518042074
Hindi,1.7198935674377533,1.7313744130538298,1.6340804949359287,1.4366417407861478,1.6356703977143328,1.6241279144980971,1.6928979302891518,1.5925238276555251,1.711675987599916,1.6430279708494704,1.630758579295423,1.6433268376182582,1.6200794125681244,1.6549052281476762,1.6673572800914913,1.5146366836721574,1.2822562192740248,0,1.6819609270072682,1.6991086978005967,1.5099886781086767,1.7749346611431565,1.809461923129758,1.5975168809718636,1.310656349766873,1.2942948729761163,1.7539010888315487,1.5364373493795964,1.6373200050943921,1.6438515183699598,1.6318437355620274,1.5412003349676682,1.661877428846106,1.631870948136168,1.5086725006604962,1.636063972384354,1.68554086158098,1.5173713559563997,1.6483847178294317,1.5952326043013585,1.1907725862841112,1.5249280510253542
Icelandic,1.3843150909665904,1.585510594428007,1.3839422601895925,1.6505313095362133,1.507110393727242,1.5516056177966018,1.6302095451008822,1.5139651486776802,1.6006042146229975,1.4029852383915138,1.4137025356944681,1.4660571968920184,1.5308474171189959,1.463239423353658,1.4712738408584456,1.4618912020993424,1.720488521063578,1.6819609270072682,0,1.5614206725528188,1.4326253591209046,1.5817755039741777,1.664756667803938,1.4863778858436505,1.6558107948645637,1.4756029086446347,1.4430580244293547,1.4689569519255554,1.4773122849168971,1.5924293746483413,1.4983833159712143,1.5060026942151399,1.472163390757865,1.4808051108340272,1.3985876393342684,1.551926476962504,1.5902014022405297,1.456858719742227,1.3685039512385182,1.4409151358209935,1.542875508175635,1.412436990164684
Irish,1.577265659015008,1.609103821329327,1.5106920435815936,1.685698875626047,1.6500200132390006,1.5968005598605879,1.625609781995189,1.5470290782967988,1.6585303149798765,1.5665345646581135,1.5642034755288865,1.5703634939567965,1.5127799261955015,1.4751010032412553,1.6177952699562543,1.5039419648481094,1.760589302670566,1.6991086978005967,1.5614206725528188,0,1.5125702264929506,1.7732137102375862,1.8492936322976368,1.548583095695826,1.6407018157736732,1.490487183329202,1.7054666639914908,1.4400033412957876,1.573636774566675,1.6640895409834908,1.4623407099198211,1.5544059847058393,1.5949326512588327,1.6043670369117036,1.4114995777384194,1.5826783403755194,1.606549611387342,1.3738887172554002,1.5787908994491002,1.5346560418192874,1.5423211869141262,1.4225249757485312
Italian,1.5123282804114038,1.498611189091016,1.4266716038601561,1.4873892264982271,1.391353209592912,1.331107059621697,1.3137522954097438,1.3052458466754306,1.4455751192659234,1.3966478024336504,1.413705166776307,1.4136102643005877,1.2647151253826687,1.283816747610052,1.4427088084505804,1.284988127593599,1.5715035395294157,1.5099886781086767,1.4326253591209046,1.5125702264929506,0,1.558113306630453,1.6026102342888984,1.3761666101718215,1.502470202500964,1.2987256609958013,1.5098356713333674,1.4248552538645658,1.4668924342466225,1.4263719919438353,1.2572037839481147,1.1795973823312844,1.3944243356783408,1.3798355957344042,1.3806504925018446,1.3934693279568087,1.4313252871777313,1.1572423006546815,1.4391688953322808,1.344089842282014,1.4163784534744355,1.2188716899033218
Latvian,1.6698319939756934,1.7106841131002413,1.527235831522443,1.718406612891935,1.452976999483045,1.64463832836616,1.7582213934251854,1.5994333937125955,1.62724409287869,1.7260949641835033,1.642820729222763,1.6660729641660552,1.6230776749389166,1.7171769966473434,1.6646085379032634,1.5512577483751073,1.8268877169161257,1.7749346611431565,1.5817755039741777,1.7732137102375862,1.558113306630453,0,1.4027626683527998,1.5720014298783707,1.7743693156347142,1.5659726729063548,1.6939161308263069,1.6817745837035631,1.6958450298787273,1.501627285251051,1.626313403999656,1.6115049728653894,1.4680420409289876,1.5076653272156595,1.5917669345275796,1.5480174376212157,1.613521391756459,1.6598092527269248,1.6761556707703287,1.5148688473103333,1.633682946506253,1.5257932693302143
Lithuanian,1.7927151101134104,1.7728609437603011,1.6204564718396552,1.7868728263442977,1.5424347575700255,1.6675799113539922,1.7710614926191284,1.595457299593099,1.7370472248792992,1.8136660083176428,1.7387937090852967,1.7483034479941004,1.7362604693571033,1.7768827664787128,1.7539343986859974,1.643203219168951,1.8402967455002166,1.809461923129758,1.664756667803938,1.8492936322976368,1.6026102342888984,1.4027626683527998,0,1.6240475540173862,1.8273109362911228,1.6567139816549679,1.7682709700626453,1.7452351243399724,1.7000242085332182,1.5892187647926597,1.7531188553346269,1.6693285918212455,1.5825941991947476,1.5449633950051407,1.6251472490840273,1.685495776140004,1.6686355850292194,1.6840291032491936,1.7148141444430478,1.560460592726954,1.7305678599555059,1.606854620108142
Macedonian,1.5653673050460342,1.5700417001067424,1.492958682890001,1.5567414185599762,1.137421487563141,1.1492861527474396,1.566474573775706,1.1717413430786445,1.3609616947713103,1.5443332688458022,1.4797021276128255,1.547545383085359,1.4785299243473942,1.473903467810832,1.564898431418036,1.448473769638908,1.6433129499626375,1.5975168809718636,1.4863778858436505,1.548583095695826,1.3761666101718215,1.5720014298783707,1.6240475540173862,0,1.5859983178652595,1.4386760973393704,1.6376720169882701,1.4660348572146802,1.5234738989731758,1.3306873640135304,1.4207961782717553,1.4631209007342274,1.1909221077817016,1.010546697765601,1.4241676690643372,1.2772739906736665,1.3472143013727196,1.3668162458303545,1.5227071767385756,1.1304280757018963,1.4581137046300674,1.411282875897051
Marathi,1.6926714354159833,1.6649459486093194,1.6074150028657983,1.463764736598396,1.6603712933347794,1.6193553357367099,1.6374612671213766,1.5514555911538408,1.7064081008909973,1.6353694089861552,1.597475790129542,1.6147555946187466,1.571323170206881,1.580192614760191,1.6621958607136362,1.5269529627571157,1.2173967818377807,1.310656349766873,1.6558107948645637,1.6407018157736732,1.502470202500964,1.7743693156347142,1.8273109362911228,1.5859983178652595,0,1.375793128243216,1.735552472035374,1.5166778812865012,1.6509990953236096,1.6544239561809047,1.5701518796361211,1.5600172019599634,1.6265809975186165,1.6153754965773448,1.476841253851333,1.6105072789196342,1.6425988460104939,1.4484266198349731,1.6308877274423856,1.575282177584764,1.3862153129608468,1.5109140586812122
Nepali,1.463641572205612,1.4551342593694416,1.4305052088756576,1.2494486870114367,1.36805596467926,1.4662908146757965,1.5348376978358265,1.4101605493287233,1.487455058254793,1.4054539330229188,1.4515721074415078,1.4428536983677556,1.393879271914657,1.4361670726163798,1.4854589863211753,1.3312003967135673,1.388269308757603,1.2942948729761163,1.4756029086446347,1.490487183329202,1.2987256609958013,1.5659726729063548,1.6567139816549679,1.4386760973393704,1.375793128243216,0,1.5311384240586605,1.3510331298760674,1.4698718078303605,1.4860750563722298,1.4159749230689551,1.3665046718038647,1.4602614359394301,1.432170475703011,1.2960694714688412,1.3973651283835247,1.4388465327706637,1.352662613891511,1.444825807364111,1.418054109200188,1.1985894441115368,1.3133506301237794
Norwegian,1.5390031483990914,1.7179230156292293,1.5653901182542163,1.758433950491154,1.574583617990159,1.6461502797944119,1.658126017126274,1.5700260293625785,1.656347927902094,1.328595732755755,1.4790297414602427,1.4786651246794433,1.5577540780058796,1.6228394537356248,1.5543924438160144,1.5631430413269274,1.820779473174861,1.7539010888315487,1.4430580244293547,1.7054666639914908,1.5098356713333674,1.6939161308263069,1.7682709700626453,1.6376720169882701,1.735552472035374,1.5311384240586605,0,1.6809596651910907,1.6812674001153027,1.6289071423398702,1.5444186516064404,1.5548645559467937,1.61501603863989,1.6173713732624513,1.576634920208604,1.5966818241014697,1.6095454070425668,1.4942296079480792,1.255992322612454,1.5755831767339377,1.5977529004216828,1.5501737798401063
Pashto,1.4771773436319473,1.48266542026752,1.4012576493078164,1.555983677842681,1.549694521597431,1.528031605183347,1.5993812121928817,1.4559083565982829,1.5598875265006449,1.5267280420606701,1.503773217994712,1.570111823937723,1.4526106220290649,1.4168335548254267,1.576753294462909,1.4181730549841134,1.6065439319586456,1.5364373493795964,1.4689569519255554,1.4400033412957876,1.4248552538645658,1.6817745837035631,1.7452351243399724,1.4660348572146802,1.5166778812865012,1.3510331298760674,1.6809596651910907,0,1.3561107823302898,1.5875467251307298,1.449846571272876,1.4796411736082222,1.503901101696484,1.4890725635544155,1.2949241997189518,1.5205458279824815,1.53104332876029,1.3621932821187508,1.5427765464613854,1.4466813784943118,1.3868942868291194,1.4044255928729183
Persian,1.5404644204365114,1.5240552247102082,1.4195055033401265,1.6197672105958487,1.5560371302039442,1.5626947447841,1.649992415719234,1.4930060774097895,1.592147346606909,1.6091574432435598,1.530752761596758,1.600748034369571,1.5401791620337622,1.472466209527141,1.5821984054171534,1.5009869631828079,1.6924387794499511,1.6373200050943921,1.4773122849168971,1.573636774566675,1.4668924342466225,1.6958450298787273,1.7000242085332182,1.5234738989731758,1.6509990953236096,1.4698718078303605,1.6812674001153027,1.3561107823302898,0,1.5949994725072363,1.5149159829663692,1.533398314347399,1.541155152040014,1.5087749884429658,1.3974942789311782,1.5703478582024892,1.5995789187051055,1.4680629146281858,1.546572560852761,1.4599703572565748,1.4596379866216205,1.4619622550786622
Polish,1.6461990493143681,1.6502310477175972,1.5587936226351016,1.60835363837133,1.2757121899999548,1.350277317835551,1.6219617235625912,1.2924469065244653,1.3165633942894603,1.5698145766188554,1.5748401068997708,1.5800174573662087,1.5296546847814898,1.5992219390402613,1.625134626367558,1.509727651838809,1.698008527823003,1.6438515183699598,1.5924293746483413,1.6640895409834908,1.4263719919438353,1.501627285251051,1.5892187647926597,1.3306873640135304,1.6544239561809047,1.4860750563722298,1.6289071423398702,1.5875467251307298,1.5949994725072363,0,1.4827442794531926,1.4991682563323645,1.2760642975491547,1.273133053867672,1.517585282847569,1.1942409782356855,1.3798463779104417,1.4775458982038363,1.5734822409351452,1.2407021604100168,1.532158015193513,1.4431421036760765
Portuguese,1.5365019079846403,1.5114547147574433,1.4807945745614457,1.563175421567977,1.4852171487134842,1.429537063191651,1.3126595072496359,1.3900864154443306,1.4804973110238582,1.456505875296723,1.4320437965344106,1.477598371005869,1.31389135463487,1.1394256793610764,1.5560640854934131,1.3922229329274993,1.6670845134522025,1.6318437355620274,1.4983833159712143,1.4623407099198211,1.2572037839481147,1.626313403999656,1.7531188553346269,1.4207961782717553,1.5701518796361211,1.4159749230689551,1.5444186516064404,1.449846571272876,1.5149159829663692,1.4827442794531926,0,1.3597795691037975,1.4438690842381823,1.430140174232087,1.412655459990862,1.417612594041954,1.4712302659581102,1.0338024648065576,1.4777623650707925,1.3881157214903521,1.4570276604560484,1.3807094790533956
Romanian,1.5855624053847177,1.561446387262869,1.4716630475509511,1.5582588514034517,1.460074533760739,1.46415153071496,1.4152566622496174,1.3989884937128352,1.5276918253677854,1.4715996023795852,1.491640743368734,1.4960156200633334,1.3798630246636117,1.406826761312838,1.5264896469802358,1.3577292057584966,1.6316311149571263,1.5412003349676682,1.5060026942151399,1.5544059847058393,1.1795973823312844,1.6115049728653894,1.6693285918212455,1.4631209007342274,1.5600172019599634,1.3665046718038647,1.5548645559467937,1.4796411736082222,1.533398314347399,1.4991682563323645,1.3597795691037975,0,1.480315100176593,1.463477366524522,1.429101657602658,1.4618815036232526,1.5119010905638255,1.2891289439859046,1.4830252619149789,1.427203948478034,1.4585975357258076,1.35402083152506
Russian,1.5542514511300056,1.5758783913642036,1.469251530691148,1.598887847230934,1.1754812381088713,1.3142846189503765,1.6129897902434729,1.2789030247368482,1.310859769912509,1.5438600700164324,1.5231892544659493,1.5585677387096981,1.4810034797527722,1.5144147000218375,1.5932946786113176,1.4664466665035614,1.7033535567676337,1.661877428846106,1.472163390757865,1.5949326512588327,1.3944243356783408,1.4680420409289876,1.5825941991947476,1.1909221077817016,1.6265809975186165,1.4602614359394301,1.61501603863989,1.503901101696484,1.541155152040014,1.2760642975491547,1.4438690842381823,1.480315100176593,0,1.138693026516086,1.4370580966475088,1.2224216798248704,1.391850863343114,1.4340467719224148,1.5402727908160296,1.0597209012704887,1.5187142270120428,1.4237952690609386
Serbian,1.557816371384364,1.5763290711729185,1.4738383834430657,1.570346904352106,0.9031242099274099,1.2272221379891566,1.5949553421297198,1.0117194033788022,1.2888917359626895,1.5433654941565085,1.5001171888500633,1.5552552058273534,1.4672591507037824,1.4905661328807631,1.5567044676858588,1.4598389440245896,1.667505260396774,1.631870948136168,1.4808051108340272,1.6043670369117036,1.3798355957344042,1.5076653272156595,1.5449633950051407,1.010546697765601,1.6153754965773448,1.432170475703011,1.6173713732624513,1.4890725635544155,1.5087749884429658,1.273133053867672,1.430140174232087,1.463477366524522,1.138693026516086,0,1.4331275285672371,1.2068792174479839,1.207723119895889,1.4013368240346116,1.5231402826285403,1.085128627821912,1.4828258490957462,1.4178178570514253
Sinhala,1.4493493628641863,1.2957989624799942,1.3258388098061036,1.4642611997585886,1.4744248317535935,1.4518242735086992,1.549995484122008,1.3740534468513907,1.535370587502989,1.5244386671062227,1.4884487835350495,1.5395954091716049,1.4092365201907797,1.3351722613544772,1.5491143133962073,1.3330571082134797,1.5637914630137968,1.5086725006604962,1.3985876393342684,1.4114995777384194,1.3806504925018446,1.5917669345275796,1.6251472490840273,1.4241676690643372,1.476841253851333,1.2960694714688412,1.576634920208604,1.2949241997189518,1.3974942789311782,1.517585282847569,1.412655459990862,1.429101657602658,1.4370580966475088,1.4331275285672371,0,1.4652453769628244,1.5307226152208386,1.3098154205018575,1.4617934083991566,1.3893705885901393,1.368301148348338,1.386509407461112
Slovak,1.6000621542557898,1.6055746110416442,1.53052270207504,1.6000036665150488,1.2337165555552565,1.2937630560632525,1.5781380109884977,1.194650141673903,1.110263575965388,1.478053730150047,1.5128024379987766,1.526268345858577,1.458794579838925,1.5225599758310033,1.5880658119364053,1.4539008838690586,1.698920785696436,1.636063972384354,1.551926476962504,1.5826783403755194,1.3934693279568087,1.5480174376212157,1.685495776140004,1.2772739906736665,1.6105072789196342,1.3973651283835247,1.5966818241014697,1.5205458279824815,1.5703478582024892,1.1942409782356855,1.417612594041954,1.4618815036232526,1.2224216798248704,1.2068792174479839,1.4652453769628244,0,1.2964206329644872,1.3919794136176427,1.5364064774571604,1.1983773784572882,1.4741669425013821,1.3774760717475913
Slovenian,1.6123081459541557,1.6458040963879792,1.5621165768566474,1.614000034795907,1.266625509545867,1.3673486045324466,1.616522328960908,1.185498303092654,1.3996068927485221,1.517550323985742,1.5185960983352473,1.5731599307749593,1.4944720205893203,1.5697400602005644,1.5953049513599766,1.4876438259723306,1.7207991141568835,1.68554086158098,1.5902014022405297,1.606549611387342,1.4313252871777313,1.613521391756459,1.6686355850292194,1.3472143013727196,1.6425988460104939,1.4388465327706637,1.6095454070425668,1.53104332876029,1.5995789187051055,1.3798463779104417,1.4712302659581102,1.5119010905638255,1.391850863343114,1.207723119895889,1.5307226152208386,1.2964206329644872,0,1.4232298597294213,1.5732120863263537,1.3213154805798075,1.516721448471683,1.432520846083971
Spanish,1.511270588615153,1.4653989611666125,1.4582949774174052,1.489197569314613,1.4757259864146712,1.366721721423425,1.2082639446615568,1.3194494516362711,1.4503782703422075,1.4122496874230188,1.3881714905938334,1.4421521981070273,1.2481673478133446,1.0036114742363644,1.4811930972092562,1.2746468678784055,1.5557188993859308,1.5173713559563997,1.456858719742227,1.3738887172554002,1.1572423006546815,1.6598092527269248,1.6840291032491936,1.3668162458303545,1.4484266198349731,1.352662613891511,1.4942296079480792,1.3621932821187508,1.4680629146281858,1.4775458982038363,1.0338024648065576,1.2891289439859046,1.4340467719224148,1.4013368240346116,1.3098154205018575,1.3919794136176427,1.4232298597294213,0,1.4246188707633405,1.337383591995426,1.3845458101670345,1.3408598662903979
Swedish,1.4934032794043701,1.6245401991979165,1.5314303990489755,1.6144189857861675,1.5612436335669593,1.5405879555407689,1.591385638908752,1.4836466163295332,1.5991572241463812,1.3336688016502467,1.4040581269185084,1.4179379412508752,1.5532505009622521,1.5046740094753084,1.4575744613366401,1.4885267756730498,1.6997435723503584,1.6483847178294317,1.3685039512385182,1.5787908994491002,1.4391688953322808,1.6761556707703287,1.7148141444430478,1.5227071767385756,1.6308877274423856,1.444825807364111,1.255992322612454,1.5427765464613854,1.546572560852761,1.5734822409351452,1.4777623650707925,1.4830252619149789,1.5402727908160296,1.5231402826285403,1.4617934083991566,1.5364064774571604,1.5732120863263537,1.4246188707633405,0,1.48396058620618,1.495066166319009,1.4196002594585801
Ukrainian,1.547454364676267,1.531200122149685,1.4586654584895908,1.5331039968004259,1.1580177417142452,1.2456469257600566,1.5398900497398664,1.1583538644615092,1.2374537649905943,1.4719680734852187,1.4702073408828582,1.5106742137415172,1.4208839490733423,1.4493699683182755,1.536549051550593,1.385956521369809,1.64140062703556,1.5952326043013585,1.4409151358209935,1.5346560418192874,1.344089842282014,1.5148688473103333,1.560460592726954,1.1304280757018963,1.575282177584764,1.418054109200188,1.5755831767339377,1.4466813784943118,1.4599703572565748,1.2407021604100168,1.3881157214903521,1.427203948478034,1.0597209012704887,1.085128627821912,1.3893705885901393,1.1983773784572882,1.3213154805798075,1.337383591995426,1.48396058620618,0,1.4555412600564326,1.3552569685355158
Urdu,1.6048142920109498,1.556180245385183,1.5092135335796137,1.3438935701944736,1.5153336695456836,1.4679098350371365,1.5790209084694917,1.4309979565996302,1.5341151435737332,1.5019802288990256,1.5082097126945098,1.5160608114766478,1.4616467711472538,1.5022154464194752,1.5663047148077502,1.4039714108995365,1.4109247953965958,1.1907725862841112,1.542875508175635,1.5423211869141262,1.4163784534744355,1.633682946506253,1.7305678599555059,1.4581137046300674,1.3862153129608468,1.1985894441115368,1.5977529004216828,1.3868942868291194,1.4596379866216205,1.532158015193513,1.4570276604560484,1.4585975357258076,1.5187142270120428,1.4828258490957462,1.368301148348338,1.4741669425013821,1.516721448471683,1.3845458101670345,1.495066166319009,1.4555412600564326,0,1.3942043527066679
Welsh,1.4773934846659116,1.5152613475776626,1.4020358669010842,1.5038612111714955,1.4298457421913235,1.3438373823981165,1.4820560020052014,1.323665979990938,1.4252626483776674,1.3526979639209002,1.400406174725871,1.3653022308154745,1.371377594304083,1.4327585330576356,1.4509945877514532,1.3060056608332546,1.590827518042074,1.5249280510253542,1.412436990164684,1.4225249757485312,1.2188716899033218,1.5257932693302143,1.606854620108142,1.411282875897051,1.5109140586812122,1.3133506301237794,1.5501737798401063,1.4044255928729183,1.4619622550786622,1.4431421036760765,1.3807094790533956,1.35402083152506,1.4237952690609386,1.4178178570514253,1.386509407461112,1.3774760717475913,1.432520846083971,1.3408598662903979,1.4196002594585801,1.3552569685355158,1.3942043527066679,0
