,Afrikaans,Albanian,Armenian,Bengali,Bosnian,Bulgarian,Catalan,Croatian,Czech,Danish,Dutch,English,French,Galician,German,Greek,Gujarati,Hindi,Icelandic,Irish,Italian,Latvian,Lithuanian,Macedonian,Marathi,Nepali,Norwegian,Pashto,Persian,Polish,Portuguese,Romanian,Russian,Serbian,Sinhala,Slovak,Slovenian,Spanish,Swedish,Ukrainian,Urdu,Welsh
Afrikaans,0,27.19547149027966,27.438993489156406,29.95908850205389,28.985041950340527,28.094361674486706,30.061656235040083,28.378033054350077,29.791938432148733,28.39605795972139,22.734545242398212,27.61588333536705,28.807784895694677,26.867076004358545,26.52537903531894,30.53115631062785,30.711586554198924,31.708337787322694,24.821775386518922,29.158019197607622,29.086520110607754,30.977881086539607,30.338807603411702,28.013254297506307,30.447996008745893,28.4193167460457,27.234563295010194,26.871050285368355,27.201456847519392,30.44132186201214,28.44794658636273,29.51010028245455,28.43563780982769,28.20896005153918,26.424608781736005,29.592265204972247,30.141729877690754,28.853399685631413,26.17066306317823,28.25016231638187,29.504851955284565,28.475431591014683
Albanian,27.19547149027966,0,27.51228704866456,29.431615264253924,30.200010805761977,29.36232441716988,30.192515733921585,29.516725210986344,30.87553499418885,32.149693742645695,29.89184489341118,32.06819661868735,29.541030265448583,27.097942861680508,30.442662094025405,30.50360397010614,30.894730852846095,31.88757433881783,28.48024880272252,29.301975695042305,29.714541165549004,31.345634998096077,30.23225921493923,28.89744046111914,30.11860556936049,28.48619269483593,31.21138052537277,27.186961295997524,27.248692044867404,30.795120691006336,29.10143769899907,30.367973652417835,29.351008942449692,29.439771642109847,24.36250270722958,29.91579737434699,31.341759933717753,29.203521935479195,29.55943054881643,28.898997375678736,29.31451143128076,29.516481116803625
Armenian,27.438993489156406,27.51228704866456,0,29.8421168078938,28.325490970256396,29.258600583075083,30.674003039084443,28.524097509611753,30.743875407142138,32.22518091414814,30.171020899617627,31.368050946248168,29.50823257099541,28.358516047300267,30.094224225821574,28.86810584834955,31.612555632483115,31.565081227480537,26.716057340396297,29.669491795874134,28.694068451988695,29.560789226530016,29.176716722912328,28.87978074459381,30.73052889554342,29.181765283673204,30.527864402513558,27.3037709594159,26.888633409751957,30.186783186617745,29.365877501893415,29.57734738962229,28.737715648820412,28.66670014858746,25.80567337744018,30.047023509749817,30.863343963168468,29.682497933552234,29.406365682591773,28.51101304129312,29.723181267528417,28.178584905486556
Bengali,29.95908850205389,29.431615264253924,29.8421168078938,0,29.477486283526172,28.22216930073105,29.535713935910724,28.655571159768908,29.834921357920635,30.834874589723217,29.758618063290754,29.888801068032276,29.601645830418857,28.851138702492754,29.305186167132124,29.87339978007095,25.927954825352383,26.372947048664773,29.225531974230957,30.61486123977395,28.301932118330175,30.990823304188883,30.42978466704557,27.935963085526954,26.652212540926516,24.825630001262017,31.447026390153333,28.600581711045457,28.797002303057834,29.245063638984398,28.76697678573477,29.072843068839987,29.297499626560075,28.648963974466465,27.371500529857986,29.465573637677927,30.41772968009998,28.695044969253026,28.71407297713038,28.482127301282496,24.750319828541066,28.265938453323447
Bosnian,28.985041950340527,30.200010805761977,28.325490970256396,29.477486283526172,0,24.967160855050096,31.386858515014683,21.173815331715797,26.401632244408535,30.396490847281857,30.207415614461443,30.952617692907218,29.214325951421845,29.894751471184225,29.671686358747642,30.45755709603097,31.5594121279445,30.973616988596696,28.856798001570926,32.32048601996669,27.56552581378303,27.89627039651808,28.06301777496971,22.197911601789542,31.475870282677217,26.88282877984356,30.079468690572053,29.812745467364692,29.67324118489791,24.870470862284098,29.03234698271414,28.442578846113076,23.108149473237603,17.945472552930653,28.861289157974788,24.034403919263934,24.92303040707163,29.77696531789803,29.729680444153654,23.07789610776977,28.930506471364605,28.316483383905247
Bulgarian,28.094361674486706,29.36232441716988,29.258600583075083,28.22216930073105,24.967160855050096,0,28.14792495804488,21.501735855392358,25.398402354386132,29.274174631123962,27.932987587390823,28.403575185486734,28.427125151910076,26.985124860195448,28.448972758741395,29.239802911534934,29.34351965823396,29.89244520578882,27.360031637060636,29.371189932149743,26.869824383957326,30.65274192712341,29.039092756507397,20.64454141285718,28.80030997353915,29.571582430004344,30.11422193695847,27.974463752070896,28.325852297373046,26.08084025502057,27.492134326618142,28.381136835486917,24.296844140573185,22.54851492487033,27.773256381333827,24.838056913854622,26.033892019880287,27.091437013095554,28.02921249677989,23.67577849102985,27.57118442820022,26.58478102648199
Catalan,30.061656235040083,30.192515733921585,30.674003039084443,29.535713935910724,31.386858515014683,28.14792495804488,0,28.11865384692302,30.795467908333617,30.08476918040542,29.24854502327541,29.262347741237402,26.85363688189093,24.26605446337589,29.872118618307915,29.75670781127479,29.998354072584437,30.86799329435401,29.319260101847394,29.791571398571826,25.698045598012524,32.76078761479909,30.774181029377008,28.50015114536435,29.32604781229223,30.83190411251584,29.7288563877965,29.820927301245973,29.924361049587265,30.484983031550108,24.760584579001023,27.080245990444062,30.14931378306778,29.457701175018,29.000775904164318,29.62814721045994,30.223301561407187,23.10331922534075,28.622177128884136,28.89413140573049,29.236355532501094,28.64915812959777
Croatian,28.378033054350077,29.516725210986344,28.524097509611753,28.655571159768908,21.173815331715797,21.501735855392358,28.11865384692302,0,24.70775281334026,29.409367983019624,28.51601823847893,29.24755911683129,27.940011065015764,27.53480532415969,28.62758755914818,28.97698632140924,29.607059445313766,30.045312181621018,27.782439755623248,29.593921772694568,26.893819044762633,30.226580157077564,28.249908086524254,21.783893125595316,28.876908346765426,29.521208233546993,30.01429696413439,28.162403963829494,28.118050074090377,24.912116277045115,27.63356583375452,28.048826547960815,24.12466650898185,19.059350468570354,27.51286412414502,23.292829554756402,23.05926563345361,27.15436129041221,28.138110113273033,22.95067442789755,27.846016956687357,26.884956320408378
Czech,29.791938432148733,30.87553499418885,30.743875407142138,29.834921357920635,26.401632244408535,25.398402354386132,30.795467908333617,24.70775281334026,0,29.707891616842407,29.093809559622667,30.309220968973424,29.62687379009722,29.602061331053424,29.28310702194298,31.059659299081904,31.544572206904967,31.813477311726395,28.907287496697972,31.614457810582536,28.59075589542755,30.944378861313112,30.5412902342068,25.463025249397074,31.67109148514291,29.169644036264355,31.523723985560846,29.438743942760507,29.427295102507365,25.602791702345968,28.98135123499917,29.906661265967294,25.257987762203985,24.409761310520178,30.001911793744426,22.071013051175957,26.700314628199504,29.335674349023737,29.530811563870813,24.245629557857526,29.31978821648617,28.004911428716746
Danish,28.39605795972139,32.149693742645695,32.22518091414814,30.834874589723217,30.396490847281857,29.274174631123962,30.08476918040542,29.409367983019624,29.707891616842407,0,27.253255728784396,27.238131878344316,28.92340669260882,29.55700502788023,26.15899044486645,31.01650665165135,31.20176315883698,31.394860357980498,26.808888261285336,30.71952194288586,28.374887378092783,33.2506675205144,32.400952286187305,29.697057664964287,30.943882048763275,29.32607177093278,25.56855470278337,30.362293675625114,30.94826305742561,30.450560870340528,29.033984434779644,29.43333979894149,30.203826563101163,30.15934157890132,30.9985184152147,29.541189291754513,30.03244899736512,29.378365117430228,25.722267495704447,29.29098119230343,29.717329491222365,27.833780218876637
Dutch,22.734545242398212,29.89184489341118,30.171020899617627,29.758618063290754,30.207415614461443,27.932987587390823,29.24854502327541,28.51601823847893,29.093809559622667,27.253255728784396,0,26.61355024583311,29.130388401176,28.703808217464612,24.099438337021653,29.586734575502984,29.885106008108203,30.882894196315227,26.33676671520515,30.036805293720032,28.434685043414706,31.57476514621006,30.67058181261798,27.855631032405558,29.742256470049256,29.731960604582298,27.954741521139223,29.10712509679046,28.796395963104988,29.85756246491869,27.795804545050512,29.11869185187493,29.323340366842796,28.79666517821026,29.441803013736074,29.04563764257884,29.24783401580108,27.919418050944586,26.42600305623188,28.504745433472934,29.341667331232518,28.322469095209573
English,27.61588333536705,32.06819661868735,31.368050946248168,29.888801068032276,30.952617692907218,28.403575185486734,29.262347741237402,29.24755911683129,30.309220968973424,27.238131878344316,26.61355024583311,0,29.34470190335759,29.332049227990005,26.942040606593498,30.78875939612002,29.793382201305835,31.069519237254664,27.91010022731556,30.685657900254288,28.298197913083957,32.28570054587225,31.221067794149675,29.25275176954246,29.961810707789482,30.08608529322766,27.709285328193413,30.593222006650606,30.44748538392511,30.72174552040507,29.474880823027647,29.296249226543114,29.924299189470343,29.69702381807189,30.784129576664782,30.219772458124545,30.885642922296928,29.15357606555032,26.870538471942854,29.29553168092983,29.44223967961445,27.725565561531344
French,28.807784895694677,29.541030265448583,29.50823257099541,29.601645830418857,29.214325951421845,28.427125151910076,26.85363688189093,27.940011065015764,29.62687379009722,28.92340669260882,29.130388401176,29.34470190335759,0,26.782367133640406,29.119255718402442,29.28957989705028,30.723394062181487,31.0272221887578,28.629303059576323,29.5186761669511,25.76267182695537,31.166443323914635,30.435021933202673,28.35237321691318,29.663897620478863,29.10759595399987,29.803370801629875,28.534933378357405,29.254752998897487,29.860311028081856,26.602897613933653,27.500617180327264,28.979780047315266,28.70124863136118,28.53448439112515,28.974014334449954,29.474441129243605,26.179893385197456,29.26944066336804,28.342591683421876,28.85435214387681,27.509372630868057
Galician,26.867076004358545,27.097942861680508,28.358516047300267,28.851138702492754,29.894751471184225,26.985124860195448,24.26605446337589,27.53480532415969,29.602061331053424,29.55700502788023,28.703808217464612,29.332049227990005,26.782367133640406,0,29.102105927269545,29.95397945562001,30.07869935474059,31.269812622674678,26.503950541815776,27.78047524790348,25.60319453574128,31.818629737359206,30.484672896978367,27.260842607122953,29.250675565709912,29.254260918290903,30.084266068318453,26.883031737613315,26.7205457003333,30.427649418139286,22.198046283780876,27.444697608122265,28.461297306971137,27.89949047703724,25.632431812381135,29.254463682577153,30.11228441525158,20.711782383340267,27.5082120741828,27.556193300922338,28.778739548688044,27.50358621385447
German,26.52537903531894,30.442662094025405,30.094224225821574,29.305186167132124,29.671686358747642,28.448972758741395,29.872118618307915,28.62758755914818,29.28310702194298,26.15899044486645,24.099438337021653,26.942040606593498,29.119255718402442,29.102105927269545,0,29.204739365921075,30.168329821072692,30.39635641469511,26.91422422440926,30.02171505023342,27.91124250763949,31.3736459953664,30.65102565261767,28.67999816975401,29.867569340418378,28.676193107659795,28.69562618072323,29.394420478603717,29.284677220494018,30.037914203097984,29.229435031362822,28.782951373433534,29.72253971952819,28.9752224034367,29.741489039898966,29.211504189783323,29.66541050521315,28.952738797433508,26.17437701601992,28.70492479150887,28.91206798687291,27.808271179273117
Greek,30.53115631062785,30.50360397010614,28.86810584834955,29.87339978007095,30.45755709603097,29.239802911534934,29.75670781127479,28.97698632140924,31.059659299081904,31.01650665165135,29.586734575502984,30.78875939612002,29.28957989705028,29.95397945562001,29.204739365921075,0,31.152571716408673,30.73309449544145,28.837126360817912,31.355340674790497,28.097842542962873,30.45123061200645,30.336561406193905,29.481401937819495,30.753966039889075,29.780127623964958,31.38583182018157,29.897634480720395,30.047506057103593,30.485000618115336,29.42243194932372,28.88122856575361,29.939596070115506,29.98933419890993,28.767058123418863,30.138224454846664,30.90705204419574,28.15364793198458,30.041424855619177,28.965311934075054,29.487762296989974,27.96280978828662
Gujarati,30.711586554198924,30.894730852846095,31.612555632483115,25.927954825352383,31.5594121279445,29.34351965823396,29.998354072584437,29.607059445313766,31.544572206904967,31.20176315883698,29.885106008108203,29.793382201305835,30.723394062181487,30.07869935474059,30.168329821072692,31.152571716408673,0,23.290069576151147,30.418254471809778,31.708445148124216,29.789219090509377,33.30764535204263,31.196531302833197,29.360136052424412,21.380948617454283,27.192196859919783,31.310725266939638,29.642683692664008,30.22463830258907,30.94021992128409,30.806193765479506,30.116037173347923,31.352565375880804,30.36625359608839,29.209964323109745,30.812054463206064,31.32389263928116,29.47227525392341,29.598472258993624,30.02780419538223,25.882741964530645,29.675063180261805
Hindi,31.708337787322694,31.88757433881783,31.565081227480537,26.372947048664773,30.973616988596696,29.89244520578882,30.86799329435401,30.045312181621018,31.813477311726395,31.394860357980498,30.882894196315227,31.069519237254664,31.0272221887578,31.269812622674678,30.39635641469511,30.73309449544145,23.290069576151147,0,31.226362085669006,32.48631487288879,29.598880395153827,33.20868579503479,31.91101748466236,29.960660006044726,24.594108394674507,26.561852052884525,31.66004488948321,29.942575285104716,30.419408249047404,30.808863899655407,31.36864497690471,29.344317601390653,31.557467433976853,30.68962501811875,29.65239999816364,30.818529411545455,31.599122864544515,30.26203083903181,30.155090004666103,30.552356123073018,22.882068847780786,29.89716961469877
Icelandic,24.821775386518922,28.48024880272252,26.716057340396297,29.225531974230957,28.856798001570926,27.360031637060636,29.319260101847394,27.782439755623248,28.907287496697972,26.808888261285336,26.33676671520515,27.91010022731556,28.629303059576323,26.503950541815776,26.91422422440926,28.837126360817912,30.418254471809778,31.226362085669006,0,29.159624374239513,27.979766640058962,29.655844035275695,28.834611298146363,27.2831246231098,29.98953379610466,29.346767654529575,26.918113133510378,27.265299899017496,26.82091166429363,29.671241317570935,28.09171659450814,28.951675876628197,27.42432028565283,27.52046690802998,26.39162511965119,28.875490105685508,30.250006220336726,28.23797839135921,25.104907233970103,27.104839154424294,28.86505134226136,27.543707299281255
Irish,29.158019197607622,29.301975695042305,29.669491795874134,30.61486123977395,32.32048601996669,29.371189932149743,29.791571398571826,29.593921772694568,31.614457810582536,30.71952194288586,30.036805293720032,30.685657900254288,29.5186761669511,27.78047524790348,30.02171505023342,31.355340674790497,31.708445148124216,32.48631487288879,29.159624374239513,0,30.472576819958377,34.174071420749826,32.30766152164362,29.40446438310945,30.54102204307127,31.019278824524292,31.705671396727606,28.112835051803742,29.275770324789896,32.10523697961131,28.5824000722415,30.546875031806472,30.887615246513306,30.653452683444204,27.56060750377382,31.011231109163624,31.523922727678915,27.805855828675345,29.081790321492928,29.784214805040634,29.89638802623372,28.190030958497772
Italian,29.086520110607754,29.714541165549004,28.694068451988695,28.301932118330175,27.56552581378303,26.869824383957326,25.698045598012524,26.893819044762633,28.59075589542755,28.374887378092783,28.434685043414706,28.298197913083957,25.76267182695537,25.60319453574128,27.91124250763949,28.097842542962873,29.789219090509377,29.598880395153827,27.979766640058962,30.472576819958377,0,30.559217502167467,29.722289700980838,27.058929191736752,29.41300332063845,27.651318528360747,29.55086493202054,28.673053934287775,28.668591456911066,27.988685185400414,25.495392556731478,24.33796405582487,27.512210926714943,27.214834300773898,28.632471208036343,28.10757836189024,28.64104395486008,24.847493743177157,28.409643794267947,27.09726786914772,28.272481087594194,25.210920282013927
Latvian,30.977881086539607,31.345634998096077,29.560789226530016,30.990823304188883,27.89627039651808,30.65274192712341,32.76078761479909,30.226580157077564,30.944378861313112,33.2506675205144,31.57476514621006,32.28570054587225,31.166443323914635,31.818629737359206,31.3736459953664,30.45123061200645,33.30764535204263,33.20868579503479,29.655844035275695,34.174071420749826,30.559217502167467,0,24.616674344566714,29.6064046418129,33.15055826199521,30.99210530011363,31.9474044017644,31.687750537460627,31.283410315671087,28.79880297668819,31.459810504170825,30.47039141370848,27.90736260392586,28.652155473424912,30.7142512699949,29.406873609664327,30.64853209744911,32.904915605172135,31.516778087264175,28.894772634025703,30.720695693139103,30.556587442804926
Lithuanian,30.338807603411702,30.23225921493923,29.176716722912328,30.42978466704557,28.06301777496971,29.039092756507397,30.774181029377008,28.249908086524254,30.5412902342068,32.400952286187305,30.67058181261798,31.221067794149675,30.435021933202673,30.484672896978367,30.65102565261767,30.336561406193905,31.196531302833197,31.91101748466236,28.834611298146363,32.30766152164362,29.722289700980838,24.616674344566714,0,28.44828127540054,31.3047960127419,30.89195991182678,30.39627997822544,30.491386502490936,29.792544263257653,28.339947815481136,30.73728358700029,29.6164085611695,27.86877954393481,27.672083338398735,28.999610839182036,29.448449997399074,29.845019056413626,30.44893373482241,29.823947405161633,27.948278040146832,30.247136832622868,29.84000999438287
Macedonian,28.013254297506307,28.89744046111914,28.87978074459381,27.935963085526954,22.197911601789542,20.64454141285718,28.50015114536435,21.783893125595316,25.463025249397074,29.697057664964287,27.855631032405558,29.25275176954246,28.35237321691318,27.260842607122953,28.67999816975401,29.481401937819495,29.360136052424412,29.960660006044726,27.2831246231098,29.40446438310945,27.058929191736752,29.6064046418129,28.44828127540054,0,29.04596256541959,28.711667406968477,30.334483262377823,27.457977587368465,28.056921659880075,25.495810630698198,27.205715393727306,28.43205406104145,22.572258133707948,18.902770321100828,27.357045577117717,24.32497308581439,25.736287153823312,27.12585786775826,27.958325128684738,21.702036546518116,27.616243661871007,27.285767813863604
Marathi,30.447996008745893,30.11860556936049,30.73052889554342,26.652212540926516,31.475870282677217,28.80030997353915,29.32604781229223,28.876908346765426,31.67109148514291,30.943882048763275,29.742256470049256,29.961810707789482,29.663897620478863,29.250675565709912,29.867569340418378,30.753966039889075,21.380948617454283,24.594108394674507,29.98953379610466,30.54102204307127,29.41300332063845,33.15055826199521,31.3047960127419,29.04596256541959,0,28.174374564520463,30.770730680127976,28.98263317006919,30.11223804837419,30.975102436558263,29.91999067259078,29.77002113953317,30.656202542371673,29.985667944258264,28.46491374146917,30.099528358153474,30.841262036761247,28.45003430631727,29.34956191080261,29.677892320675102,26.399804663931096,29.233428561898467
Nepali,28.4193167460457,28.48619269483593,29.181765283673204,24.825630001262017,26.88282877984356,29.571582430004344,30.83190411251584,29.521208233546993,29.169644036264355,29.32607177093278,29.731960604582298,30.08608529322766,29.10759595399987,29.254260918290903,28.676193107659795,29.780127623964958,27.192196859919783,26.561852052884525,29.346767654529575,31.019278824524292,27.651318528360747,30.99210530011363,30.89195991182678,28.711667406968477,28.174374564520463,0,30.09824850808103,28.27457289809286,28.97399794158759,29.841576721584456,29.14892257548612,28.308304431302943,29.34457204357135,28.514068890094762,27.379674305390527,28.75172766966171,29.85867114689684,29.68943979456657,28.808864984516962,28.67884658121229,25.251697366727136,28.020113300122137
Norwegian,27.234563295010194,31.21138052537277,30.527864402513558,31.447026390153333,30.079468690572053,30.11422193695847,29.7288563877965,30.01429696413439,31.523723985560846,25.56855470278337,27.954741521139223,27.709285328193413,29.803370801629875,30.084266068318453,28.69562618072323,31.38583182018157,31.310725266939638,31.66004488948321,26.918113133510378,31.705671396727606,29.55086493202054,31.9474044017644,30.39627997822544,30.334483262377823,30.770730680127976,30.09824850808103,0,31.573596257558123,31.195028455941852,31.13829440123342,30.32226498742458,29.574645379742062,30.867232853644904,30.513566114591377,29.970479655746384,30.41711121891453,30.502793434484616,29.568647871308144,23.38160186766212,30.264738036119404,30.06359241784624,30.04509721757963
Pashto,26.871050285368355,27.186961295997524,27.3037709594159,28.600581711045457,29.812745467364692,27.974463752070896,29.820927301245973,28.162403963829494,29.438743942760507,30.362293675625114,29.10712509679046,30.593222006650606,28.534933378357405,26.883031737613315,29.394420478603717,29.897634480720395,29.642683692664008,29.942575285104716,27.265299899017496,28.112835051803742,28.673053934287775,31.687750537460627,30.491386502490936,27.457977587368465,28.98263317006919,28.27457289809286,31.573596257558123,0,24.852729160101067,30.14247425818428,28.253004679878146,29.51286413994804,28.600926076224805,28.347876959748742,25.405901275805814,29.60401423417897,30.110169802200897,28.051001061569156,28.61896155188667,27.694973966100235,27.40875654057641,27.80381152011833
Persian,27.201456847519392,27.248692044867404,26.888633409751957,28.797002303057834,29.67324118489791,28.325852297373046,29.924361049587265,28.118050074090377,29.427295102507365,30.94826305742561,28.796395963104988,30.44748538392511,29.254752998897487,26.7205457003333,29.284677220494018,30.047506057103593,30.22463830258907,30.419408249047404,26.82091166429363,29.275770324789896,28.668591456911066,31.283410315671087,29.792544263257653,28.056921659880075,30.11223804837419,28.97399794158759,31.195028455941852,24.852729160101067,0,29.783853390350306,28.79491127560895,29.486168428757914,28.472801038134083,28.19953810618736,26.208663032018734,29.677172094573095,30.63889331995056,28.92764944187254,28.316040985694933,27.584892759435498,27.573405064445687,28.19392828492039
Polish,30.44132186201214,30.795120691006336,30.186783186617745,29.245063638984398,24.870470862284098,26.08084025502057,30.484983031550108,24.912116277045115,25.602791702345968,30.450560870340528,29.85756246491869,30.72174552040507,29.860311028081856,30.427649418139286,30.037914203097984,30.485000618115336,30.94021992128409,30.808863899655407,29.671241317570935,32.10523697961131,27.988685185400414,28.79880297668819,28.339947815481136,25.495810630698198,30.975102436558263,29.841576721584456,31.13829440123342,30.14247425818428,29.783853390350306,0,28.906978699952997,28.886985823674653,24.813211012183274,24.441495424175866,29.87562117835011,23.257618741335737,26.43599668664217,29.67269859835932,29.789353564571133,24.133539254290763,29.26920011782587,28.414569373634514
Portuguese,28.44794658636273,29.10143769899907,29.365877501893415,28.76697678573477,29.03234698271414,27.492134326618142,24.760584579001023,27.63356583375452,28.98135123499917,29.033984434779644,27.795804545050512,29.474880823027647,26.602897613933653,22.198046283780876,29.229435031362822,29.42243194932372,30.806193765479506,31.36864497690471,28.09171659450814,28.5824000722415,25.495392556731478,31.459810504170825,30.73728358700029,27.205715393727306,29.91999067259078,29.14892257548612,30.32226498742458,28.253004679878146,28.79491127560895,28.906978699952997,0,27.292372730681446,28.23456284279335,27.584491370803615,28.389042558630877,27.87638166849789,28.69043985131997,21.46432641262406,28.213913808332666,27.46175681815399,28.577648709164254,27.48649273385574
Romanian,29.51010028245455,30.367973652417835,29.57734738962229,29.072843068839987,28.442578846113076,28.381136835486917,27.080245990444062,28.048826547960815,29.906661265967294,29.43333979894149,29.11869185187493,29.296249226543114,27.500617180327264,27.444697608122265,28.782951373433534,28.88122856575361,30.116037173347923,29.344317601390653,28.951675876628197,30.546875031806472,24.33796405582487,30.47039141370848,29.6164085611695,28.43205406104145,29.77002113953317,28.308304431302943,29.574645379742062,29.51286413994804,29.486168428757914,28.886985823674653,27.292372730681446,0,28.873185360627893,28.61181666057439,29.079347155618695,28.964448282039648,29.512315362181994,26.87550457672477,28.63857904720556,28.353268854292413,28.565342128047185,27.413142225346302
Russian,28.43563780982769,29.351008942449692,28.737715648820412,29.297499626560075,23.108149473237603,24.296844140573185,30.14931378306778,24.12466650898185,25.257987762203985,30.203826563101163,29.323340366842796,29.924299189470343,28.979780047315266,28.461297306971137,29.72253971952819,29.939596070115506,31.352565375880804,31.557467433976853,27.42432028565283,30.887615246513306,27.512210926714943,27.90736260392586,27.86877954393481,22.572258133707948,30.656202542371673,29.34457204357135,30.867232853644904,28.600926076224805,28.472801038134083,24.813211012183274,28.23456284279335,28.873185360627893,0,21.7520159498871,28.303487483671535,24.15422729281636,26.777029171647804,28.95780386727653,28.986358664409927,20.51033046511093,29.2507749816082,27.996448724632987
Serbian,28.20896005153918,29.439771642109847,28.66670014858746,28.648963974466465,17.945472552930653,22.54851492487033,29.457701175018,19.059350468570354,24.409761310520178,30.15934157890132,28.79666517821026,29.69702381807189,28.70124863136118,27.89949047703724,28.9752224034367,29.98933419890993,30.36625359608839,30.68962501811875,27.52046690802998,30.653452683444204,27.214834300773898,28.652155473424912,27.672083338398735,18.902770321100828,29.985667944258264,28.514068890094762,30.513566114591377,28.347876959748742,28.19953810618736,24.441495424175866,27.584491370803615,28.61181666057439,21.7520159498871,0,27.946573125226823,23.11274244981805,23.68018122848703,28.052291614230224,28.574066083624796,21.202581236517503,28.256133311337393,27.606063231563724
Sinhala,26.424608781736005,24.36250270722958,25.80567337744018,27.371500529857986,28.861289157974788,27.773256381333827,29.000775904164318,27.51286412414502,30.001911793744426,30.9985184152147,29.441803013736074,30.784129576664782,28.53448439112515,25.632431812381135,29.741489039898966,28.767058123418863,29.209964323109745,29.65239999816364,26.39162511965119,27.56060750377382,28.632471208036343,30.7142512699949,28.999610839182036,27.357045577117717,28.46491374146917,27.379674305390527,29.970479655746384,25.405901275805814,26.208663032018734,29.87562117835011,28.389042558630877,29.079347155618695,28.303487483671535,27.946573125226823,0,29.225479789846723,30.46479306632559,27.346945032424355,27.639012088332862,27.421578846905017,27.42410381865826,28.100067908887322
Slovak,29.592265204972247,29.91579737434699,30.047023509749817,29.465573637677927,24.034403919263934,24.838056913854622,29.62814721045994,23.292829554756402,22.071013051175957,29.541189291754513,29.04563764257884,30.219772458124545,28.974014334449954,29.254463682577153,29.211504189783323,30.138224454846664,30.812054463206064,30.818529411545455,28.875490105685508,31.011231109163624,28.10757836189024,29.406873609664327,29.448449997399074,24.32497308581439,30.099528358153474,28.75172766966171,30.41711121891453,29.60401423417897,29.677172094573095,23.257618741335737,27.87638166849789,28.964448282039648,24.15422729281636,23.11274244981805,29.225479789846723,0,25.00942712922386,28.41439073870063,29.088036714017367,23.408302895906786,28.647528307586605,27.88243481558052
Slovenian,30.141729877690754,31.341759933717753,30.863343963168468,30.41772968009998,24.92303040707163,26.033892019880287,30.223301561407187,23.05926563345361,26.700314628199504,30.03244899736512,29.24783401580108,30.885642922296928,29.474441129243605,30.11228441525158,29.66541050521315,30.90705204419574,31.32389263928116,31.599122864544515,30.250006220336726,31.523922727678915,28.64104395486008,30.64853209744911,29.845019056413626,25.736287153823312,30.841262036761247,29.85867114689684,30.502793434484616,30.110169802200897,30.63889331995056,26.43599668664217,28.69043985131997,29.512315362181994,26.777029171647804,23.68018122848703,30.46479306632559,25.00942712922386,0,28.667367291104142,29.82957287184975,25.909886643882004,29.721663246895794,29.129493952366367
Spanish,28.853399685631413,29.203521935479195,29.682497933552234,28.695044969253026,29.77696531789803,27.091437013095554,23.10331922534075,27.15436129041221,29.335674349023737,29.378365117430228,27.919418050944586,29.15357606555032,26.179893385197456,20.711782383340267,28.952738797433508,28.15364793198458,29.47227525392341,30.26203083903181,28.23797839135921,27.805855828675345,24.847493743177157,32.904915605172135,30.44893373482241,27.12585786775826,28.45003430631727,29.68943979456657,29.568647871308144,28.051001061569156,28.92764944187254,29.67269859835932,21.46432641262406,26.87550457672477,28.95780386727653,28.052291614230224,27.346945032424355,28.41439073870063,28.667367291104142,0,28.211666843627214,27.411446168935672,28.500430476277604,27.382509280430614
Swedish,26.17066306317823,29.55943054881643,29.406365682591773,28.71407297713038,29.729680444153654,28.02921249677989,28.622177128884136,28.138110113273033,29.530811563870813,25.722267495704447,26.42600305623188,26.870538471942854,29.26944066336804,27.5082120741828,26.17437701601992,30.041424855619177,29.598472258993624,30.155090004666103,25.104907233970103,29.081790321492928,28.409643794267947,31.516778087264175,29.823947405161633,27.958325128684738,29.34956191080261,28.808864984516962,23.38160186766212,28.61896155188667,28.316040985694933,29.789353564571133,28.213913808332666,28.63857904720556,28.986358664409927,28.574066083624796,27.639012088332862,29.088036714017367,29.82957287184975,28.211666843627214,0,28.403545553641283,28.05206635527225,27.73855093749434
Ukrainian,28.25016231638187,28.898997375678736,28.51101304129312,28.482127301282496,23.07789610776977,23.67577849102985,28.89413140573049,22.95067442789755,24.245629557857526,29.29098119230343,28.504745433472934,29.29553168092983,28.342591683421876,27.556193300922338,28.70492479150887,28.965311934075054,30.02780419538223,30.552356123073018,27.104839154424294,29.784214805040634,27.09726786914772,28.894772634025703,27.948278040146832,21.702036546518116,29.677892320675102,28.67884658121229,30.264738036119404,27.694973966100235,27.584892759435498,24.133539254290763,27.46175681815399,28.353268854292413,20.51033046511093,21.202581236517503,27.421578846905017,23.408302895906786,25.909886643882004,27.411446168935672,28.403545553641283,0,28.27528671914389,26.87660895091163
Urdu,29.504851955284565,29.31451143128076,29.723181267528417,24.750319828541066,28.930506471364605,27.57118442820022,29.236355532501094,27.846016956687357,29.31978821648617,29.717329491222365,29.341667331232518,29.44223967961445,28.85435214387681,28.778739548688044,28.91206798687291,29.487762296989974,25.882741964530645,22.882068847780786,28.86505134226136,29.89638802623372,28.272481087594194,30.720695693139103,30.247136832622868,27.616243661871007,26.399804663931096,25.251697366727136,30.06359241784624,27.40875654057641,27.573405064445687,29.26920011782587,28.577648709164254,28.565342128047185,29.2507749816082,28.256133311337393,27.42410381865826,28.647528307586605,29.721663246895794,28.500430476277604,28.05206635527225,28.27528671914389,0,27.406768616255626
Welsh,28.475431591014683,29.516481116803625,28.178584905486556,28.265938453323447,28.316483383905247,26.58478102648199,28.64915812959777,26.884956320408378,28.004911428716746,27.833780218876637,28.322469095209573,27.725565561531344,27.509372630868057,27.50358621385447,27.808271179273117,27.96280978828662,29.675063180261805,29.89716961469877,27.543707299281255,28.190030958497772,25.210920282013927,30.556587442804926,29.84000999438287,27.285767813863604,29.233428561898467,28.020113300122137,30.04509721757963,27.80381152011833,28.19392828492039,28.414569373634514,27.48649273385574,27.413142225346302,27.996448724632987,27.606063231563724,28.100067908887322,27.88243481558052,29.129493952366367,27.382509280430614,27.73855093749434,26.87660895091163,27.406768616255626,0
