,Afrikaans,Albanian,Armenian,Bengali,Bosnian,Bulgarian,Catalan,Croatian,Czech,Danish,Dutch,English,French,Galician,German,Greek,Gujarati,Hindi,Icelandic,Irish,Italian,Latvian,Lithuanian,Macedonian,Marathi,Nepali,Norwegian,Pashto,Persian,Polish,Portuguese,Romanian,Russian,Serbian,Sinhala,Slovak,Slovenian,Spanish,Swedish,Ukrainian,Urdu,Welsh
Afrikaans,0,230.1375779419952,267.4965646759979,258.4857276070544,259.522336920949,231.54800615780914,246.23105118930113,224.02158531755055,232.1620142723855,185.72475011905055,172.10803700937532,214.14788317617334,209.6354681158016,210.44660251795537,217.53005720743613,221.18598011757305,260.9151526243018,265.57958681154673,211.7525724844951,199.65287243598266,259.36907195160563,270.53528708350774,386.1820515827649,240.08905760267317,239.46456153207137,230.65740120860582,202.12325916732237,207.8957282051764,259.22714690738025,283.6796106335383,221.64980016752952,236.46481129299127,246.6781411531588,238.58582744930018,230.04887870854898,220.58503468514746,231.40486898592306,221.79228516976718,221.23369388310056,240.83433841768962,232.4547626661178,256.1783520755107
Albanian,230.1375779419952,0,274.9916837807021,262.0920495049511,272.4956362192164,240.61800488672694,252.31614959356216,229.38526490024248,246.84308763672703,214.78382720527648,234.84981751832592,253.5007535220928,211.53715029799105,215.46304876820705,252.8297867394086,221.7741916098728,274.0324832707138,270.0244790852356,245.8140453303096,206.11293784514186,253.98269960564454,289.77593588506454,401.48319409187405,249.5842633546322,244.18899341920886,232.49588782976682,240.70019358980701,214.17887397049483,267.7975771110016,296.32971114109733,224.2497340071082,240.18379085708855,258.85236601354853,252.19414879822304,221.89190862742942,232.07775574988793,242.2035079087996,219.9569700920862,254.26134015334497,246.9927871320695,233.71651026687613,259.14262221150665
Armenian,267.4965646759979,274.9916837807021,0,306.9260989473514,307.7701225469348,281.8438541072106,297.1649249377626,270.74648907465803,287.60698869921237,256.5766429089284,276.83700367926645,293.68687263605085,258.3811828498524,259.946148787441,289.39342941890004,260.2721701815617,319.40453833890945,315.9915083283958,271.8009630687513,249.91884164547577,299.6634228989624,320.60076832657137,426.4165953331065,289.8927410101609,290.9798077946062,281.53769928180606,277.24839632137537,254.27970225724664,294.0411506119805,333.87994406588047,270.80953864330723,281.3973060308977,295.7619896032826,287.74462171570104,270.4584395699633,271.95977747142604,286.9093256214195,271.2462208249979,293.3107647999246,286.86633333043216,281.5255954079806,296.40634775014854
Bengali,258.4857276070544,262.0920495049511,306.9260989473514,0,297.7337067292974,261.31367859973767,269.1051557246605,252.65875182539102,268.59377733009575,242.03209504832867,263.11455825035864,276.0005989725871,242.73384983562485,245.02032963302986,273.5741946446895,249.92126263448378,249.18680957952583,247.91087449651042,272.51189570178985,237.968223026526,283.9860127389151,316.1416403918656,423.8059797078797,269.20458785265146,237.77367183206735,224.66748313684414,262.812025593208,242.2855342670852,293.29104127850877,312.0149818134081,255.39206747039415,267.926366120819,283.80832057208033,271.7270594143941,253.1243263479689,255.0896003529082,262.303177900468,251.58203057358236,272.7519255863007,272.91500398793073,227.8146871103051,295.28531491119077
Bosnian,259.522336920949,272.4956362192164,307.7701225469348,297.7337067292974,0,227.34345739515703,293.87326401847986,184.51159954220353,233.28166895065894,250.88069710332337,270.5634379014668,289.95430387296415,254.52932260168924,257.30435627143703,282.6984880643081,262.3891003186019,305.6208282207654,310.00030561689357,270.0664267393402,252.87628182068448,290.70177071653444,291.87330082511306,384.90995689257085,205.2490506157543,286.8214887372722,277.0574599156444,268.4450866170376,256.3739199626628,294.18817918226443,263.90615430051434,265.4127605140543,271.60506488364325,225.1233624029586,159.77698228234686,269.74012914099876,216.68389439570996,225.38293526983406,262.0222245133,285.65691058536186,214.15148855297875,276.7954071213784,297.90435699673185
Bulgarian,231.54800615780914,240.61800488672694,281.8438541072106,261.31367859973767,227.34345739515703,0,249.8084709014598,182.69585628985368,215.8620561945798,215.08444715066128,237.01787869030042,251.23885749824743,219.5949679178108,219.8153253808409,248.50605525267287,222.91979047628885,267.8738885734447,265.4243604674598,247.64261886407553,214.87197106269642,252.75226238574086,283.3262261337942,377.78919191030036,195.07782972216233,246.04482239589686,237.99890141437265,237.16909513872233,225.16945868191416,267.21895018423413,256.0454064569112,230.02623742128714,238.5157670225459,225.52966062198166,205.54086667035614,234.5024465551526,201.4741898843936,213.07299632979877,219.567836267798,251.25373962761185,219.0311407752497,233.52532007998195,262.1085309122895
Catalan,246.23105118930113,252.31614959356216,297.1649249377626,269.1051557246605,293.87326401847986,249.8084709014598,0,247.09596530774442,263.6552048472675,228.3469981574761,252.2944712495668,260.57336316768505,213.08685089613826,195.2698135962672,263.96432447313913,241.18675265814412,279.51223437683745,280.2356756393593,261.8677579665219,226.47998193279267,244.14363369218393,306.1278789523754,406.3766630831095,264.34915373683924,256.8079727741695,256.1150755113444,238.93573100241179,236.97245322795914,285.3285694368293,305.69501946728053,211.995251609934,235.6324516447745,276.9456427441825,267.01037124173695,252.6443300722278,246.21617125483564,258.86458752159245,202.29798590528546,258.8112476764081,269.3556173908596,254.3391472459726,287.6468558599294
Croatian,224.02158531755055,229.38526490024248,270.74648907465803,252.65875182539102,184.51159954220353,182.69585628985368,247.09596530774442,0,196.8967685405829,205.12538311933616,227.54375421278704,245.31935467736926,208.1199743285968,212.9104359770129,240.63846715900542,212.56889065673815,262.099769216895,262.53962282723126,238.69657915366474,204.67380577152116,241.37143582611637,271.3279049485456,363.25809443587536,195.7264986069869,238.175096946391,226.01059260750714,231.8496649706254,211.63319858416097,255.37344430075765,240.6250033862104,220.88666658257333,229.80456568538986,215.73935956430708,164.8934971674256,221.31553323739072,184.91976054400095,186.7865072500621,211.21106944551346,243.52889958628802,199.6157602208832,226.8072885017131,250.0475476431565
Czech,232.1620142723855,246.84308763672703,287.60698869921237,268.59377733009575,233.28166895065894,215.8620561945798,263.6552048472675,196.8967685405829,0,217.91073053169077,242.867630127895,255.4206770154701,220.16063580109875,225.87769354740362,258.383138331884,231.83495085098528,276.60617147431446,280.30695123706255,248.8107911710063,217.45027282230396,267.92401230207724,273.079094908229,377.5926415701979,226.6346899360557,254.85275545703422,243.50074418062684,241.29116770822054,225.87434253168306,273.19623142441776,242.600701233267,238.3877084325708,248.74602266768431,222.7911191461478,211.3373695981927,239.79977855293973,167.5222549198675,218.61402816934617,227.88749628800738,257.60443342886305,211.35201372273121,241.38525955923737,263.20121401527274
Danish,185.72475011905055,214.78382720527648,256.5766429089284,242.03209504832867,250.88069710332337,215.08444715066128,228.3469981574761,205.12538311933616,217.91073053169077,0,195.94290539888394,197.50981658249466,188.53230652653005,192.62929767516727,199.05888373900748,200.5787443346409,246.3130191550439,244.31336107438528,195.1782004157679,176.8488681401819,237.9760238428622,268.1061704984831,379.46880683847604,229.01919644709523,222.2480891140647,208.50910984395446,174.61806420434823,191.62731537429903,244.40304410130824,268.89859416155826,200.61799280501663,218.53694848199413,236.120106772344,228.01707755861483,209.86976384802398,204.19892120236705,215.35835723068473,196.54648873448252,197.20495032334898,226.93131417776263,211.70852286154033,236.21700909308103
Dutch,172.10803700937532,234.84981751832592,276.83700367926645,263.11455825035864,270.5634379014668,237.01787869030042,252.2944712495668,227.54375421278704,242.867630127895,195.94290539888394,0,218.85171704926896,216.09039300007953,220.23848245102087,209.20781287989382,220.71413399253714,268.91494610450343,267.29956051857044,227.32421180339477,208.11384668099615,262.3920626147164,282.5315664791474,394.77897037595966,248.47731164623784,245.68300178696265,234.48415189231474,214.51725649095988,217.49856716014804,263.14063862003434,292.7477018267024,226.44226307981864,243.2724336951031,259.63714873635905,249.49244234860228,236.57154162402244,231.00160901262683,237.7396600535666,223.81315359747265,225.9735344397268,250.4822611607337,235.63176256168848,261.5743889844826
English,214.14788317617334,253.5007535220928,293.68687263605085,276.0005989725871,289.95430387296415,251.23885749824743,260.57336316768505,245.31935467736926,255.4206770154701,197.50981658249466,218.85171704926896,0,225.52685527314907,229.64182388616794,237.61670769908088,243.04524982543938,274.84474608684815,282.9042773407781,239.0848365945214,215.75067867069646,274.16514954557147,300.18099532290273,409.9322429313153,266.1471691426327,256.8672718146999,250.87032203006092,224.09246777265162,235.3096226187295,282.76331621156993,304.680264539929,236.3020299446382,254.37704644776178,272.89279671158846,265.45867759895503,257.48944030351214,243.0897185796395,254.17263368117983,236.58361963968613,239.53875882870813,265.2325803097628,251.0352167760914,272.2710192343055
French,209.6354681158016,211.53715029799105,258.3811828498524,242.73384983562485,254.52932260168924,219.5949679178108,213.08685089613826,208.1199743285968,220.16063580109875,188.53230652653005,216.09039300007953,225.52685527314907,0,184.33183801911855,229.42796219957052,200.11476403216716,252.29036451546213,250.10662118488747,227.80339584285773,183.6885375056498,220.9537958838518,266.5998744557403,379.6175776859877,232.05291930360903,223.0388278348244,211.42106618198815,216.6292033049674,195.19702324621448,249.53303522144662,272.4552880533509,192.0980838054395,214.99372130049386,239.53104123558384,230.88868696986398,212.76854941031272,208.53743625411414,218.25247692827682,186.6442953716745,234.91359577933113,229.46941495619123,215.89131625987773,238.49169210062033
Galician,210.44660251795537,215.46304876820705,259.946148787441,245.02032963302986,257.30435627143703,219.8153253808409,195.2698135962672,212.9104359770129,225.87769354740362,192.62929767516727,220.23848245102087,229.64182388616794,184.33183801911855,0,235.54010653481345,206.77590382397187,253.2732960437445,252.31692873650084,222.42526361402008,188.31408119939118,212.08432441411634,275.9579059695253,384.53378240211714,231.775650014131,226.2716690349099,214.59180598524446,216.86656664883878,199.956629205032,249.3928027902445,277.0907440886617,167.97196120535511,212.0621966235613,243.8474849510667,234.61275216439026,212.76744767795014,212.47930335362545,226.3787246254503,147.6175988923619,229.0219657350037,233.94101985985608,220.46500043161092,243.27384173967914
German,217.53005720743613,252.8297867394086,289.39342941890004,273.5741946446895,282.6984880643081,248.50605525267287,263.96432447313913,240.63846715900542,258.383138331884,199.05888373900748,209.20781287989382,237.61670769908088,229.42796219957052,235.54010653481345,0,232.57746679854182,282.07021619718375,279.9569390176161,237.47320021118495,221.21118628210243,271.0426838293268,291.0624519066383,400.73560661472555,262.7150038346595,259.35449965579903,252.2105446983896,230.38402003389317,235.2306711568076,273.6719855585626,306.2615349862051,250.00532464605726,250.7433713109526,275.9034570938356,260.92960272630705,257.1208600121896,243.24093369298458,251.5096166020975,242.16721124658574,237.36093858345066,264.624518627426,252.7809026368979,276.02160846075924
Greek,221.18598011757305,221.7741916098728,260.2721701815617,249.92126263448378,262.3891003186019,222.91979047628885,241.18675265814412,212.56889065673815,231.83495085098528,200.5787443346409,220.71413399253714,243.04524982543938,200.11476403216716,206.77590382397187,232.57746679854182,0,259.6120476182572,255.68317322285202,230.30485303143962,196.39834291678446,237.99060615191817,271.88877401009955,372.40610766181385,239.1171339249452,235.2346803473913,217.27569160134462,229.65237213973106,203.40698424015915,253.50564451144774,280.00630172689,213.99141666871623,227.95781227558433,246.98322330057889,240.71150054922362,215.07239560996004,220.5297638967412,230.29107505917608,204.40177165199066,240.8058896065707,234.5029347474387,223.62751722210402,241.08489000377654
Gujarati,260.9151526243018,274.0324832707138,319.40453833890945,249.18680957952583,305.6208282207654,267.8738885734447,279.51223437683745,262.099769216895,276.60617147431446,246.3130191550439,268.91494610450343,274.84474608684815,252.29036451546213,253.2732960437445,282.07021619718375,259.6120476182572,0,222.81404817519888,281.23225613343624,248.91536208416656,295.4522773408766,325.3997425861905,428.28708515623845,279.84589137903924,199.7769591177797,238.06215009645948,267.2121202736149,246.03494548404348,300.1477180842969,325.33850734214127,272.2358315032594,274.94834994651086,296.81040446338824,281.5752837831658,266.6256816294805,268.74965341172623,274.2727157425017,258.1584748666534,282.72892965821086,286.0513393738078,233.65275956983552,305.84875110132094
Hindi,265.57958681154673,270.0244790852356,315.9915083283958,247.91087449651042,310.00030561689357,265.4243604674598,280.2356756393593,262.53962282723126,280.30695123706255,244.31336107438528,267.29956051857044,282.9042773407781,250.10662118488747,252.31692873650084,279.9569390176161,255.68317322285202,222.81404817519888,0,281.67731269957613,245.47619788617465,292.223987213432,328.2112861530788,432.88762210013226,276.4812226626895,217.22736230827343,231.2946676206516,267.01864567527247,241.33769553684652,292.3495780282553,326.79623692306,270.0143872540418,270.4235821079308,298.8675515193401,284.2895074130039,258.4127799010722,271.2948736326904,275.566191225027,255.7808560712617,282.2996326718086,284.35905147331255,204.4173002659784,302.9342266202684
Icelandic,211.7525724844951,245.8140453303096,271.8009630687513,272.51189570178985,270.0664267393402,247.64261886407553,261.8677579665219,238.69657915366474,248.8107911710063,195.1782004157679,227.32421180339477,239.0848365945214,227.80339584285773,222.42526361402008,237.47320021118495,230.30485303143962,281.23225613343624,281.67731269957613,0,218.9106168811394,265.77911865549135,278.3113072286291,377.88722170453235,253.36605169797244,258.6532013798422,248.9916474022157,210.04443086676295,229.28175325349324,265.2927148820186,297.10925435750045,238.20732270862695,248.17758616540735,257.0091965486541,248.68435074324486,241.48654800681348,237.2384147666225,249.97944069130094,236.35688573376387,224.58248289902753,248.12315867976446,247.63789740494457,270.1987271292021
Irish,199.65287243598266,206.11293784514186,249.91884164547577,237.968223026526,252.87628182068448,214.87197106269642,226.47998193279267,204.67380577152116,217.45027282230396,176.8488681401819,208.11384668099615,215.75067867069646,183.6885375056498,188.31408119939118,221.21118628210243,196.39834291678446,248.91536208416656,245.47619788617465,218.9106168811394,0,237.9763055402036,266.2822801103863,379.87864816728785,226.11676401712253,219.61537575589688,204.31919068774403,211.8681396292889,182.93906444786796,241.8917182628512,269.3793298021845,195.9857686590336,216.76169565953538,235.9751599901176,233.1319556281948,202.7578316650824,202.20938636458266,215.56995338682896,191.81968055957702,223.36952327747954,226.96968662627285,209.3673686852303,225.50930454551408
Italian,259.36907195160563,253.98269960564454,299.6634228989624,283.9860127389151,290.70177071653444,252.75226238574086,244.14363369218393,241.37143582611637,267.92401230207724,237.9760238428622,262.3920626147164,274.16514954557147,220.9537958838518,212.08432441411634,271.0426838293268,237.99060615191817,295.4522773408766,292.223987213432,265.77911865549135,237.9763055402036,0,315.8021068160954,413.53485526128304,267.9598261181387,269.16451122948985,249.1393368780243,263.46247820636853,240.92688725039935,289.96465079909404,310.6391266217079,229.2048929748059,229.66120591743228,281.72187247865037,268.22087974320283,250.10166005791814,255.03772400403696,264.40038649987076,210.948884691146,273.0653224072374,266.9456190562634,261.3587414279107,268.4154063841708
Latvian,270.53528708350774,289.77593588506454,320.60076832657137,316.1416403918656,291.87330082511306,283.3262261337942,306.1278789523754,271.3279049485456,273.079094908229,268.1061704984831,282.5315664791474,300.18099532290273,266.5998744557403,275.9579059695253,291.0624519066383,271.88877401009955,325.3997425861905,328.2112861530788,278.3113072286291,266.2822801103863,315.8021068160954,0,346.3460633503505,283.5640993704061,301.87698163531275,302.0428121580872,277.800090215271,275.2160789586867,318.94024962026566,310.19367794013687,279.47085839900706,291.8587217798807,278.5253401535595,270.8645456669625,294.39935352120733,264.9739061599601,277.14646185904695,288.5404664246181,297.47637582468565,277.80271379052175,293.8919516809446,318.6137071059434
Lithuanian,386.1820515827649,401.48319409187405,426.4165953331065,423.8059797078797,384.90995689257085,377.78919191030036,406.3766630831095,363.25809443587536,377.5926415701979,379.46880683847604,394.77897037595966,409.9322429313153,379.6175776859877,384.53378240211714,400.73560661472555,372.40610766181385,428.28708515623845,432.88762210013226,377.88722170453235,379.87864816728785,413.53485526128304,346.3460633503505,0,384.1639768696483,416.64205086879423,410.1650589067293,378.62883222907317,384.2119211802757,413.02151047838373,412.7756872204941,396.9873989557291,389.08950869626676,381.2235973842939,362.95982785923417,399.08258808880265,375.60483153462405,374.7124700112729,391.9107813275945,399.6923796659825,369.0956430530122,405.2114949863984,424.5719433519111
Macedonian,240.08905760267317,249.5842633546322,289.8927410101609,269.20458785265146,205.2490506157543,195.07782972216233,264.34915373683924,195.7264986069869,226.6346899360557,229.01919644709523,248.47731164623784,266.1471691426327,232.05291930360903,231.775650014131,262.7150038346595,239.1171339249452,279.84589137903924,276.4812226626895,253.36605169797244,226.11676401712253,267.9598261181387,283.5640993704061,384.1639768696483,0,257.6871783973982,250.24003768655075,248.5441679490162,230.5932466550766,277.74890195118877,261.08499833138933,241.7623097411783,249.32046688532733,220.28936857529047,182.39438014921694,246.2085456197507,208.78041947865734,222.59719177507156,235.61437952998554,261.7121402329709,211.96085917558204,245.61959135889668,278.8545414962548
Marathi,239.46456153207137,244.18899341920886,290.9798077946062,237.77367183206735,286.8214887372722,246.04482239589686,256.8079727741695,238.175096946391,254.85275545703422,222.2480891140647,245.68300178696265,256.8672718146999,223.0388278348244,226.2716690349099,259.35449965579903,235.2346803473913,199.7769591177797,217.22736230827343,258.6532013798422,219.61537575589688,269.16451122948985,301.87698163531275,416.64205086879423,257.6871783973982,0,219.46341184565313,246.45367937972736,219.44347604248625,278.23327929387415,302.6076870937706,241.57174848605084,250.71018969591339,270.53414127911327,260.9526309447175,238.67772788298873,242.3455445338998,249.65600656721284,231.41872217581403,260.7996759730626,261.46221114936566,218.62988851711086,276.65206227975114
Nepali,230.65740120860582,232.49588782976682,281.53769928180606,224.66748313684414,277.0574599156444,237.99890141437265,256.1150755113444,226.01059260750714,243.50074418062684,208.50910984395446,234.48415189231474,250.87032203006092,211.42106618198815,214.59180598524446,252.2105446983896,217.27569160134462,238.06215009645948,231.2946676206516,248.9916474022157,204.31919068774403,249.1393368780243,302.0428121580872,410.1650589067293,250.24003768655075,219.46341184565313,0,242.1809649122651,207.47445068103278,264.84512405335687,299.7312938738766,228.15747877308337,241.77031968216372,265.99381281248384,255.22549786854555,214.92516797256982,233.02883895130236,241.99636651604737,213.28207620704237,250.91632953651302,251.564383952048,202.72573013466814,256.13278452308975
Norwegian,202.12325916732237,240.70019358980701,277.24839632137537,262.812025593208,268.4450866170376,237.16909513872233,238.93573100241179,231.8496649706254,241.29116770822054,174.61806420434823,214.51725649095988,224.09246777265162,216.6292033049674,216.86656664883878,230.38402003389317,229.65237213973106,267.2121202736149,267.01864567527247,210.04443086676295,211.8681396292889,263.46247820636853,277.800090215271,378.62883222907317,248.5441679490162,246.45367937972736,242.1809649122651,0,222.4794201765551,267.80573414527964,284.9377420183808,228.03285798463835,240.43328204844738,255.61929808056985,245.04643686955077,241.51366799455334,227.17951028422502,234.62581488613935,224.61767416573483,185.70188585954926,247.8185231207288,235.8290406255392,272.05142794688766
Pashto,207.8957282051764,214.17887397049483,254.27970225724664,242.2855342670852,256.3739199626628,225.16945868191416,236.97245322795914,211.63319858416097,225.87434253168306,191.62731537429903,217.49856716014804,235.3096226187295,195.19702324621448,199.956629205032,235.2306711568076,203.40698424015915,246.03494548404348,241.33769553684652,229.28175325349324,182.93906444786796,240.92688725039935,275.2160789586867,384.2119211802757,230.5932466550766,219.44347604248625,207.47445068103278,222.4794201765551,0,230.97301089184566,277.65333169750926,210.17159440035073,224.38093189682394,244.43595755046996,233.94699400141297,204.66091585582708,215.54910791626216,222.84179406384092,201.4105522074949,236.3249196428453,233.4244094204683,202.85287959821463,241.52163132747202
Persian,259.22714690738025,267.7975771110016,294.0411506119805,293.29104127850877,294.18817918226443,267.21895018423413,285.3285694368293,255.37344430075765,273.19623142441776,244.40304410130824,263.14063862003434,282.76331621156993,249.53303522144662,249.3928027902445,273.6719855585626,253.50564451144774,300.1477180842969,292.3495780282553,265.2927148820186,241.8917182628512,289.96465079909404,318.94024962026566,413.02151047838373,277.74890195118877,278.23327929387415,264.84512405335687,267.80573414527964,230.97301089184566,0,319.8720076233925,265.43135819192753,268.26645364048966,289.74765961829513,273.89408860540783,259.5758272742039,261.26948201729584,270.6119048364705,257.7072799957826,275.97008408172576,271.8845883413879,253.6593620889138,292.7854981671108
Polish,283.6796106335383,296.32971114109733,333.87994406588047,312.0149818134081,263.90615430051434,256.0454064569112,305.69501946728053,240.6250033862104,242.600701233267,268.89859416155826,292.7477018267024,304.680264539929,272.4552880533509,277.0907440886617,306.2615349862051,280.00630172689,325.33850734214127,326.79623692306,297.10925435750045,269.3793298021845,310.6391266217079,310.19367794013687,412.7756872204941,261.08499833138933,302.6076870937706,299.7312938738766,284.9377420183808,277.65333169750926,319.8720076233925,0,281.7336106168431,288.8941077290808,256.01498069320354,247.41596558896097,293.81501832487356,221.77953529206687,256.2140513652795,279.5194367369032,299.8365678632739,244.120953663717,294.4803517063038,316.10100485598224
Portuguese,221.64980016752952,224.2497340071082,270.80953864330723,255.39206747039415,265.4127605140543,230.02623742128714,211.995251609934,220.88666658257333,238.3877084325708,200.61799280501663,226.44226307981864,236.3020299446382,192.0980838054395,167.97196120535511,250.00532464605726,213.99141666871623,272.2358315032594,270.0143872540418,238.20732270862695,195.9857686590336,229.2048929748059,279.47085839900706,396.9873989557291,241.7623097411783,241.57174848605084,228.15747877308337,228.03285798463835,210.17159440035073,265.43135819192753,281.7336106168431,0,224.8306299576294,248.9659901527263,244.14111571647624,224.20590576919068,219.1175928428903,235.24611083601127,174.16135715545522,240.23495893049363,242.90568119570156,230.62320280189596,252.8808441299881
Romanian,236.46481129299127,240.18379085708855,281.3973060308977,267.926366120819,271.60506488364325,238.5157670225459,235.6324516447745,229.80456568538986,248.74602266768431,218.53694848199413,243.2724336951031,254.37704644776178,214.99372130049386,212.0621966235613,250.7433713109526,227.95781227558433,274.94834994651086,270.4235821079308,248.17758616540735,216.76169565953538,229.66120591743228,291.8587217798807,389.08950869626676,249.32046688532733,250.71018969591339,241.77031968216372,240.43328204844738,224.38093189682394,268.26645364048966,288.8941077290808,224.8306299576294,0,262.87853846306825,250.1410883167229,241.15086372968943,238.43512671550926,244.19981117670613,216.56575748726644,253.65914315043028,251.70633662723586,245.55783396526496,265.899299959849
Russian,246.6781411531588,258.85236601354853,295.7619896032826,283.80832057208033,225.1233624029586,225.52966062198166,276.9456427441825,215.73935956430708,222.7911191461478,236.120106772344,259.63714873635905,272.89279671158846,239.53104123558384,243.8474849510667,275.9034570938356,246.98322330057889,296.81040446338824,298.8675515193401,257.0091965486541,235.9751599901176,281.72187247865037,278.5253401535595,381.2235973842939,220.28936857529047,270.53414127911327,265.99381281248384,255.61929808056985,244.43595755046996,289.74765961829513,256.01498069320354,248.9659901527263,262.87853846306825,0,207.96580870716505,257.2655739064716,204.82460120796745,234.01816680038493,248.70378379091042,271.42036708137505,197.65724243133036,262.8509798389801,288.23099827366855
Serbian,238.58582744930018,252.19414879822304,287.74462171570104,271.7270594143941,159.77698228234686,205.54086667035614,267.01037124173695,164.8934971674256,211.3373695981927,228.01707755861483,249.49244234860228,265.45867759895503,230.88868696986398,234.61275216439026,260.92960272630705,240.71150054922362,281.5752837831658,284.2895074130039,248.68435074324486,233.1319556281948,268.22087974320283,270.8645456669625,362.95982785923417,182.39438014921694,260.9526309447175,255.22549786854555,245.04643686955077,233.94699400141297,273.89408860540783,247.41596558896097,244.14111571647624,250.1410883167229,207.96580870716505,0,248.86631258658895,196.81611326591263,200.572541288837,240.76117575610667,259.93513180223795,196.1733691922043,251.73261190021506,280.07700108064125
Sinhala,230.04887870854898,221.89190862742942,270.4584395699633,253.1243263479689,269.74012914099876,234.5024465551526,252.6443300722278,221.31553323739072,239.79977855293973,209.86976384802398,236.57154162402244,257.48944030351214,212.76854941031272,212.76744767795014,257.1208600121896,215.07239560996004,266.6256816294805,258.4127799010722,241.48654800681348,202.7578316650824,250.10166005791814,294.39935352120733,399.08258808880265,246.2085456197507,238.67772788298873,214.92516797256982,241.51366799455334,204.66091585582708,259.5758272742039,293.81501832487356,224.20590576919068,241.15086372968943,257.2655739064716,248.86631258658895,0,228.83285352644597,241.48643328193828,214.22715441120116,252.0602069253488,243.0782852085741,224.9342441986248,254.0419870550314
Slovak,220.58503468514746,232.07775574988793,271.95977747142604,255.0896003529082,216.68389439570996,201.4741898843936,246.21617125483564,184.91976054400095,167.5222549198675,204.19892120236705,231.00160901262683,243.0897185796395,208.53743625411414,212.47930335362545,243.24093369298458,220.5297638967412,268.74965341172623,271.2948736326904,237.2384147666225,202.20938636458266,255.03772400403696,264.9739061599601,375.60483153462405,208.78041947865734,242.3455445338998,233.02883895130236,227.17951028422502,215.54910791626216,261.26948201729584,221.77953529206687,219.1175928428903,238.43512671550926,204.82460120796745,196.81611326591263,228.83285352644597,0,204.76246318135236,216.00236635907234,241.21402380809815,201.03633471720644,232.53139876195488,254.03147838547252
Slovenian,231.40486898592306,242.2035079087996,286.9093256214195,262.303177900468,225.38293526983406,213.07299632979877,258.86458752159245,186.7865072500621,218.61402816934617,215.35835723068473,237.7396600535666,254.17263368117983,218.25247692827682,226.3787246254503,251.5096166020975,230.29107505917608,274.2727157425017,275.566191225027,249.97944069130094,215.56995338682896,264.40038649987076,277.14646185904695,374.7124700112729,222.59719177507156,249.65600656721284,241.99636651604737,234.62581488613935,222.84179406384092,270.6119048364705,256.2140513652795,235.24611083601127,244.19981117670613,234.01816680038493,200.572541288837,241.48643328193828,204.76246318135236,0,228.16142934290426,252.34282006940504,222.95126531795376,241.12085540414594,268.765794365482
Spanish,221.79228516976718,219.9569700920862,271.2462208249979,251.58203057358236,262.0222245133,219.567836267798,202.29798590528546,211.21106944551346,227.88749628800738,196.54648873448252,223.81315359747265,236.58361963968613,186.6442953716745,147.6175988923619,242.16721124658574,204.40177165199066,258.1584748666534,255.7808560712617,236.35688573376387,191.81968055957702,210.948884691146,288.5404664246181,391.9107813275945,235.61437952998554,231.41872217581403,213.28207620704237,224.61767416573483,201.4105522074949,257.7072799957826,279.5194367369032,174.16135715545522,216.56575748726644,248.70378379091042,240.76117575610667,214.22715441120116,216.00236635907234,228.16142934290426,0,236.80924949460479,235.4522979659849,221.93474564422146,244.0993186226815
Swedish,221.23369388310056,254.26134015334497,293.3107647999246,272.7519255863007,285.65691058536186,251.25373962761185,258.8112476764081,243.52889958628802,257.60443342886305,197.20495032334898,225.9735344397268,239.53875882870813,234.91359577933113,229.0219657350037,237.36093858345066,240.8058896065707,282.72892965821086,282.2996326718086,224.58248289902753,223.36952327747954,273.0653224072374,297.47637582468565,399.6923796659825,261.7121402329709,260.7996759730626,250.91632953651302,185.70188585954926,236.3249196428453,275.97008408172576,299.8365678632739,240.23495893049363,253.65914315043028,271.42036708137505,259.93513180223795,252.0602069253488,241.21402380809815,252.34282006940504,236.80924949460479,0,259.69310839023245,248.52688424290002,277.4702225272252
Ukrainian,240.83433841768962,246.9927871320695,286.86633333043216,272.91500398793073,214.15148855297875,219.0311407752497,269.3556173908596,199.6157602208832,211.35201372273121,226.93131417776263,250.4822611607337,265.2325803097628,229.46941495619123,233.94101985985608,264.624518627426,234.5029347474387,286.0513393738078,284.35905147331255,248.12315867976446,226.96968662627285,266.9456190562634,277.80271379052175,369.0956430530122,211.96085917558204,261.46221114936566,251.564383952048,247.8185231207288,233.4244094204683,271.8845883413879,244.120953663717,242.90568119570156,251.70633662723586,197.65724243133036,196.1733691922043,243.0782852085741,201.03633471720644,222.95126531795376,235.4522979659849,259.69310839023245,0,251.7812003420684,270.6149616074369
Urdu,232.4547626661178,233.71651026687613,281.5255954079806,227.8146871103051,276.7954071213784,233.52532007998195,254.3391472459726,226.8072885017131,241.38525955923737,211.70852286154033,235.63176256168848,251.0352167760914,215.89131625987773,220.46500043161092,252.7809026368979,223.62751722210402,233.65275956983552,204.4173002659784,247.63789740494457,209.3673686852303,261.3587414279107,293.8919516809446,405.2114949863984,245.61959135889668,218.62988851711086,202.72573013466814,235.8290406255392,202.85287959821463,253.6593620889138,294.4803517063038,230.62320280189596,245.55783396526496,262.8509798389801,251.73261190021506,224.9342441986248,232.53139876195488,241.12085540414594,221.93474564422146,248.52688424290002,251.7812003420684,0,263.60813219522623
Welsh,256.1783520755107,259.14262221150665,296.40634775014854,295.28531491119077,297.90435699673185,262.1085309122895,287.6468558599294,250.0475476431565,263.20121401527274,236.21700909308103,261.5743889844826,272.2710192343055,238.49169210062033,243.27384173967914,276.02160846075924,241.08489000377654,305.84875110132094,302.9342266202684,270.1987271292021,225.50930454551408,268.4154063841708,318.6137071059434,424.5719433519111,278.8545414962548,276.65206227975114,256.13278452308975,272.05142794688766,241.52163132747202,292.7854981671108,316.10100485598224,252.8808441299881,265.899299959849,288.23099827366855,280.07700108064125,254.0419870550314,254.03147838547252,268.765794365482,244.0993186226815,277.4702225272252,270.6149616074369,263.60813219522623,0
