,Afrikaans,Albanian,Armenian,Bengali,Bosnian,Bulgarian,Catalan,Croatian,Czech,Danish,Dutch,English,French,Galician,German,Greek,Gujarati,Hindi,Icelandic,Irish,Italian,Latvian,Lithuanian,Macedonian,Marathi,Nepali,Norwegian,Pashto,Persian,Polish,Portuguese,Romanian,Russian,Serbian,Sinhala,Slovak,Slovenian,Spanish,Swedish,Ukrainian,Urdu,Welsh
Afrikaans,0,598.2981393884371,707.7701128047296,594.9072479254897,679.8461324286802,592.9177707830855,574.5521238708458,607.0498583624349,622.6277847599537,529.4255651851919,513.0090795493635,589.6714756675042,556.7928257536306,557.5417429909195,577.950935423241,602.1714636025973,598.2992046412612,617.1221768338835,579.5868069281225,527.8410961917175,703.4690473352696,664.3368208996189,833.1868211657068,617.946542896938,579.6243654957049,658.4003674147509,528.1486760274695,559.7232393394469,670.000187052589,702.8128009516112,597.2187770265948,615.0375737097243,637.6288754856404,613.6706339899936,651.239463142407,589.656752419342,596.9627281839616,614.5115953772715,578.1071777116086,643.2378400029819,598.5781233783995,715.7992217698907
Albanian,598.2981393884371,0,750.0019032395262,645.872478254023,721.8697955232899,638.6017620041553,622.5072552867492,651.0149584995039,674.9749089932805,593.3308072513884,650.9144228779097,659.1521507531977,602.223546748384,600.9687468328148,650.2216606251011,647.6353276247353,654.962854616116,668.5024701285382,651.3743214702587,576.4049546890233,740.6254281276712,711.946592402589,881.3458066373802,659.0245756302037,627.6716521904924,705.4021120370406,595.0745124368365,611.8235568415029,717.6379385007233,752.3845198643517,642.9400297963772,662.0274097577934,681.4722169835733,657.8431010166264,683.2986105918167,637.2096618163712,644.3212094515795,653.7329703268396,649.2790120447563,686.0025477919697,645.5724208075795,761.1965387649021
Armenian,707.7701128047296,750.0019032395262,0,754.2625994382307,835.3740323775669,757.0845646003477,734.7775044311619,764.1582665854904,780.9383074161638,703.7914080388124,758.5156120690685,768.8985196645868,716.5888957299064,714.816616559255,761.8763507776696,758.4369585376318,765.6698986963552,778.9296316792008,751.3620798643394,688.988392899507,860.3510510588195,812.0286126193313,974.9072317510552,773.036378612677,742.3215727444822,820.1223505910463,706.0805771179056,716.6343926470038,812.0314707553827,856.8688807754945,751.7162991054672,774.629406985276,794.0623800318397,772.4815359869239,797.3964154793099,750.716173072029,761.1152451564359,772.1288129407756,756.6420864066105,798.3423841416975,755.1867910149145,870.4960256369089
Bengali,594.9072479254897,645.872478254023,754.2625994382307,0,727.510100023976,635.6165198970809,613.0289290892632,653.5634400177629,665.5109835549316,586.232639218693,640.6241941815576,650.4623657275816,598.9117740145294,599.1701176769321,638.7967597996791,634.3801179504491,606.8513670712969,617.2660634764705,646.0296362952251,572.7669618061121,738.4045667260888,709.4345097213655,874.1847128827163,661.8561717334829,592.6444875209152,655.3285225478651,585.1673918197238,605.2359660806746,710.206546565249,740.6673208045569,633.6553509977067,654.5612025611979,682.7091202863915,660.8124768546791,686.6680551170645,635.1525585261428,638.8295832773857,648.9879969349046,636.5417215959122,689.095691932546,597.0535081264933,760.045498788145
Bosnian,679.8461324286802,721.8697955232899,835.3740323775669,727.510100023976,0,668.6172887753906,706.2639793388398,618.2071423262264,709.3469622786265,673.0126436610566,729.4330540016527,743.2808537014276,683.6778990041772,685.9769908110435,729.413926744492,732.9890103002085,735.4170114329285,752.2797849615566,730.6751583029144,666.9577600149954,812.728572104359,776.1561147285918,942.7849899650212,646.7820027588907,710.3602224471665,789.6943453529856,671.6595103731039,699.988087242359,801.765985582349,783.2900594427138,721.0032636763497,741.9826496644943,693.3718319431604,578.0022058939652,779.1951922311149,666.5729921910079,673.456289375524,735.124716622912,725.4625501222183,694.6767989733066,730.5169959091141,843.9437457905908
Bulgarian,592.9177707830855,638.6017620041553,757.0845646003477,635.6165198970809,668.6172887753906,0,611.7252646984556,585.735064898645,630.2343484840959,581.9114739738145,640.5522633091149,646.0144861637461,597.9919695238781,593.3479475914382,641.2568106936071,638.6022622556816,639.1246223305342,655.3077065418593,647.1639861279593,573.9657371782127,726.8406016476944,702.2761503724372,864.6207717572952,594.99532206544,615.3837422932077,699.316139689501,581.6041978258573,608.3325473590318,712.1209669810713,712.8644832273295,635.2974656368363,652.7647232825686,647.5201635934219,606.7686092641457,688.5138750882659,594.7759940181496,604.1310497693943,642.784667230075,636.3971771749106,653.4022102823598,638.1037573014596,754.7331149000019
Catalan,574.5521238708458,622.5072552867492,734.7775044311619,613.0289290892632,706.2639793388398,611.7252646984556,0,629.8885825675726,644.848171927733,560.1671567614947,618.6989129121318,626.3622401130149,565.415861337642,544.4411082657105,618.2138497093761,611.3607718615973,617.6652848576739,631.3170887083058,624.9827666046838,550.4207720115635,686.2512497440351,681.9055147705647,849.3220936666289,638.7593479229366,594.5838276877718,685.0582653888846,556.894722784809,589.3430967522997,695.5750162648836,722.6539162295035,583.139085194648,613.8773711488324,662.4135825306197,638.141945886465,674.5661600284199,608.8492343697974,612.8470505108098,589.4305487935446,609.5998097373712,665.5889617494862,616.6457042189256,745.8155804358028
Croatian,607.0498583624349,651.0149584995039,764.1582665854904,653.5634400177629,618.2071423262264,585.735064898645,629.8885825675726,0,640.0854941413168,597.3656624576276,658.0615555453601,659.6612428233119,610.7782293919025,612.0412001297899,654.7177194760865,656.4656473579399,652.1083939682277,674.4473582073392,661.745333080488,589.1729137913363,741.6318399337705,712.9809062809484,874.2024440914511,608.4244360011802,625.6101681773931,714.0615459361123,596.2580298871991,621.3657887453309,728.923210805711,716.6020291993024,652.2299717920451,668.8448978391444,649.8269069013123,559.320530143294,707.0654936619551,594.7478595480168,588.8990906623628,661.8578105039119,654.0312698866018,649.0762764237425,656.1548671655311,771.3791842952737
Czech,622.6277847599537,674.9749089932805,780.9383074161638,665.5109835549316,709.3469622786265,630.2343484840959,644.848171927733,640.0854941413168,0,606.9935793927236,671.3317337599238,677.9047897460961,626.1561901876775,620.8517156897743,665.7540824010398,670.81368949551,672.7818953695901,689.7755951778682,672.6721609756961,601.7612671579952,757.963148486831,728.3238831476469,902.1701920539114,661.0186687279671,649.5292773813351,723.1092353272766,610.3620943443586,637.1460716571077,738.8617271392885,725.4235672408383,665.3012103039365,678.7311208492897,667.4327070705955,646.7169396400332,718.5389011354455,579.5185311210232,639.0899201752942,676.4895596001676,666.3000705846799,672.9877237896591,669.4308285801798,780.3302181206648
Danish,529.4255651851919,593.3308072513884,703.7914080388124,586.232639218693,673.0126436610566,581.9114739738145,560.1671567614947,597.3656624576276,606.9935793927236,0,573.0788918265456,580.5819668452211,542.3254871804969,543.8129147521271,567.6855670749774,587.519268409483,587.0295779404977,605.5748221870635,575.1451440983406,512.8940978451327,682.2550233348093,659.0505123980663,825.5362734406596,606.6754340861692,563.3227376400806,645.9743177392952,496.2033877956574,553.6175735384476,663.8656348430608,693.7962864076644,583.599109815711,601.3115512295605,628.8960150622532,605.8273692303516,642.3763103049074,575.0717330606082,581.8827926027789,595.5882813730069,559.4021653809777,632.0378765244878,584.8650849039144,703.5436981479405
Dutch,513.0090795493635,650.9144228779097,758.5156120690685,640.6241941815576,729.4330540016527,640.5522633091149,618.6989129121318,658.0615555453601,671.3317337599238,573.0788918265456,0,634.3723116837444,606.7011611529983,609.8928563468494,604.6265465089677,646.811708538491,640.3370508424515,656.6350209436519,635.375403812596,575.0297171606485,744.9093847087119,711.5308256386791,875.7770763113439,667.605512552104,621.0629013334445,707.845203075841,569.4838342760239,612.8326431860906,716.9768404237669,746.7660534479259,644.8746205907433,658.6145830499885,688.5110745515534,665.5127351879668,706.5297219560389,640.1906087824009,641.9505682140399,660.9244321178396,617.8411674434856,693.2245955115029,647.0987643819892,764.8788289949625
English,589.6714756675042,659.1521507531977,768.8985196645868,650.4623657275816,743.2808537014276,646.0144861637461,626.3622401130149,659.6612428233119,677.9047897460961,580.5819668452211,634.3723116837444,0,612.9459510774814,614.8628942700947,638.6506661531529,659.0215187045961,647.7785842561493,674.7524973250277,658.093345624205,575.978034788341,752.4271945662086,714.9375352282264,891.1392287472406,678.398806207413,625.6235444276023,710.318009181564,582.4651602064773,621.6274145926191,732.2914810461385,761.179159984739,650.733398797574,669.0471657617747,696.750743159893,670.7145257500133,713.6265654672785,638.2144032924089,648.8377786057936,662.9871665063537,644.5404642551409,697.960595568494,653.818429910008,766.2016674515103
French,556.7928257536306,602.223546748384,716.5888957299064,598.9117740145294,683.6778990041772,597.9919695238781,565.415861337642,610.7782293919025,626.1561901876775,542.3254871804969,606.7011611529983,612.9459510774814,0,553.2285385828106,601.6799335313654,605.2516200450941,602.1651567066287,621.2160240276364,615.4493619092622,531.8914822965761,682.5873167770433,668.8830557292715,833.3007777900978,622.9693370201163,577.2683442916643,664.6903715947424,546.1334208719963,571.1045562933369,680.2050714251149,707.3225671211903,592.3872990204828,613.6603665864967,642.273064620269,618.0158844554369,662.2651895919665,591.3033386905986,595.9612725728981,602.456221093057,602.4948931715128,646.609741542686,604.1789133943706,722.7571819794553
Galician,557.5417429909195,600.9687468328148,714.816616559255,599.1701176769321,685.9769908110435,593.3479475914382,544.4411082657105,612.0412001297899,620.8517156897743,543.8129147521271,609.8928563468494,614.8628942700947,553.2285385828106,0,607.7436625902458,604.4700356699357,610.818993440229,623.5724862374303,606.010087776412,531.7557588018805,656.1580748712694,671.8732843381648,840.4520375211928,621.4047735334199,585.5355648509969,662.8603668753757,548.6475269393549,570.5366466407805,672.8401125258188,711.2183925357314,543.4226968144533,608.6400940528332,643.8220723676013,618.4880019249052,647.8297998976013,590.3242638384844,600.4584442562107,517.8605160686692,600.5164296969813,646.9746821703634,604.2214180142265,717.3788058676955
German,577.950935423241,650.2216606251011,761.8763507776696,638.7967597996791,729.413926744492,641.2568106936071,618.2138497093761,654.7177194760865,665.7540824010398,567.6855670749774,604.6265465089677,638.6506661531529,601.6799335313654,607.7436625902458,0,645.2781454630397,641.2441390193611,663.0042153238643,641.2982864257576,574.9752401078721,739.2737290459451,708.2115331713957,877.4010252124953,669.9136510985703,621.9474868761162,706.289380581151,579.0731866813874,615.4898362004421,718.1861502569899,745.3983229776251,648.310905557458,660.679468505178,685.7370277057673,663.8167842112836,708.3164600860689,631.3530706655017,642.8200373278524,660.2216005771893,620.7761894150443,688.4454966267709,646.9296335557743,764.4878357423313
Greek,602.1714636025973,647.6353276247353,758.4369585376318,634.3801179504491,732.9890103002085,638.6022622556816,611.3607718615973,656.4656473579399,670.81368949551,587.519268409483,646.811708538491,659.0215187045961,605.2516200450941,604.4700356699357,645.2781454630397,0,638.4495886553615,652.3672289842261,650.7976293280572,575.9635203651599,739.2048362123642,709.55190442404,874.2026638317178,667.6315936007834,619.3891176387145,700.3968580056368,588.6151418874986,610.5574868647961,720.447280189165,749.7508589547723,643.6363782655577,660.4894980690697,686.3154816832991,666.0137601894864,691.2677551598492,634.4598663588221,642.4933956606673,650.7946368808024,638.966403604973,689.1933871842996,637.8018842790555,764.2795834127066
Gujarati,598.2992046412612,654.962854616116,765.6698986963552,606.8513670712969,735.4170114329285,639.1246223305342,617.6652848576739,652.1083939682277,672.7818953695901,587.0295779404977,640.3370508424515,647.7785842561493,602.1651567066287,610.818993440229,641.2441390193611,638.4495886553615,0,578.9099640385972,657.3378614960227,578.0465474072166,745.9282866023981,715.2742818076053,881.371693710445,671.823303500247,531.4414920755352,673.5195369160383,592.5274309477267,607.8195286283889,721.6534076554733,753.1737582286822,648.3919509114438,661.200137817669,693.157893349802,665.7293231249457,703.2928207698899,638.1604033138217,640.1722737373098,659.4003864509292,642.9264474503841,696.1977049516611,609.1482588530614,767.1337355014575
Hindi,617.1221768338835,668.5024701285382,778.9296316792008,617.2660634764705,752.2797849615566,655.3077065418593,631.3170887083058,674.4473582073392,689.7755951778682,605.5748221870635,656.6350209436519,674.7524973250277,621.2160240276364,623.5724862374303,663.0042153238643,652.3672289842261,578.9099640385972,0,666.4518881049004,593.757808715412,763.5554331714178,731.5050423457925,896.4871874555996,684.307134240355,580.1810750947666,687.0144660395034,604.118030512776,623.1203823446268,729.4560995296822,768.3684450442888,660.9063504205076,674.7663772827195,710.8622259651712,686.7529266049818,706.563759254608,655.6262234805779,657.5578340933877,671.1160052870454,651.6811667831391,714.7448722556214,585.8208393208397,788.2202907560644
Icelandic,579.5868069281225,651.3743214702587,751.3620798643394,646.0296362952251,730.6751583029144,647.1639861279593,624.9827666046838,661.745333080488,672.6721609756961,575.1451440983406,635.375403812596,658.093345624205,615.4493619092622,606.010087776412,641.2982864257576,650.7976293280572,657.3378614960227,666.4518881049004,0,581.8951313450715,753.7493585520486,712.5897952066235,879.4053251296774,666.3853402153019,633.4892912292011,714.235935693574,569.2495502223899,618.537923801871,714.3416911119216,756.0504420936174,646.5783837628918,668.2498510585187,686.0441981601833,666.6871781797067,691.0170886346667,642.9183510431568,654.7979945441431,664.7313803417647,614.3910054115291,692.4358755846396,647.0548802251607,766.2014487584785
Irish,527.8410961917175,576.4049546890233,688.988392899507,572.7669618061121,666.9577600149954,573.9657371782127,550.4207720115635,589.1729137913363,601.7612671579952,512.8940978451327,575.0297171606485,575.978034788341,531.8914822965761,531.7557588018805,574.9752401078721,575.9635203651599,578.0465474072166,593.757808715412,581.8951313450715,0,679.8185941699577,643.9750404428517,811.0459584951005,597.7050003629506,551.5434532009488,635.247874353308,513.84817416352,537.7494846458252,651.3521838792487,682.7502469380212,571.9276838997505,592.3228765811482,619.5523608885312,598.4639063190341,627.8597508433719,565.3055299997595,571.2983269180044,585.1384462575562,569.5716280779794,625.3394610036892,575.8059455527953,684.565659542412
Italian,703.4690473352696,740.6254281276712,860.3510510588195,738.4045667260888,812.728572104359,726.8406016476944,686.2512497440351,741.6318399337705,757.963148486831,682.2550233348093,744.9093847087119,752.4271945662086,682.5873167770433,656.1580748712694,739.2737290459451,739.2048362123642,745.9282866023981,763.5554331714178,753.7493585520486,679.8185941699577,0,812.9408607689957,973.7148856452336,754.7138437938057,718.9800885248403,792.9152545723271,689.9407433547468,714.0706522894906,819.3351000377177,837.1318942717951,704.0498560711002,731.450482462639,779.3410818289633,750.5026575256052,797.3205672369598,727.3546202684894,735.1156968340756,702.6287585509148,736.3920812060979,776.0340571826613,743.6961690018022,838.1721693888596
Latvian,664.3368208996189,711.946592402589,812.0286126193313,709.4345097213655,776.1561147285918,702.2761503724372,681.9055147705647,712.9809062809484,728.3238831476469,659.0505123980663,711.5308256386791,714.9375352282264,668.8830557292715,671.8732843381648,708.2115331713957,709.55190442404,715.2742818076053,731.5050423457925,712.5897952066235,643.9750404428517,812.9408607689957,0,878.9843282053944,719.2775176896595,691.362183266305,778.0489381952732,650.2098492360618,685.0223107892056,784.0814121794916,796.066539674114,705.3115478087434,727.7827019145682,733.3837795689293,713.4698395264386,761.0011585839082,689.8212139785524,695.6841745390672,721.6229907010455,709.6745752917267,743.1156503233401,707.4553949843781,829.494631585833
Lithuanian,833.1868211657068,881.3458066373802,974.9072317510552,874.1847128827163,942.7849899650212,864.6207717572952,849.3220936666289,874.2024440914511,902.1701920539114,825.5362734406596,875.7770763113439,891.1392287472406,833.3007777900978,840.4520375211928,877.4010252124953,874.2026638317178,881.371693710445,896.4871874555996,879.4053251296774,811.0459584951005,973.7148856452336,878.9843282053944,0,885.6283798576064,861.7298708005214,938.8920685633424,817.9577374993615,852.5430993108018,948.6723045034632,962.0604974256964,876.0755618459442,887.8313248672999,901.5900252812469,880.5156030919294,925.3555751693776,866.7239117194107,864.256961938006,883.1068083735253,870.1523150821045,906.6161959614777,875.4130184648826,996.2514625877457
Macedonian,617.946542896938,659.0245756302037,773.036378612677,661.8561717334829,646.7820027588907,594.99532206544,638.7593479229366,608.4244360011802,661.0186687279671,606.6754340861692,667.605512552104,678.398806207413,622.9693370201163,621.4047735334199,669.9136510985703,667.6315936007834,671.823303500247,684.307134240355,666.3853402153019,597.7050003629506,754.7138437938057,719.2775176896595,885.6283798576064,0,645.1583330270048,727.0801604835685,605.8962072049359,632.2722940940689,738.93543008164,735.7254372942606,658.7481995445424,678.6077492143556,642.0618669727565,573.5891580883065,710.1666291332949,615.0178882445581,626.0377195539205,667.9300421305709,660.7190533222447,647.5811388925188,660.4578571137563,782.5680912619928
Marathi,579.6243654957049,627.6716521904924,742.3215727444822,592.6444875209152,710.3602224471665,615.3837422932077,594.5838276877718,625.6101681773931,649.5292773813351,563.3227376400806,621.0629013334445,625.6235444276023,577.2683442916643,585.5355648509969,621.9474868761162,619.3891176387145,531.4414920755352,580.1810750947666,633.4892912292011,551.5434532009488,718.9800885248403,691.362183266305,861.7298708005214,645.1583330270048,0,660.9215155839385,567.2505508739782,586.5285637757419,700.2593463745508,728.9847567125458,623.2646566727234,633.911280906274,667.0729902011328,639.4566232070647,681.8754723027432,610.537218160823,614.4550496109928,633.9629967186461,624.4036087228594,668.2882605125762,597.5310817311772,744.9130341307738
Nepali,658.4003674147509,705.4021120370406,820.1223505910463,655.3285225478651,789.6943453529856,699.316139689501,685.0582653888846,714.0615459361123,723.1092353272766,645.9743177392952,707.845203075841,710.318009181564,664.6903715947424,662.8603668753757,706.289380581151,700.3968580056368,673.5195369160383,687.0144660395034,714.235935693574,635.247874353308,792.9152545723271,778.0489381952732,938.8920685633424,727.0801604835685,660.9215155839385,0,656.3872738843629,663.7502304850738,771.9866956865454,813.1884556032259,702.6594394329087,720.3402424788095,752.6935351225319,726.44513421529,744.8473368119041,699.0203255783771,702.5583594611679,712.5544626908712,705.2425319821397,754.9903397079811,663.6619986554716,813.8873663517904
Norwegian,528.1486760274695,595.0745124368365,706.0805771179056,585.1673918197238,671.6595103731039,581.6041978258573,556.894722784809,596.2580298871991,610.3620943443586,496.2033877956574,569.4838342760239,582.4651602064773,546.1334208719963,548.6475269393549,579.0731866813874,588.6151418874986,592.5274309477267,604.118030512776,569.2495502223899,513.84817416352,689.9407433547468,650.2098492360618,817.9577374993615,605.8962072049359,567.2505508739782,656.3872738843629,0,556.0045764141091,665.9696571421928,688.5394675453456,588.0165768606242,603.7332625110395,627.5868228350707,603.3908511234306,640.7329772191113,574.2823549744962,574.161932506071,596.7189347608102,529.4143675594181,631.5802854798651,584.3889137168925,712.5808788404509
Pashto,559.7232393394469,611.8235568415029,716.6343926470038,605.2359660806746,699.988087242359,608.3325473590318,589.3430967522997,621.3657887453309,637.1460716571077,553.6175735384476,612.8326431860906,621.6274145926191,571.1045562933369,570.5366466407805,615.4898362004421,610.5574868647961,607.8195286283889,623.1203823446268,618.537923801871,537.7494846458252,714.0706522894906,685.0223107892056,852.5430993108018,632.2722940940689,586.5285637757419,663.7502304850738,556.0045764141091,0,663.4710334306615,721.9837556244162,610.7487832437714,628.6283210559764,655.8903778283952,628.6627489767166,656.0808617502806,605.0448955668805,605.3953912066117,622.4114232944047,610.7600649073148,661.1585574569984,598.1607207948999,728.880573186601
Persian,670.000187052589,717.6379385007233,812.0314707553827,710.206546565249,801.765985582349,712.1209669810713,695.5750162648836,728.923210805711,738.8617271392885,663.8656348430608,716.9768404237669,732.2914810461385,680.2050714251149,672.8401125258188,718.1861502569899,720.447280189165,721.6534076554733,729.4560995296822,714.3416911119216,651.3521838792487,819.3351000377177,784.0814121794916,948.6723045034632,738.93543008164,700.2593463745508,771.9866956865454,665.9696571421928,663.4710334306615,0,820.6685525057444,716.7914446752915,736.2018206724449,759.3751776512833,737.7589939101655,759.8139031072368,706.4814844993439,721.2428824297031,732.9729634267542,710.4868741475559,762.8805882163449,698.824036235229,832.0021146440217
Polish,702.8128009516112,752.3845198643517,856.8688807754945,740.6673208045569,783.2900594427138,712.8644832273295,722.6539162295035,716.6020291993024,725.4235672408383,693.7962864076644,746.7660534479259,761.179159984739,707.3225671211903,711.2183925357314,745.3983229776251,749.7508589547723,753.1737582286822,768.3684450442888,756.0504420936174,682.7502469380212,837.1318942717951,796.066539674114,962.0604974256964,735.7254372942606,728.9847567125458,813.1884556032259,688.5394675453456,721.9837556244162,820.6685525057444,0,741.692264247094,759.1888533845988,744.9501419122068,725.4576322442534,804.5237104733337,684.9936997646884,715.8568829771369,759.5218245263532,742.5167895207458,744.6264038313781,748.8620113990775,867.4131012076151
Portuguese,597.2187770265948,642.9400297963772,751.7162991054672,633.6553509977067,721.0032636763497,635.2974656368363,583.139085194648,652.2299717920451,665.3012103039365,583.599109815711,644.8746205907433,650.733398797574,592.3872990204828,543.4226968144533,648.310905557458,643.6363782655577,648.3919509114438,660.9063504205076,646.5783837628918,571.9276838997505,704.0498560711002,705.3115478087434,876.0755618459442,658.7481995445424,623.2646566727234,702.6594394329087,588.0165768606242,610.7487832437714,716.7914446752915,741.692264247094,0,647.0691474859863,681.0648108739955,658.0504470240137,694.2269162218494,629.3135283553639,641.5878793865035,590.7538810524546,637.1816570920852,684.0862173310957,640.7838447940613,756.7840516272717
Romanian,615.0375737097243,662.0274097577934,774.629406985276,654.5612025611979,741.9826496644943,652.7647232825686,613.8773711488324,668.8448978391444,678.7311208492897,601.3115512295605,658.6145830499885,669.0471657617747,613.6603665864967,608.6400940528332,660.679468505178,660.4894980690697,661.200137817669,674.7663772827195,668.2498510585187,592.3228765811482,731.450482462639,727.7827019145682,887.8313248672999,678.6077492143556,633.911280906274,720.3402424788095,603.7332625110395,628.6283210559764,736.2018206724449,759.1888533845988,647.0691474859863,0,700.6693708689173,676.143192154692,720.2361415244628,648.6933826374724,652.8912327761989,654.7210095991264,657.652860064705,703.5393293574303,660.6029996235823,774.93454911616
Russian,637.6288754856404,681.4722169835733,794.0623800318397,682.7091202863915,693.3718319431604,647.5201635934219,662.4135825306197,649.8269069013123,667.4327070705955,628.8960150622532,688.5110745515534,696.750743159893,642.273064620269,643.8220723676013,685.7370277057673,686.3154816832991,693.157893349802,710.8622259651712,686.0441981601833,619.5523608885312,779.3410818289633,733.3837795689293,901.5900252812469,642.0618669727565,667.0729902011328,752.6935351225319,627.5868228350707,655.8903778283952,759.3751776512833,744.9501419122068,681.0648108739955,700.6693708689173,0,631.0565152290044,733.3456557291189,628.3891103344139,656.950345951447,692.1365796675695,682.5859643994643,633.4346884183731,689.5084573671431,802.9871285873023
Serbian,613.6706339899936,657.8431010166264,772.4815359869239,660.8124768546791,578.0022058939652,606.7686092641457,638.141945886465,559.320530143294,646.7169396400332,605.8273692303516,665.5127351879668,670.7145257500133,618.0158844554369,618.4880019249052,663.8167842112836,666.0137601894864,665.7293231249457,686.7529266049818,666.6871781797067,598.4639063190341,750.5026575256052,713.4698395264386,880.5156030919294,573.5891580883065,639.4566232070647,726.44513421529,603.3908511234306,628.6627489767166,737.7589939101655,725.4576322442534,658.0504470240137,676.143192154692,631.0565152290044,0,713.7100490915259,598.8066132699734,600.6007570630126,669.3841414508547,661.2603631608999,635.2388938218076,663.1347180711326,778.8124370976823
Sinhala,651.239463142407,683.2986105918167,797.3964154793099,686.6680551170645,779.1951922311149,688.5138750882659,674.5661600284199,707.0654936619551,718.5389011354455,642.3763103049074,706.5297219560389,713.6265654672785,662.2651895919665,647.8297998976013,708.3164600860689,691.2677551598492,703.2928207698899,706.563759254608,691.0170886346667,627.8597508433719,797.3205672369598,761.0011585839082,925.3555751693776,710.1666291332949,681.8754723027432,744.8473368119041,640.7329772191113,656.0808617502806,759.8139031072368,804.5237104733337,694.2269162218494,720.2361415244628,733.3456557291189,713.7100490915259,0,688.10843038876,698.4566134592774,704.1636442574069,695.0210606657292,743.4088688044919,685.0453877580271,812.1587656795092
Slovak,589.656752419342,637.2096618163712,750.716173072029,635.1525585261428,666.5729921910079,594.7759940181496,608.8492343697974,594.7478595480168,579.5185311210232,575.0717330606082,640.1906087824009,638.2144032924089,591.3033386905986,590.3242638384844,631.3530706655017,634.4598663588221,638.1604033138217,655.6262234805779,642.9183510431568,565.3055299997595,727.3546202684894,689.8212139785524,866.7239117194107,615.0178882445581,610.537218160823,699.0203255783771,574.2823549744962,605.0448955668805,706.4814844993439,684.9936997646884,629.3135283553639,648.6933826374724,628.3891103344139,598.8066132699734,688.10843038876,0,596.8239917790103,641.3200130385902,630.9441661334807,633.64792039717,637.7834664350872,753.7315056696468
Slovenian,596.9627281839616,644.3212094515795,761.1152451564359,638.8295832773857,673.456289375524,604.1310497693943,612.8470505108098,588.8990906623628,639.0899201752942,581.8827926027789,641.9505682140399,648.8377786057936,595.9612725728981,600.4584442562107,642.8200373278524,642.4933956606673,640.1722737373098,657.5578340933877,654.7979945441431,571.2983269180044,735.1156968340756,695.6841745390672,864.256961938006,626.0377195539205,614.4550496109928,702.5583594611679,574.161932506071,605.3953912066117,721.2428824297031,715.8568829771369,641.5878793865035,652.8912327761989,656.950345951447,600.6007570630126,698.4566134592774,596.8239917790103,0,643.4805433000558,638.6490249772866,662.4539970443169,637.467666847877,765.9825058008807
Spanish,614.5115953772715,653.7329703268396,772.1288129407756,648.9879969349046,735.124716622912,642.784667230075,589.4305487935446,661.8578105039119,676.4895596001676,595.5882813730069,660.9244321178396,662.9871665063537,602.456221093057,517.8605160686692,660.2216005771893,650.7946368808024,659.4003864509292,671.1160052870454,664.7313803417647,585.1384462575562,702.6287585509148,721.6229907010455,883.1068083735253,667.9300421305709,633.9629967186461,712.5544626908712,596.7189347608102,622.4114232944047,732.9729634267542,759.5218245263532,590.7538810524546,654.7210095991264,692.1365796675695,669.3841414508547,704.1636442574069,641.3200130385902,643.4805433000558,0,653.8888358460168,694.7125777753819,653.0157254572997,773.3143597474499
Swedish,578.1071777116086,649.2790120447563,756.6420864066105,636.5417215959122,725.4625501222183,636.3971771749106,609.5998097373712,654.0312698866018,666.3000705846799,559.4021653809777,617.8411674434856,644.5404642551409,602.4948931715128,600.5164296969813,620.7761894150443,638.966403604973,642.9264474503841,651.6811667831391,614.3910054115291,569.5716280779794,736.3920812060979,709.6745752917267,870.1523150821045,660.7190533222447,624.4036087228594,705.2425319821397,529.4143675594181,610.7600649073148,710.4868741475559,742.5167895207458,637.1816570920852,657.652860064705,682.5859643994643,661.2603631608999,695.0210606657292,630.9441661334807,638.6490249772866,653.8888358460168,0,686.6170952857201,637.1152422626031,760.5612595184659
Ukrainian,643.2378400029819,686.0025477919697,798.3423841416975,689.095691932546,694.6767989733066,653.4022102823598,665.5889617494862,649.0762764237425,672.9877237896591,632.0378765244878,693.2245955115029,697.960595568494,646.609741542686,646.9746821703634,688.4454966267709,689.1933871842996,696.1977049516611,714.7448722556214,692.4358755846396,625.3394610036892,776.0340571826613,743.1156503233401,906.6161959614777,647.5811388925188,668.2882605125762,754.9903397079811,631.5802854798651,661.1585574569984,762.8805882163449,744.6264038313781,684.0862173310957,703.5393293574303,633.4346884183731,635.2388938218076,743.4088688044919,633.64792039717,662.4539970443169,694.7125777753819,686.6170952857201,0,693.8782869141244,809.5885305276979
Urdu,598.5781233783995,645.5724208075795,755.1867910149145,597.0535081264933,730.5169959091141,638.1037573014596,616.6457042189256,656.1548671655311,669.4308285801798,584.8650849039144,647.0987643819892,653.818429910008,604.1789133943706,604.2214180142265,646.9296335557743,637.8018842790555,609.1482588530614,585.8208393208397,647.0548802251607,575.8059455527953,743.6961690018022,707.4553949843781,875.4130184648826,660.4578571137563,597.5310817311772,663.6619986554716,584.3889137168925,598.1607207948999,698.824036235229,748.8620113990775,640.7838447940613,660.6029996235823,689.5084573671431,663.1347180711326,685.0453877580271,637.7834664350872,637.467666847877,653.0157254572997,637.1152422626031,693.8782869141244,0,762.1779637285584
Welsh,715.7992217698907,761.1965387649021,870.4960256369089,760.045498788145,843.9437457905908,754.7331149000019,745.8155804358028,771.3791842952737,780.3302181206648,703.5436981479405,764.8788289949625,766.2016674515103,722.7571819794553,717.3788058676955,764.4878357423313,764.2795834127066,767.1337355014575,788.2202907560644,766.2014487584785,684.565659542412,838.1721693888596,829.494631585833,996.2514625877457,782.5680912619928,744.9130341307738,813.8873663517904,712.5808788404509,728.880573186601,832.0021146440217,867.4131012076151,756.7840516272717,774.93454911616,802.9871285873023,778.8124370976823,812.1587656795092,753.7315056696468,765.9825058008807,773.3143597474499,760.5612595184659,809.5885305276979,762.1779637285584,0
