,Afrikaans,Albanian,Armenian,Bengali,Bosnian,Bulgarian,Catalan,Croatian,Czech,Danish,Dutch,English,French,Galician,German,Greek,Gujarati,Hindi,Icelandic,Irish,Italian,Latvian,Lithuanian,Macedonian,Marathi,Nepali,Norwegian,Pashto,Persian,Polish,Portuguese,Romanian,Russian,Serbian,Sinhala,Slovak,Slovenian,Spanish,Swedish,Ukrainian,Urdu,Welsh
Afrikaans,0,48.75921563890135,57.70774533081196,55.568617111416074,55.54753067951798,50.30654442764929,52.73179649618605,50.23288314218685,52.475346673379036,41.35205531913766,39.36096254543328,42.133027013021554,49.77623944620734,46.29832890097059,47.12941921109063,58.12030542436813,52.264515301758145,52.59089179311574,44.22270743385446,50.69863455237826,52.31945735563354,74.32987037067733,74.1719876215239,50.596892270917536,49.732096495301946,47.88092684030238,39.5230990564479,48.198082966481515,54.73841816960783,66.97380790546285,53.40436852286412,51.999793016640396,55.15853778089848,50.27466917880537,48.19235935839958,52.59584073875531,53.18953308929934,48.311900981831506,41.32954460524962,52.67754692228137,50.358145130726605,52.18687900274185
Albanian,48.75921563890135,0,55.365018762392054,52.739011781439636,58.1450765343779,51.7528243991053,53.233485936754136,51.126275311045795,54.502289601034995,54.59643273714017,57.197369566683534,56.643719558424905,52.25049650391656,45.95917379532356,60.27830696486805,56.448380896582215,51.37476782427881,50.98053572128955,53.792829316020374,49.070408778163,53.59248966507489,76.43713252357486,76.11952761727868,52.79773517822774,48.20411173967525,45.99854797008235,51.27567697928224,47.63565032377959,54.415474060820856,70.24090995457296,55.59929562143928,52.232033432012166,54.87924331778881,52.29327350766435,42.88821704477772,53.07601496756905,55.46002044351368,47.228620673539666,51.165000029407025,51.37458765515289,47.75455682543522,52.09636672014935
Armenian,57.70774533081196,55.365018762392054,0,63.93069542341742,62.267955029429,59.248220408576536,63.5752859981265,57.51244896566944,59.88003703858875,62.54082901911324,62.62174334123796,62.50964985393371,60.94560787100435,57.53807799684117,62.05746980226686,61.79125979697425,61.271403225950515,61.83361364957629,56.93411134361302,58.78923611137799,61.161536210879156,74.25133839265332,73.60150082036724,58.69063197043157,60.60267597559146,57.91352310300516,59.45390254499022,56.29229182883245,58.668262232614424,74.58254289715398,63.37021934922506,60.191603626809545,60.6761780911688,59.1782242964863,55.92501981667391,60.99314151720291,62.10466891009124,59.54409257187301,59.289197786232904,59.42602634897223,57.96685955100563,59.25912956792396
Bengali,55.568617111416074,52.739011781439636,63.93069542341742,0,62.4094549867788,57.228461079448124,59.495417654284466,55.55373906331013,58.322490175665635,58.19772012541063,61.707851660770615,59.571909853293604,56.75232445022695,54.0336620098104,64.25089639943772,61.25974966497932,46.230365507907,46.48783063708089,59.120513458354324,56.35473566089757,59.02041349074459,79.99688073571514,81.13088798319279,57.14737925133189,48.137109091149526,42.79274995871292,57.14068847837079,53.41905421058357,60.4365962552036,72.6382596428282,61.860440232863375,58.20951326733507,61.46814194949897,57.869553882245526,51.84623868533142,58.897306551972505,60.14538006042633,54.27708270831631,54.843878777050314,59.01717459417873,46.7287313142566,58.954027720100115
Bosnian,55.54753067951798,58.1450765343779,62.267955029429,62.4094549867788,0,44.4737709495726,63.32338103278013,35.755236658627354,46.88904410340556,59.158871646023414,61.08841639418565,59.393516493677005,58.402937910063116,59.115553011864854,62.00707103645328,64.23162210146431,62.96325270986261,61.20683597202402,57.55035522171866,62.2246858000383,59.24348119956332,71.8857389619785,70.96079535534523,41.37745524172018,61.046484459325924,54.540822670227406,56.106766230216074,58.937103290567066,59.871830965465804,53.03149265600264,61.4876939160328,57.54530810481031,46.60857006771586,32.77710616024193,58.71717971883154,43.95190351997708,45.3528088002296,58.14820914662402,57.49209392168685,47.01024416581125,57.00224515970708,59.525854609234045
Bulgarian,50.30654442764929,51.7528243991053,59.248220408576536,57.228461079448124,44.4737709495726,0,56.07185663965648,39.50667884773604,44.96534252361231,53.76023709939783,56.01915988827198,55.75407737497633,53.12817595677389,49.79626962478731,58.368443533532904,58.296345788996526,55.128977045744115,52.6405639829583,53.06674458768891,55.340407416871145,53.327401724004645,74.63876513368471,72.7292230160901,36.83896565090346,51.48343286005008,50.82267837516841,52.213681860331896,53.08784637491532,57.521502656120674,58.635752767922,56.568211099215794,53.32379671190924,46.62580486042925,40.259072415745116,51.08015459682971,44.43951787123242,45.08559366836459,49.36856944355773,52.18445727130957,44.07056974755214,50.94383695685505,53.34655075485387
Catalan,52.73179649618605,53.233485936754136,63.5752859981265,59.495417654284466,63.32338103278013,56.07185663965648,0,54.60815319491751,58.8164655193855,53.67075091773361,59.25627367860646,56.302347182870555,49.77981974162765,39.940831860334136,61.28148533037803,57.9973984862969,54.96682812374173,55.689336123274174,56.26989470250557,54.837648085095424,47.17782134694184,79.41619669859213,77.80741527983355,56.7333184753085,53.642603745071156,53.596722803304566,51.91370357126322,54.62946491706522,61.09863271758433,73.81713741952514,50.10276011599857,49.6724814527257,60.46852984628941,57.20497815533893,53.0119174516926,58.23812738248321,57.27505907797445,40.19377735126451,52.99389670777313,57.20809855853924,54.33017265037342,56.43323440824032
Croatian,50.23288314218685,51.126275311045795,57.51244896566944,55.55373906331013,35.755236658627354,39.50667884773604,54.60815319491751,0,41.812398719284424,52.29498082487752,56.424721200446925,55.2983189728932,53.23026575459382,50.12746166721477,57.74947347206863,57.02677623786499,53.22033572718524,51.58736990860567,53.133526863249465,53.56718860855461,53.05251754089682,74.6843316451634,72.55193063899269,38.40473778744861,51.246869905065616,48.08648142887728,50.7612748370569,49.866943204550914,55.28235174608075,56.17891611375568,57.79692082366084,52.85844044271908,46.75549833075638,32.199043972410024,48.94630437329147,41.441390653150044,40.74725195212732,48.82629734823686,50.87203524701795,43.002253189751215,48.6913712174364,52.960592121285046
Czech,52.475346673379036,54.502289601034995,59.88003703858875,58.322490175665635,46.88904410340556,44.96534252361231,58.8164655193855,41.812398719284424,0,53.90127933995546,57.23534327206066,57.82668600999037,54.68341946914736,53.37539976792246,59.575261262461645,61.25907794571778,56.40265241028938,54.75328768319186,55.432235369764406,55.40460267477451,54.856122236534645,73.21541580036453,73.87084407839644,45.330832603229986,54.226171267092276,50.295219226619146,53.66515903544503,53.225144547302925,58.45172446314002,54.20554817561754,57.46422488834697,56.58697504579916,48.0531482073284,42.07551475348941,54.5808291731301,36.576407420779745,44.76887048863321,52.3173096738512,54.090098178040265,43.878074102653585,51.84091291423626,54.810420619624345
Danish,41.35205531913766,54.59643273714017,62.54082901911324,58.19772012541063,59.158871646023414,53.76023709939783,53.67075091773361,52.29498082487752,53.90127933995546,0,48.70253826266784,43.64381682699871,50.83035862203926,48.55255808898944,48.55471093836318,60.29358876418999,52.93605865764632,53.214106750381006,45.05757348902918,51.47812926847791,52.18169058092723,78.4776425462911,78.94226160404139,54.66913229951959,51.25442077105479,49.16689656444147,34.00979403076392,51.78398056235902,58.04868616694029,69.46754366461015,55.82507951129012,53.71184807999439,59.6273626293428,54.745785717505846,52.59373516777187,54.21504835276942,53.759511052693135,49.286881286125805,37.99396825151397,54.9281187187466,52.19653681393247,52.10473381892757
Dutch,39.36096254543328,57.197369566683534,62.62174334123796,61.707851660770615,61.08841639418565,56.01915988827198,59.25627367860646,56.424721200446925,57.23534327206066,48.70253826266784,0,46.47427200515951,55.48104689113495,54.96071234217089,44.63498639057422,60.53682235742433,58.59568742898387,58.17978961402747,49.01399484904265,57.021950918781705,58.26650706451751,76.00178812361844,76.65792821960143,56.51916794356587,56.54059159517388,56.001257621744735,47.35968156512906,56.958964172053065,59.22606113863823,70.74150762374235,58.1997032460582,56.72236010430915,59.4851509584328,56.51767798377196,57.48669466982593,58.30924219989991,57.584129279102804,55.27032584099286,48.65990441532535,58.558883944008464,57.264358893856404,58.66979802902318
English,42.133027013021554,56.643719558424905,62.50964985393371,59.571909853293604,59.393516493677005,55.75407737497633,56.302347182870555,55.2983189728932,57.82668600999037,43.64381682699871,46.47427200515951,0,52.24196557917739,52.7936784030851,51.093848051993234,62.562687543319626,55.81988183494683,56.44433215361255,48.351757696017046,54.94794414637939,54.82647098537042,76.52643924455593,76.63889230139642,56.456479320681055,54.73900970882525,53.23784540110049,43.13826601989048,55.522512759613065,60.10418869321722,68.93636114515442,56.09976493569855,55.0610221205432,59.278143573215374,56.01446374328156,56.37648504170946,57.05767989455322,57.33311709343538,53.119777897034375,44.605102943818196,57.22305420567126,54.556482390655894,55.560430149733975
French,49.77623944620734,52.25049650391656,60.94560787100435,56.75232445022695,58.402937910063116,53.12817595677389,49.77981974162765,53.23026575459382,54.68341946914736,50.83035862203926,55.48104689113495,52.24196557917739,0,47.06009984014193,56.312964548571045,56.77534051677947,54.127349636357124,53.721207231739626,52.67714012042969,52.26433965529417,46.62584606139542,74.56256916118868,75.8009808391389,53.22086413675067,51.36561915409454,50.137133145176186,50.19152995911916,50.43035307219203,56.47549852771972,67.88002343784538,52.86318627562284,49.02799547586659,57.15685168841252,54.23250866436363,50.96706617855916,54.1002694806133,54.84585957243385,46.61727431319945,51.592879994628845,54.79865314429374,52.16519157733982,53.78589606756813
Galician,46.29832890097059,45.95917379532356,57.53807799684117,54.0336620098104,59.115553011864854,49.79626962478731,39.940831860334136,50.12746166721477,53.37539976792246,48.55255808898944,54.96071234217089,52.7936784030851,47.06009984014193,0,57.64715572811902,55.94971763950858,49.80586873848232,50.43838887283519,49.60301761463077,48.54140175341276,42.93710954604196,76.99797071320945,76.17397264712257,51.326178255505994,47.87248226333169,47.20647012348431,48.093077912793305,49.657472935692255,55.4466266261327,70.68853829540681,42.745576905268415,46.870430661516295,56.114883556517086,52.39528195285831,45.51534665062001,53.54579420171564,53.8398655837826,32.02136606264336,47.03720246561005,51.975082366988694,49.173768998710194,50.05653838098214
German,47.12941921109063,60.27830696486805,62.05746980226686,64.25089639943772,62.00707103645328,58.368443533532904,61.28148533037803,57.74947347206863,59.575261262461645,48.55471093836318,44.63498639057422,51.093848051993234,56.312964548571045,57.64715572811902,0,60.75786320423373,61.20421758760851,60.15684384621257,50.5504373791833,58.695034387272365,58.084789403536696,74.17669888277011,76.37923916141368,58.38687763240261,59.705800988169564,58.32645819071661,49.73234225785347,58.04942165288936,60.97897028301612,72.48032693290335,62.794366524740056,57.669619832739684,62.545152864083576,58.38895832699487,60.54787743303001,60.434068115000734,58.901194696601486,58.71169675943233,48.546351775624345,60.61204293551838,58.4798508315372,59.286279989365454
Greek,58.12030542436813,56.448380896582215,61.79125979697425,61.25974966497932,64.23162210146431,58.296345788996526,57.9973984862969,57.02677623786499,61.25907794571778,60.29358876418999,60.53682235742433,62.562687543319626,56.77534051677947,55.94971763950858,60.75786320423373,0,59.060117845787936,57.74497921536519,56.111470070700086,58.814553252726,58.13950710062791,68.51702547216807,70.3318129914705,59.864102287422135,58.334943290590076,56.139291148204634,58.389917460735404,57.13214498232439,61.63761759167436,76.4545874634242,60.445412721563976,57.760704826508636,61.06210745283151,59.86709352730634,56.6716246114565,62.6052840685436,60.847188490372304,54.65606966860534,59.538240885125596,59.775516992301526,56.167932205034035,58.54481997005913
Gujarati,52.264515301758145,51.37476782427881,61.271403225950515,46.230365507907,62.96325270986261,55.128977045744115,54.96682812374173,53.22033572718524,56.40265241028938,52.93605865764632,58.59568742898387,55.81988183494683,54.127349636357124,49.80586873848232,61.20421758760851,59.060117845787936,0,39.568802411958096,55.874762589459166,53.5258246739224,54.855648358701714,80.71631987968743,79.6208491110949,54.599136256444154,37.15746939349124,40.92933079320386,52.50810075658477,49.791450930666954,58.632047482676754,72.5431353156174,59.12891737553194,55.54043129123682,60.501448100056805,57.043583043619,49.71088302532476,56.237182801973056,58.243000461836225,49.95642945772164,51.627350446668075,56.481041289652275,43.82218820648457,54.96953870597576
Hindi,52.59089179311574,50.98053572128955,61.83361364957629,46.48783063708089,61.20683597202402,52.6405639829583,55.689336123274174,51.58736990860567,54.75328768319186,53.214106750381006,58.17978961402747,56.44433215361255,53.721207231739626,50.43838887283519,60.15684384621257,57.74497921536519,39.568802411958096,0,56.25970959090607,53.94086855786449,54.65012638749249,81.8081153998303,79.810997805402,53.18256446049568,41.1919086052355,39.90050288291182,53.15232947017801,49.10746107315574,57.36333371956566,71.26601048285899,59.75813729553328,54.4802538052284,59.80397161857422,54.83962927984229,48.63740546160793,55.12248897015584,56.10425157383768,50.56959148192157,52.25547769017812,55.798821578273056,37.08106613509812,54.56961550981528
Icelandic,44.22270743385446,53.792829316020374,56.93411134361302,59.120513458354324,57.55035522171866,53.06674458768891,56.26989470250557,53.133526863249465,55.432235369764406,45.05757348902918,49.01399484904265,48.351757696017046,52.67714012042969,49.60301761463077,50.5504373791833,56.111470070700086,55.874762589459166,56.25970959090607,0,53.351136825016454,55.1622064860105,70.29747466530823,69.05898376177525,53.46713446092546,54.564018043218084,52.56403606389125,42.67289916108447,54.361267766840754,56.98631941654847,69.73991496498047,56.521922853489315,54.49160515423275,55.59143504887015,53.36354170948588,52.23936858775617,56.937302634653726,57.12764606030828,51.419412676639304,44.569533730070475,54.500316290148355,53.861094107295635,53.175243006305564
Irish,50.69863455237826,49.070408778163,58.78923611137799,56.35473566089757,62.2246858000383,55.340407416871145,54.837648085095424,53.56718860855461,55.40460267477451,51.47812926847791,57.021950918781705,54.94794414637939,52.26433965529417,48.54140175341276,58.695034387272365,58.814553252726,53.5258246739224,53.94086855786449,53.351136825016454,0,54.76678942098086,78.45498952977069,77.95157575469204,55.69638902652177,50.94364646035029,50.44253057452709,50.49843101647086,48.03855660777967,57.65997175352096,71.86561624423793,54.80450354790858,53.47859459075756,59.41855011694834,56.88699551985157,48.08874091177098,55.13509306403253,57.33280752510794,47.30630900918702,50.309111661166526,56.785858879446714,51.13629157649674,51.454414093671055
Italian,52.31945735563354,53.59248966507489,61.161536210879156,59.02041349074459,59.24348119956332,53.327401724004645,47.17782134694184,53.05251754089682,54.856122236534645,52.18169058092723,58.26650706451751,54.82647098537042,46.62584606139542,42.93710954604196,58.084789403536696,58.13950710062791,54.855648358701714,54.65012638749249,55.1622064860105,54.76678942098086,0,77.99275315108659,77.30692017346763,54.35112891058304,54.41015693616314,51.56251999301266,51.888540919690165,53.1093538715434,57.07213318590994,68.06177836650413,50.71776145595795,44.46451906395504,57.31833147691365,54.29304976635113,53.45503851912433,55.695038792885015,55.10991921165148,43.567351936413935,52.24432726815604,55.4298136651531,53.39119021330894,52.203487059009234
Latvian,74.32987037067733,76.43713252357486,74.25133839265332,79.99688073571514,71.8857389619785,74.63876513368471,79.41619669859213,74.6843316451634,73.21541580036453,78.4776425462911,76.00178812361844,76.52643924455593,74.56256916118868,76.99797071320945,74.17669888277011,68.51702547216807,80.71631987968743,81.8081153998303,70.29747466530823,78.45498952977069,77.99275315108659,0,64.00806628130213,73.938027026477,80.38975121481617,78.85140813612803,74.83688497023753,78.64071023941915,78.38770518942356,77.9299509257593,73.72077588473837,73.82832347877431,67.46670484701919,72.6016995806111,81.08890312336656,71.08892346786898,72.67712875815464,79.15078677232498,77.16375773667494,74.43378229768032,77.60277396027179,78.11251266824823
Lithuanian,74.1719876215239,76.11952761727868,73.60150082036724,81.13088798319279,70.96079535534523,72.7292230160901,77.80741527983355,72.55193063899269,73.87084407839644,78.94226160404139,76.65792821960143,76.63889230139642,75.8009808391389,76.17397264712257,76.37923916141368,70.3318129914705,79.6208491110949,79.810997805402,69.05898376177525,77.95157575469204,77.30692017346763,64.00806628130213,0,71.62638990719572,79.83561373838361,78.13701272702922,75.08081244149261,78.3308779749941,76.9154499000449,81.44467057581774,77.98332046167364,74.29911468849964,69.60485817310176,70.6425977056266,77.75533488940832,73.8933431171688,74.44050741500416,76.47676081218522,75.6343158503938,72.4977174199757,78.21326108086684,75.8556854555327
Macedonian,50.596892270917536,52.79773517822774,58.69063197043157,57.14737925133189,41.37745524172018,36.83896565090346,56.7333184753085,38.40473778744861,45.330832603229986,54.66913229951959,56.51916794356587,56.456479320681055,53.22086413675067,51.326178255505994,58.38687763240261,59.864102287422135,54.599136256444154,53.18256446049568,53.46713446092546,55.69638902652177,54.35112891058304,73.938027026477,71.62638990719572,0,53.256573581855505,49.62397739616957,53.17239749006874,52.302185149950894,57.381424358018315,58.198334034360684,57.533923730950946,53.56871323775721,46.612135499806996,36.401366800346366,50.96424508319131,44.53598164587882,45.681067794557805,51.066981834051184,52.94239728111744,43.60836003592424,51.20825759281687,55.13267585718684
Marathi,49.732096495301946,48.20411173967525,60.60267597559146,48.137109091149526,61.046484459325924,51.48343286005008,53.642603745071156,51.246869905065616,54.226171267092276,51.25442077105479,56.54059159517388,54.73900970882525,51.36561915409454,47.87248226333169,59.705800988169564,58.334943290590076,37.15746939349124,41.1919086052355,54.564018043218084,50.94364646035029,54.41015693616314,80.38975121481617,79.83561373838361,53.256573581855505,0,41.10614687636701,50.2312829199422,48.46500609458624,58.520376527967734,71.32725584801864,57.51821304712934,54.06528574791886,57.92378957299881,54.8539462001563,45.91279046525154,53.187980244386594,55.84221958022216,47.765169295823355,49.53813134000618,55.076873606356095,43.46148485425847,53.62683237068807
Nepali,47.88092684030238,45.99854797008235,57.91352310300516,42.79274995871292,54.540822670227406,50.82267837516841,53.596722803304566,48.08648142887728,50.295219226619146,49.16689656444147,56.001257621744735,53.23784540110049,50.137133145176186,47.20647012348431,58.32645819071661,56.139291148204634,40.92933079320386,39.90050288291182,52.56403606389125,50.44253057452709,51.56251999301266,78.85140813612803,78.13701272702922,49.62397739616957,41.10614687636701,0,48.76322624898523,45.78756111297936,54.2506592019201,67.2582625461596,56.91151251545666,52.36940373300402,56.18467934130604,51.2449679138854,43.21784230142752,51.695512563074864,52.372125029021035,47.447813669448976,47.10655162390394,51.90807471651708,39.85543178749219,52.313177550039384
Norwegian,39.5230990564479,51.27567697928224,59.45390254499022,57.14068847837079,56.106766230216074,52.213681860331896,51.91370357126322,50.7612748370569,53.66515903544503,34.00979403076392,47.35968156512906,43.13826601989048,50.19152995911916,48.093077912793305,49.73234225785347,58.389917460735404,52.50810075658477,53.15232947017801,42.67289916108447,50.49843101647086,51.888540919690165,74.83688497023753,75.08081244149261,53.17239749006874,50.2312829199422,48.76322624898523,0,51.69602722746575,55.7967675860921,67.71045299044077,55.010948114205796,52.33478849660746,56.27067936103671,52.081427996443296,50.040363174739,53.29380032184606,52.17887687130648,48.2763097846888,35.604629111063694,53.402076140407345,51.254890435180904,52.811876615145295
Pashto,48.198082966481515,47.63565032377959,56.29229182883245,53.41905421058357,58.937103290567066,53.08784637491532,54.62946491706522,49.866943204550914,53.225144547302925,51.78398056235902,56.958964172053065,55.522512759613065,50.43035307219203,49.657472935692255,58.04942165288936,57.13214498232439,49.791450930666954,49.10746107315574,54.361267766840754,48.03855660777967,53.1093538715434,78.64071023941915,78.3308779749941,52.302185149950894,48.46500609458624,45.78756111297936,51.69602722746575,0,48.68279029624743,70.49290559451082,56.280560802464706,53.39820690997014,56.75818681468215,52.658730350170714,44.679542333699196,54.381835962716806,54.652048929087734,48.76113806070455,51.43011897046986,53.01599231268519,45.48436433289799,51.65268507324603
Persian,54.73841816960783,54.415474060820856,58.668262232614424,60.4365962552036,59.871830965465804,57.521502656120674,61.09863271758433,55.28235174608075,58.45172446314002,58.04868616694029,59.22606113863823,60.10418869321722,56.47549852771972,55.4466266261327,60.97897028301612,61.63761759167436,58.632047482676754,57.36333371956566,56.98631941654847,57.65997175352096,57.07213318590994,78.38770518942356,76.9154499000449,57.381424358018315,58.520376527967734,54.2506592019201,55.7967675860921,48.68279029624743,0,70.71490009332108,61.99584394699321,56.980306732314325,58.814103077714,56.47651456737115,54.497156947289625,59.60916747131842,59.19650090089001,56.18318930226451,55.614397813445,58.224546171929326,52.315275792898895,56.58496618873835
Polish,66.97380790546285,70.24090995457296,74.58254289715398,72.6382596428282,53.03149265600264,58.635752767922,73.81713741952514,56.17891611375568,54.20554817561754,69.46754366461015,70.74150762374235,68.93636114515442,67.88002343784538,70.68853829540681,72.48032693290335,76.4545874634242,72.5431353156174,71.26601048285899,69.73991496498047,71.86561624423793,68.06177836650413,77.9299509257593,81.44467057581774,58.198334034360684,71.32725584801864,67.2582625461596,67.71045299044077,70.49290559451082,70.71490009332108,0,66.04278201890001,67.35594464194502,54.144977149165555,52.51493236851458,72.45508551582532,46.392741399864775,55.01935080645229,69.53992849644456,69.832306865387,55.737945229845,69.00518827386641,68.73795977814031
Portuguese,53.40436852286412,55.59929562143928,63.37021934922506,61.860440232863375,61.4876939160328,56.568211099215794,50.10276011599857,57.79692082366084,57.46422488834697,55.82507951129012,58.1997032460582,56.09976493569855,52.86318627562284,42.745576905268415,62.794366524740056,60.445412721563976,59.12891737553194,59.75813729553328,56.521922853489315,54.80450354790858,50.71776145595795,73.72077588473837,77.98332046167364,57.533923730950946,57.51821304712934,56.91151251545666,55.010948114205796,56.280560802464706,61.99584394699321,66.04278201890001,0,52.34559486363368,56.84773588947914,56.97358089979408,57.30872440929643,53.97180756672832,57.6212376989618,44.07214071338548,56.25282272907103,58.408423370781506,57.18570885265149,57.16743065993534
Romanian,51.999793016640396,52.232033432012166,60.191603626809545,58.20951326733507,57.54530810481031,53.32379671190924,49.6724814527257,52.85844044271908,56.58697504579916,53.71184807999439,56.72236010430915,55.0610221205432,49.02799547586659,46.870430661516295,57.669619832739684,57.760704826508636,55.54043129123682,54.4802538052284,54.49160515423275,53.47859459075756,44.46451906395504,73.82832347877431,74.29911468849964,53.56871323775721,54.06528574791886,52.36940373300402,52.33478849660746,53.39820690997014,56.980306732314325,67.35594464194502,52.34559486363368,0,56.23510876632219,53.812578578414346,53.70646663097235,56.01985154729538,55.32954145525998,46.947831386707,53.05547572830967,55.489536636668475,53.14685724556798,53.856691216949336
Russian,55.15853778089848,54.87924331778881,60.6761780911688,61.46814194949897,46.60857006771586,46.62580486042925,60.46852984628941,46.75549833075638,48.0531482073284,59.6273626293428,59.4851509584328,59.278143573215374,57.15685168841252,56.114883556517086,62.545152864083576,61.06210745283151,60.501448100056805,59.80397161857422,55.59143504887015,59.41855011694834,57.31833147691365,67.46670484701919,69.60485817310176,46.612135499806996,57.92378957299881,56.18467934130604,56.27067936103671,56.75818681468215,58.814103077714,54.144977149165555,56.84773588947914,56.23510876632219,0,44.281902093886856,56.73024613559592,44.88213128461312,49.960214390028895,56.14015541441251,57.30383193721217,42.962397613303665,57.58920205630761,57.99944130664
Serbian,50.27466917880537,52.29327350766435,59.1782242964863,57.869553882245526,32.77710616024193,40.259072415745116,57.20497815533893,32.199043972410024,42.07551475348941,54.745785717505846,56.51767798377196,56.01446374328156,54.23250866436363,52.39528195285831,58.38895832699487,59.86709352730634,57.043583043619,54.83962927984229,53.36354170948588,56.88699551985157,54.29304976635113,72.6016995806111,70.6425977056266,36.401366800346366,54.8539462001563,51.2449679138854,52.081427996443296,52.658730350170714,56.47651456737115,52.51493236851458,56.97358089979408,53.812578578414346,44.281902093886856,0,52.68021833332951,41.002977767830366,41.52808845074963,51.79073094112696,52.8479104940241,42.68536380921192,52.1237862455914,55.24696914297818
Sinhala,48.19235935839958,42.88821704477772,55.92501981667391,51.84623868533142,58.71717971883154,51.08015459682971,53.0119174516926,48.94630437329147,54.5808291731301,52.59373516777187,57.48669466982593,56.37648504170946,50.96706617855916,45.51534665062001,60.54787743303001,56.6716246114565,49.71088302532476,48.63740546160793,52.23936858775617,48.08874091177098,53.45503851912433,81.08890312336656,77.75533488940832,50.96424508319131,45.91279046525154,43.21784230142752,50.040363174739,44.679542333699196,54.497156947289625,72.45508551582532,57.30872440929643,53.70646663097235,56.73024613559592,52.68021833332951,0,54.48815770213526,55.88712385150631,46.67579357497711,49.47643154921857,53.30371193696014,46.69695740663662,52.29263234706718
Slovak,52.59584073875531,53.07601496756905,60.99314151720291,58.897306551972505,43.95190351997708,44.43951787123242,58.23812738248321,41.441390653150044,36.576407420779745,54.21504835276942,58.30924219989991,57.05767989455322,54.1002694806133,53.54579420171564,60.434068115000734,62.6052840685436,56.237182801973056,55.12248897015584,56.937302634653726,55.13509306403253,55.695038792885015,71.08892346786898,73.8933431171688,44.53598164587882,53.187980244386594,51.695512563074864,53.29380032184606,54.381835962716806,59.60916747131842,46.392741399864775,53.97180756672832,56.01985154729538,44.88213128461312,41.002977767830366,54.48815770213526,0,43.08751346671751,52.930130339827095,54.19300676188117,45.05910504313688,52.47977634607526,56.242692499892875
Slovenian,53.18953308929934,55.46002044351368,62.10466891009124,60.14538006042633,45.3528088002296,45.08559366836459,57.27505907797445,40.74725195212732,44.76887048863321,53.759511052693135,57.584129279102804,57.33311709343538,54.84585957243385,53.8398655837826,58.901194696601486,60.847188490372304,58.243000461836225,56.10425157383768,57.12764606030828,57.33280752510794,55.10991921165148,72.67712875815464,74.44050741500416,45.681067794557805,55.84221958022216,52.372125029021035,52.17887687130648,54.652048929087734,59.19650090089001,55.01935080645229,57.6212376989618,55.32954145525998,49.960214390028895,41.52808845074963,55.88712385150631,43.08751346671751,0,52.5250024903758,53.60171987811862,47.379001902875935,53.94504106674032,56.2870342356886
Spanish,48.311900981831506,47.228620673539666,59.54409257187301,54.27708270831631,58.14820914662402,49.36856944355773,40.19377735126451,48.82629734823686,52.3173096738512,49.286881286125805,55.27032584099286,53.119777897034375,46.61727431319945,32.02136606264336,58.71169675943233,54.65606966860534,49.95642945772164,50.56959148192157,51.419412676639304,47.30630900918702,43.567351936413935,79.15078677232498,76.47676081218522,51.066981834051184,47.765169295823355,47.447813669448976,48.2763097846888,48.76113806070455,56.18318930226451,69.53992849644456,44.07214071338548,46.947831386707,56.14015541441251,51.79073094112696,46.67579357497711,52.930130339827095,52.5250024903758,0,48.86311546947079,51.51556737125877,49.42892257321271,50.142975604679776
Swedish,41.32954460524962,51.165000029407025,59.289197786232904,54.843878777050314,57.49209392168685,52.18445727130957,52.99389670777313,50.87203524701795,54.090098178040265,37.99396825151397,48.65990441532535,44.605102943818196,51.592879994628845,47.03720246561005,48.546351775624345,59.538240885125596,51.627350446668075,52.25547769017812,44.569533730070475,50.309111661166526,52.24432726815604,77.16375773667494,75.6343158503938,52.94239728111744,49.53813134000618,47.10655162390394,35.604629111063694,51.43011897046986,55.614397813445,69.832306865387,56.25282272907103,53.05547572830967,57.30383193721217,52.8479104940241,49.47643154921857,54.19300676188117,53.60171987811862,48.86311546947079,0,54.26925524423554,50.382029944174924,51.86067099948202
Ukrainian,52.67754692228137,51.37458765515289,59.42602634897223,59.01717459417873,47.01024416581125,44.07056974755214,57.20809855853924,43.002253189751215,43.878074102653585,54.9281187187466,58.558883944008464,57.22305420567126,54.79865314429374,51.975082366988694,60.61204293551838,59.775516992301526,56.481041289652275,55.798821578273056,54.500316290148355,56.785858879446714,55.4298136651531,74.43378229768032,72.4977174199757,43.60836003592424,55.076873606356095,51.90807471651708,53.402076140407345,53.01599231268519,58.224546171929326,55.737945229845,58.408423370781506,55.489536636668475,42.962397613303665,42.68536380921192,53.30371193696014,45.05910504313688,47.379001902875935,51.51556737125877,54.26925524423554,0,53.041564817975456,52.888412651844
Urdu,50.358145130726605,47.75455682543522,57.96685955100563,46.7287313142566,57.00224515970708,50.94383695685505,54.33017265037342,48.6913712174364,51.84091291423626,52.19653681393247,57.264358893856404,54.556482390655894,52.16519157733982,49.173768998710194,58.4798508315372,56.167932205034035,43.82218820648457,37.08106613509812,53.861094107295635,51.13629157649674,53.39119021330894,77.60277396027179,78.21326108086684,51.20825759281687,43.46148485425847,39.85543178749219,51.254890435180904,45.48436433289799,52.315275792898895,69.00518827386641,57.18570885265149,53.14685724556798,57.58920205630761,52.1237862455914,46.69695740663662,52.47977634607526,53.94504106674032,49.42892257321271,50.382029944174924,53.041564817975456,0,51.91144118470251
Welsh,52.18687900274185,52.09636672014935,59.25912956792396,58.954027720100115,59.525854609234045,53.34655075485387,56.43323440824032,52.960592121285046,54.810420619624345,52.10473381892757,58.66979802902318,55.560430149733975,53.78589606756813,50.05653838098214,59.286279989365454,58.54481997005913,54.96953870597576,54.56961550981528,53.175243006305564,51.454414093671055,52.203487059009234,78.11251266824823,75.8556854555327,55.13267585718684,53.62683237068807,52.313177550039384,52.811876615145295,51.65268507324603,56.58496618873835,68.73795977814031,57.16743065993534,53.856691216949336,57.99944130664,55.24696914297818,52.29263234706718,56.242692499892875,56.2870342356886,50.142975604679776,51.86067099948202,52.888412651844,51.91144118470251,0
