,Afrikaans,Albanian,Armenian,Bengali,Bosnian,Bulgarian,Catalan,Croatian,Czech,Danish,Dutch,English,French,Galician,German,Greek,Gujarati,Hindi,Icelandic,Irish,Italian,Latvian,Lithuanian,Macedonian,Marathi,Nepali,Norwegian,Pashto,Persian,Polish,Portuguese,Romanian,Russian,Serbian,Sinhala,Slovak,Slovenian,Spanish,Swedish,Ukrainian,Urdu,Welsh
Afrikaans,0,598.3285527904085,696.4122247843284,589.86355142633,669.5337039649211,590.3571887682199,566.4452230395885,603.2915566849357,622.5268682041138,520.1215578050077,481.30279082678163,579.9640663599102,552.4002535154754,546.7959340840611,565.9641889547602,599.8109809946105,592.7304298779551,615.26917660411,565.3594587570984,525.4018310480424,698.0212293734694,659.5832822710945,830.6164962403886,608.5668548589464,570.8385506986468,660.4843707409573,515.5480654963637,552.7806516326251,664.7321623579537,696.6520061994693,599.2142155930117,609.4523367749791,629.2572352299496,604.5232931521654,649.3145946552588,582.5277459861886,589.7892834811696,610.587744999252,556.5003760930462,633.9993203245554,598.7922466096849,714.1431621116144
Albanian,598.3285527904085,0,743.5618988720614,638.339478151291,726.2100347954951,640.8529665366968,622.9090996733578,652.9809019982528,676.1249373882162,591.704129235185,647.6242142488118,665.6454722395061,603.9747633914772,594.7338435729248,646.171474406211,643.8637151311146,647.3734719898241,662.4549244325962,646.1639615096101,577.0366469318508,744.3926087430558,718.728416291584,879.1834859828407,658.414004531186,620.2814996842432,705.5446168099761,591.6965139351142,606.7692384408476,714.3767912173084,752.1030195827008,650.674404584463,657.5465149822819,682.9174916184074,659.4106342975962,675.8823356365018,631.4264882821004,643.7847633222517,655.9218908455539,637.2724657749633,682.5368924135851,644.8522500034596,761.9661257425672
Armenian,696.4122247843284,743.5618988720614,0,746.4438464603217,822.0585653381131,752.3886712015031,723.8108106788054,758.4408203379201,780.4579579013164,702.3773607862356,746.9262225045412,766.1731788454148,713.3108155669495,703.4399180832977,754.271649232122,745.9223770123025,752.4234027028839,772.6798027297737,736.357222679902,685.7816198321702,854.1994198369343,808.0704478315075,964.2697298850237,762.0348646120895,726.7854496781091,819.0209689528361,698.4232403627533,705.473745516313,807.4880807602578,852.2276215169217,754.2931759371531,768.6052031557687,784.6227680442702,760.4111125423088,783.2958471217197,743.1977824813108,749.988341186195,763.9180257327716,734.8818455766453,786.676174985024,750.3286702542267,866.113655236475
Bengali,589.86355142633,638.339478151291,746.4438464603217,0,713.5574381606294,627.3361254416437,604.044215581134,642.6286594511671,654.0218732502651,577.1086354984598,634.7069826123627,646.3963677110628,591.4604695975419,588.6579497027714,632.8125144055988,630.0864152676398,590.1706679859958,604.3544170843358,637.5024856835004,566.680110298028,724.5242971483375,707.8730897907441,871.3887344619077,647.8261234197911,575.2024796724178,640.125752754004,581.4449147991921,594.7102335222714,703.5771385108047,730.5946751273325,629.3704587290271,645.2569264669355,670.3704272395388,645.859766030985,676.144721655521,622.76123888204,631.9378400171968,640.6749323918526,623.0411049397987,673.6635227328954,579.576492237806,745.6149504175066
Bosnian,669.5337039649211,726.2100347954951,822.0585653381131,713.5574381606294,0,654.9140909919614,691.0828634893701,589.7031111950381,694.8350015553415,660.2701530866415,719.199205580058,736.0654165788649,679.2387724840548,676.1059831315617,721.764536954341,725.3758050813925,719.7079083241282,741.6118588179702,715.2535846312024,663.2628875588106,803.2923321896126,766.7624618229742,931.8086092540507,609.2947537977078,696.7009082245803,781.2305905212489,665.4526731189536,692.4614517253724,794.7597315436733,759.7523943087843,711.9137726516625,730.9906561268236,658.6614967212084,522.7548555693434,772.5628606381366,637.7204409801114,652.3611445955662,726.7694535568469,706.8608333488864,663.7349854875848,718.0516139913344,828.5945001727202
Bulgarian,590.3571887682199,640.8529665366968,752.3886712015031,627.3361254416437,654.9140909919614,0,596.9690811982662,554.3612281788356,610.7934045874555,570.8588650177677,631.0646128211074,639.555259905957,588.6221550491159,585.0502128748435,634.5153071119058,631.0325725543208,629.8965417884249,648.4229384170047,638.8994151740947,568.9198017242431,715.5841345891545,701.8242164117131,859.1634094437495,561.0436154435595,604.4934926241667,699.8971276576536,574.5353995214683,598.9141554486015,705.4558458426053,690.9560271733527,630.1995230714404,643.1528005965159,627.3326024193697,579.6919483754929,683.413251306236,573.6302502266004,587.647212933173,634.927557386956,619.9978610482558,630.7428134131236,627.174229823523,740.0257798534706
Catalan,566.4452230395885,622.9090996733578,723.8108106788054,604.044215581134,691.0828634893701,596.9690811982662,0,614.0442984152585,636.230717115102,548.8916251843345,608.6870605238474,614.6406578524748,548.1908246737999,524.5989037063952,611.5209128784815,606.4833451352121,603.1946517865715,621.4526876101608,613.3603222132001,541.4464729930959,665.9678732460858,679.7362935158754,844.5214223970437,620.1778770206104,578.8110776066204,681.6987088560528,546.2437080504372,580.5340023641409,692.908089596471,714.3387333261321,567.440930382146,598.7447896878741,647.7477698041445,621.1929468941966,669.1486904423252,597.2657349892103,601.7571385377057,562.8866711939135,589.8707406173421,649.1928230140217,608.8413543716956,732.0570665308234
Croatian,603.2915566849357,652.9809019982528,758.4408203379201,642.6286594511671,589.7031111950381,554.3612281788356,614.0442984152585,0,618.8610241150482,584.8067566981438,648.243547909372,652.9125923555604,599.3383308406851,604.8215141408884,650.161669488861,646.7413280774679,643.7355151287177,661.9943875219853,653.1803273846214,584.5916149055248,733.8316490298599,713.7812559525688,865.7290615269319,577.2072342505359,615.7326381483624,709.0219585325749,589.071681988791,610.9303821965907,723.0879045638768,701.0118607367513,643.5509805912361,658.4996668081324,631.0107718270463,518.8798726683061,695.0692499770402,570.2211691506886,566.7269058444355,650.5870586241884,635.6824097275698,622.3102719141498,640.7622683352879,758.370929437679
Czech,622.5268682041138,676.1249373882162,780.4579579013164,654.0218732502651,694.8350015553415,610.7934045874555,636.230717115102,618.8610241150482,0,599.7605656532704,667.3116196737144,675.258419178498,618.2526457911821,622.9364528741179,662.5444443677275,668.0216171260962,664.7332339106974,681.0296378842945,669.5240220705426,598.6805358115589,749.8130939209702,731.3134683375349,904.2601188284434,639.9125553913957,642.4412460019429,720.8460539831112,607.7395886824941,627.6414928639844,738.6866892296875,710.3306103335242,663.5545331311326,675.935585565806,653.4429619560301,622.0864668703947,719.2424816655862,557.5818070798206,626.6451266405123,674.6143305266802,652.9818862905254,653.9666987536723,657.0498348084416,770.415972709908
Danish,520.1215578050077,591.704129235185,702.3773607862356,577.1086354984598,660.2701530866415,570.8588650177677,548.8916251843345,584.8067566981438,599.7605656532704,0,558.2462632568665,568.6257579933064,532.8132100080579,540.6416336324602,555.0859389781456,582.5429926971577,577.6638177155146,593.4840904029738,562.8328316519592,512.2493365693473,671.2096295494844,658.735969385127,824.8835373199271,593.8376063817619,555.6131649394624,638.7176224026558,477.7109515414799,547.6067883660431,661.8507577186384,684.7995853670551,584.6624040777727,590.5111060776804,618.2325421660056,592.7418790189513,635.1457944852934,564.494742187807,571.4345038310245,591.3367004744621,533.758894518861,618.5830060962733,575.8662673586321,692.6260050824333
Dutch,481.30279082678163,647.6242142488118,746.9262225045412,634.7069826123627,719.199205580058,631.0646128211074,608.6870605238474,648.243547909372,667.3116196737144,558.2462632568665,0,621.958107488434,597.8591069807122,601.5723228323877,590.6952979614066,638.7653914639545,636.2656524384912,655.0523621798617,617.4840389846072,573.7750445288822,734.2175582336588,708.4730518794432,873.529285577002,653.2451705621352,617.7479073313416,707.6826881676423,560.7722864597006,607.4064182099021,715.9862723000656,739.1673226961822,640.0125294715704,650.621127796967,677.9216234425692,651.7504448347746,696.2911993915508,628.3039268473447,631.7837658643692,649.380093005203,601.0710924279878,680.5047790346553,640.8527022957165,758.7014077369187
English,579.9640663599102,665.6454722395061,766.1731788454148,646.3963677110628,736.0654165788649,639.555259905957,614.6406578524748,652.9125923555604,675.258419178498,568.6257579933064,621.958107488434,0,604.3614698593109,610.6497644243292,631.7125798562336,655.0057161917122,639.8764411395379,663.5114994302944,645.2374098249371,576.7577641650525,749.0163978793365,720.7482529003038,892.1185787406433,666.237653063473,617.7517802269282,716.5127013149948,575.0433727090041,622.961696609165,735.2312409076441,757.5620473001889,649.9087667151529,664.0977794039231,691.2260209960609,662.2281794999042,712.1263424573117,641.116897301487,644.2481203154116,657.0278407023184,627.4469940466556,693.858643471458,652.4869713336061,764.6199731806638
French,552.4002535154754,603.9747633914772,713.3108155669495,591.4604695975419,679.2387724840548,588.6221550491159,548.1908246737999,599.3383308406851,618.2526457911821,532.8132100080579,597.8591069807122,604.3614698593109,0,543.6394031777041,596.816801851179,601.0102259993182,594.2620760170411,615.4596047252721,602.3224849058178,528.8802546941104,669.4323616779735,668.9789740042576,836.5947601176813,611.5172559028208,568.5609384294711,661.6243603972918,535.3564082971646,562.1337861685166,678.3122295664961,701.1922551344381,587.8812398929923,598.2785323085591,635.4868590282932,606.6944196528153,652.938745212778,585.4556909337639,587.3806028222031,592.5809896377131,587.122002322589,635.9120816591452,596.452673497194,713.4991580559878
Galician,546.7959340840611,594.7338435729248,703.4399180832977,588.6579497027714,676.1059831315617,585.0502128748435,524.5989037063952,604.8215141408884,622.9364528741179,540.6416336324602,601.5723228323877,610.6497644243292,543.6394031777041,0,598.3645447535423,596.8152699015026,600.0782099872791,616.3650752269939,588.5363711583975,524.4008542376251,656.5188529499562,670.494101456126,831.3892564228483,611.018770816222,573.886790454112,659.5762568188782,541.7449928705468,558.8883941835695,666.9110976865086,707.4286095311685,531.8461336208358,596.6687970151654,637.9335271123246,609.1951500617931,642.4464056686458,585.0582508287154,598.5209916065039,503.2540098716423,583.895758251905,638.7912006057367,597.8378052261976,712.2596475732722
German,565.9641889547602,646.171474406211,754.271649232122,632.8125144055988,721.764536954341,634.5153071119058,611.5209128784815,650.161669488861,662.5444443677275,555.0859389781456,590.6952979614066,631.7125798562336,596.816801851179,598.3645447535423,0,641.3065374959747,637.4030810126691,652.1122595036137,627.463991273069,572.0701188907051,730.3753980319584,708.3656210723863,876.7963217080717,659.6031373245023,619.7829587388561,695.8593077671252,569.2635671665047,606.8304215043211,712.9489864303658,739.4034599731497,640.897858905702,650.3180721867421,682.1414715620872,655.3957216126255,695.9982323590137,625.8676562757024,632.7228722649952,651.2861704457694,603.0852209126166,684.0889682238642,637.959956604227,750.5536504616877
Greek,599.8109809946105,643.8637151311146,745.9223770123025,630.0864152676398,725.3758050813925,631.0325725543208,606.4833451352121,646.7413280774679,668.0216171260962,582.5429926971577,638.7653914639545,655.0057161917122,601.0102259993182,596.8152699015026,641.3065374959747,0,635.0281011387576,651.2193252270721,644.0371196844962,572.0823118092175,735.8473796041346,703.2373511471859,870.4010059975211,654.5530190577043,608.9705271054092,699.853790341292,584.2512528711412,604.523946949911,718.5717327162195,745.636747508232,638.0878288746362,651.5861931314254,677.8412393438931,654.0095411667385,683.6104957925296,628.9220171852228,636.308771835668,636.1361203546653,633.9222339038499,679.3827789006815,635.1040907092362,758.0249192268298
Gujarati,592.7304298779551,647.3734719898241,752.4234027028839,590.1706679859958,719.7079083241282,629.8965417884249,603.1946517865715,643.7355151287177,664.7332339106974,577.6638177155146,636.2656524384912,639.8764411395379,594.2620760170411,600.0782099872791,637.4030810126691,635.0281011387576,0,547.6313404152884,644.8786036390735,571.5694885536825,736.6561532365232,710.8898376417744,875.7709293853818,653.0676438217795,494.7988699431124,663.4652407964876,583.4386081378349,596.8770256457622,718.5680747271261,740.8072212862929,644.3414239167879,647.953528594353,677.1164525399245,650.593912779739,687.8149558339029,628.0776299802029,633.8353982700003,647.9189214610744,627.7742200976724,678.9961893013935,587.460999122485,756.7387608481238
Hindi,615.26917660411,662.4549244325962,772.6798027297737,604.3544170843358,741.6118588179702,648.4229384170047,621.4526876101608,661.9943875219853,681.0296378842945,593.4840904029738,655.0523621798617,663.5114994302944,615.4596047252721,616.3650752269939,652.1122595036137,651.2193252270721,547.6313404152884,0,661.3001802625537,590.8489583596531,752.1804143593735,729.4995162053287,894.1982597860934,674.217923854373,550.8810476234559,675.1630157136278,600.0257594840025,613.4113320207239,726.4724665641332,761.77874074753,661.5316444967561,659.9950743210356,698.7193855196624,672.898525122606,694.5503518324687,645.224072858358,650.6723202147731,663.3917762925934,642.4567114366314,703.7105774940298,560.6861409339025,773.9906767686257
Icelandic,565.3594587570984,646.1639615096101,736.357222679902,637.5024856835004,715.2535846312024,638.8994151740947,613.3603222132001,653.1803273846214,669.5240220705426,562.8328316519592,617.4840389846072,645.2374098249371,602.3224849058178,588.5363711583975,627.463991273069,644.0371196844962,644.8786036390735,661.3001802625537,0,576.0142414044566,743.8596840394684,706.3553610539107,868.0093561249654,654.1642294387168,621.2385142120861,711.1926286216686,559.0443022679206,606.6699549807798,707.7893611877538,746.5630805711182,643.6723673382444,656.7454562162569,677.2649943833775,652.4614994399898,685.0394852338429,632.0357020302118,640.7737248614807,653.4626340072783,591.2287257669154,682.4290856165072,641.2890173690878,759.8882270938481
Irish,525.4018310480424,577.0366469318508,685.7816198321702,566.680110298028,663.2628875588106,568.9198017242431,541.4464729930959,584.5916149055248,598.6805358115589,512.2493365693473,573.7750445288822,576.7577641650525,528.8802546941104,524.4008542376251,572.0701188907051,572.0823118092175,571.5694885536825,590.8489583596531,576.0142414044566,0,677.7558630426502,649.6465538319798,808.9267623466318,591.5734373758319,543.6173979445956,639.9011810499189,511.78185021455135,532.9185440945278,650.7811770581873,681.9358885649831,571.8837680962114,588.9156034306109,617.0925630699803,591.5139977409705,623.0977760129927,563.9904053047418,568.2190877714553,579.0280042308866,559.0138064131392,619.1736376609297,570.1586527709969,683.6484464839966
Italian,698.0212293734694,744.3926087430558,854.1994198369343,724.5242971483375,803.2923321896126,715.5841345891545,665.9678732460858,733.8316490298599,749.8130939209702,671.2096295494844,734.2175582336588,749.0163978793365,669.4323616779735,656.5188529499562,730.3753980319584,735.8473796041346,736.6561532365232,752.1804143593735,743.8596840394684,677.7558630426502,0,811.5081512667501,972.3923236969073,740.0314371661901,709.0077142885244,783.7832684762269,685.008614578452,706.9440379443173,814.7629842742465,828.387166130507,703.5481409683923,709.4958448415509,771.6611936925553,738.2818590347273,792.141593166743,716.268751545426,732.2582308782257,691.939889058019,723.4226828473016,765.5075554628854,733.0511894925336,819.0545996519921
Latvian,659.5832822710945,718.728416291584,808.0704478315075,707.8730897907441,766.7624618229742,701.8242164117131,679.7362935158754,713.7812559525688,731.3134683375349,658.735969385127,708.4730518794432,720.7482529003038,668.9789740042576,670.494101456126,708.3656210723863,703.2373511471859,710.8898376417744,729.4995162053287,706.3553610539107,649.6465538319798,811.5081512667501,0,862.4698214381903,714.2004340456508,686.256961086332,782.0952407980274,651.7114409566714,683.1646501879617,789.7306979950044,793.0763202526701,714.5901422906973,723.8987149417633,724.3552821538848,704.8574006071389,761.9374401789457,684.4194243752054,693.341110446156,722.9501965504834,704.0899252471721,737.9828759282342,713.2094408164573,835.7059740238357
Lithuanian,830.6164962403886,879.1834859828407,964.2697298850237,871.3887344619077,931.8086092540507,859.1634094437495,844.5214223970437,865.7290615269319,904.2601188284434,824.8835373199271,873.529285577002,892.1185787406433,836.5947601176813,831.3892564228483,876.7963217080717,870.4010059975211,875.7709293853818,894.1982597860934,868.0093561249654,808.9267623466318,972.3923236969073,862.4698214381903,0,874.01151493732,852.9144780149844,942.2101188827397,815.8123897217274,843.6350277024214,946.2633399231522,955.7810131636675,882.0755555209973,886.0547349798334,889.1795355915835,865.6507673787542,918.8607295277023,861.3838480833055,858.8119743753323,879.0688998969584,859.4032696079937,893.017280573359,874.2508329410474,998.7549931086168
Macedonian,608.5668548589464,658.414004531186,762.0348646120895,647.8261234197911,609.2947537977078,561.0436154435595,620.1778770206104,577.2072342505359,639.9125553913957,593.8376063817619,653.2451705621352,666.237653063473,611.5172559028208,611.018770816222,659.6031373245023,654.5530190577043,653.0676438217795,674.217923854373,654.1642294387168,591.5734373758319,740.0314371661901,714.2004340456508,874.01151493732,0,629.1788981150396,719.2584408885963,600.0907894230189,621.2016053946871,733.0649222834746,713.9588350115376,647.7187928572415,665.3412134925094,605.3942738190951,519.627293486368,706.5958781234652,587.6940544623053,606.0050930887602,656.9071930971621,642.0758582117971,607.3408159293488,647.9604280465775,768.9722217672698
Marathi,570.8385506986468,620.2814996842432,726.7854496781091,575.2024796724178,696.7009082245803,604.4934926241667,578.8110776066204,615.7326381483624,642.4412460019429,555.6131649394624,617.7479073313416,617.7517802269282,568.5609384294711,573.886790454112,619.7829587388561,608.9705271054092,494.7988699431124,550.8810476234559,621.2385142120861,543.6173979445956,709.0077142885244,686.256961086332,852.9144780149844,629.1788981150396,0,650.5516233144461,558.3624167573048,574.3637089619932,695.411249547486,719.2519999871051,618.7169543028807,622.7820384742382,651.0944876470787,626.1749064269379,663.5483609608019,603.8270904655652,607.1356982290395,618.9695846313174,606.4355483671176,653.1134450253635,577.9833753906399,734.0731614489273
Nepali,660.4843707409573,705.5446168099761,819.0209689528361,640.125752754004,781.2305905212489,699.8971276576536,681.6987088560528,709.0219585325749,720.8460539831112,638.7176224026558,707.6826881676423,716.5127013149948,661.6243603972918,659.5762568188782,695.8593077671252,699.853790341292,663.4652407964876,675.1630157136278,711.1926286216686,639.9011810499189,783.7832684762269,782.0952407980274,942.2101188827397,719.2584408885963,650.5516233144461,0,652.2699761420992,654.7129143207533,772.3500908168317,805.8460242083116,702.724715104013,712.826992346716,746.4449564588192,715.2834592840587,739.0201890693987,690.9507658401202,703.4132570718378,717.3548671862908,695.2532571913977,746.6112953075118,653.0170276935622,805.6648049812894
Norwegian,515.5480654963637,591.6965139351142,698.4232403627533,581.4449147991921,665.4526731189536,574.5353995214683,546.2437080504372,589.071681988791,607.7395886824941,477.7109515414799,560.7722864597006,575.0433727090041,535.3564082971646,541.7449928705468,569.2635671665047,584.2512528711412,583.4386081378349,600.0257594840025,559.0443022679206,511.78185021455135,685.008614578452,651.7114409566714,815.8123897217274,600.0907894230189,558.3624167573048,652.2699761420992,0,550.4861752595965,663.0840796233487,686.3121988398257,584.8494724310028,594.5863001167446,622.5074439127616,595.0282968644459,639.7113022398605,566.3326981229357,563.5862135520191,588.8684866462555,504.23422090906496,626.1482613227315,581.1619572923903,706.3207671760533
Pashto,552.7806516326251,606.7692384408476,705.473745516313,594.7102335222714,692.4614517253724,598.9141554486015,580.5340023641409,610.9303821965907,627.6414928639844,547.6067883660431,607.4064182099021,622.961696609165,562.1337861685166,558.8883941835695,606.8304215043211,604.523946949911,596.8770256457622,613.4113320207239,606.6699549807798,532.9185440945278,706.9440379443173,683.1646501879617,843.6350277024214,621.2016053946871,574.3637089619932,654.7129143207533,550.4861752595965,0,649.9658098925421,713.4952268650848,609.2964769507875,620.6343831904531,646.9087700638894,619.1015805718647,646.477476580311,595.225767425408,599.8057568803215,618.3747205552737,594.2826693636032,646.6519782455897,588.9384736714139,722.4191013439442
Persian,664.7321623579537,714.3767912173084,807.4880807602578,703.5771385108047,794.7597315436733,705.4558458426053,692.908089596471,723.0879045638768,738.6866892296875,661.8507577186384,715.9862723000656,735.2312409076441,678.3122295664961,666.9110976865086,712.9489864303658,718.5717327162195,718.5680747271261,726.4724665641332,707.7893611877538,650.7811770581873,814.7629842742465,789.7306979950044,946.2633399231522,733.0649222834746,695.411249547486,772.3500908168317,663.0840796233487,649.9658098925421,0,815.7345596861662,720.2625188317105,734.3655595158012,757.2266385127201,729.0983953167562,759.2718106843885,703.1487868043475,714.3475713963818,730.8452746134219,700.3492678980379,757.3749266799945,699.4377933066903,829.2262845080837
Polish,696.6520061994693,752.1030195827008,852.2276215169217,730.5946751273325,759.7523943087843,690.9560271733527,714.3387333261321,701.0118607367513,710.3306103335242,684.7995853670551,739.1673226961822,757.5620473001889,701.1922551344381,707.4286095311685,739.4034599731497,745.636747508232,740.8072212862929,761.77874074753,746.5630805711182,681.9358885649831,828.387166130507,793.0763202526701,955.7810131636675,713.9588350115376,719.2519999871051,805.8460242083116,686.3121988398257,713.4952268650848,815.7345596861662,0,738.8514253894186,752.3737107246048,722.2628048365193,702.755337621045,797.7163798724945,654.4775508141213,704.4911572710952,753.5489367745166,726.881401727177,724.4410982896527,738.6968769924487,852.3831593241257
Portuguese,599.2142155930117,650.674404584463,754.2931759371531,629.3704587290271,711.9137726516625,630.1995230714404,567.440930382146,643.5509805912361,663.5545331311326,584.6624040777727,640.0125294715704,649.9087667151529,587.8812398929923,531.8461336208358,640.897858905702,638.0878288746362,644.3414239167879,661.5316444967561,643.6723673382444,571.8837680962114,703.5481409683923,714.5901422906973,882.0755555209973,647.7187928572415,618.7169543028807,702.724715104013,584.8494724310028,609.2964769507875,720.2625188317105,738.8514253894186,0,641.6939294733671,673.7713723108958,647.2474315403415,697.2902060802093,622.4794773934441,637.5328810367594,569.4560307947877,629.8306487077508,674.6149413533868,637.114043766876,757.8716775039044
Romanian,609.4523367749791,657.5465149822819,768.6052031557687,645.2569264669355,730.9906561268236,643.1528005965159,598.7447896878741,658.4996668081324,675.935585565806,590.5111060776804,650.621127796967,664.0977794039231,598.2785323085591,596.6687970151654,650.3180721867421,651.5861931314254,647.953528594353,659.9950743210356,656.7454562162569,588.9156034306109,709.4958448415509,723.8987149417633,886.0547349798334,665.3412134925094,622.7820384742382,712.826992346716,594.5863001167446,620.6343831904531,734.3655595158012,752.3737107246048,641.6939294733671,0,691.8414029806604,664.436805209015,711.1603359812289,638.9062143365292,643.8974433101105,643.3882580831955,642.9935469302989,693.1906340705887,648.3627143499843,764.1034868511035
Russian,629.2572352299496,682.9174916184074,784.6227680442702,670.3704272395388,658.6614967212084,627.3326024193697,647.7477698041445,631.0107718270463,653.4429619560301,618.2325421660056,677.9216234425692,691.2260209960609,635.4868590282932,637.9335271123246,682.1414715620872,677.8412393438931,677.1164525399245,698.7193855196624,677.2649943833775,617.0925630699803,771.6611936925553,724.3552821538848,889.1795355915835,605.3942738190951,651.0944876470787,746.4449564588192,622.5074439127616,646.9087700638894,757.2266385127201,722.2628048365193,673.7713723108958,691.8414029806604,0,594.3394623589394,728.8150171572498,604.6309213610028,642.5767419599063,687.2593081583404,664.0156452329967,592.2084317691084,678.255339615271,795.194576932143
Serbian,604.5232931521654,659.4106342975962,760.4111125423088,645.859766030985,522.7548555693434,579.6919483754929,621.1929468941966,518.8798726683061,622.0864668703947,592.7418790189513,651.7504448347746,662.2281794999042,606.6944196528153,609.1951500617931,655.3957216126255,654.0095411667385,650.593912779739,672.898525122606,652.4614994399898,591.5139977409705,738.2818590347273,704.8574006071389,865.6507673787542,519.627293486368,626.1749064269379,715.2834592840587,595.0282968644459,619.1015805718647,729.0983953167562,702.755337621045,647.2474315403415,664.436805209015,594.3394623589394,0,703.5943661769538,569.6692958610637,576.906780413881,658.4465000305926,639.7517790911886,594.2388473396218,649.0968419407104,766.4040211148475
Sinhala,649.3145946552588,675.8823356365018,783.2958471217197,676.144721655521,772.5628606381366,683.413251306236,669.1486904423252,695.0692499770402,719.2424816655862,635.1457944852934,696.2911993915508,712.1263424573117,652.938745212778,642.4464056686458,695.9982323590137,683.6104957925296,687.8149558339029,694.5503518324687,685.0394852338429,623.0977760129927,792.141593166743,761.9374401789457,918.8607295277023,706.5958781234652,663.5483609608019,739.0201890693987,639.7113022398605,646.477476580311,759.2718106843885,797.7163798724945,697.2902060802093,711.1603359812289,728.8150171572498,703.5943661769538,0,683.4656530627487,688.8107118547821,699.6147789595564,681.3820296740545,729.9790164637067,680.260587829088,804.6552240658424
Slovak,582.5277459861886,631.4264882821004,743.1977824813108,622.76123888204,637.7204409801114,573.6302502266004,597.2657349892103,570.2211691506886,557.5818070798206,564.494742187807,628.3039268473447,641.116897301487,585.4556909337639,585.0582508287154,625.8676562757024,628.9220171852228,628.0776299802029,645.224072858358,632.0357020302118,563.9904053047418,716.268751545426,684.4194243752054,861.3838480833055,587.6940544623053,603.8270904655652,690.9507658401202,566.3326981229357,595.225767425408,703.1487868043475,654.4775508141213,622.4794773934441,638.9062143365292,604.6309213610028,569.6692958610637,683.4656530627487,0,579.3748484866294,636.5463602586459,615.5292870859945,610.559283488445,627.3113404998437,743.228230627979
Slovenian,589.7892834811696,643.7847633222517,749.988341186195,631.9378400171968,652.3611445955662,587.647212933173,601.7571385377057,566.7269058444355,626.6451266405123,571.4345038310245,631.7837658643692,644.2481203154116,587.3806028222031,598.5209916065039,632.7228722649952,636.308771835668,633.8353982700003,650.6723202147731,640.7737248614807,568.2190877714553,732.2582308782257,693.341110446156,858.8119743753323,606.0050930887602,607.1356982290395,703.4132570718378,563.5862135520191,599.8057568803215,714.3475713963818,704.4911572710952,637.5328810367594,643.8974433101105,642.5767419599063,576.906780413881,688.8107118547821,579.3748484866294,0,639.97561597313,618.821105118981,644.4905304352121,631.5678382082211,755.2356186316455
Spanish,610.587744999252,655.9218908455539,763.9180257327716,640.6749323918526,726.7694535568469,634.927557386956,562.8866711939135,650.5870586241884,674.6143305266802,591.3367004744621,649.380093005203,657.0278407023184,592.5809896377131,503.2540098716423,651.2861704457694,636.1361203546653,647.9189214610744,663.3917762925934,653.4626340072783,579.0280042308866,691.939889058019,722.9501965504834,879.0688998969584,656.9071930971621,618.9695846313174,717.3548671862908,588.8684866462555,618.3747205552737,730.8452746134219,753.5489367745166,569.4560307947877,643.3882580831955,687.2593081583404,658.4465000305926,699.6147789595564,636.5463602586459,639.97561597313,0,639.3236230520549,683.6065271407217,645.7489074693783,768.2447759033008
Swedish,556.5003760930462,637.2724657749633,734.8818455766453,623.0411049397987,706.8608333488864,619.9978610482558,589.8707406173421,635.6824097275698,652.9818862905254,533.758894518861,601.0710924279878,627.4469940466556,587.122002322589,583.895758251905,603.0852209126166,633.9222339038499,627.7742200976724,642.4567114366314,591.2287257669154,559.0138064131392,723.4226828473016,704.0899252471721,859.4032696079937,642.0758582117971,606.4355483671176,695.2532571913977,504.23422090906496,594.2826693636032,700.3492678980379,726.881401727177,629.8306487077508,642.9935469302989,664.0156452329967,639.7517790911886,681.3820296740545,615.5292870859945,618.821105118981,639.3236230520549,0,668.5077750410059,624.4706041849796,740.3739429305425
Ukrainian,633.9993203245554,682.5368924135851,786.676174985024,673.6635227328954,663.7349854875848,630.7428134131236,649.1928230140217,622.3102719141498,653.9666987536723,618.5830060962733,680.5047790346553,693.858643471458,635.9120816591452,638.7912006057367,684.0889682238642,679.3827789006815,678.9961893013935,703.7105774940298,682.4290856165072,619.1736376609297,765.5075554628854,737.9828759282342,893.017280573359,607.3408159293488,653.1134450253635,746.6112953075118,626.1482613227315,646.6519782455897,757.3749266799945,724.4410982896527,674.6149413533868,693.1906340705887,592.2084317691084,594.2388473396218,729.9790164637067,610.559283488445,644.4905304352121,683.6065271407217,668.5077750410059,0,678.7913954472893,793.0910562997244
Urdu,598.7922466096849,644.8522500034596,750.3286702542267,579.576492237806,718.0516139913344,627.174229823523,608.8413543716956,640.7622683352879,657.0498348084416,575.8662673586321,640.8527022957165,652.4869713336061,596.452673497194,597.8378052261976,637.959956604227,635.1040907092362,587.460999122485,560.6861409339025,641.2890173690878,570.1586527709969,733.0511894925336,713.2094408164573,874.2508329410474,647.9604280465775,577.9833753906399,653.0170276935622,581.1619572923903,588.9384736714139,699.4377933066903,738.6968769924487,637.114043766876,648.3627143499843,678.255339615271,649.0968419407104,680.260587829088,627.3113404998437,631.5678382082211,645.7489074693783,624.4706041849796,678.7913954472893,0,749.9329106789324
Welsh,714.1431621116144,761.9661257425672,866.113655236475,745.6149504175066,828.5945001727202,740.0257798534706,732.0570665308234,758.370929437679,770.415972709908,692.6260050824333,758.7014077369187,764.6199731806638,713.4991580559878,712.2596475732722,750.5536504616877,758.0249192268298,756.7387608481238,773.9906767686257,759.8882270938481,683.6484464839966,819.0545996519921,835.7059740238357,998.7549931086168,768.9722217672698,734.0731614489273,805.6648049812894,706.3207671760533,722.4191013439442,829.2262845080837,852.3831593241257,757.8716775039044,764.1034868511035,795.194576932143,766.4040211148475,804.6552240658424,743.228230627979,755.2356186316455,768.2447759033008,740.3739429305425,793.0910562997244,749.9329106789324,0
