,Afrikaans,Albanian,Armenian,Bengali,Bosnian,Bulgarian,Catalan,Croatian,Czech,Danish,Dutch,English,French,Galician,German,Greek,Gujarati,Hindi,Icelandic,Irish,Italian,Latvian,Lithuanian,Macedonian,Marathi,Nepali,Norwegian,Pashto,Persian,Polish,Portuguese,Romanian,Russian,Serbian,Sinhala,Slovak,Slovenian,Spanish,Swedish,Ukrainian,Urdu,Welsh
Afrikaans,0,2.153798902295082,1.9947354416009042,2.3743291094198096,2.097616671555943,2.257227287157329,2.471778884698297,2.2017998411157436,2.2745150269758714,2.206376588137657,1.630608714170326,2.0006105053525305,2.3465154046184264,2.1975729786987603,2.03849201777202,2.3950109166901297,2.458624785162694,2.451448493219468,1.9725011149311014,2.406081894652675,2.1248353296507663,2.245152381663439,2.059804777478796,2.184993704938857,2.442114795156907,2.0407146876705147,2.188526538777101,2.2032707035214543,2.0751686520673145,2.2079442743645616,2.192375312219414,2.3084899901429834,2.1608356172124545,2.189534700267618,1.9926721551723385,2.3132741316110748,2.395091296166431,2.224074017903039,2.0428262753645123,2.160691433223322,2.2668133930437544,1.9820513004700384
Albanian,2.153798902295082,0,1.9440927177806582,2.206167770519069,2.055774769286171,2.2116733130301856,2.333243353010394,2.1592677688915582,2.2499277748470754,2.415759279425324,2.1933108182402363,2.284785101672533,2.2599124679326232,2.080065024876157,2.266484325270698,2.2839226574991938,2.326260022748457,2.3618829189734347,2.1197195945747316,2.298886970098596,2.0865304442274404,2.183599258643665,1.962577204764138,2.0986197660818493,2.2721714629206646,1.9440256492283978,2.3990703693988986,2.102759049790767,1.9956810020676714,2.1501235270280588,2.1112001405974836,2.229826668556896,2.1004938990236095,2.1445452886378114,1.765101340169788,2.2340173798071086,2.330831851053012,2.1440130573294125,2.2063280996865484,2.0769459392089713,2.1358946675915282,2.0003613658149417
Armenian,1.9947354416009042,1.9440927177806582,0,2.034147230257334,1.8260619472033253,1.9920275317307699,2.1314308946268943,1.897637262521323,2.0404435842886626,2.1881329202161783,2.010812412675807,2.015931625185154,2.0902536735858726,1.9964226283746416,2.01007690614026,1.9680838169837735,2.1550551535027145,2.1210110411179977,1.8391352238609844,2.1267832983928474,1.8272393044433375,1.926655606523932,1.746421620259027,1.9175550895389721,2.1243865986649446,1.8431140181589603,2.114810655515204,1.9525175359373736,1.8086596001124107,1.9145583153585362,1.9546868468165193,1.9713560297421717,1.902826276497546,1.9253835657756326,1.744299512817682,2.021521252070352,2.1148696712125394,1.9737218864818904,1.9792092254683495,1.884946454699852,1.9838743149906994,1.711595913470873
Bengali,2.3743291094198096,2.206167770519069,2.034147230257334,0,2.097774084434753,2.2352703224245145,2.414852941406826,2.198395559903574,2.2907455951693456,2.5166623034583533,2.298081371966062,2.2524979792030195,2.3975987728778727,2.292791255595471,2.3369892420984315,2.3105137337180555,2.006475935730736,1.9767493393358657,2.2547480920295833,2.4902792658289545,2.0943993486732415,2.256223950652001,2.0398761493778728,2.152064438997807,2.0703176845036295,1.694038947666547,2.5059355394324494,2.2776876911813275,2.14127893663088,2.140621646665685,2.2067816949003443,2.283117755589827,2.2046632747977672,2.191903241265649,1.9804710448269283,2.301658610396053,2.3502759811685543,2.1830967753934387,2.273621947239793,2.149553784299724,1.8954569731243895,2.0473217574120253
Bosnian,2.097616671555943,2.055774769286171,1.8260619472033253,2.097774084434753,0,1.642373333744526,2.2467884014186397,1.2387663467601298,1.721726838641952,2.2348350267418446,2.0577892140578116,2.1209173700618,2.155397014034327,2.1031081834019667,2.0637557062114547,2.1229176808322134,2.2285994813274224,2.2031361394685898,1.9748673281477636,2.3089311870565115,1.841114169253692,1.8491072630317347,1.6708968213228628,1.4179173033746422,2.2510613386375464,1.8592279653862716,2.2074861183091805,2.121955174822065,1.9407592455141707,1.5654273220550774,2.007358275750637,2.017334825753868,1.5029860415856542,1.0751423677813576,1.892702731393598,1.6094691796654506,1.7073177141994862,2.010191793538826,2.0769817349073945,1.4882632217675607,2.0554767378246503,1.8379921216306676
Bulgarian,2.257227287157329,2.2116733130301856,1.9920275317307699,2.2352703224245145,1.642373333744526,0,2.3349302087611403,1.6157533658545566,1.9069030846304,2.405582723554257,2.160995675906723,2.213724091036927,2.2993235642802357,2.192812398388159,2.2419031889336694,2.229757841158028,2.357534465928211,2.3204228207150277,2.127653735089842,2.4067260309589096,1.9351632249473547,2.1672729103022927,1.9074991376802284,1.5449360567002024,2.3675369924330227,2.0440783184366085,2.4098817599725497,2.265764250973009,2.113609912680291,1.8166524046551922,2.1125750073374467,2.1796457405587777,1.766856937831817,1.6598865537736796,2.0070287895469074,1.8833746541983594,1.9762367521950461,2.0759656793653116,2.233105237634712,1.7661857583451173,2.1561040049082822,1.8984046579698068
Catalan,2.471778884698297,2.333243353010394,2.1314308946268943,2.414852941406826,2.2467884014186397,2.3349302087611403,0,2.2612477812781715,2.3985559911182976,2.543578971997502,2.3331093794812827,2.293742472599043,2.247182214150848,1.9346045142745183,2.414094283853031,2.3758081992129605,2.549069482537391,2.5199020461639248,2.318823694792605,2.5378968579936783,1.843887272380157,2.462128062152729,2.14462174449022,2.2814254638568894,2.5061458485951222,2.1869015397769864,2.492425793841215,2.4477578542308946,2.2529908569985833,2.266022618861523,1.9062321823100346,2.120998325238851,2.314275815533706,2.3254476519993577,2.162702842320061,2.3855927593570745,2.465044276914327,1.7962513346251672,2.3289769782703402,2.2355803201456736,2.374969108602275,2.078667896108671
Croatian,2.2017998411157436,2.1592677688915582,1.897637262521323,2.198395559903574,1.2387663467601298,1.6157533658545566,2.2612477812781715,0,1.758697241197408,2.315352098821799,2.1366847866318803,2.186954466831243,2.2368585860543084,2.144726164519102,2.17249695849827,2.1647448585138274,2.2971244881219497,2.279039832709801,2.07507374041367,2.352592114444654,1.8942391801507934,2.125849827506967,1.7946807013807422,1.550559522488364,2.290078314338263,1.9672675512515783,2.3429618079190306,2.169019557023864,2.024376769310449,1.7127584937635372,2.0861569052726767,2.104617968630285,1.6879232320161355,1.2484574920473506,1.9232156651092025,1.7042778634698623,1.6866961209087519,2.0215240832045076,2.1577539604159144,1.6113422880361372,2.1331091404624956,1.8570276451576566
Czech,2.2745150269758714,2.2499277748470754,2.0404435842886626,2.2907455951693456,1.721726838641952,1.9069030846304,2.3985559911182976,1.758697241197408,0,2.348017209172928,2.1794803787675465,2.24414811253919,2.3078099739549542,2.2828944898486094,2.269865505436163,2.3154370144997345,2.4268286367267358,2.4137550811685204,2.1614631569364544,2.4276179234309128,2.0570080534593163,2.116906523081436,1.9292983638164742,1.8679195336389633,2.4395049318248017,2.050233501376371,2.400341304617152,2.2557313328402535,2.096449783782137,1.724419270532535,2.147096047712686,2.2531995792401185,1.8009835180784497,1.7723415139335634,2.0826568236185583,1.5353637729549918,1.9912278993358585,2.1263492970955764,2.2701158778820463,1.728862050794354,2.1995262718642152,1.93582442366142
Danish,2.206376588137657,2.415759279425324,2.1881329202161783,2.5166623034583533,2.2348350267418446,2.405582723554257,2.543578971997502,2.315352098821799,2.348017209172928,0,2.1477909700186264,2.1204224768491953,2.4025577370408313,2.371465266223824,2.1187240462432713,2.4512435136781345,2.5792312223101193,2.5359587464385824,2.002753178101581,2.4928495367711148,2.1737746345170446,2.451071951778984,2.216549410913651,2.3454676013591675,2.5826390748672097,2.1444186209203426,2.051175736571214,2.39368586743077,2.273566584872824,2.2830220059819766,2.275725807694476,2.3822037158653515,2.3174163360043387,2.361753775242868,2.183870766652052,2.382094753880866,2.4472313491263997,2.2859577469524446,2.019452434769521,2.2712402913046335,2.3677788597901896,2.0236449452396745
Dutch,1.630608714170326,2.1933108182402363,2.010812412675807,2.298081371966062,2.0577892140578116,2.160995675906723,2.3331093794812827,2.1366847866318803,2.1794803787675465,2.1477909700186264,0,1.9075008576892292,2.2890005173754946,2.2297421562689017,1.833096813657303,2.258289194310491,2.3664102258897635,2.370047757311659,1.9757573464549152,2.347828838511444,2.043033957841985,2.179401432135239,2.017237367228989,2.1174262799477335,2.3743161203795538,2.0219967223311612,2.1098213295818544,2.2387600994223393,2.0666301369704425,2.1436514240883646,2.080906863277868,2.2335853721016794,2.147242307806173,2.1452829926617056,2.0487419700293343,2.24062111461814,2.279753089465028,2.114959564916919,1.9811135174658243,2.1202763743467568,2.1842123996097325,1.9184257390456787
English,2.0006105053525305,2.284785101672533,2.015931625185154,2.2524979792030195,2.1209173700618,2.213724091036927,2.293742472599043,2.186954466831243,2.24414811253919,2.1204224768491953,1.9075008576892292,0,2.2685523504159932,2.2396222323246984,1.9980641965406463,2.30249991714379,2.315535756512326,2.3432187382174456,2.0117767637545896,2.3339100612081274,2.021238368132351,2.1922115492567036,2.022286305087613,2.183246300932367,2.3431207318984706,2.015273642569716,2.1106021299633424,2.292495472411504,2.118886989344528,2.141728905272423,2.127940946037901,2.226490257450599,2.175541069980689,2.1974998595327446,2.096897575589395,2.2609365639094148,2.3346495506773404,2.1263408616885884,2.0235804359319856,2.1435656028164938,2.169634267761236,1.8944151769630297
French,2.3465154046184264,2.2599124679326232,2.0902536735858726,2.3975987728778727,2.155397014034327,2.2993235642802357,2.247182214150848,2.2368585860543084,2.3078099739549542,2.4025577370408313,2.2890005173754946,2.2685523504159932,0,2.1369893674337455,2.3334168475678925,2.340540927658472,2.5406371786983946,2.49230930574927,2.2602864454963556,2.4354699383332474,1.9197976325173165,2.3191603216272942,2.134975140707184,2.252082671075293,2.4747723452499018,2.104972010752196,2.48210495618295,2.2981983214276585,2.200775233603332,2.2286329994549092,2.060465967281868,2.2173538283596828,2.2398287883969,2.267960693937586,2.102261607303472,2.354324286771202,2.391296877905295,2.0547025879861653,2.361910689852428,2.191158920856752,2.286677219991127,1.962677680227501
Galician,2.1975729786987603,2.080065024876157,1.9964226283746416,2.292791255595471,2.1031081834019667,2.192812398388159,1.9346045142745183,2.144726164519102,2.2828944898486094,2.371465266223824,2.2297421562689017,2.2396222323246984,2.1369893674337455,0,2.3008547368889065,2.300757792185623,2.4181992617993697,2.4109500479174306,2.095251953174482,2.3414319577888034,1.7876650077356206,2.3035141289787076,2.0736311617569454,2.1374024916698433,2.3674785955531905,2.0246054023389193,2.405152647613758,2.206814399490384,2.0502234493065608,2.202994587162523,1.6454184187116159,2.077672792716722,2.157683946098889,2.1787809890735494,1.9062587427748598,2.290845341310732,2.3745402212537283,1.5090336939162383,2.189193165426365,2.1160677839381865,2.241742782454167,1.961923327932493
German,2.03849201777202,2.266484325270698,2.01007690614026,2.3369892420984315,2.0637557062114547,2.2419031889336694,2.414094283853031,2.17249695849827,2.269865505436163,2.1187240462432713,1.833096813657303,1.9980641965406463,2.3334168475678925,2.3008547368889065,0,2.2841426207326565,2.430238077162244,2.397953953094439,2.0145258614569403,2.396404661981805,2.0335621787936855,2.2158595706359323,2.0401516561595714,2.188767466603272,2.430491520263299,2.0576136810955687,2.2231135661199075,2.316887338485947,2.120283716518067,2.16653280114909,2.2260817638555257,2.247861080026849,2.199568297588405,2.1941577425577545,2.1198427667149256,2.2984841696350995,2.346292039361915,2.189426805939832,2.034970997067579,2.157148151827009,2.245804603851374,1.9347890107697283
Greek,2.3950109166901297,2.2839226574991938,1.9680838169837735,2.3105137337180555,2.1229176808322134,2.229757841158028,2.3758081992129605,2.1647448585138274,2.3154370144997345,2.4512435136781345,2.258289194310491,2.30249991714379,2.340540927658472,2.300757792185623,2.2841426207326565,0,2.450798545110968,2.3738358796408607,2.1932369196541766,2.4719069164630083,1.983453165924111,2.2555168216630084,2.03266742710363,2.214093184984334,2.4475016878385945,2.025270724580512,2.497687279001431,2.310713582201021,2.1844512192808736,2.1960357726402195,2.209697478991196,2.207699619963182,2.212562429855108,2.2421998221259,2.045197955571282,2.3271323361817284,2.3746531374319675,2.093304266666232,2.319877342209377,2.125320882437972,2.2580711397662827,1.9244729312747282
Gujarati,2.458624785162694,2.326260022748457,2.1550551535027145,2.006475935730736,2.2285994813274224,2.357534465928211,2.549069482537391,2.2971244881219497,2.4268286367267358,2.5792312223101193,2.3664102258897635,2.315535756512326,2.5406371786983946,2.4181992617993697,2.430238077162244,2.450798545110968,0,1.8411511405221446,2.3623999690564803,2.618145965460989,2.206753636481864,2.4283400226428786,2.122577683146504,2.278030087308826,1.7963591009703554,1.8262698436638933,2.5951244440022028,2.3396475699232253,2.233596815137647,2.296430186081908,2.40823279513689,2.4183224201276214,2.3450128480250694,2.3287613466587738,2.096057970436938,2.4613255162613314,2.5101840586117827,2.3053531035946024,2.36848487160449,2.2706843661940046,1.9928454436583942,2.150728623312606
Hindi,2.451448493219468,2.3618829189734347,2.1210110411179977,1.9767493393358657,2.2031361394685898,2.3204228207150277,2.5199020461639248,2.279039832709801,2.4137550811685204,2.5359587464385824,2.370047757311659,2.3432187382174456,2.49230930574927,2.4109500479174306,2.397953953094439,2.3738358796408607,1.8411511405221446,0,2.31834961182916,2.5846382864111916,2.144591811506977,2.3967307327736354,2.1269546564310904,2.2466593359255533,1.9563161774233326,1.775609142222911,2.535888742002346,2.276483287266733,2.196155681665483,2.2652580575707786,2.384037670384788,2.310561782599645,2.321318708539878,2.3255946511139514,2.0849510203823827,2.4315498505477575,2.514595710815961,2.2777237602284313,2.327716979873206,2.2507604705235487,1.6391947387577197,2.0941600346927105
Icelandic,1.9725011149311014,2.1197195945747316,1.8391352238609844,2.2547480920295833,1.9748673281477636,2.127653735089842,2.318823694792605,2.07507374041367,2.1614631569364544,2.002753178101581,1.9757573464549152,2.0117767637545896,2.2602864454963556,2.095251953174482,2.0145258614569403,2.1932369196541766,2.3623999690564803,2.31834961182916,0,2.3367120676451947,1.9594907483729662,2.075481973992554,1.8793277122436416,2.0531978389162924,2.341710579720206,1.9911782408101966,1.9740826350747673,2.159182998077235,1.970889738630102,2.0672784113959546,2.092699961755659,2.1561070965691336,2.0148336861719707,2.0546348974596103,1.8892201069213912,2.1866228603225673,2.2908367512675825,2.0923922070725456,1.83012346603942,1.9835128041670438,2.1476265923441153,1.8813695545384606
Irish,2.406081894652675,2.298886970098596,2.1267832983928474,2.4902792658289545,2.3089311870565115,2.4067260309589096,2.5378968579936783,2.352592114444654,2.4276179234309128,2.4928495367711148,2.347828838511444,2.3339100612081274,2.4354699383332474,2.3414319577888034,2.396404661981805,2.4719069164630083,2.618145965460989,2.5846382864111916,2.3367120676451947,0,2.2639700331674764,2.494891374055984,2.248422002597966,2.330289327024547,2.5320488545941946,2.1794891415608277,2.6146697381460693,2.3222486062935883,2.251544827283244,2.3689301019153226,2.22739085682705,2.441111214272852,2.3769909442739343,2.423232824021887,2.0935353305718216,2.443067429756273,2.5221106546985115,2.201620324668254,2.3744851998303225,2.33202271967204,2.3590279393097187,2.0027346526994703
Italian,2.1248353296507663,2.0865304442274404,1.8272393044433375,2.0943993486732415,1.841114169253692,1.9351632249473547,1.843887272380157,1.8942391801507934,2.0570080534593163,2.1737746345170446,2.043033957841985,2.021238368132351,1.9197976325173165,1.7876650077356206,2.0335621787936855,1.983453165924111,2.206753636481864,2.144591811506977,1.9594907483729662,2.2639700331674764,0,2.073179204705453,1.8431259028020839,1.9289989117685808,2.1880169628483532,1.851667298185439,2.172939952987229,2.089074886183448,1.9592855730787777,1.914365760378583,1.776612202932616,1.7115373609568587,1.9138608436851177,1.9440101450777838,1.9118217091580918,2.039813974726351,2.0939348175065056,1.6544903500092385,2.042158159433906,1.875762167482865,2.069302356567548,1.7048219759800276
Latvian,2.245152381663439,2.183599258643665,1.926655606523932,2.256223950652001,1.8491072630317347,2.1672729103022927,2.462128062152729,2.125849827506967,2.116906523081436,2.451071951778984,2.179401432135239,2.1922115492567036,2.3191603216272942,2.3035141289787076,2.2158595706359323,2.2555168216630084,2.4283400226428786,2.3967307327736354,2.075481973992554,2.494891374055984,2.073179204705453,0,1.5649355796050515,2.057616547291178,2.444688400447876,2.0724892161903417,2.3304727066416646,2.3198541378195836,2.096207632301336,1.9154801629927878,2.2056663342704623,2.2454993788377777,1.919985812483912,1.9923874986913128,2.0807348341298355,2.119666948350502,2.2347786245589867,2.293914460054508,2.231200153878749,1.993740494376661,2.1919832959018604,1.9860767156133936
Lithuanian,2.059804777478796,1.962577204764138,1.746421620259027,2.0398761493778728,1.6708968213228628,1.9074991376802284,2.14462174449022,1.7946807013807422,1.9292983638164742,2.216549410913651,2.017237367228989,2.022286305087613,2.134975140707184,2.0736311617569454,2.0401516561595714,2.03266742710363,2.122577683146504,2.1269546564310904,1.8793277122436416,2.248422002597966,1.8431259028020839,1.5649355796050515,0,1.8323291734695595,2.168831660407205,1.8635497804413148,2.080902722486822,2.0663567297604852,1.852454781130926,1.752152841618961,2.0258529360846094,1.9780184585514713,1.7620840136153273,1.756540332320986,1.833728810839477,1.9412513952187722,1.97111794355878,1.9862301304274392,1.9779975945026498,1.751634495172697,2.003573812025347,1.8242038637722968
Macedonian,2.184993704938857,2.0986197660818493,1.9175550895389721,2.152064438997807,1.4179173033746422,1.5449360567002024,2.2814254638568894,1.550559522488364,1.8679195336389633,2.3454676013591675,2.1174262799477335,2.183246300932367,2.252082671075293,2.1374024916698433,2.188767466603272,2.214093184984334,2.278030087308826,2.2466593359255533,2.0531978389162924,2.330289327024547,1.9289989117685808,2.057616547291178,1.8323291734695595,0,2.2821129202354595,1.9424065867061007,2.342790499567906,2.139404893583148,2.0209332792952845,1.7562464557176805,2.0665800356169814,2.130449835789949,1.654316897103715,1.3905340538662951,1.9185312152577083,1.7996612283771696,1.931105480012495,2.0365266131872066,2.1458307219373136,1.621550272023476,2.086287932204857,1.904881749697881
Marathi,2.442114795156907,2.2721714629206646,2.1243865986649446,2.0703176845036295,2.2510613386375464,2.3675369924330227,2.5061458485951222,2.290078314338263,2.4395049318248017,2.5826390748672097,2.3743161203795538,2.3431207318984706,2.4747723452499018,2.3674785955531905,2.430491520263299,2.4475016878385945,1.7963591009703554,1.9563161774233326,2.341710579720206,2.5320488545941946,2.1880169628483532,2.444688400447876,2.168831660407205,2.2821129202354595,0,1.9064295048612916,2.592329955774212,2.3042698708401583,2.2518741128034616,2.3143479076386835,2.3437544523050806,2.392377772305813,2.324534277047581,2.3397626901157347,2.0467206576186436,2.4192991817485594,2.501199441264661,2.253736705606701,2.3616470386535746,2.2823536273846465,2.0443834850006875,2.107112093237708
Nepali,2.0407146876705147,1.9440256492283978,1.8431140181589603,1.694038947666547,1.8592279653862716,2.0440783184366085,2.1869015397769864,1.9672675512515783,2.050233501376371,2.1444186209203426,2.0219967223311612,2.015273642569716,2.104972010752196,2.0246054023389193,2.0576136810955687,2.025270724580512,1.8262698436638933,1.775609142222911,1.9911782408101966,2.1794891415608277,1.851667298185439,2.0724892161903417,1.8635497804413148,1.9424065867061007,1.9064295048612916,0,2.1995309764686453,1.933428819192896,1.9163619260756142,1.962613613332104,1.991524181878186,2.0192598100338737,1.991890613622539,1.9817148745551518,1.73235430281379,2.0330543776411854,2.1157843920861645,1.9567216122161522,2.0000064547118517,1.9374685314820526,1.691763888832361,1.7849117768770209
Norwegian,2.188526538777101,2.3990703693988986,2.114810655515204,2.5059355394324494,2.2074861183091805,2.4098817599725497,2.492425793841215,2.3429618079190306,2.400341304617152,2.051175736571214,2.1098213295818544,2.1106021299633424,2.48210495618295,2.405152647613758,2.2231135661199075,2.497687279001431,2.5951244440022028,2.535888742002346,1.9740826350747673,2.6146697381460693,2.172939952987229,2.3304727066416646,2.080902722486822,2.342790499567906,2.592329955774212,2.1995309764686453,0,2.487205452709928,2.2751696883613355,2.251934074316244,2.2941495586051452,2.3857346571627347,2.325028460752046,2.344440616421773,2.193658035233087,2.4197277259386345,2.472565933513155,2.296481083519819,1.7070661949139587,2.290766697168418,2.34586665709422,2.1174318926903775
Pashto,2.2032707035214543,2.102759049790767,1.9525175359373736,2.2776876911813275,2.121955174822065,2.265764250973009,2.4477578542308946,2.169019557023864,2.2557313328402535,2.39368586743077,2.2387600994223393,2.292495472411504,2.2981983214276585,2.206814399490384,2.316887338485947,2.310713582201021,2.3396475699232253,2.276483287266733,2.159182998077235,2.3222486062935883,2.089074886183448,2.3198541378195836,2.0663567297604852,2.139404893583148,2.3042698708401583,1.933428819192896,2.487205452709928,0,1.9307973292980558,2.205677077989939,2.1764381638877666,2.2591304056598576,2.176723349850015,2.202876582085968,1.8776938477313332,2.3227941217383776,2.350032196219655,2.148665951308871,2.268790222197671,2.1313798381348033,2.073849450818796,1.9823112340247735
Persian,2.0751686520673145,1.9956810020676714,1.8086596001124107,2.14127893663088,1.9407592455141707,2.113609912680291,2.2529908569985833,2.024376769310449,2.096449783782137,2.273566584872824,2.0666301369704425,2.118886989344528,2.200775233603332,2.0502234493065608,2.120283716518067,2.1844512192808736,2.233596815137647,2.196155681665483,1.970889738630102,2.251544827283244,1.9592855730787777,2.096207632301336,1.852454781130926,2.0209332792952845,2.2518741128034616,1.9163619260756142,2.2751696883613355,1.9307973292980558,0,2.0151313215038096,2.059077339589503,2.0893787418075425,2.019026833077629,2.036569498964158,1.865587904421657,2.137717473653932,2.209835578052755,2.0522972388728578,2.0776734745246634,1.9525769593504765,1.9687776659913494,1.8770237590230086
Polish,2.2079442743645616,2.1501235270280588,1.9145583153585362,2.140621646665685,1.5654273220550774,1.8166524046551922,2.266022618861523,1.7127584937635372,1.724419270532535,2.2830220059819766,2.1436514240883646,2.141728905272423,2.2286329994549092,2.202994587162523,2.16653280114909,2.1960357726402195,2.296430186081908,2.2652580575707786,2.0672784113959546,2.3689301019153226,1.914365760378583,1.9154801629927878,1.752152841618961,1.7562464557176805,2.3143479076386835,1.962613613332104,2.251934074316244,2.205677077989939,2.0151313215038096,0,2.0473424903606845,2.0955339106610213,1.6556227819042575,1.6636611873175593,1.9949571677329936,1.588993826509182,1.8747005839947284,2.082811880318661,2.135120054942674,1.6144292916914469,2.1164050111814814,1.8755690644409493
Portuguese,2.192375312219414,2.1112001405974836,1.9546868468165193,2.2067816949003443,2.007358275750637,2.1125750073374467,1.9062321823100346,2.0861569052726767,2.147096047712686,2.275725807694476,2.080906863277868,2.127940946037901,2.060465967281868,1.6454184187116159,2.2260817638555257,2.209697478991196,2.40823279513689,2.384037670384788,2.092699961755659,2.22739085682705,1.776612202932616,2.2056663342704623,2.0258529360846094,2.0665800356169814,2.3437544523050806,1.991524181878186,2.2941495586051452,2.1764381638877666,2.059077339589503,2.0473424903606845,0,2.043265338669343,2.092240807064297,2.0894024221732557,1.9837763345881703,2.1358595703395977,2.2149323387419506,1.5683476637103169,2.1402776630003926,2.039828344871442,2.1451475431671754,1.883318398789819
Romanian,2.3084899901429834,2.229826668556896,1.9713560297421717,2.283117755589827,2.017334825753868,2.1796457405587777,2.120998325238851,2.104617968630285,2.2531995792401185,2.3822037158653515,2.2335853721016794,2.226490257450599,2.2173538283596828,2.077672792716722,2.247861080026849,2.207699619963182,2.4183224201276214,2.310561782599645,2.1561070965691336,2.441111214272852,1.7115373609568587,2.2454993788377777,1.9780184585514713,2.130449835789949,2.392377772305813,2.0192598100338737,2.3857346571627347,2.2591304056598576,2.0893787418075425,2.0955339106610213,2.043265338669343,0,2.122309054443761,2.145253077941843,2.050274515908435,2.249075893968236,2.294745311080291,1.9795881807039815,2.1958170328863496,2.0635477645470273,2.2185525865093214,1.902447525425986
Russian,2.1608356172124545,2.1004938990236095,1.902826276497546,2.2046632747977672,1.5029860415856542,1.766856937831817,2.314275815533706,1.6879232320161355,1.8009835180784497,2.3174163360043387,2.147242307806173,2.175541069980689,2.2398287883969,2.157683946098889,2.199568297588405,2.212562429855108,2.3450128480250694,2.321318708539878,2.0148336861719707,2.3769909442739343,1.9138608436851177,1.919985812483912,1.7620840136153273,1.654316897103715,2.324534277047581,1.991890613622539,2.325028460752046,2.176723349850015,2.019026833077629,1.6556227819042575,2.092240807064297,2.122309054443761,0,1.5582227781969638,1.9357803547428565,1.7270427698242061,1.9531486829584788,2.084719594309354,2.1590952792417992,1.4416706576353402,2.1714610302482646,1.911368504386362
Serbian,2.189534700267618,2.1445452886378114,1.9253835657756326,2.191903241265649,1.0751423677813576,1.6598865537736796,2.3254476519993577,1.2484574920473506,1.7723415139335634,2.361753775242868,2.1452829926617056,2.1974998595327446,2.267960693937586,2.1787809890735494,2.1941577425577545,2.2421998221259,2.3287613466587738,2.3255946511139514,2.0546348974596103,2.423232824021887,1.9440101450777838,1.9923874986913128,1.756540332320986,1.3905340538662951,2.3397626901157347,1.9817148745551518,2.344440616421773,2.202876582085968,2.036569498964158,1.6636611873175593,2.0894024221732557,2.145253077941843,1.5582227781969638,0,1.9622357130565915,1.6778247460026265,1.722334600260154,2.0840751401775415,2.164125929373628,1.5273320494469758,2.1522757385764186,1.9234564867480026
Sinhala,1.9926721551723385,1.765101340169788,1.744299512817682,1.9804710448269283,1.892702731393598,2.0070287895469074,2.162702842320061,1.9232156651092025,2.0826568236185583,2.183870766652052,2.0487419700293343,2.096897575589395,2.102261607303472,1.9062587427748598,2.1198427667149256,2.045197955571282,2.096057970436938,2.0849510203823827,1.8892201069213912,2.0935353305718216,1.9118217091580918,2.0807348341298355,1.833728810839477,1.9185312152577083,2.0467206576186436,1.73235430281379,2.193658035233087,1.8776938477313332,1.865587904421657,1.9949571677329936,1.9837763345881703,2.050274515908435,1.9357803547428565,1.9622357130565915,0,2.07110540606686,2.166878208846076,1.9220850171817498,1.9794478321992848,1.9013020669393617,1.9347748419360138,1.8123011733065695
Slovak,2.3132741316110748,2.2340173798071086,2.021521252070352,2.301658610396053,1.6094691796654506,1.8833746541983594,2.3855927593570745,1.7042778634698623,1.5353637729549918,2.382094753880866,2.24062111461814,2.2609365639094148,2.354324286771202,2.290845341310732,2.2984841696350995,2.3271323361817284,2.4613255162613314,2.4315498505477575,2.1866228603225673,2.443067429756273,2.039813974726351,2.119666948350502,1.9412513952187722,1.7996612283771696,2.4192991817485594,2.0330543776411854,2.4197277259386345,2.3227941217383776,2.137717473653932,1.588993826509182,2.1358595703395977,2.249075893968236,1.7270427698242061,1.6778247460026265,2.07110540606686,0,1.9232646815326908,2.134965385183582,2.2690557508700793,1.6875119497442552,2.2241704496467727,1.9340709999085144
Slovenian,2.395091296166431,2.330831851053012,2.1148696712125394,2.3502759811685543,1.7073177141994862,1.9762367521950461,2.465044276914327,1.6866961209087519,1.9912278993358585,2.4472313491263997,2.279753089465028,2.3346495506773404,2.391296877905295,2.3745402212537283,2.346292039361915,2.3746531374319675,2.5101840586117827,2.514595710815961,2.2908367512675825,2.5221106546985115,2.0939348175065056,2.2347786245589867,1.97111794355878,1.931105480012495,2.501199441264661,2.1157843920861645,2.472565933513155,2.350032196219655,2.209835578052755,1.8747005839947284,2.2149323387419506,2.294745311080291,1.9531486829584788,1.722334600260154,2.166878208846076,1.9232646815326908,0,2.207293603811008,2.3281983806369584,1.89493776842587,2.292067185617338,2.030220559394146
Spanish,2.224074017903039,2.1440130573294125,1.9737218864818904,2.1830967753934387,2.010191793538826,2.0759656793653116,1.7962513346251672,2.0215240832045076,2.1263492970955764,2.2859577469524446,2.114959564916919,2.1263408616885884,2.0547025879861653,1.5090336939162383,2.189426805939832,2.093304266666232,2.3053531035946024,2.2777237602284313,2.0923922070725456,2.201620324668254,1.6544903500092385,2.293914460054508,1.9862301304274392,2.0365266131872066,2.253736705606701,1.9567216122161522,2.296481083519819,2.148665951308871,2.0522972388728578,2.082811880318661,1.5683476637103169,1.9795881807039815,2.084719594309354,2.0840751401775415,1.9220850171817498,2.134965385183582,2.207293603811008,0,2.1539575590882474,1.9942166621863653,2.131514799738891,1.8596218962954287
Swedish,2.0428262753645123,2.2063280996865484,1.9792092254683495,2.273621947239793,2.0769817349073945,2.233105237634712,2.3289769782703402,2.1577539604159144,2.2701158778820463,2.019452434769521,1.9811135174658243,2.0235804359319856,2.361910689852428,2.189193165426365,2.034970997067579,2.319877342209377,2.36848487160449,2.327716979873206,1.83012346603942,2.3744851998303225,2.042158159433906,2.231200153878749,1.9779975945026498,2.1458307219373136,2.3616470386535746,2.0000064547118517,1.7070661949139587,2.268790222197671,2.0776734745246634,2.135120054942674,2.1402776630003926,2.1958170328863496,2.1590952792417992,2.164125929373628,1.9794478321992848,2.2690557508700793,2.3281983806369584,2.1539575590882474,0,2.1164453960748686,2.1651505735369962,1.9496002425844012
Ukrainian,2.160691433223322,2.0769459392089713,1.884946454699852,2.149553784299724,1.4882632217675607,1.7661857583451173,2.2355803201456736,1.6113422880361372,1.728862050794354,2.2712402913046335,2.1202763743467568,2.1435656028164938,2.191158920856752,2.1160677839381865,2.157148151827009,2.125320882437972,2.2706843661940046,2.2507604705235487,1.9835128041670438,2.33202271967204,1.875762167482865,1.993740494376661,1.751634495172697,1.621550272023476,2.2823536273846465,1.9374685314820526,2.290766697168418,2.1313798381348033,1.9525769593504765,1.6144292916914469,2.039828344871442,2.0635477645470273,1.4416706576353402,1.5273320494469758,1.9013020669393617,1.6875119497442552,1.89493776842587,1.9942166621863653,2.1164453960748686,0,2.121703405239665,1.8463120882873438
Urdu,2.2668133930437544,2.1358946675915282,1.9838743149906994,1.8954569731243895,2.0554767378246503,2.1561040049082822,2.374969108602275,2.1331091404624956,2.1995262718642152,2.3677788597901896,2.1842123996097325,2.169634267761236,2.286677219991127,2.241742782454167,2.245804603851374,2.2580711397662827,1.9928454436583942,1.6391947387577197,2.1476265923441153,2.3590279393097187,2.069302356567548,2.1919832959018604,2.003573812025347,2.086287932204857,2.0443834850006875,1.691763888832361,2.34586665709422,2.073849450818796,1.9687776659913494,2.1164050111814814,2.1451475431671754,2.2185525865093214,2.1714610302482646,2.1522757385764186,1.9347748419360138,2.2241704496467727,2.292067185617338,2.131514799738891,2.1651505735369962,2.121703405239665,0,1.9379260730704406
Welsh,1.9820513004700384,2.0003613658149417,1.711595913470873,2.0473217574120253,1.8379921216306676,1.8984046579698068,2.078667896108671,1.8570276451576566,1.93582442366142,2.0236449452396745,1.9184257390456787,1.8944151769630297,1.962677680227501,1.961923327932493,1.9347890107697283,1.9244729312747282,2.150728623312606,2.0941600346927105,1.8813695545384606,2.0027346526994703,1.7048219759800276,1.9860767156133936,1.8242038637722968,1.904881749697881,2.107112093237708,1.7849117768770209,2.1174318926903775,1.9823112340247735,1.8770237590230086,1.8755690644409493,1.883318398789819,1.902447525425986,1.911368504386362,1.9234564867480026,1.8123011733065695,1.9340709999085144,2.030220559394146,1.8596218962954287,1.9496002425844012,1.8463120882873438,1.9379260730704406,0
