,Afrikaans,Albanian,Armenian,Bengali,Bosnian,Bulgarian,Catalan,Croatian,Czech,Danish,Dutch,English,French,Galician,German,Greek,Gujarati,Hindi,Icelandic,Irish,Italian,Latvian,Lithuanian,Macedonian,Marathi,Nepali,Norwegian,Pashto,Persian,Polish,Portuguese,Romanian,Russian,Serbian,Sinhala,Slovak,Slovenian,Spanish,Swedish,Ukrainian,Urdu,Welsh
Afrikaans,0,15.293505550911783,16.018070231472695,15.717815745837733,15.771106509904673,14.429951972770063,15.38064731908169,14.568472070111065,15.106075177641342,13.290787540787381,12.195010541388262,13.386204076218611,14.041646210574712,14.31337182713217,13.531333305091625,14.862179516839605,16.050745195451995,15.985354596412865,13.570819829293423,14.429045202753848,15.435282924120735,17.022444613524687,19.70205509366724,15.11039015862168,15.615794575761395,15.168366472370513,13.024186768905869,14.28514417165179,15.97381476872108,16.76339570856362,14.837504183268875,14.918981404294687,15.14458495484089,15.035561307278227,15.614977789306435,14.82389137070076,15.193926240973312,14.761959309864608,13.810803516110422,15.329969035152939,15.467895440047636,15.288727802415794
Albanian,15.293505550911783,0,16.573489369849344,16.546207300077995,17.396978699792797,15.775131724480913,16.222834810726994,15.831509053564101,16.597182750704896,16.323304177406687,16.532981409579424,16.53682942025777,15.309908630231433,15.149105410249694,16.6282132459085,15.864488341972935,17.300090578760507,17.026469385002848,16.134044600953267,15.395713253595744,16.608543786669273,18.54969544306462,20.748219437449574,16.420349246695224,16.35971546841826,16.475038363836582,16.39646540015621,15.014582750459438,16.686936379295723,18.14502685950599,16.067425576876065,16.35347713982334,16.360690745919545,16.399782512177175,15.311047869574764,16.13563916763563,16.58651550670708,15.764849426276244,16.552512566749325,16.283614577197973,16.283266871561292,16.614413198922026
Armenian,16.018070231472695,16.573489369849344,0,17.706532837921703,16.603064617979012,17.061273672617595,18.07048563890983,16.722857829272385,17.75617955184311,17.655368169160642,17.997308430434334,17.591020550663337,16.657685092456287,16.971863171222687,17.261810994408943,16.254529280975795,18.618656947973438,17.98320408598679,16.296648566534337,16.89068163201489,17.123845186538595,17.966158017052415,20.34464535031435,17.531706144298138,17.930814642296085,16.918490520536157,16.754230370026402,16.233152484672573,17.121592464499873,18.784703353152775,17.587311946159996,17.02851311069373,17.238041556365925,17.082467343104852,16.68618242170738,17.217637960797305,17.518193743348977,17.466778776973527,17.58937243548198,17.396333985574294,17.593845626586855,17.297386337856413
Bengali,15.717815745837733,16.546207300077995,17.706532837921703,0,16.31362401948208,14.125400356620375,14.779519280293307,14.34766800160859,15.002796885595336,14.346209354620184,15.037070687659671,14.50649750018117,14.326173480883465,14.85564382171683,14.700073138833016,14.733218978787555,13.067181647869438,13.051071584305172,15.420372747913003,14.976765214626008,14.874210300958072,16.87295948942828,19.124379204473332,14.344508067180554,13.108828630907432,13.983361900191573,15.46519198930191,14.577751447404244,16.24313987042188,15.858385728533861,14.772879618075747,14.633661838309802,15.228828391824855,14.687036158795303,15.858692787770863,14.607026712881543,15.030977825784896,14.392431214396698,15.056705977085954,14.98039836747045,12.78989390974325,15.16748054188128
Bosnian,15.771106509904673,17.396978699792797,16.603064617979012,16.31362401948208,0,13.961281627758508,17.087284709577105,11.671649117075427,14.211727820451578,15.364124149479757,16.700183312332857,16.177621675854763,15.15769649210485,16.877987595080544,15.873430945835052,15.742159047661552,17.389284454115128,16.339925880123214,16.272292012974685,17.366473520436752,15.231858026546737,15.854089557988264,18.51944279377938,13.294791157026829,17.13609234921613,14.423802581781116,15.217765677588128,16.633876918117693,17.53900271713573,14.279602177866206,16.134367234079996,15.07626535178568,13.224009855635128,10.597227630903939,17.363406699471255,13.011178792325225,13.280481772346413,16.37024319826444,16.63919957988337,13.605155238254083,16.064508828579754,16.200204997330154
Bulgarian,14.429951972770063,15.775131724480913,17.061273672617595,14.125400356620375,13.961281627758508,0,13.800944482181524,10.877061147797603,12.618321131782052,13.258550587622139,13.818533355408714,13.62913606618447,13.648137284876546,13.567517688459548,13.950321823523266,14.132853006572493,14.462123828855248,14.561525333374048,14.23842738795268,13.987904072848302,14.130613379879984,16.61846668996485,17.994275097584385,10.520113752161642,13.92078514019992,15.681296621454264,14.606687773075464,14.040005639987896,15.435295092999159,13.903770216960089,13.826685320353512,14.065039635068885,12.529629253011011,11.629102440786804,15.606697928793897,12.203531238875003,12.950245595485086,13.258245344495808,14.186527495214783,12.311186138781737,13.739593339095245,13.812938490664568
Catalan,15.38064731908169,16.222834810726994,18.07048563890983,14.779519280293307,17.087284709577105,13.800944482181524,0,13.893094903946778,15.1404838444164,13.459508884401748,14.337056325981836,13.999715463626778,12.696559778341536,11.918364003010593,14.527537639379519,14.418261556373563,15.248793693800405,15.415718043533813,15.135653929914296,14.12242894053086,13.305454302147897,17.59516978837807,19.129217100519693,14.316320174649714,14.347877550764661,16.488227873812956,14.41969937972226,14.764767964510835,16.41107223482822,16.168777011563787,12.36882648922098,13.43895240437667,15.396012466150145,14.880782556993248,16.28062265387232,14.272035089667758,14.817407204721436,11.256397596455326,14.335188916278703,14.907291453193539,14.684095816747805,14.918150672227464
Croatian,14.568472070111065,15.831509053564101,16.722857829272385,14.34766800160859,11.671649117075427,10.877061147797603,13.893094903946778,0,12.201741903183862,13.286650980676887,14.109020477953791,14.106458437697153,13.482876682171488,13.967585840838444,13.951222446728071,13.798911245438784,14.770163237241974,14.616669311793133,14.425512722967664,14.337722695047699,13.903180338495124,16.1171376985923,17.47383961514004,11.191770641129445,14.15811255043136,15.596928892469759,14.445840244032679,14.305701728283426,15.330534673700294,13.067205042529412,13.92897182861302,13.789798807296538,12.334689568019781,9.721873086678125,15.545112335079487,11.39277157324503,11.487521658063033,13.538372293413119,14.229644111370657,11.90289410623256,14.031867081442675,14.182785825521028
Czech,15.106075177641342,16.597182750704896,17.75617955184311,15.002796885595336,14.211727820451578,12.618321131782052,15.1404838444164,12.201741903183862,0,13.472203438263207,14.369459439078176,14.396048838792828,14.009785803375173,14.793416707137851,14.291643050030832,14.78873597007268,15.608529446737945,15.511163487851688,14.937019305059819,15.177431484865862,14.660200664101431,16.19881176693276,18.54085326511598,12.865668424464435,15.231645995510668,15.47410979039844,15.094604007886234,14.776468995189461,16.071645832981062,13.491833517113243,14.406984487773595,14.52086843959727,12.787697193447931,12.308524152310019,16.945370645279777,10.643803058915218,13.120707911803784,14.436711677662064,14.878469876095075,12.576475197698207,14.524015182159513,14.763981822518277
Danish,13.290787540787381,16.323304177406687,17.655368169160642,14.346209354620184,15.364124149479757,13.258550587622139,13.459508884401748,13.286650980676887,13.472203438263207,0,12.443922818795091,11.690102316640992,12.448154581583372,13.672749671181892,11.692117168702815,13.585348793126395,14.413609678711655,14.192905450606734,12.814157435676725,13.183568201423801,13.716781717652024,16.617134841257496,19.14066228373756,14.024515435680545,13.811487453417609,14.448749994548594,11.381462131879708,13.97089406788345,15.918225689277445,15.111510758171734,13.052504223153036,13.157990687777065,14.271329987091091,14.254047193985516,16.289962292603278,12.847426667232618,13.476336844085937,13.109143227515156,12.056128039485108,13.974909012100797,13.705086667713106,13.496815081675274
Dutch,12.195010541388262,16.532981409579424,17.997308430434334,15.037070687659671,16.700183312332857,13.818533355408714,14.337056325981836,14.109020477953791,14.369459439078176,12.443922818795091,0,12.445629656934537,13.854625084243859,14.340268129781247,11.97924959516716,14.284715466765407,14.91705231473067,15.232240364091279,13.810848599716058,14.330060354883756,14.764102961560257,17.10356728234761,19.158247843068665,14.134256152461278,14.460186813554397,16.029631006832492,13.615584266569792,14.608289604598582,15.975020488516856,15.950902165206804,13.825229999860664,14.489527743110944,14.962213829385158,14.746876922872456,16.86218405576802,14.155422795690559,14.45656767331416,13.770870772452962,13.247752791484531,14.662044052374835,14.703559617923363,14.850633642240107
English,13.386204076218611,16.53682942025777,17.591020550663337,14.50649750018117,16.177621675854763,13.62913606618447,13.999715463626778,14.106458437697153,14.396048838792828,11.690102316640992,12.445629656934537,0,13.329552482054941,14.0582937597045,12.68456329218858,14.521370715272575,14.549443216234328,14.904016620901885,13.861898115612354,13.936649044496656,14.16883071594472,17.009526401709078,18.910340485115746,14.396176977020135,14.246719593165293,15.344339110287287,12.809502986134234,14.753769056862396,16.187014880358426,15.763996889097882,14.110469631617592,13.98720805141178,14.806880537200595,14.675657550320736,16.66485544320024,14.207563707199537,14.759226916723662,13.809662490248298,12.946162259493581,14.60214038129633,14.224175828830658,13.974189198724162
French,14.041646210574712,15.309908630231433,16.657685092456287,14.326173480883465,15.15769649210485,13.648137284876546,12.696559778341536,13.482876682171488,14.009785803375173,12.448154581583372,13.854625084243859,13.329552482054941,0,12.698942155763728,13.750777926341733,13.338687296652537,14.992385645864484,14.512818714145414,14.244998122924638,13.36067402132295,12.791969539841112,16.094760081588706,18.622347379839923,13.999613532519888,13.95147900181472,14.466718172925402,13.605912744439829,13.806478114971984,15.687861241452842,15.33662556851441,12.509383078212487,12.959975135150364,14.411367791116588,14.205968463609764,15.511433619143402,13.39625634775308,13.869838303969718,12.227918214620406,14.297256830623049,14.44093222637911,13.795407606456743,13.825342769668957
Galician,14.31337182713217,15.149105410249694,16.971863171222687,14.85564382171683,16.877987595080544,13.567517688459548,11.918364003010593,13.967585840838444,14.793416707137851,13.672749671181892,14.340268129781247,14.0582937597045,12.698942155763728,0,14.534282189158663,14.453274200955994,15.463964167492037,15.609922425794105,14.19083865355485,13.37171881220908,13.447093841116937,17.55819674812717,19.468623920227845,14.22714992381822,14.560534054163824,16.120890124699713,14.854480097961826,13.890720567492444,15.311462902091131,16.55513563743221,11.364480986806214,13.81224133739317,15.083273758410723,14.682423205113851,14.957700886247494,14.469567342004641,15.132005550298278,10.27936407349121,14.178124310762893,14.697719466987612,14.669236658768487,14.417670660003745
German,13.531333305091625,16.6282132459085,17.261810994408943,14.700073138833016,15.873430945835052,13.950321823523266,14.527537639379519,13.951222446728071,14.291643050030832,11.692117168702815,11.97924959516716,12.68456329218858,13.750777926341733,14.534282189158663,0,13.667327166699806,15.016417222738239,14.801456290020036,13.580321558851304,14.242716704517662,14.128318423397747,16.56274308545696,18.981980625474826,14.559644543321841,14.605294407622932,15.34386115662722,13.650766117280597,14.703827974229334,16.134526701160937,15.837674916727611,14.505669077086244,13.983035537707535,15.042754401246027,14.684492758471817,16.90315462576983,14.09697148863605,14.47429926962979,14.145306863797646,13.052422889235539,14.672003695692656,14.456885277133372,14.419125358676725
Greek,14.862179516839605,15.864488341972935,16.254529280975795,14.733218978787555,15.742159047661552,14.132853006572493,14.418261556373563,13.798911245438784,14.78873597007268,13.585348793126395,14.284715466765407,14.521370715272575,13.338687296652537,14.453274200955994,13.667327166699806,0,15.349984324796145,14.955248510461479,14.189767662523904,14.590377183534587,14.175719266249889,15.739684915114461,17.99125399601574,14.644404002073538,14.738488745772475,15.092248132859268,14.551616305164917,14.552945356978125,16.076381496316912,15.880302192973392,14.175245275401634,13.81079591790611,14.747809974579038,14.760006965894414,15.978036280786082,14.182646794756662,14.630047904294534,13.763615275091936,14.940205331967984,14.505446322855693,14.571966845166669,14.40949667471588
Gujarati,16.050745195451995,17.300090578760507,18.618656947973438,13.067181647869438,17.389284454115128,14.462123828855248,15.248793693800405,14.770163237241974,15.608529446737945,14.413609678711655,14.91705231473067,14.549443216234328,14.992385645864484,15.463964167492037,15.016417222738239,15.349984324796145,0,11.989297407522507,15.932479963582097,15.538710628587781,15.73550377577648,18.042549329051873,19.515604919950984,14.897922088786569,10.829768564192822,15.027142744750503,15.483456171469578,15.078254871803793,17.00144578840872,16.515975608805718,15.66530729802497,15.172496242986805,16.276283080101752,15.635808441873332,16.868816668543975,15.292227631198505,15.599893709378788,14.794065453679323,15.391031988614747,15.649474444614219,13.08272335651369,15.940683351257725
Hindi,15.985354596412865,17.026469385002848,17.98320408598679,13.051071584305172,16.339925880123214,14.561525333374048,15.415718043533813,14.616669311793133,15.511163487851688,14.192905450606734,15.232240364091279,14.904016620901885,14.512818714145414,15.609922425794105,14.801456290020036,14.955248510461479,11.989297407522507,0,16.25420833543323,15.438552547135311,15.29727814476791,17.384438781045574,19.4846137333414,15.061221386241371,12.210306620938589,13.807637031649707,15.135732589273067,14.87458779627572,16.60446315211127,16.100423378684187,15.521543962270103,14.456523116620428,15.914272593090324,15.374123671275626,16.377326636870386,14.87146935747263,15.241584849424507,15.001247252423315,15.400410124136815,15.504852695722366,11.296208737635595,15.682783998804444
Icelandic,13.570819829293423,16.134044600953267,16.296648566534337,15.420372747913003,16.272292012974685,14.23842738795268,15.135653929914296,14.425512722967664,14.937019305059819,12.814157435676725,13.810848599716058,13.861898115612354,14.244998122924638,14.19083865355485,13.580321558851304,14.189767662523904,15.932479963582097,16.25420833543323,0,14.632830898396941,14.862286544447803,16.444647819831808,18.09512611517989,14.684918079691327,15.37288400634099,16.215735335787194,13.725750272896645,14.720759201301673,15.867133370029505,16.424798595021826,14.67111482892833,14.904500492263354,14.762370374473303,14.712166671015156,15.921896280292822,14.577710615172194,15.496072570034837,14.49035995397088,13.472675581956251,14.696667435543155,15.229669804423581,14.932562123631829
Irish,14.429045202753848,15.395713253595744,16.89068163201489,14.976765214626008,17.366473520436752,13.987904072848302,14.12242894053086,14.337722695047699,15.177431484865862,13.183568201423801,14.330060354883756,13.936649044496656,13.36067402132295,13.37171881220908,14.242716704517662,14.590377183534587,15.538710628587781,15.438552547135311,14.632830898396941,0,15.255939076676553,17.94734497823265,20.171974865271295,14.757775864485216,14.556425329155308,16.06492392191576,14.828526209230834,13.509791590150943,15.839130142673831,16.857661143631308,13.89083222525577,14.513045557693623,15.570607877404843,15.493610653047496,15.093440040366895,14.64583787141825,15.17355355168739,13.261275363687751,14.315769946994278,15.196975707883757,14.46325449515993,14.090328886494524
Italian,15.435282924120735,16.608543786669273,17.123845186538595,14.874210300958072,15.231858026546737,14.130613379879984,13.305454302147897,13.903180338495124,14.660200664101431,13.716781717652024,14.764102961560257,14.16883071594472,12.791969539841112,13.447093841116937,14.128318423397747,14.175719266249889,15.73550377577648,15.29727814476791,14.862286544447803,15.255939076676553,0,16.769415340682226,18.464410359694252,14.465766348743767,15.096241463951225,15.009777900974987,14.815263998672727,15.15244640658056,16.26004920344936,15.176812095794588,13.139687183327489,12.42725653747239,14.583000642690592,14.449617412423049,16.761075258901936,14.045416850359343,14.711873158292256,12.912347217662004,14.849659374325935,14.655102535896942,14.979761547766289,13.980449012049943
Latvian,17.022444613524687,18.54969544306462,17.966158017052415,16.87295948942828,15.854089557988264,16.61846668996485,17.59516978837807,16.1171376985923,16.19881176693276,16.617134841257496,17.10356728234761,17.009526401709078,16.094760081588706,17.55819674812717,16.56274308545696,15.739684915114461,18.042549329051873,17.384438781045574,16.444647819831808,17.94734497823265,16.769415340682226,0,15.826791360977156,16.41519729523575,17.508776889838053,17.18851089211747,16.580852314690645,17.3113833145064,18.39331650981714,16.438550224354508,16.8446777592689,16.041112808080605,15.398275524979093,15.589249741764627,18.783113196752534,15.47023333047773,15.866488008532414,17.60577734418465,17.39686076918695,16.203427304618483,16.595407632228877,17.40705999588333
Lithuanian,19.70205509366724,20.748219437449574,20.34464535031435,19.124379204473332,18.51944279377938,17.994275097584385,19.129217100519693,17.47383961514004,18.54085326511598,19.14066228373756,19.158247843068665,18.910340485115746,18.622347379839923,19.468623920227845,18.981980625474826,17.99125399601574,19.515604919950984,19.4846137333414,18.09512611517989,20.171974865271295,18.464410359694252,15.826791360977156,0,17.920983806897823,19.33242741971333,20.274065893124245,18.929224303043945,19.360978458150356,19.900042204978252,18.350064832057353,19.354858723053862,18.123440863514787,17.486600098911147,17.273661039451945,20.418997443789404,17.936846432964874,18.353568572645393,19.054973500486728,19.126084018547683,17.66294614905286,19.116301149004528,19.3013455293856
Macedonian,15.11039015862168,16.420349246695224,17.531706144298138,14.344508067180554,13.294791157026829,10.520113752161642,14.316320174649714,11.191770641129445,12.865668424464435,14.024515435680545,14.134256152461278,14.396176977020135,13.999613532519888,14.22714992381822,14.559644543321841,14.644404002073538,14.897922088786569,15.061221386241371,14.684918079691327,14.757775864485216,14.465766348743767,16.41519729523575,17.920983806897823,0,14.49214216194335,15.977095456376416,15.29707291751099,14.313395425172535,15.96827171790516,13.841140352712058,14.123944785121003,14.384398263368361,12.292916190601519,10.442146363906987,16.07333223855209,12.296046147993058,13.199586490145835,13.80980301562087,14.676397538930871,11.982888687007435,14.255649894648386,14.717834316357191
Marathi,15.615794575761395,16.35971546841826,17.930814642296085,13.108828630907432,17.13609234921613,13.92078514019992,14.347877550764661,14.15811255043136,15.231645995510668,13.811487453417609,14.460186813554397,14.246719593165293,13.95147900181472,14.560534054163824,14.605294407622932,14.738488745772475,10.829768564192822,12.210306620938589,15.37288400634099,14.556425329155308,15.096241463951225,17.508776889838053,19.33242741971333,14.49214216194335,0,15.10039871022948,14.953240737579993,14.372431044289321,16.552436499992247,16.13412168743701,14.644411065166068,14.59975164201201,15.491354113919078,15.125160940581397,15.989962235220707,14.470927619197525,14.938667736474759,13.897976546280177,14.755164645200749,15.089495339598404,13.040805937344452,15.229767108645762
Nepali,15.168366472370513,16.475038363836582,16.918490520536157,13.983361900191573,14.423802581781116,15.681296621454264,16.488227873812956,15.596928892469759,15.47410979039844,14.448749994548594,16.029631006832492,15.344339110287287,14.466718172925402,16.120890124699713,15.34386115662722,15.092248132859268,15.027142744750503,13.807637031649707,16.215735335787194,16.06492392191576,15.009777900974987,17.18851089211747,20.274065893124245,15.977095456376416,15.10039871022948,0,14.881956749951877,15.320286187033513,17.204822733483553,16.872842176527836,15.659224156283402,14.688234757931143,15.997083877084748,15.656526405167472,16.404472920561627,15.05716953041604,15.39371676071449,15.813312920450166,15.902216886864737,16.032024121348265,14.005546915553898,15.634090675126211
Norwegian,13.024186768905869,16.39646540015621,16.754230370026402,15.46519198930191,15.217765677588128,14.606687773075464,14.41969937972226,14.445840244032679,15.094604007886234,11.381462131879708,13.615584266569792,12.809502986134234,13.605912744439829,14.854480097961826,13.650766117280597,14.551616305164917,15.483456171469578,15.135732589273067,13.725750272896645,14.828526209230834,14.815263998672727,16.580852314690645,18.929224303043945,15.29707291751099,14.953240737579993,14.881956749951877,0,15.361899469100871,16.84389435028236,16.181079200450124,14.622267850070536,14.089391193688565,15.362110972223105,15.071910521228244,16.553421473006132,14.137032464741363,14.291923384090287,14.37562111516983,11.757936117028153,15.252699493437277,14.84214148971649,15.347096422430914
Pashto,14.28514417165179,15.014582750459438,16.233152484672573,14.577751447404244,16.633876918117693,14.040005639987896,14.764767964510835,14.305701728283426,14.776468995189461,13.97089406788345,14.608289604598582,14.753769056862396,13.806478114971984,13.890720567492444,14.703827974229334,14.552945356978125,15.078254871803793,14.87458779627572,14.720759201301673,13.509791590150943,15.15244640658056,17.3113833145064,19.360978458150356,14.313395425172535,14.372431044289321,15.320286187033513,15.361899469100871,0,14.294484548320058,16.464637420826737,14.430489753650471,14.782156298176439,15.167131446705968,14.813468261702353,14.563654576172445,14.695466558264895,15.068460315492835,13.946097701136193,14.852032794120072,14.682969837681863,13.759216950827964,14.724681280647877
Persian,15.97381476872108,16.686936379295723,17.121592464499873,16.24313987042188,17.53900271713573,15.435295092999159,16.41107223482822,15.330534673700294,16.071645832981062,15.918225689277445,15.975020488516856,16.187014880358426,15.687861241452842,15.311462902091131,16.134526701160937,16.076381496316912,17.00144578840872,16.60446315211127,15.867133370029505,15.839130142673831,16.26004920344936,18.39331650981714,19.900042204978252,15.96827171790516,16.552436499992247,17.204822733483553,16.84389435028236,14.294484548320058,0,17.407305410475598,16.236311226136326,16.142248433935855,16.27203134996676,15.843595109864097,16.48536055035301,16.15274592340677,16.55646192931948,15.814636133907152,15.997216161086369,15.8295819426482,15.502091784707682,16.299754515721506
Polish,16.76339570856362,18.14502685950599,18.784703353152775,15.858385728533861,14.279602177866206,13.903770216960089,16.168777011563787,13.067205042529412,13.491833517113243,15.111510758171734,15.950902165206804,15.763996889097882,15.33662556851441,16.55513563743221,15.837674916727611,15.880302192973392,16.515975608805718,16.100423378684187,16.424798595021826,16.857661143631308,15.176812095794588,16.438550224354508,18.350064832057353,13.841140352712058,16.13412168743701,16.872842176527836,16.181079200450124,16.464637420826737,17.407305410475598,0,15.600963316615022,14.937088806125761,13.482291237480126,13.304965659079112,18.153586122200572,12.120846783236468,13.909589777687518,15.821889057584237,16.34850903342817,13.137894012771302,15.725933316254116,15.951115136040583
Portuguese,14.837504183268875,16.067425576876065,17.587311946159996,14.772879618075747,16.134367234079996,13.826685320353512,12.36882648922098,13.92897182861302,14.406984487773595,13.052504223153036,13.825229999860664,14.110469631617592,12.509383078212487,11.364480986806214,14.505669077086244,14.175245275401634,15.66530729802497,15.521543962270103,14.67111482892833,13.89083222525577,13.139687183327489,16.8446777592689,19.354858723053862,14.123944785121003,14.644411065166068,15.659224156283402,14.622267850070536,14.430489753650471,16.236311226136326,15.600963316615022,0,13.322191784022948,14.510546668898423,14.42968684341477,16.35983728854209,13.521798341725427,14.346510496108865,11.00464129544255,14.36069612271416,14.462273832760797,14.528231587058272,14.485705434020138
Romanian,14.918981404294687,16.35347713982334,17.02851311069373,14.633661838309802,15.07626535178568,14.065039635068885,13.43895240437667,13.789798807296538,14.52086843959727,13.157990687777065,14.489527743110944,13.98720805141178,12.959975135150364,13.81224133739317,13.983035537707535,13.81079591790611,15.172496242986805,14.456523116620428,14.904500492263354,14.513045557693623,12.42725653747239,16.041112808080605,18.123440863514787,14.384398263368361,14.59975164201201,14.688234757931143,14.089391193688565,14.782156298176439,16.142248433935855,14.937088806125761,13.322191784022948,0,14.606465315064076,14.452888097326007,16.387816641659636,13.916774459985382,14.242271967158022,13.203532383575629,14.453781293723884,14.511449502603394,14.322959841501676,14.234154299015266
Russian,15.14458495484089,16.360690745919545,17.238041556365925,15.228828391824855,13.224009855635128,12.529629253011011,15.396012466150145,12.334689568019781,12.787697193447931,14.271329987091091,14.962213829385158,14.806880537200595,14.411367791116588,15.083273758410723,15.042754401246027,14.747809974579038,16.276283080101752,15.914272593090324,14.762370374473303,15.570607877404843,14.583000642690592,15.398275524979093,17.486600098911147,12.292916190601519,15.491354113919078,15.997083877084748,15.362110972223105,15.167131446705968,16.27203134996676,13.482291237480126,14.510546668898423,14.606465315064076,0,11.723256863228338,16.565981519537722,12.177430158685384,13.399278478845545,14.72099466170461,15.282047528758355,11.370147233702737,15.170221760671382,15.2056342840995
Serbian,15.035561307278227,16.399782512177175,17.082467343104852,14.687036158795303,10.597227630903939,11.629102440786804,14.880782556993248,9.721873086678125,12.308524152310019,14.254047193985516,14.746876922872456,14.675657550320736,14.205968463609764,14.682423205113851,14.684492758471817,14.760006965894414,15.635808441873332,15.374123671275626,14.712166671015156,15.493610653047496,14.449617412423049,15.589249741764627,17.273661039451945,10.442146363906987,15.125160940581397,15.656526405167472,15.071910521228244,14.813468261702353,15.843595109864097,13.304965659079112,14.42968684341477,14.452888097326007,11.723256863228338,0,16.181602274903486,11.72372476995266,12.041370758557576,14.45997933204364,14.915598801836662,11.58358416932414,14.568232962909518,15.046568255064019
Sinhala,15.614977789306435,15.311047869574764,16.68618242170738,15.858692787770863,17.363406699471255,15.606697928793897,16.28062265387232,15.545112335079487,16.945370645279777,16.289962292603278,16.86218405576802,16.66485544320024,15.511433619143402,14.957700886247494,16.90315462576983,15.978036280786082,16.868816668543975,16.377326636870386,15.921896280292822,15.093440040366895,16.761075258901936,18.783113196752534,20.418997443789404,16.07333223855209,15.989962235220707,16.404472920561627,16.553421473006132,14.563654576172445,16.48536055035301,18.153586122200572,16.35983728854209,16.387816641659636,16.565981519537722,16.181602274903486,0,16.36567907678469,16.779226699247623,15.503700790613609,16.13268222458343,16.14324887713016,15.61571441925032,16.51538255682563
Slovak,14.82389137070076,16.13563916763563,17.217637960797305,14.607026712881543,13.011178792325225,12.203531238875003,14.272035089667758,11.39277157324503,10.643803058915218,12.847426667232618,14.155422795690559,14.207563707199537,13.39625634775308,14.469567342004641,14.09697148863605,14.182646794756662,15.292227631198505,14.87146935747263,14.577710615172194,14.64583787141825,14.045416850359343,15.47023333047773,17.936846432964874,12.296046147993058,14.470927619197525,15.05716953041604,14.137032464741363,14.695466558264895,16.15274592340677,12.120846783236468,13.521798341725427,13.916774459985382,12.177430158685384,11.72372476995266,16.36567907678469,0,11.9402238323962,13.791064347805357,14.35038501242827,11.898520087907421,14.200287462405,14.31946021341589
Slovenian,15.193926240973312,16.58651550670708,17.518193743348977,15.030977825784896,13.280481772346413,12.950245595485086,14.817407204721436,11.487521658063033,13.120707911803784,13.476336844085937,14.45656767331416,14.759226916723662,13.869838303969718,15.132005550298278,14.47429926962979,14.630047904294534,15.599893709378788,15.241584849424507,15.496072570034837,15.17355355168739,14.711873158292256,15.866488008532414,18.353568572645393,13.199586490145835,14.938667736474759,15.39371676071449,14.291923384090287,15.068460315492835,16.55646192931948,13.909589777687518,14.346510496108865,14.242271967158022,13.399278478845545,12.041370758557576,16.779226699247623,11.9402238323962,0,14.398841944167234,14.977111304631075,13.177359574194714,14.696807373670975,15.331851870159104
Spanish,14.761959309864608,15.764849426276244,17.466778776973527,14.392431214396698,16.37024319826444,13.258245344495808,11.256397596455326,13.538372293413119,14.436711677662064,13.109143227515156,13.770870772452962,13.809662490248298,12.227918214620406,10.27936407349121,14.145306863797646,13.763615275091936,14.794065453679323,15.001247252423315,14.49035995397088,13.261275363687751,12.912347217662004,17.60577734418465,19.054973500486728,13.80980301562087,13.897976546280177,15.813312920450166,14.37562111516983,13.946097701136193,15.814636133907152,15.821889057584237,11.00464129544255,13.203532383575629,14.72099466170461,14.45997933204364,15.503700790613609,13.791064347805357,14.398841944167234,0,14.183184741099694,14.119811612151134,14.295705963967173,14.161034425572403
Swedish,13.810803516110422,16.552512566749325,17.58937243548198,15.056705977085954,16.63919957988337,14.186527495214783,14.335188916278703,14.229644111370657,14.878469876095075,12.056128039485108,13.247752791484531,12.946162259493581,14.297256830623049,14.178124310762893,13.052422889235539,14.940205331967984,15.391031988614747,15.400410124136815,13.472675581956251,14.315769946994278,14.849659374325935,17.39686076918695,19.126084018547683,14.676397538930871,14.755164645200749,15.902216886864737,11.757936117028153,14.852032794120072,15.997216161086369,16.34850903342817,14.36069612271416,14.453781293723884,15.282047528758355,14.915598801836662,16.13268222458343,14.35038501242827,14.977111304631075,14.183184741099694,0,15.028173784039597,14.639631952124116,14.73846630680747
Ukrainian,15.329969035152939,16.283614577197973,17.396333985574294,14.98039836747045,13.605155238254083,12.311186138781737,14.907291453193539,11.90289410623256,12.576475197698207,13.974909012100797,14.662044052374835,14.60214038129633,14.44093222637911,14.697719466987612,14.672003695692656,14.505446322855693,15.649474444614219,15.504852695722366,14.696667435543155,15.196975707883757,14.655102535896942,16.203427304618483,17.66294614905286,11.982888687007435,15.089495339598404,16.032024121348265,15.252699493437277,14.682969837681863,15.8295819426482,13.137894012771302,14.462273832760797,14.511449502603394,11.370147233702737,11.58358416932414,16.14324887713016,11.898520087907421,13.177359574194714,14.119811612151134,15.028173784039597,0,14.897249243786998,14.624705098964302
Urdu,15.467895440047636,16.283266871561292,17.593845626586855,12.78989390974325,16.064508828579754,13.739593339095245,14.684095816747805,14.031867081442675,14.524015182159513,13.705086667713106,14.703559617923363,14.224175828830658,13.795407606456743,14.669236658768487,14.456885277133372,14.571966845166669,13.08272335651369,11.296208737635595,15.229669804423581,14.46325449515993,14.979761547766289,16.595407632228877,19.116301149004528,14.255649894648386,13.040805937344452,14.005546915553898,14.84214148971649,13.759216950827964,15.502091784707682,15.725933316254116,14.528231587058272,14.322959841501676,15.170221760671382,14.568232962909518,15.61571441925032,14.200287462405,14.696807373670975,14.295705963967173,14.639631952124116,14.897249243786998,0,14.629513973012957
Welsh,15.288727802415794,16.614413198922026,17.297386337856413,15.16748054188128,16.200204997330154,13.812938490664568,14.918150672227464,14.182785825521028,14.763981822518277,13.496815081675274,14.850633642240107,13.974189198724162,13.825342769668957,14.417670660003745,14.419125358676725,14.40949667471588,15.940683351257725,15.682783998804444,14.932562123631829,14.090328886494524,13.980449012049943,17.40705999588333,19.3013455293856,14.717834316357191,15.229767108645762,15.634090675126211,15.347096422430914,14.724681280647877,16.299754515721506,15.951115136040583,14.485705434020138,14.234154299015266,15.2056342840995,15.046568255064019,16.51538255682563,14.31946021341589,15.331851870159104,14.161034425572403,14.73846630680747,14.624705098964302,14.629513973012957,0
