,Afrikaans,Albanian,Armenian,Bengali,Bosnian,Bulgarian,Catalan,Croatian,Czech,Danish,Dutch,English,French,Galician,German,Greek,Gujarati,Hindi,Icelandic,Irish,Italian,Latvian,Lithuanian,Macedonian,Marathi,Nepali,Norwegian,Pashto,Persian,Polish,Portuguese,Romanian,Russian,Serbian,Sinhala,Slovak,Slovenian,Spanish,Swedish,Ukrainian,Urdu,Welsh
Afrikaans,0,5237.007002809636,6942.075364271966,6267.690903290711,7134.201420724998,6870.307443665273,7167.850228198226,7430.285993885143,8346.916528976295,6327.674850674149,5457.128841156445,7252.9664563196075,6577.291905731777,5249.586565166643,6090.767060797468,8217.830608319311,6903.871271746734,7970.480783221579,5099.624558183722,5955.584431225806,8163.538716216995,7758.566955028071,7046.314971464199,6320.578755617651,6425.764885725135,6287.774333381527,5572.565226672354,5669.071700093687,6077.266167190942,9017.77039108993,6873.335136923375,7259.5202698722915,6705.205093656595,6396.4168396840105,5545.510319096113,7337.200093580933,7956.306592163276,7986.174273797689,5796.690819088281,6773.945961670069,6532.343650090505,7892.259933997622
Albanian,5237.007002809636,0,7008.588189945684,6240.621568540423,7364.897601568907,7308.11027900619,7660.961318986741,7846.66062126164,8782.506006911135,7412.451891491504,7466.821496684879,8823.917617124067,6972.155909755303,5344.949466401919,7246.590676232826,8383.765693058254,7119.300312217226,8361.64984405317,5934.356938043733,6058.513996208889,8744.2878436977,7897.257239564403,7208.775258958355,6536.276119002304,6626.103456453692,6164.7771093101765,6709.324940071089,5691.229128843972,6108.899269866594,9340.703712575207,7104.655186014461,7656.022642112879,6801.913645898099,6694.042644170557,4962.438816672787,7527.358646485854,8598.686328955133,8263.587760025513,6810.441220919496,6845.357895690122,6636.758283671749,8316.365461551206
Armenian,6942.075364271966,7008.588189945684,0,7511.875082814492,8027.187089250399,8231.24399878622,8380.968289396818,8286.882607428022,9273.734910912064,8553.667218744771,8448.000074375746,8944.504674362486,8033.707518397356,7123.16865148513,8115.166828963651,8786.320278553829,8070.914454231089,8841.028897561939,7051.298617802002,7653.063575486365,8986.767300061652,8470.671454601701,7741.084399438128,7497.143402248714,7839.13538506373,7394.341619614037,7797.812982628234,7022.58529557166,7228.210988882246,9576.231842647838,8066.370430659604,8330.980583620043,7826.635211664494,7535.978573623243,6960.905642559826,8385.452757372272,9042.498157033246,9028.378448862843,7681.4871143709,7735.781723980357,7615.895907731472,8444.5790342221
Bengali,6267.690903290711,6240.621568540423,7511.875082814492,0,7956.20740063707,7369.81057756278,7461.900340373803,8005.799905787288,8684.978368460439,7909.094809584689,7505.284889731444,8151.026184805827,7223.161943031626,6427.06096056053,7479.367614635361,8091.879106207555,6156.079342773571,7001.387369343156,6688.916599505361,6665.692175944968,8518.068605998285,8532.218233491769,7568.127693263695,7008.949816683888,6059.9910739092875,5929.912235302525,7179.732414689595,6501.057482295092,6848.156285910677,9087.581659461692,7086.204394544275,7866.967663173471,7521.830124443968,7124.921518501841,6311.403656818521,7843.920506496667,8703.283525306628,7775.91325064213,7100.321847512151,7400.415723615297,6002.307026508303,8172.922093393376
Bosnian,7134.201420724998,7364.897601568907,8027.187089250399,7956.20740063707,0,6926.1556012959745,8764.11364819818,5837.804245642447,8218.901336756113,8562.584330889093,8468.65553796421,9392.39393031463,8159.343250179204,7427.364978265083,8464.168970641253,9220.603641055777,8647.290391057291,9303.322915107006,7516.1499330705665,8078.686740583194,9140.669187738818,8173.969566911081,8052.273256039148,5565.084984000062,8316.977665494118,7759.016187470832,7698.504243315068,7607.156179893675,7733.506185797453,8288.87452559446,8360.001123359765,8702.732702402041,6294.632591165883,4494.081674781124,7422.882256476057,6842.9016565993525,7281.474491784492,9142.927575566271,8041.645990933405,6366.45016073412,7947.737124461187,9117.449508241101
Bulgarian,6870.307443665273,7308.11027900619,8231.24399878622,7369.81057756278,6926.1556012959745,0,7674.885161310173,6252.032712975041,7544.738481011468,8012.370023099732,7875.2126404455585,8220.43176643583,7577.347228729874,6683.931940024867,7878.923184746404,8306.31897991025,7767.477138085247,8371.419039019187,7106.047788154852,7470.128669567512,8166.148599876941,8867.500962721615,8203.25298038672,5475.130073657827,7430.175161560861,7829.27298865085,7520.137184811604,7192.521628263158,7573.809330898911,8495.740640908032,7704.766738134216,8058.21729773459,6580.8723336628,5911.688755912371,7242.6489305397245,6865.304922644295,7319.9145583396885,8140.751664605231,7582.192118820409,6646.892893031452,7375.809012355233,8090.093200336977
Catalan,7167.850228198226,7660.961318986741,8380.968289396818,7461.900340373803,8764.11364819818,7674.885161310173,0,8280.652797920704,9188.579919168935,8227.3535436263,8073.073212109618,8186.36308863536,7192.350526781832,6090.125178605031,7957.329339834804,8362.76335006423,7636.4307397501825,8270.849522132305,7411.928174720016,7404.209923625381,7148.30513386872,9546.66322674329,8490.865701060387,7646.714158756081,7382.191170966725,7996.505803946414,7540.992761134934,7597.124460275812,7862.848563071527,9779.000654485691,6378.2402517090195,7667.840949396818,8194.053766329605,7803.889924328528,7582.480169280856,8383.290518036209,8907.56088712497,6393.210111193705,7614.884992842687,7995.453624079255,7589.058093610386,8299.455623419197
Croatian,7430.285993885143,7846.66062126164,8286.882607428022,8005.799905787288,5837.804245642447,6252.032712975041,8280.652797920704,0,7358.086681857629,8423.696209665457,8377.74635945414,8873.245444844182,8161.832005373179,7491.408320500006,8346.568480581283,8936.342640858284,8331.148244261143,8886.75909141993,7644.113905395133,8074.759561980663,8765.406420661664,9435.569332451958,8340.370206987882,5977.967506614424,8054.854559805056,8098.824465677986,7976.209609565362,7668.163690792146,7952.908119790554,8518.10415901106,8167.964930403903,8649.163715672483,6927.914516078508,4995.072594193133,7781.347797292794,6582.805017326001,6828.235038798125,8697.915966078664,8105.424683492156,6694.2268074699505,7917.765482874834,8655.566452071096
Czech,8346.916528976295,8782.506006911135,9273.734910912064,8684.978368460439,8218.901336756113,7544.738481011468,9188.579919168935,7358.086681857629,0,8819.400628900214,8883.739068743509,9757.270463396791,8930.976459694468,8434.339755289378,8926.158416445578,9606.88801092896,9172.428491019897,9680.719933145345,8497.162045854478,8726.55207055687,9511.769762031392,9894.225423404783,9405.769471894233,7577.8157790869955,8952.583556266865,8795.605217833172,8722.205276987537,8457.811405615306,8720.79603819519,8588.835111284641,8785.212454772241,9441.619152832722,7791.660976865909,7372.37628137824,8858.514719295934,6225.174361343406,8004.662194257217,9375.457534402369,8985.149279845216,7336.08605429089,8686.226563919276,9345.75657004926
Danish,6327.674850674149,7412.451891491504,8553.667218744771,7909.094809584689,8562.584330889093,8012.370023099732,8227.3535436263,8423.696209665457,8819.400628900214,0,7408.032736421372,8500.743771701797,7748.074877860605,7071.2422105646665,7257.138496902659,9118.484660046588,8357.539624113973,9135.00454018754,6274.912031694964,7475.955565049385,8831.852659309063,9363.246129660243,8822.23134486638,7783.968245803458,8077.539117179268,7841.318125834406,6047.7251970578245,7440.608944654502,7776.597727690291,9832.777901951908,8184.237699801913,8575.686242620719,8164.083346621757,7922.502381668687,7414.391549462417,8357.789479364545,8657.127578790123,8858.20827711519,6695.686899327248,7936.6317331129,8037.490161255334,8681.350751471457
Dutch,5457.128841156445,7466.821496684879,8448.000074375746,7505.284889731444,8468.65553796421,7875.2126404455585,8073.073212109618,8377.74635945414,8883.739068743509,7408.032736421372,0,8146.709363166526,7900.514417326636,7325.858713733405,6477.075624976868,8795.341563654309,7997.559867993977,8854.602624996072,6658.873671976952,7418.237498273174,8879.182772518645,9336.766537549922,8454.602891021721,7616.906910008108,7764.285087184269,7838.267857216782,6838.256558230973,7616.383092204472,7698.184156763169,9513.046337950847,7526.3234433331045,8638.801724641724,8272.52266931203,7690.90259206363,7595.87841510537,8216.955494271599,8778.152701261914,8299.235504669059,7273.375023837777,8082.0243629902525,7800.6162265410085,8694.694291218395
English,7252.9664563196075,8823.917617124067,8944.504674362486,8151.026184805827,9392.39393031463,8220.43176643583,8186.36308863536,8873.245444844182,9757.270463396791,8500.743771701797,8146.709363166526,0,8345.64448800083,8009.895936323729,7933.497310142129,9354.810436709948,8333.939487433403,9082.839641090499,7649.151329166671,8243.938197860722,8923.654578594913,9765.131410720966,9071.160248725897,8252.675366036354,8208.887156241957,8655.93211740711,7712.92146077641,8334.567191561882,8482.093796126706,10400.531779582969,8561.559071708722,8845.985448677131,8729.115411341576,8300.216589187883,8458.585918050949,9218.67274089032,9402.101972011706,9051.632049718803,7918.593514550738,8655.025780300733,8198.276986283965,8787.72744925353
French,6577.291905731777,6972.155909755303,8033.707518397356,7223.161943031626,8159.343250179204,7577.347228729874,7192.350526781832,8161.832005373179,8930.976459694468,7748.074877860605,7900.514417326636,8345.64448800083,0,6350.697791624853,7607.555990569698,8481.51234555436,7774.569360587041,8589.832968363353,6903.935853000756,7112.7680595625025,7779.537903486375,8826.378688090877,8132.731341928863,7323.509598710301,7376.156610287105,7501.287511355048,7222.525096063229,6947.382284976837,7307.80538021739,9468.740448383456,7279.851807059869,7708.413360913694,7715.166846178,7472.478057274061,6932.913168706986,8157.626440419111,8640.309123530307,7913.6171436177365,7425.816834086025,7703.3459391031465,7482.094372178441,8214.061159679348
Galician,5249.586565166643,5344.949466401919,7123.16865148513,6427.06096056053,7427.364978265083,6683.931940024867,6090.125178605031,7491.408320500006,8434.339755289378,7071.2422105646665,7325.858713733405,8009.895936323729,6350.697791624853,0,7148.162377127246,8047.0794349877415,6983.1641736608635,7972.205262184426,5699.711660370444,6066.424020453363,7154.210677466245,7837.939879486344,7375.572750439675,6489.422504405869,6529.523170370784,6654.828990629732,6566.174213345925,6010.1276332665275,6242.904827969635,9273.924410052781,5758.173378689445,6817.270092954777,6721.36529457582,6633.068916382752,5524.011488070075,7537.941544606717,8079.804399144364,6261.875432021112,6587.537062576556,6763.620958117344,6692.94854060052,7751.018806388266
German,6090.767060797468,7246.590676232826,8115.166828963651,7479.367614635361,8464.168970641253,7878.923184746404,7957.329339834804,8346.568480581283,8926.158416445578,7257.138496902659,6477.075624976868,7933.497310142129,7607.555990569698,7148.162377127246,0,8620.923009931963,7808.584916749249,8571.03309208405,6741.2748230968045,7189.128716688895,8565.495454695343,9113.449541742497,8252.770858771932,7631.368442033374,7658.743396325138,7628.457436253978,7084.165756559271,7297.446644854657,7510.888602150323,9492.53139617659,7733.352059593235,8279.547914702633,8164.037715618953,7687.385860586859,7410.314590493096,8151.996343646691,8777.338361193293,8447.378002481455,7070.608837396521,8036.803478521906,7563.6424768569495,8482.70642131564
Greek,8217.830608319311,8383.765693058254,8786.320278553829,8091.879106207555,9220.603641055777,8306.31897991025,8362.76335006423,8936.342640858284,9606.88801092896,9118.484660046588,8795.341563654309,9354.810436709948,8481.51234555436,8047.0794349877415,8620.923009931963,0,8466.047784971992,8926.428430856233,8249.200680225433,8309.720826022905,9102.789895770044,9470.742601591675,8972.447623323522,8303.025688965216,8342.003939650744,8470.709541260629,8520.932303661046,8276.985236787457,8551.521144051543,10116.244856331288,8333.01110333516,8994.155793417627,8796.275386782201,8411.656523734348,8293.650283606443,8923.82331607279,9469.806823154073,8442.11841850971,8572.439677739458,8540.202011518984,8230.764678313279,8969.11244063107
Gujarati,6903.871271746734,7119.300312217226,8070.914454231089,6156.079342773571,8647.290391057291,7767.477138085247,7636.4307397501825,8331.148244261143,9172.428491019897,8357.539624113973,7997.559867993977,8333.939487433403,7774.569360587041,6983.1641736608635,7808.584916749249,8466.047784971992,0,6325.400316172949,7229.718333756357,7034.651153194204,8838.793691618312,9343.73560410226,8075.822379190475,7501.55081835558,5116.993329376884,6477.058251618411,7688.456180367619,6935.060763806595,7566.284620669796,9696.958232103645,7624.175042562525,8379.373236283931,8098.575419703248,7600.303197169144,6973.249103707111,8280.756345232188,9015.222535007157,8125.057683328545,7527.036344326885,7796.01737386218,6294.974889678619,8412.365619263514
Hindi,7970.480783221579,8361.64984405317,8841.028897561939,7001.387369343156,9303.322915107006,8371.419039019187,8270.849522132305,8886.75909141993,9680.719933145345,9135.00454018754,8854.602624996072,9082.839641090499,8589.832968363353,7972.205262184426,8571.03309208405,8926.428430856233,6325.400316172949,0,8149.53957947411,8168.123432933272,9236.04812861907,10202.137752773564,8907.598658613519,8236.329057672505,6603.5319796411495,7346.886972406179,8491.459003171049,7828.388787611073,8399.202480444392,10037.329801909204,8459.52059693836,8657.561663346707,8859.091384986983,8329.890738987564,7969.305599086455,8925.088286004237,9584.821293789044,8735.17120349659,8154.611936717631,8567.888026872915,5970.875947999285,9123.050194947398
Icelandic,5099.624558183722,5934.356938043733,7051.298617802002,6688.916599505361,7516.1499330705665,7106.047788154852,7411.928174720016,7644.113905395133,8497.162045854478,6274.912031694964,6658.873671976952,7649.151329166671,6903.935853000756,5699.711660370444,6741.2748230968045,8249.200680225433,7229.718333756357,8149.53957947411,0,6538.68849741385,8291.888406326565,8041.399337557526,7298.0529820620595,6669.393923228245,6907.139769519441,6783.906520366687,5726.632835368221,6250.310877747343,6457.142221693512,9194.522982844528,7217.899182115908,7527.379003656692,6982.016813623324,6769.146627512519,5892.9798042401235,7674.745553267667,8335.117872307197,8121.0372462851365,5807.569968976601,7027.409380251663,6874.099738028692,7986.246168917731
Irish,5955.584431225806,6058.513996208889,7653.063575486365,6665.692175944968,8078.686740583194,7470.128669567512,7404.209923625381,8074.759561980663,8726.55207055687,7475.955565049385,7418.237498273174,8243.938197860722,7112.7680595625025,6066.424020453363,7189.128716688895,8309.720826022905,7034.651153194204,8168.123432933272,6538.68849741385,0,8468.951592192092,8791.418466804014,7795.278715224594,7029.3589086018055,6670.934608750485,6931.525867799086,6849.07959812647,6339.530792598845,6865.496486486577,9477.855495348495,6909.882667014197,7864.659182606709,7559.295755535224,7203.895240843314,6345.5106358601015,7808.583808665875,8573.23328712903,7777.8541931504915,7015.12232091773,7476.033857738017,6971.337564950552,7830.24211094521
Italian,8163.538716216995,8744.2878436977,8986.767300061652,8518.068605998285,9140.669187738818,8166.148599876941,7148.30513386872,8765.406420661664,9511.769762031392,8831.852659309063,8879.182772518645,8923.654578594913,7779.537903486375,7154.210677466245,8565.495454695343,9102.789895770044,8838.793691618312,9236.04812861907,8291.888406326565,8468.951592192092,0,9913.483342242604,9097.328475234397,8322.365306938502,8579.716992353497,8846.934777823062,8461.791168349093,8443.534787791254,8511.238336545473,10031.808490279305,7609.968012447985,7938.853979385836,8584.56717451523,8386.147911263446,8515.848808319499,8980.61405310095,9352.763493488275,7798.935493189143,8504.932015555163,8627.894853192474,8491.763079810627,8552.808068766753
Latvian,7758.566955028071,7897.257239564403,8470.671454601701,8532.218233491769,8173.969566911081,8867.500962721615,9546.66322674329,9435.569332451958,9894.225423404783,9363.246129660243,9336.766537549922,9765.131410720966,8826.378688090877,7837.939879486344,9113.449541742497,9470.742601591675,9343.73560410226,10202.137752773564,8041.399337557526,8791.418466804014,9913.483342242604,0,7896.664061516983,8264.688447331284,9122.482605719537,8581.668321892475,8494.712619433978,8219.537898749086,8323.932506844665,9892.838852605828,9268.487854499306,9239.086908269011,7949.69771238503,8244.647662298412,8142.522090323943,8966.506105004722,9316.992777314877,10361.963978299502,8780.079514828396,8427.140363437255,8697.37999996697,9988.103366342324
Lithuanian,7046.314971464199,7208.775258958355,7741.084399438128,7568.127693263695,8052.273256039148,8203.25298038672,8490.865701060387,8340.370206987882,9405.769471894233,8822.23134486638,8454.602891021721,9071.160248725897,8132.731341928863,7375.572750439675,8252.770858771932,8972.447623323522,8075.822379190475,8907.598658613519,7298.0529820620595,7795.278715224594,9097.328475234397,7896.664061516983,0,7516.256869927132,7931.1637561210755,7532.279014999668,7901.251639602391,7391.963241302083,7663.027720174594,9347.35185208218,8208.237524101887,8557.12044904798,7756.009897727451,7552.404693838466,7197.297699645503,8364.098726310942,9055.91945279488,8976.926326859433,7814.746624909372,7807.720933681611,7748.143032706751,8831.277157741695
Macedonian,6320.578755617651,6536.276119002304,7497.143402248714,7008.949816683888,5565.084984000062,5475.130073657827,7646.714158756081,5977.967506614424,7577.8157790869955,7783.968245803458,7616.906910008108,8252.675366036354,7323.509598710301,6489.422504405869,7631.368442033374,8303.025688965216,7501.55081835558,8236.329057672505,6669.393923228245,7029.3589086018055,8322.365306938502,8264.688447331284,7516.256869927132,0,7191.271041559493,7044.72472009304,7118.849829863586,6702.849232782304,7085.2639666624045,8228.612648127859,7395.974839380051,7964.7471814966075,6005.623874613764,4658.8505779700445,6525.176624510754,6481.2081373687815,7067.3920553863345,8110.887067010791,7260.1107798416615,5956.328080984726,7027.468843322185,8170.032333829882
Marathi,6425.764885725135,6626.103456453692,7839.13538506373,6059.9910739092875,8316.977665494118,7430.175161560861,7382.191170966725,8054.854559805056,8952.583556266865,8077.539117179268,7764.285087184269,8208.887156241957,7376.156610287105,6529.523170370784,7658.743396325138,8342.003939650744,5116.993329376884,6603.5319796411495,6907.139769519441,6670.934608750485,8579.716992353497,9122.482605719537,7931.1637561210755,7191.271041559493,0,6463.539869258826,7327.322875388254,6693.947745904951,7295.277691670597,9559.7736879138,7355.2376907418575,8065.994351383097,7667.769374119994,7257.413485982648,6500.686179624974,8019.674445934875,8727.773692109784,7818.973782769246,7253.59193800147,7571.985617879723,6286.9559419253255,8164.597641987254
Nepali,6287.774333381527,6164.7771093101765,7394.341619614037,5929.912235302525,7759.016187470832,7829.27298865085,7996.505803946414,8098.824465677986,8795.605217833172,7841.318125834406,7838.267857216782,8655.93211740711,7501.287511355048,6654.828990629732,7628.457436253978,8470.709541260629,6477.058251618411,7346.886972406179,6783.906520366687,6931.525867799086,8846.934777823062,8581.668321892475,7532.279014999668,7044.72472009304,6463.539869258826,0,7288.246348070343,6354.702901367462,6984.013853269792,9290.835545733424,7561.566654122053,8082.986555608574,7623.826589006558,7167.045670949803,6128.3557965386135,7857.848349433296,8626.89134361439,8498.343654147619,7185.283716752937,7420.383672459591,6260.606779426813,8371.637387872084
Norwegian,5572.565226672354,6709.324940071089,7797.812982628234,7179.732414689595,7698.504243315068,7520.137184811604,7540.992761134934,7976.209609565362,8722.205276987537,6047.7251970578245,6838.256558230973,7712.92146077641,7222.525096063229,6566.174213345925,7084.165756559271,8520.932303661046,7688.456180367619,8491.459003171049,5726.632835368221,6849.07959812647,8461.791168349093,8494.712619433978,7901.251639602391,7118.849829863586,7327.322875388254,7288.246348070343,0,6971.52114531536,7119.455496088254,9354.658620374656,7428.637457889778,8017.950746629798,7580.867599040254,7102.699545301669,6753.065922625513,7856.021584738307,8271.614728769599,8100.935338720422,5470.034084930948,7462.4391181750225,7240.399868161123,8370.406495602032
Pashto,5669.071700093687,5691.229128843972,7022.58529557166,6501.057482295092,7607.156179893675,7192.521628263158,7597.124460275812,7668.163690792146,8457.811405615306,7440.608944654502,7616.383092204472,8334.567191561882,6947.382284976837,6010.1276332665275,7297.446644854657,8276.985236787457,6935.060763806595,7828.388787611073,6250.310877747343,6339.530792598845,8443.534787791254,8219.537898749086,7391.963241302083,6702.849232782304,6693.947745904951,6354.702901367462,6971.52114531536,0,5921.4421322873795,9190.742991950046,7266.0839932134995,7594.94270194519,7015.864991179225,6885.968232027536,5741.875413416193,7636.894724208115,8197.71034665958,8324.091558642576,6921.968882733273,6997.45283539481,6432.534565565618,7995.704208201524
Persian,6077.266167190942,6108.899269866594,7228.210988882246,6848.156285910677,7733.506185797453,7573.809330898911,7862.848563071527,7952.908119790554,8720.79603819519,7776.597727690291,7698.184156763169,8482.093796126706,7307.80538021739,6242.904827969635,7510.888602150323,8551.521144051543,7566.284620669796,8399.202480444392,6457.142221693512,6865.496486486577,8511.238336545473,8323.932506844665,7663.027720174594,7085.2639666624045,7295.277691670597,6984.013853269792,7119.455496088254,5921.4421322873795,0,9218.322363601137,7537.671280422695,7807.596976750605,7281.683519804596,7096.351122059879,6441.44981120706,7900.086499271486,8610.407986399669,8453.643086305563,7250.394770385319,7330.007890651899,6819.976461075413,8243.58987558332
Polish,9017.77039108993,9340.703712575207,9576.231842647838,9087.581659461692,8288.87452559446,8495.740640908032,9779.000654485691,8518.10415901106,8588.835111284641,9832.777901951908,9513.046337950847,10400.531779582969,9468.740448383456,9273.924410052781,9492.53139617659,10116.244856331288,9696.958232103645,10037.329801909204,9194.522982844528,9477.855495348495,10031.808490279305,9892.838852605828,9347.35185208218,8228.612648127859,9559.7736879138,9290.835545733424,9354.658620374656,9190.742991950046,9218.322363601137,0,9167.462017562584,9925.876397401338,8250.710890262526,7895.934587161763,9486.857850508528,7381.183839922417,8800.370164260336,9996.995356269144,9475.758002006121,7899.725838436367,9260.505145341936,10081.637380652262
Portuguese,6873.335136923375,7104.655186014461,8066.370430659604,7086.204394544275,8360.001123359765,7704.766738134216,6378.2402517090195,8167.964930403903,8785.212454772241,8184.237699801913,7526.3234433331045,8561.559071708722,7279.851807059869,5758.173378689445,7733.352059593235,8333.01110333516,7624.175042562525,8459.52059693836,7217.899182115908,6909.882667014197,7609.968012447985,9268.487854499306,8208.237524101887,7395.974839380051,7355.2376907418575,7561.566654122053,7428.637457889778,7266.0839932134995,7537.671280422695,9167.462017562584,0,8013.050565975563,8042.971162874148,7435.918935420815,7355.909750743912,7945.851341891112,8732.026966583393,6138.139784607015,7686.041132795442,7676.272235997462,7392.754951844646,8333.507884777822
Romanian,7259.5202698722915,7656.022642112879,8330.980583620043,7866.967663173471,8702.732702402041,8058.21729773459,7667.840949396818,8649.163715672483,9441.619152832722,8575.686242620719,8638.801724641724,8845.985448677131,7708.413360913694,6817.270092954777,8279.547914702633,8994.155793417627,8379.373236283931,8657.561663346707,7527.379003656692,7864.659182606709,7938.853979385836,9239.086908269011,8557.12044904798,7964.7471814966075,8065.994351383097,8082.986555608574,8017.950746629798,7594.94270194519,7807.596976750605,9925.876397401338,8013.050565975563,0,8131.65570201541,8022.063116581961,7536.686943684522,8778.128896374374,9207.728786952322,8444.70910014306,7939.911314123139,8196.269081264812,7848.689041876768,8613.459315385619
Russian,6705.205093656595,6801.913645898099,7826.635211664494,7521.830124443968,6294.632591165883,6580.8723336628,8194.053766329605,6927.914516078508,7791.660976865909,8164.083346621757,8272.52266931203,8729.115411341576,7715.166846178,6721.36529457582,8164.037715618953,8796.275386782201,8098.575419703248,8859.091384986983,6982.016813623324,7559.295755535224,8584.56717451523,7949.69771238503,7756.009897727451,6005.623874613764,7667.769374119994,7623.826589006558,7580.867599040254,7015.864991179225,7281.683519804596,8250.710890262526,8042.971162874148,8131.65570201541,0,5952.477145051825,6839.292848616286,6971.302419206361,7617.101929598073,8819.87892537724,7601.921207807859,5666.655295247232,7665.135887165115,8628.605121615803
Serbian,6396.4168396840105,6694.042644170557,7535.978573623243,7124.921518501841,4494.081674781124,5911.688755912371,7803.889924328528,4995.072594193133,7372.37628137824,7922.502381668687,7690.90259206363,8300.216589187883,7472.478057274061,6633.068916382752,7687.385860586859,8411.656523734348,7600.303197169144,8329.890738987564,6769.146627512519,7203.895240843314,8386.147911263446,8244.647662298412,7552.404693838466,4658.8505779700445,7257.413485982648,7167.045670949803,7102.699545301669,6885.968232027536,7096.351122059879,7895.934587161763,7435.918935420815,8022.063116581961,5952.477145051825,0,6779.524238394573,6178.152023872199,6557.7013832323655,8266.675600923774,7334.82066073291,5881.606502253738,7150.920615839055,8222.273629382258
Sinhala,5545.510319096113,4962.438816672787,6960.905642559826,6311.403656818521,7422.882256476057,7242.6489305397245,7582.480169280856,7781.347797292794,8858.514719295934,7414.391549462417,7595.87841510537,8458.585918050949,6932.913168706986,5524.011488070075,7410.314590493096,8293.650283606443,6973.249103707111,7969.305599086455,5892.9798042401235,6345.5106358601015,8515.848808319499,8142.522090323943,7197.297699645503,6525.176624510754,6500.686179624974,6128.3557965386135,6753.065922625513,5741.875413416193,6441.44981120706,9486.857850508528,7355.909750743912,7536.686943684522,6839.292848616286,6779.524238394573,0,7801.642524634193,8610.462352834214,8157.2381339447265,6700.951195263668,6958.265037948102,6652.4257535089555,8176.231725670456
Slovak,7337.200093580933,7527.358646485854,8385.452757372272,7843.920506496667,6842.9016565993525,6865.304922644295,8383.290518036209,6582.805017326001,6225.174361343406,8357.789479364545,8216.955494271599,9218.67274089032,8157.626440419111,7537.941544606717,8151.996343646691,8923.82331607279,8280.756345232188,8925.088286004237,7674.745553267667,7808.583808665875,8980.61405310095,8966.506105004722,8364.098726310942,6481.2081373687815,8019.674445934875,7857.848349433296,7856.021584738307,7636.894724208115,7900.086499271486,7381.183839922417,7945.851341891112,8778.128896374374,6971.302419206361,6178.152023872199,7801.642524634193,0,7208.723087566237,8740.871019530496,8067.042263417334,6490.992038053503,7816.726244165382,8878.729625136484
Slovenian,7956.306592163276,8598.686328955133,9042.498157033246,8703.283525306628,7281.474491784492,7319.9145583396885,8907.56088712497,6828.235038798125,8004.662194257217,8657.127578790123,8778.152701261914,9402.101972011706,8640.309123530307,8079.804399144364,8777.338361193293,9469.806823154073,9015.222535007157,9584.821293789044,8335.117872307197,8573.23328712903,9352.763493488275,9316.992777314877,9055.91945279488,7067.3920553863345,8727.773692109784,8626.89134361439,8271.614728769599,8197.71034665958,8610.407986399669,8800.370164260336,8732.026966583393,9207.728786952322,7617.101929598073,6557.7013832323655,8610.462352834214,7208.723087566237,0,9297.988300651095,8606.097915016564,7469.3435589037745,8511.951873419152,9386.854386054305
Spanish,7986.174273797689,8263.587760025513,9028.378448862843,7775.91325064213,9142.927575566271,8140.751664605231,6393.210111193705,8697.915966078664,9375.457534402369,8858.20827711519,8299.235504669059,9051.632049718803,7913.6171436177365,6261.875432021112,8447.378002481455,8442.11841850971,8125.057683328545,8735.17120349659,8121.0372462851365,7777.8541931504915,7798.935493189143,10361.963978299502,8976.926326859433,8110.887067010791,7818.973782769246,8498.343654147619,8100.935338720422,8324.091558642576,8453.643086305563,9996.995356269144,6138.139784607015,8444.70910014306,8819.87892537724,8266.675600923774,8157.2381339447265,8740.871019530496,9297.988300651095,0,8463.967896990282,8369.11634289549,8074.23456604464,8682.16954646493
Swedish,5796.690819088281,6810.441220919496,7681.4871143709,7100.321847512151,8041.645990933405,7582.192118820409,7614.884992842687,8105.424683492156,8985.149279845216,6695.686899327248,7273.375023837777,7918.593514550738,7425.816834086025,6587.537062576556,7070.608837396521,8572.439677739458,7527.036344326885,8154.611936717631,5807.569968976601,7015.12232091773,8504.932015555163,8780.079514828396,7814.746624909372,7260.1107798416615,7253.59193800147,7185.283716752937,5470.034084930948,6921.968882733273,7250.394770385319,9475.758002006121,7686.041132795442,7939.911314123139,7601.921207807859,7334.82066073291,6700.951195263668,8067.042263417334,8606.097915016564,8463.967896990282,0,7623.099186717144,7219.578922445279,8313.706203371832
Ukrainian,6773.945961670069,6845.357895690122,7735.781723980357,7400.415723615297,6366.45016073412,6646.892893031452,7995.453624079255,6694.2268074699505,7336.08605429089,7936.6317331129,8082.0243629902525,8655.025780300733,7703.3459391031465,6763.620958117344,8036.803478521906,8540.202011518984,7796.01737386218,8567.888026872915,7027.409380251663,7476.033857738017,8627.894853192474,8427.140363437255,7807.720933681611,5956.328080984726,7571.985617879723,7420.383672459591,7462.4391181750225,6997.45283539481,7330.007890651899,7899.725838436367,7676.272235997462,8196.269081264812,5666.655295247232,5881.606502253738,6958.265037948102,6490.992038053503,7469.3435589037745,8369.11634289549,7623.099186717144,0,7409.1033372411985,8394.706859043044
Urdu,6532.343650090505,6636.758283671749,7615.895907731472,6002.307026508303,7947.737124461187,7375.809012355233,7589.058093610386,7917.765482874834,8686.226563919276,8037.490161255334,7800.6162265410085,8198.276986283965,7482.094372178441,6692.94854060052,7563.6424768569495,8230.764678313279,6294.974889678619,5970.875947999285,6874.099738028692,6971.337564950552,8491.763079810627,8697.37999996697,7748.143032706751,7027.468843322185,6286.9559419253255,6260.606779426813,7240.399868161123,6432.534565565618,6819.976461075413,9260.505145341936,7392.754951844646,7848.689041876768,7665.135887165115,7150.920615839055,6652.4257535089555,7816.726244165382,8511.951873419152,8074.23456604464,7219.578922445279,7409.1033372411985,0,8105.032821088116
Welsh,7892.259933997622,8316.365461551206,8444.5790342221,8172.922093393376,9117.449508241101,8090.093200336977,8299.455623419197,8655.566452071096,9345.75657004926,8681.350751471457,8694.694291218395,8787.72744925353,8214.061159679348,7751.018806388266,8482.70642131564,8969.11244063107,8412.365619263514,9123.050194947398,7986.246168917731,7830.24211094521,8552.808068766753,9988.103366342324,8831.277157741695,8170.032333829882,8164.597641987254,8371.637387872084,8370.406495602032,7995.704208201524,8243.58987558332,10081.637380652262,8333.507884777822,8613.459315385619,8628.605121615803,8222.273629382258,8176.231725670456,8878.729625136484,9386.854386054305,8682.16954646493,8313.706203371832,8394.706859043044,8105.032821088116,0
