,Afrikaans,Albanian,Armenian,Bengali,Bosnian,Bulgarian,Catalan,Croatian,Czech,Danish,Dutch,English,French,Galician,German,Greek,Gujarati,Hindi,Icelandic,Irish,Italian,Latvian,Lithuanian,Macedonian,Marathi,Nepali,Norwegian,Pashto,Persian,Polish,Portuguese,Romanian,Russian,Serbian,Sinhala,Slovak,Slovenian,Spanish,Swedish,Ukrainian,Urdu,Welsh
Afrikaans,0,256.3190643849121,278.77595780576405,270.767125383515,285.5346717451743,259.49084324604144,261.6785768631058,260.04467225661153,275.6578326531689,216.3407869322683,196.46882590444648,238.23717624293408,234.33159056540205,227.87510627845725,238.55255928197312,249.6756016010435,279.963036888049,283.9063023345996,224.9691153713516,221.8621811224359,283.4501336965462,298.31735821275305,405.0099366330302,260.1706739258134,258.7710115119295,259.04530898999553,222.20776320278188,223.9460614806474,280.19323315925647,311.3493754516433,246.93599878235352,261.2130637126434,267.67405653968996,258.61565357709463,254.26851821942725,250.12423774832257,255.13920995039632,247.59890492647867,238.4698353382071,267.598478621281,257.2854137867964,286.3066405842647
Albanian,256.3190643849121,0,301.9601856295146,284.5217285388827,318.27246494895974,277.56673586432845,282.04484205670025,271.56597485754736,295.71096232067487,263.47915023757395,275.9260042622445,296.82139965041347,250.94885491450697,242.35692588925428,290.2595154786245,259.0573622885856,303.39883127770577,304.5833280792576,278.0804576999637,246.80733186386604,298.87279400920374,328.30080059298695,422.34991826098576,282.361129733309,275.37339842980185,275.6735954719797,271.13306470349585,242.76265920233632,295.517133584001,333.1918479617034,262.7653962721785,277.5578251299072,292.5360946842307,282.98011539718493,243.55887311231834,271.9575392411483,283.70531982863776,257.63018719019647,281.17125456513315,285.84998540559513,269.15008809545026,311.90124865755826
Armenian,278.77595780576405,301.9601856295146,0,320.3547559275089,329.7789832813085,315.7052040505156,316.609790399027,308.0333048764005,336.1884182175922,298.864345441334,310.05212640072585,325.074176813558,286.7123549957038,283.8061847099884,315.4178098922413,284.5900899846224,342.3846347686778,339.04932293379716,286.33300895312095,278.71728674446155,328.1982796640073,341.1373512444243,437.1695526059826,314.44507677253347,316.411717387141,315.62683757770304,294.9361981515677,273.2441366424236,317.81165014896783,363.00914675216023,302.01700199783244,305.1171801268293,317.9418550470557,308.9154070353043,288.6676521650149,306.38650941519273,316.2438620408455,302.027902920974,312.84523749416036,316.5922783438071,308.3727911340847,332.4821012313347
Bengali,270.767125383515,284.5217285388827,320.3547559275089,0,312.414009631711,272.4901052771957,271.33461433269616,270.7544078085962,292.2779663308963,257.23415618363856,278.11698888066945,282.74497656706967,255.97018747439986,256.67408189053805,285.4850708626596,258.9621321173688,251.38194499413513,249.7440125212899,286.1276326576244,254.3926864429541,293.3964032924951,326.4322981846461,420.40511195556843,276.56344351853227,240.43214776607212,235.9617808820411,273.4917996484886,251.66922946405666,307.3289155158096,320.30516541010337,266.4186236602028,273.56074302758674,292.2664674483916,277.55938428375356,270.7349175798817,268.27265345039643,275.64649749149316,260.3775970105064,277.3932139408233,283.3434353648525,230.5009664852895,306.47816020380327
Bosnian,285.5346717451743,318.27246494895974,329.7789832813085,312.414009631711,0,257.4731273825781,314.97582608748695,220.3909609132612,270.6587256450638,279.70549544677186,304.17800943569586,316.42710544633746,275.97890222369443,291.97863645570516,308.0810593627392,290.13652581840074,333.12830848383436,327.9960597193916,299.9701743830187,291.58928436500446,310.7664890733952,313.2709836633301,402.9784642032107,230.95759982326234,314.4980923724166,293.827012729395,283.5568050390304,291.8727803455927,337.1922342900688,286.18860560356495,291.84082346056937,292.82229733374214,245.56820273872648,183.07861045936517,312.41607457477295,238.56894392197543,246.21747355035149,295.0998831160887,306.8713448193559,243.2694019615579,298.6256252711498,327.6382185372574
Bulgarian,259.49084324604144,277.56673586432845,315.7052040505156,272.4901052771957,257.4731273825781,0,258.16518734848233,189.99456543230423,231.47945587038382,231.1504918575423,255.2317463682583,262.3464931037289,234.41931399733468,242.32640689514227,271.36210906420183,241.6218194361122,287.7134146068619,284.52503941789956,269.76471054908257,242.86790067494323,264.8485747989601,313.1044953690641,395.00248904835905,205.76926161581312,265.628977096472,275.81459051786095,254.5444054584015,247.4720891331246,297.4578372871282,270.6926301517319,243.9168760096784,256.3853367411825,241.9503441500707,219.0049134407013,269.07695386867465,216.82383058534512,232.33551642092584,237.5728436317511,262.1161873708739,231.90155009572757,251.19101253767877,274.3971625525808
Catalan,261.6785768631058,282.04484205670025,316.609790399027,271.33461433269616,314.97582608748695,258.16518734848233,0,257.2036849941183,284.5232829319074,240.35762244331562,261.22196946471513,265.615448913135,222.8589925249493,208.5801892278537,274.98496535684586,249.897573334179,282.5159631108481,284.4946664654115,275.09439511053506,237.7268894930859,254.20307187357278,324.65454753595117,407.5328173039725,269.92178655678043,259.77752511545066,281.5055447999521,250.34859952528097,249.78066145379455,306.00254806941183,315.07946172424766,218.7295864631479,241.87491967400837,287.3352388647969,274.02111202932343,278.4801053646577,256.74860081365557,268.6950209320291,205.69113734529384,262.99216529959824,277.72776949513633,262.78600128169404,294.6662649646663
Croatian,260.04467225661153,271.56597485754736,308.0333048764005,270.7544078085962,220.3909609132612,189.99456543230423,257.2036849941183,0,218.36240382364758,225.51277720549075,257.583041149369,264.85645757542636,227.45352203104645,239.9691313304948,271.8846634705592,237.21968756060542,288.124673355879,285.94329280350775,269.69426390511893,241.3253513261475,264.81693892161223,311.5733492037059,385.02209769338043,214.82477679415794,261.20643991851966,271.5625653034315,250.1636653185149,242.62302052621095,293.05973439527406,265.81476965025814,243.18349762807537,251.95761472962784,240.6453184088799,185.26884204427841,261.65060100480383,206.11613913285555,206.5651564722576,234.86120147653418,259.60078449762244,219.76412578367047,250.86303272568,275.42368737481456
Czech,275.6578326531689,295.71096232067487,336.1884182175922,292.2779663308963,270.6587256450638,231.47945587038382,284.5232829319074,218.36240382364758,0,241.93688418912663,274.38514775110224,285.2477281550675,244.45789944928072,262.6205686950791,290.206873980892,264.83404304188383,312.24897223936824,311.2600220782166,287.85529853599223,261.7979944260057,292.4439406941505,319.4700099770338,420.6759606366243,250.47614061495065,291.3964861704161,287.46746982292785,267.2793762919866,264.4579184097079,315.30048620922196,269.3193413190457,260.58996361330077,276.1683813770008,246.20242265366036,236.17642325773767,296.1446212590173,188.41052743626614,246.1766232705024,260.856129034573,281.19082111371097,234.48560451140136,270.3268100566373,297.27214957830597
Danish,216.3407869322683,263.47915023757395,298.864345441334,257.23415618363856,279.70549544677186,231.1504918575423,240.35762244331562,225.51277720549075,241.93688418912663,0,215.8305576935294,216.54167714092176,207.9527954795428,223.24008128924393,219.03294467228122,224.0269966861347,266.2877300137522,262.3188261411696,222.44314341697236,212.64090687565107,254.37182757643964,299.9125594509387,400.09273930701613,249.97281015105807,242.8459890144094,242.42500668330797,186.80962868463436,223.18869098381924,284.10655196567956,290.2754091373675,226.79669613144273,235.28465188659325,258.5974500864789,249.55406061720714,259.41709701744657,223.95465950635514,235.16145013821946,224.72567498904692,208.119528102108,249.09096240997732,234.16324731341584,256.49939342922596
Dutch,196.46882590444648,275.9260042622445,310.05212640072585,278.11698888066945,304.17800943569586,255.2317463682583,261.22196946471513,257.583041149369,274.38514775110224,215.8305576935294,0,239.86653445637677,238.3245003682403,246.9286878485706,222.5575870433532,245.00911760558708,284.24530357261807,286.0751773414246,246.63751428053158,237.63382370274678,280.422589663772,313.5264585040489,412.80176053610506,264.59821278912074,262.67405668757465,272.8190825389411,231.45188197495435,244.7520645979807,295.05671469540175,315.6625821998556,245.7192113678494,262.8592010382851,280.9280852656917,267.6198835494633,277.3137933443377,253.36345270901745,259.60224790596124,243.4013248856424,241.28848785669018,273.00315038866654,259.4347024770371,287.0965611719393
English,238.23717624293408,296.82139965041347,325.074176813558,282.74497656706967,316.42710544633746,262.3464931037289,265.615448913135,264.85645757542636,285.2477281550675,216.54167714092176,239.86653445637677,0,247.12053451483314,255.5018257641059,253.3063969043067,260.38685421330246,289.2903657718815,294.76319025757783,260.9775533224803,243.11914874042705,286.5195785506074,322.6734953845343,419.9188955917499,280.2654001075816,270.92445965421484,277.6837739886954,236.66122985007144,260.9680889187076,314.79985743449913,322.34219303841394,258.62730583589547,269.18360950304606,291.2692756555426,281.3285498768079,292.9122132049527,261.3353616723193,274.00772479650203,257.6340552212361,248.89356512698015,284.8796024864542,266.5979148999321,285.2789361186505
French,234.33159056540205,250.94885491450697,286.7123549957038,255.97018747439986,275.97890222369443,234.41931399733468,222.8589925249493,227.45352203104645,244.45789944928072,207.9527954795428,238.3245003682403,247.12053451483314,0,206.87387548437036,248.35334089416443,219.07983194696354,270.1759594075944,266.5137879689888,249.33073133458004,213.2928088617059,236.43084629035016,290.20945217022233,391.60939986191545,247.2377832321067,241.44335274048163,246.7854220004385,226.25122223572166,220.45475234458678,278.8464129882887,288.51961998052246,210.41929323797999,226.96309830821906,255.2645845266451,244.41933371401677,247.06777778899553,227.25821903583173,239.07272130946754,204.42493493839638,248.0508236812261,247.57207579637762,233.89033781710842,265.5192626602382
Galician,227.87510627845725,242.35692588925428,283.8061847099884,256.67408189053805,291.97863645570516,242.32640689514227,208.5801892278537,239.9691313304948,262.6205686950791,223.24008128924393,246.9286878485706,255.5018257641059,206.87387548437036,0,258.67124222761225,234.592865477874,269.23602608517956,273.1155556231889,239.42141198544607,209.48965801207,243.3768574460266,309.5701320550022,402.3434929175326,247.95888676716913,243.47840253012993,255.47119902270498,237.71169765688222,215.72424046691057,267.6350972060834,303.9057853603796,187.19592980604622,234.07216390787343,263.0375599600533,249.8770185928929,234.81289695842918,239.24555826115673,251.78219655816457,166.095149343127,242.54717371847198,253.63251749686324,242.17508717342378,278.0113666079385
German,238.55255928197312,290.2595154786245,315.4178098922413,285.4850708626596,308.0810593627392,271.36210906420183,274.98496535684586,271.8846634705592,290.206873980892,219.03294467228122,222.5575870433532,253.3063969043067,248.35334089416443,258.67124222761225,0,251.47286212847447,297.5551180288162,294.8163622612461,257.4086807530916,246.03749245291877,287.18118875313127,316.9256703347728,415.67881285290514,278.98778681022816,275.73274687816576,279.9100556080527,243.5728465278137,257.16964877878485,303.33738917379526,327.32182110830263,267.09980993202026,268.798576352636,292.84684631984305,277.61549809326175,289.4968268525638,266.1928431708712,272.1359839081096,260.02265695755307,249.44702580627646,285.5265141327393,268.8987240887836,297.2824281154648
Greek,249.6756016010435,259.0573622885856,284.5900899846224,258.9621321173688,290.13652581840074,241.6218194361122,249.897573334179,237.21968756060542,264.83404304188383,224.0269966861347,245.00911760558708,260.38685421330246,219.07983194696354,234.592865477874,251.47286212847447,0,274.6100855673178,264.5533400545386,252.3854587279428,227.13672148888728,254.80215474093507,293.3285300653069,386.15237202792144,256.75456869861597,250.09450444627393,249.8574525502431,242.71997975832423,229.2412031123371,286.8577088921287,301.242466774277,236.48153643897405,238.12468895971648,266.7736365702167,258.87241516943806,246.66411656903733,242.0005209020504,254.83012609081507,222.45498398920458,254.7771910129211,255.8521841976888,240.39303156307795,266.3009795695565
Gujarati,279.963036888049,303.39883127770577,342.3846347686778,251.38194499413513,333.12830848383436,287.7134146068619,282.5159631108481,288.124673355879,312.24897223936824,266.2877300137522,284.24530357261807,289.2903657718815,270.1759594075944,269.23602608517956,297.5551180288162,274.6100855673178,0,226.4768964792621,299.7511623584293,267.60587991111083,312.9726031756087,347.2468068618399,435.182777740351,292.3624099759994,198.93505269675148,261.0067398715624,283.2840045973427,260.1334902633649,325.3906676699641,342.35412036393024,286.5004869271012,286.62327388002285,312.987165173388,296.13594485161144,290.8965200022441,286.23975116628657,291.90695015649726,271.44428104895286,290.6616271074982,303.8067054471931,242.0125133021572,325.54020208352216
Hindi,283.9063023345996,304.5833280792576,339.04932293379716,249.7440125212899,327.9960597193916,284.52503941789956,284.4946664654115,285.94329280350775,311.2600220782166,262.3188261411696,286.0751773414246,294.76319025757783,266.5137879689888,273.1155556231889,294.8163622612461,264.5533400545386,226.4768964792621,0,301.30532859060946,266.4884618886578,306.63263146787415,346.4245116422053,437.0992837101643,291.22222888023134,222.63486994560355,249.13455023684577,279.4054561468156,257.34311877195046,320.86412789243127,338.99214687061436,287.43676652254953,275.6742677626058,312.8142609803968,296.4897295784438,283.91272212809037,283.56497064008147,292.49273484882355,271.80934712521207,288.41574674370275,301.417915206694,210.72757385615017,319.7227047731639
Icelandic,224.9691153713516,278.0804576999637,286.33300895312095,286.1276326576244,299.9701743830187,269.76471054908257,275.09439511053506,269.69426390511893,287.85529853599223,222.44314341697236,246.63751428053158,260.9775533224803,249.33073133458004,239.42141198544607,257.4086807530916,252.3854587279428,299.7511623584293,301.30532859060946,0,241.91618832869173,288.1475036504511,304.73631514588305,397.4637607245786,268.82072657808044,278.10659087012056,282.3238137608132,229.15309693727517,244.3749702393574,286.64441377566897,324.2109011255985,261.62356988749445,269.29582838789094,274.58755412281425,267.41821428820896,265.0403999758453,264.2598087920244,275.25224114476646,259.38626973284164,238.49005186084494,270.0262460785145,269.9215064450128,293.21933793620883
Irish,221.8621811224359,246.80733186386604,278.71728674446155,254.3926864429541,291.58928436500446,242.86790067494323,237.7268894930859,241.3253513261475,261.7979944260057,212.64090687565107,237.63382370274678,243.11914874042705,213.2928088617059,209.48965801207,246.03749245291877,227.13672148888728,267.60587991111083,266.4884618886578,241.91618832869173,0,270.61840291237587,302.6608375652346,401.9952278941494,246.80776825489863,239.32840179223587,251.1592038058835,233.0053659224568,206.72394839867843,273.1327122379035,301.4613548465771,222.75590254996985,242.52271454339683,261.69305017422215,254.2867491419691,235.6890973447791,233.56763831318239,243.957854599486,214.2650541819481,239.32854748086413,254.40042508838758,234.48269629641786,263.6426513147729
Italian,283.4501336965462,298.87279400920374,328.1982796640073,293.3964032924951,310.7664890733952,264.8485747989601,254.20307187357278,264.81693892161223,292.4439406941505,254.37182757643964,280.422589663772,286.5195785506074,236.43084629035016,243.3768574460266,287.18118875313127,254.80215474093507,312.9726031756087,306.63263146787415,288.1475036504511,270.61840291237587,0,338.8277912803496,424.2380470722166,283.01694767632694,288.41345574715274,279.1798594154043,275.9431027625325,270.42444207123054,321.4370604723339,325.09275640432764,250.20801828206143,240.62563114155498,294.8495386218315,283.0613357718865,293.6104357108166,271.51638978015643,282.7903508263915,234.92879210811878,285.17835797582967,286.27442227942726,280.76437301640226,282.292484029722
Latvian,298.31735821275305,328.30080059298695,341.1373512444243,326.4322981846461,313.2709836633301,313.1044953690641,324.65454753595117,311.5733492037059,319.4700099770338,299.9125594509387,313.5264585040489,322.6734953845343,290.20945217022233,309.5701320550022,316.9256703347728,293.3285300653069,347.2468068618399,346.4245116422053,304.73631514588305,302.6608375652346,338.8277912803496,0,358.68664032426307,309.4397553138982,325.9376017963994,325.35230648970395,295.63734821336743,306.3304637574923,358.0793401526954,329.3668474578465,309.7270304309064,313.5091399494855,297.68083820313115,296.68607829680064,327.6476648578283,289.5086704479252,305.2669190115172,321.9122143680593,319.1611505471063,309.7997135842522,312.4414794879115,342.63433170874924
Lithuanian,405.0099366330302,422.34991826098576,437.1695526059826,420.40511195556843,402.9784642032107,395.00248904835905,407.5328173039725,385.02209769338043,420.6759606366243,400.09273930701613,412.80176053610506,419.9188955917499,391.60939986191545,402.3434929175326,415.67881285290514,386.15237202792144,435.182777740351,437.0992837101643,397.4637607245786,401.9952278941494,424.2380470722166,358.68664032426307,0,394.8312889323462,419.8670928960602,421.37938400258366,390.30024984179516,399.5022019728976,437.5848286210039,422.87724457890613,416.1496110063666,402.77807814561197,393.88924169124857,375.1066484639859,410.3689349255474,392.73904567433163,391.37269756243563,403.8996285229257,404.70666076230077,389.8739465503927,410.69115770868194,434.77114991831667
Macedonian,260.1706739258134,282.361129733309,314.44507677253347,276.56344351853227,230.95759982326234,205.76926161581312,269.92178655678043,214.82477679415794,250.47614061495065,249.97281015105807,264.59821278912074,280.2654001075816,247.2377832321067,247.95888676716913,278.98778681022816,256.75456869861597,292.3624099759994,291.22222888023134,268.82072657808044,246.80776825489863,283.01694767632694,309.4397553138982,394.8312889323462,0,270.93116793312646,281.0327551238107,265.42214962647137,248.8411958536977,302.22356716220537,275.94429745323924,253.2776301792603,267.33752705850196,227.8564556825089,187.6887869772906,275.3761078855105,223.7708357255932,239.16133145059808,248.70446564278947,270.5955787445444,218.66054471992533,260.103556368471,297.102901481124
Marathi,258.7710115119295,275.37339842980185,316.411717387141,240.43214776607212,314.4980923724166,265.628977096472,259.77752511545066,261.20643991851966,291.3964861704161,242.8459890144094,262.67405668757465,270.92445965421484,241.44335274048163,243.47840253012993,275.73274687816576,250.09450444627393,198.93505269675148,222.63486994560355,278.10659087012056,239.32840179223587,288.41345574715274,325.9376017963994,419.8670928960602,270.93116793312646,0,249.67032794968273,258.98520442490843,235.85772774627597,306.2142251798029,321.64748274434186,259.43191773587745,263.38824064541785,286.99654585718923,275.3148583732234,264.94908206837454,260.34885540965365,267.96253763662884,243.22428396469283,268.465743809096,279.862663452328,228.89798501794604,299.34229458152464
Nepali,259.04530898999553,275.6735954719797,315.62683757770304,235.9617808820411,293.827012729395,275.81459051786095,281.5055447999521,271.5625653034315,287.46746982292785,242.42500668330797,272.8190825389411,277.6837739886954,246.7854220004385,255.47119902270498,279.9100556080527,249.8574525502431,261.0067398715624,249.13455023684577,282.3238137608132,251.1592038058835,279.1798594154043,325.35230648970395,421.37938400258366,281.0327551238107,249.67032794968273,0,265.5297551655343,242.44812614058728,307.00902188399516,324.5721667758056,266.150858641636,263.02498565412685,294.1281271389844,280.02290178582626,262.6865909005951,259.1574880828696,272.0654842129245,259.38804110013973,273.2190820042273,288.0313864920989,226.88288127340846,291.2782143088531
Norwegian,222.20776320278188,271.13306470349585,294.9361981515677,273.4917996484886,283.5568050390304,254.5444054584015,250.34859952528097,250.1636653185149,267.2793762919866,186.80962868463436,231.45188197495435,236.66122985007144,226.25122223572166,237.71169765688222,243.5728465278137,242.71997975832423,283.2840045973427,279.4054561468156,229.15309693727517,233.0053659224568,275.9431027625325,295.63734821336743,390.30024984179516,265.42214962647137,258.98520442490843,265.5297551655343,0,247.63315739373817,297.05319988874095,301.1080719433304,242.3972372069312,249.80736163432138,270.60359921677366,260.8040221102901,269.31937932775844,243.0714435533861,249.27483616856557,238.82346821058562,196.98877143062333,266.35414347848973,250.42027694113344,294.38113478854626
Pashto,223.9460614806474,242.76265920233632,273.2441366424236,251.66922946405666,291.8727803455927,247.4720891331246,249.78066145379455,242.62302052621095,264.4579184097079,223.18869098381924,244.7520645979807,260.9680889187076,220.45475234458678,215.72424046691057,257.16964877878485,229.2412031123371,260.1334902633649,257.34311877195046,244.3749702393574,206.72394839867843,270.42444207123054,306.3304637574923,399.5022019728976,248.8411958536977,235.85772774627597,242.44812614058728,247.63315739373817,0,249.33896459718457,306.5125039696284,236.517662232284,247.03126774351637,263.8107371988888,252.30594606198224,229.71060107424114,242.7307308570215,248.62534313354683,226.27518132072709,250.80049405988908,255.67681467064733,225.0209149933101,275.140009300489
Persian,280.19323315925647,295.517133584001,317.81165014896783,307.3289155158096,337.1922342900688,297.4578372871282,306.00254806941183,293.05973439527406,315.30048620922196,284.10655196567956,295.05671469540175,314.79985743449913,278.8464129882887,267.6350972060834,303.33738917379526,286.8577088921287,325.3906676699641,320.86412789243127,286.64441377566897,273.1327122379035,321.4370604723339,358.0793401526954,437.5848286210039,302.22356716220537,306.2142251798029,307.00902188399516,297.05319988874095,249.33896459718457,0,353.8173253318999,292.89870814354185,300.2967790359656,315.478016341487,299.2312172123607,288.1321924135056,296.471612441859,305.37754916457044,287.8559045466005,296.43090606614714,299.9406279650127,280.412262707799,328.4639777527306
Polish,311.3493754516433,333.1918479617034,363.00914675216023,320.30516541010337,286.18860560356495,270.6926301517319,315.07946172424766,265.81476965025814,269.3193413190457,290.2754091373675,315.6625821998556,322.34219303841394,288.51961998052246,303.9057853603796,327.32182110830263,301.242466774277,342.35412036393024,338.99214687061436,324.2109011255985,301.4613548465771,325.09275640432764,329.3668474578465,422.87724457890613,275.94429745323924,321.64748274434186,324.5721667758056,301.1080719433304,306.5125039696284,353.8173253318999,0,295.74758259464676,307.634536144325,271.91854494528553,263.5616094627191,328.6040675431565,235.33643990716197,274.42275926126956,299.97241692437603,314.50139554333,266.22571849496853,307.71751134707745,336.5188427819745
Portuguese,246.93599878235352,262.7653962721785,302.01700199783244,266.4186236602028,291.84082346056937,243.9168760096784,218.7295864631479,243.18349762807537,260.58996361330077,226.79669613144273,245.7192113678494,258.62730583589547,210.41929323797999,187.19592980604622,267.09980993202026,236.48153643897405,286.5004869271012,287.43676652254953,261.62356988749445,222.75590254996985,250.20801828206143,309.7270304309064,416.1496110063666,253.2776301792603,259.43191773587745,266.150858641636,242.3972372069312,236.517662232284,292.89870814354185,295.74758259464676,0,241.29594440948898,264.93393750624045,255.0202512808346,263.58283798173255,235.76496393522825,253.16522481826433,182.31185748831922,253.7222925451538,258.16301155781434,249.82531874441872,281.4147445939091
Romanian,261.2130637126434,277.5578251299072,305.1171801268293,273.56074302758674,292.82229733374214,256.3853367411825,241.87491967400837,251.95761472962784,276.1683813770008,235.28465188659325,262.8592010382851,269.18360950304606,226.96309830821906,234.07216390787343,268.798576352636,238.12468895971648,286.62327388002285,275.6742677626058,269.29582838789094,242.52271454339683,240.62563114155498,313.5091399494855,402.77807814561197,267.33752705850196,263.38824064541785,263.02498565412685,249.80736163432138,247.03126774351637,300.2967790359656,307.634536144325,241.29594440948898,0,278.9872053064348,266.7915772475933,270.7171465644586,252.58915526282576,264.7323886026065,232.61941872337601,260.64458285883495,271.09928821683144,256.70967220876736,282.30189822454275
Russian,267.67405653968996,292.5360946842307,317.9418550470557,292.2664674483916,245.56820273872648,241.9503441500707,287.3352388647969,240.6453184088799,246.20242265366036,258.5974500864789,280.9280852656917,291.2692756555426,255.2645845266451,263.0375599600533,292.84684631984305,266.7736365702167,312.987165173388,312.8142609803968,274.58755412281425,261.69305017422215,294.8495386218315,297.68083820313115,393.88924169124857,227.8564556825089,286.99654585718923,294.1281271389844,270.60359921677366,263.8107371988888,315.478016341487,271.91854494528553,264.93393750624045,278.9872053064348,0,217.4460884951672,286.62765035951657,220.43892486718008,253.43101810159044,267.9336330394129,282.720608469681,210.14100891613867,279.3555777691377,308.7803020080821
Serbian,258.61565357709463,282.98011539718493,308.9154070353043,277.55938428375356,183.07861045936517,219.0049134407013,274.02111202932343,185.26884204427841,236.17642325773767,249.55406061720714,267.6198835494633,281.3285498768079,244.41933371401677,249.8770185928929,277.61549809326175,258.87241516943806,296.13594485161144,296.4897295784438,267.41821428820896,254.2867491419691,283.0613357718865,296.68607829680064,375.1066484639859,187.6887869772906,275.3148583732234,280.02290178582626,260.8040221102901,252.30594606198224,299.2312172123607,263.5616094627191,255.0202512808346,266.7915772475933,217.4460884951672,0,277.2582301312487,211.58299703276623,213.5804822010022,253.9142095330358,270.42690092569285,208.8410476203736,264.26314940002106,298.36999243840927
Sinhala,254.26851821942725,243.55887311231834,288.6676521650149,270.7349175798817,312.41607457477295,269.07695386867465,278.4801053646577,261.65060100480383,296.1446212590173,259.41709701744657,277.3137933443377,292.9122132049527,247.06777778899553,234.81289695842918,289.4968268525638,246.66411656903733,290.8965200022441,283.91272212809037,265.0403999758453,235.6890973447791,293.6104357108166,327.6476648578283,410.3689349255474,275.3761078855105,264.94908206837454,262.6865909005951,269.31937932775844,229.71060107424114,288.1321924135056,328.6040675431565,263.58283798173255,270.7171465644586,286.62765035951657,277.2582301312487,0,268.84267438501564,284.77744928733506,248.23135060886716,272.58024670660865,277.87367410542817,254.27356142840333,304.7129358711926
Slovak,250.12423774832257,271.9575392411483,306.38650941519273,268.27265345039643,238.56894392197543,216.82383058534512,256.74860081365557,206.11613913285555,188.41052743626614,223.95465950635514,253.36345270901745,261.3353616723193,227.25821903583173,239.24555826115673,266.1928431708712,242.0005209020504,286.23975116628657,283.56497064008147,264.2598087920244,233.56763831318239,271.51638978015643,289.5086704479252,392.73904567433163,223.7708357255932,260.34885540965365,259.1574880828696,243.0714435533861,242.7307308570215,296.471612441859,235.33643990716197,235.76496393522825,252.58915526282576,220.43892486718008,211.58299703276623,268.84267438501564,0,217.7386521658939,237.52708871177254,257.1078834050459,219.12955758972657,248.43783073358344,276.13223063730044
Slovenian,255.13920995039632,283.70531982863776,316.2438620408455,275.64649749149316,246.21747355035149,232.33551642092584,268.6950209320291,206.5651564722576,246.1766232705024,235.16145013821946,259.60224790596124,274.00772479650203,239.07272130946754,251.78219655816457,272.1359839081096,254.83012609081507,291.90695015649726,292.49273484882355,275.25224114476646,243.957854599486,282.7903508263915,305.2669190115172,391.37269756243563,239.16133145059808,267.96253763662884,272.0654842129245,249.27483616856557,248.62534313354683,305.37754916457044,274.42275926126956,253.16522481826433,264.7323886026065,253.43101810159044,213.5804822010022,284.77744928733506,217.7386521658939,0,249.58692423687776,268.78536456166745,244.02587890839447,260.86820577457166,292.07928715314995
Spanish,247.59890492647867,257.63018719019647,302.027902920974,260.3775970105064,295.0998831160887,237.5728436317511,205.69113734529384,234.86120147653418,260.856129034573,224.72567498904692,243.4013248856424,257.6340552212361,204.42493493839638,166.095149343127,260.02265695755307,222.45498398920458,271.44428104895286,271.80934712521207,259.38626973284164,214.2650541819481,234.92879210811878,321.9122143680593,403.8996285229257,248.70446564278947,243.22428396469283,259.38804110013973,238.82346821058562,226.27518132072709,287.8559045466005,299.97241692437603,182.31185748831922,232.61941872337601,267.9336330394129,253.9142095330358,248.23135060886716,237.52708871177254,249.58692423687776,0,249.4383374698721,252.7632399483443,242.8407592831427,278.2332479901377
Swedish,238.4698353382071,281.17125456513315,312.84523749416036,277.3932139408233,306.8713448193559,262.1161873708739,262.99216529959824,259.60078449762244,281.19082111371097,208.119528102108,241.28848785669018,248.89356512698015,248.0508236812261,242.54717371847198,249.44702580627646,254.7771910129211,290.6616271074982,288.41574674370275,238.49005186084494,239.32854748086413,285.17835797582967,319.1611505471063,404.70666076230077,270.5955787445444,268.465743809096,273.2190820042273,196.98877143062333,250.80049405988908,296.43090606614714,314.50139554333,253.7222925451538,260.64458285883495,282.720608469681,270.42690092569285,272.58024670660865,257.1078834050459,268.78536456166745,249.4383374698721,0,274.59530135766585,258.5602494637492,290.35246206959783
Ukrainian,267.598478621281,285.84998540559513,316.5922783438071,283.3434353648525,243.2694019615579,231.90155009572757,277.72776949513633,219.76412578367047,234.48560451140136,249.09096240997732,273.00315038866654,284.8796024864542,247.57207579637762,253.63251749686324,285.5265141327393,255.8521841976888,303.8067054471931,301.417915206694,270.0262460785145,254.40042508838758,286.27442227942726,309.7997135842522,389.8739465503927,218.66054471992533,279.862663452328,288.0313864920989,266.35414347848973,255.67681467064733,299.9406279650127,266.22571849496853,258.16301155781434,271.09928821683144,210.14100891613867,208.8410476203736,277.87367410542817,219.12955758972657,244.02587890839447,252.7632399483443,274.59530135766585,0,270.84423096923496,295.47755837914355
Urdu,257.2854137867964,269.15008809545026,308.3727911340847,230.5009664852895,298.6256252711498,251.19101253767877,262.78600128169404,250.86303272568,270.3268100566373,234.16324731341584,259.4347024770371,266.5979148999321,233.89033781710842,242.17508717342378,268.8987240887836,240.39303156307795,242.0125133021572,210.72757385615017,269.9215064450128,234.48269629641786,280.76437301640226,312.4414794879115,410.69115770868194,260.103556368471,228.89798501794604,226.88288127340846,250.42027694113344,225.0209149933101,280.412262707799,307.71751134707745,249.82531874441872,256.70967220876736,279.3555777691377,264.26314940002106,254.27356142840333,248.43783073358344,260.86820577457166,242.8407592831427,258.5602494637492,270.84423096923496,0,285.6369041722508
Welsh,286.3066405842647,311.90124865755826,332.4821012313347,306.47816020380327,327.6382185372574,274.3971625525808,294.6662649646663,275.42368737481456,297.27214957830597,256.49939342922596,287.0965611719393,285.2789361186505,265.5192626602382,278.0113666079385,297.2824281154648,266.3009795695565,325.54020208352216,319.7227047731639,293.21933793620883,263.6426513147729,282.292484029722,342.63433170874924,434.77114991831667,297.102901481124,299.34229458152464,291.2782143088531,294.38113478854626,275.140009300489,328.4639777527306,336.5188427819745,281.4147445939091,282.30189822454275,308.7803020080821,298.36999243840927,304.7129358711926,276.13223063730044,292.07928715314995,278.2332479901377,290.35246206959783,295.47755837914355,285.6369041722508,0
