,Afrikaans,Albanian,Armenian,Bengali,Bosnian,Bulgarian,Catalan,Croatian,Czech,Danish,Dutch,English,French,Galician,German,Greek,Gujarati,Hindi,Icelandic,Irish,Italian,Latvian,Lithuanian,Macedonian,Marathi,Nepali,Norwegian,Pashto,Persian,Polish,Portuguese,Romanian,Russian,Serbian,Sinhala,Slovak,Slovenian,Spanish,Swedish,Ukrainian,Urdu,Welsh
Afrikaans,0,0.9442896878801681,0.8387868904392577,1.0525530858967012,0.8787922425816387,0.9624300523241558,1.0283068209961055,0.9210066395539162,0.899843639001679,0.8579410095983692,0.7830020090146348,0.8585500467495107,0.9747975959024128,0.9476891242199588,0.9692224378793926,1.0364655701439824,1.1126415254503395,1.0684302048600054,0.8382520872434734,0.9684204981042281,0.9778638455316858,0.950128588750264,0.8695914361331027,0.9423822680495261,1.0317925065842306,0.8955003534422984,0.8402495468124578,0.9881780122252528,0.9693395029462901,0.9826937540871088,0.9870042010657494,0.9831195848823469,0.96958088451841,0.9429921775628156,0.8640344262949585,0.9485638517809768,0.9762758417709134,0.9871973396604832,0.8717031866890114,0.9100043831276935,0.9734198658848678,0.874760146085512
Albanian,0.9442896878801681,0,0.8505920368005689,1.0073180320560942,0.9134924622538381,0.9510705094366309,1.0418228623589678,0.923937877705539,0.9325600505155262,0.938712132277196,0.9918953987394875,0.9931877773985256,0.9214909009392721,0.9254655921713176,1.0708125962483659,1.0282320827038582,1.1205572664299508,1.0408073670940137,0.9329201106742884,0.8844170402219473,0.9595459023301017,1.0512721831054574,0.9099216117199486,0.9583441726478031,1.007413921680499,0.8987963793042941,0.9443285510130867,0.9626230855384896,0.9227378858115238,0.9920200449967823,0.9823719438199343,0.9707992529514508,0.9996938846453105,0.9403484353210225,0.8476550241628795,0.9686882021997385,0.9595594374501115,0.935133099416065,0.9359776871782473,0.8965992778815348,0.9334224381706477,0.8855251274667109
Armenian,0.8387868904392577,0.8505920368005689,0,0.963198418754813,0.9149662704866929,0.8799982548074714,0.9641812232093536,0.8831056124341425,0.848813500955649,0.8667955463675182,0.931821584094049,0.9313787045321821,0.9000875502999228,0.8469146835172919,0.9552237701878538,0.8990960536210602,0.9992839647997622,0.9720373325567753,0.8364076717545688,0.8135771597627098,1.0177466710659184,0.9721673408724759,0.9020586379680328,0.8967405163345981,0.9093844111244461,0.9409616296585788,0.8380118873497228,0.8523657008835721,0.9006541586810818,1.0494012195565376,0.9519911991644011,0.9134287819718023,0.9254993743543481,0.9011502910945359,0.8585004022187197,0.8702806132200306,0.9288726467722529,0.9390854795243199,0.8500660437820026,0.8894836039263316,0.8926139809311032,0.9325822622788197
Bengali,1.0525530858967012,1.0073180320560942,0.963198418754813,0,0.9559986046976647,0.9745604893887836,1.063312309338632,0.9716806926125315,0.9594923031391973,1.039801456168375,1.0492737815005724,1.0695793510904033,0.9904689766318965,1.0141648568710528,1.116925750623283,1.0854464446105843,0.9870820715291785,0.8976273942836775,1.0305652131042533,1.045984718427991,0.9721499922309654,1.0821106016623505,0.9704446821512528,0.9977717073256926,0.8956980636794221,0.806627550110878,1.0492020254722094,1.028850621704667,1.0203266443280574,1.0187150016905733,1.0319038204166233,1.0322005887517545,1.0597126937697106,1.0100684155345994,0.8928395302946761,1.026051632525692,1.0292382392796449,0.9867325209582622,1.024713673042877,0.968282200435699,0.8922057746146215,0.9506357862487708
Bosnian,0.8787922425816387,0.9134924622538381,0.9149662704866929,0.9559986046976647,0,0.7889302591687996,0.931493766330822,0.7220116206744925,0.7725297126870682,0.9071241668054923,0.9900429041474275,0.9962152342145214,0.8899292192563663,0.8817298331647297,1.078349191030292,0.985684386080704,1.0278811864078927,1.0140197490752447,0.8849483452108969,0.9072970059277151,0.9838338927783062,0.9533645165510456,0.8745901507541608,0.713849441854501,0.9559900922492383,0.9593947637199836,0.85966693058494,0.9166579756869825,0.9405872330029149,0.8788951308932765,0.932357698842282,0.9377233082530639,0.7999323536950513,0.6039860180415428,0.9004711899564612,0.7697841450947768,0.8474596858394409,0.9434214165562673,0.8975508930536455,0.7727775956986952,0.9335388011965453,0.9578778139644846
Bulgarian,0.9624300523241558,0.9510705094366309,0.8799982548074714,0.9745604893887836,0.7889302591687996,0,0.9566986429860571,0.7251279829845703,0.787943363007138,0.9133578692012154,1.005448316040032,0.9638825457513417,0.9134433397774592,0.874660620067325,1.0856627658422349,0.9783828410392641,1.0613547351255213,1.0115569962632025,0.9709613977048188,0.9006379572282401,0.8737602112875826,1.0577930416936685,0.8917359890718333,0.7794268180632876,0.9802015489174687,0.8790010981280151,0.9569198606149473,0.9580879730327271,0.9474788437849281,0.9269295033524197,0.9585523506448864,0.9533795157260602,0.8984063157083801,0.8228529679823091,0.8341225661801194,0.8443554955591267,0.8432233535574536,0.8492265837133031,0.9459236338871923,0.8148197564023388,0.8928230052492464,0.7962350588485791
Catalan,1.0283068209961055,1.0418228623589678,0.9641812232093536,1.063312309338632,0.931493766330822,0.9566986429860571,0,0.8805517008337602,0.9118076759417674,1.0375204770112618,1.0554669653322952,1.0237500244602775,0.907702766193198,0.8525249787668088,1.1438611775734937,1.0659832715977076,1.1399285614336523,1.0964910415400952,1.0202132269228714,0.9816707539481244,0.8240569814828447,1.05090478108658,0.9132940220086768,0.9655539098953589,1.0484440050097168,0.9434630076966759,1.034558048475124,1.0316741881805103,1.0020097141483624,1.0143824152188945,0.8620908616987121,0.9234896276021317,1.0187897733372524,0.9769333213946281,0.9110688959077684,0.9689138445510834,1.010767500872516,0.8107182188544199,1.0153507840072962,0.9579253864582707,1.0103318531717707,0.8872308934908866
Croatian,0.9210066395539162,0.923937877705539,0.8831056124341425,0.9716806926125315,0.7220116206744925,0.7251279829845703,0.8805517008337602,0,0.7515368895574659,0.8879754137836031,0.9796786017164226,0.9441575960335399,0.8896279249323947,0.8450187396793142,1.0784172561345708,0.9882848794580859,1.0423003461334162,1.0372398846442312,0.9392311443845385,0.8570393523342928,0.8656396436316943,1.0116005783896416,0.8755460677109849,0.7840961819301585,0.9607416218088656,0.8816907045695628,0.8959921399454006,0.9245721905810812,0.9265730631899881,0.8530036703831054,0.8927255003772049,0.9248111704825334,0.8596780666346998,0.7338676406112419,0.8231546294083981,0.7615791594007603,0.7912302352924088,0.849955062535971,0.9108805643846122,0.8173422851241615,0.8890767875069983,0.8212687118089808
Czech,0.899843639001679,0.9325600505155262,0.848813500955649,0.9594923031391973,0.7725297126870682,0.787943363007138,0.9118076759417674,0.7515368895574659,0,0.9104702390140879,0.965888237967506,0.9619486612045698,0.8927122887945234,0.8658308282209649,1.0595276005631244,0.9744742921284334,1.0189296339834806,1.0063332317191347,0.9054875672164536,0.9005765001109137,0.902907148946729,0.9352754636881643,0.8699799510495079,0.8170886642291687,0.9356448788046451,0.8773074493036362,0.8909828265164337,0.9217946921470264,0.9556031007901993,0.8562406241386382,0.9362441423851268,0.9107898958596129,0.836161090211903,0.7792233542375341,0.8324651918483353,0.6898716221458118,0.8214608475404043,0.8953860240959605,0.9102761691728173,0.783154895114263,0.8822731756342784,0.8566329451405466
Danish,0.8579410095983692,0.938712132277196,0.8667955463675182,1.039801456168375,0.9071241668054923,0.9133578692012154,1.0375204770112618,0.8879754137836031,0.9104702390140879,0,0.9169558489904296,0.8343408345935429,0.9733449301404029,0.9031510647824704,0.90067451894438,1.0098078365799972,1.1434859431394833,1.052759111166265,0.8100998958915495,0.888296323503168,0.9005650816582873,1.077434739983,0.9287366448943567,0.9670066586264406,1.0252463246516677,0.8614382340812081,0.7866086990796981,1.0094015831547973,0.9165840497977752,1.0196934278851957,0.9725942932915836,0.9761545642480262,1.0367020832871712,0.9497490949014902,0.8248429403668763,0.9727861281128521,0.9939730873069922,0.8973262357714262,0.8177630639210476,0.9378848480491513,0.9349325618058705,0.8038762953818556
Dutch,0.7830020090146348,0.9918953987394875,0.931821584094049,1.0492737815005724,0.9900429041474275,1.005448316040032,1.0554669653322952,0.9796786017164226,0.965888237967506,0.9169558489904296,0,0.8965265227993178,1.0285041839861002,1.0055334037031989,0.9125574507630219,1.0281208429643283,1.1280670612297778,1.0588435054953618,0.9084082805346831,1.0138975762546902,1.0029054622204552,1.0664099447979796,0.9330175883995289,1.0164109837096191,1.0447816424214333,0.9444630283073635,0.9066104151802072,1.0702178230831898,1.024498744471495,1.0437177830994941,1.0480005657766551,1.0287138548202412,1.0719070850439743,1.0201009227465343,0.9341063819130475,1.0264431249760806,1.0106255643011217,1.0143410214436601,0.9050768945275115,0.9868983670110826,0.9989985066225491,0.9218782476438058
English,0.8585500467495107,0.9931877773985256,0.9313787045321821,1.0695793510904033,0.9962152342145214,0.9638825457513417,1.0237500244602775,0.9441575960335399,0.9619486612045698,0.8343408345935429,0.8965265227993178,0,0.9814061117433206,0.946518929155859,0.9323827877781548,1.054282962170557,1.125527808049339,1.0795611612710931,0.9060448372466469,0.9046424474628105,0.9472585247255555,1.1361591072322783,0.9677589732161721,1.0198524260957633,1.044293647834454,0.9591046041595512,0.8376800850198466,1.0241334265497544,0.9997539022574574,1.0543160912443064,0.9776306637356349,1.0198372022206097,1.0593575064062755,1.0339115596285984,0.9281861365836418,0.9942324362474096,1.0237353855533835,0.957446690611784,0.8832124643113881,1.0015736938280542,0.9934862801623857,0.8798468143877763
French,0.9747975959024128,0.9214909009392721,0.9000875502999228,0.9904689766318965,0.8899292192563663,0.9134433397774592,0.907702766193198,0.8896279249323947,0.8927122887945234,0.9733449301404029,1.0285041839861002,0.9814061117433206,0,0.8593078258397301,1.1182510827024754,1.0068286108432312,1.084979604952344,1.0316882887089338,0.9597452470147514,0.9224477424964194,0.8459144088684305,1.0046371452835692,0.910835377651305,0.9354274499451382,0.974857036249906,0.8761687169450636,0.9411126253216423,0.9586221573706314,0.9654451793438411,0.9748095117657063,0.9011212262750333,0.9003265788265143,0.9803358987086409,0.9409168588217903,0.8603307628542832,0.9463336604248709,0.9562624650062431,0.8428982833440721,0.9681382589484826,0.9079586403393021,0.927146877882538,0.8663664921509034
Galician,0.9476891242199588,0.9254655921713176,0.8469146835172919,1.0141648568710528,0.8817298331647297,0.874660620067325,0.8525249787668088,0.8450187396793142,0.8658308282209649,0.9031510647824704,1.0055334037031989,0.946518929155859,0.8593078258397301,0,1.0706951905282889,1.0086807208339077,1.1227483989410196,1.0503218677501722,0.9273770751219246,0.8880780906919429,0.7824758786277748,1.0443809108944249,0.9031183058230664,0.9359513898025557,1.0316626518740561,0.8519870859754021,0.9506961939621296,0.957777218812228,0.9202246939860604,1.0296884394875208,0.7750266929943376,0.9031278496252363,0.9968035260770065,0.9241911480325439,0.8172470406614251,0.9262982731142622,0.9604474627762845,0.6706936860179563,0.9272412235035907,0.9042281628102592,0.919835862711797,0.7847008146408272
German,0.9692224378793926,1.0708125962483659,0.9552237701878538,1.116925750623283,1.078349191030292,1.0856627658422349,1.1438611775734937,1.0784172561345708,1.0595276005631244,0.90067451894438,0.9125574507630219,0.9323827877781548,1.1182510827024754,1.0706951905282889,0,1.047659670422332,1.2121069496203414,1.1234169522477893,0.9635161426968638,1.0171312327028097,1.0432739281493841,1.1701873626673094,0.9679819581056112,1.1253229805429852,1.1270485591819583,1.0124049803085362,0.9823416671613067,1.1076615146520465,1.040293316069276,1.1538663111414298,1.1536928324470062,1.1070914484431602,1.1705183631739897,1.135635303256935,0.9922153518375945,1.133368374935346,1.1064107384450288,1.0707350637857689,0.9199464269071431,1.079337552584112,1.0721264949454583,0.9481951007663034
Greek,1.0364655701439824,1.0282320827038582,0.8990960536210602,1.0854464446105843,0.985684386080704,0.9783828410392641,1.0659832715977076,0.9882848794580859,0.9744742921284334,1.0098078365799972,1.0281208429643283,1.054282962170557,1.0068286108432312,1.0086807208339077,1.047659670422332,0,1.124588913218462,1.072024450372457,0.9736440812319908,1.0131459824236586,1.0103415857723965,1.0568093419752904,0.8599521350374395,1.0294339221254036,1.05643639574938,0.9634172823670321,1.0406672164779673,1.0384516687650092,0.9944432935346498,1.0925052490193552,1.0476594851491632,0.9874102423827836,1.0858347454894344,1.0286567912824593,0.9594210091846969,1.0782744904480734,1.079929598927471,0.987965649231644,0.9887875688624168,0.988600369689498,1.0116545413575904,0.9072064132065475
Gujarati,1.1126415254503395,1.1205572664299508,0.9992839647997622,0.9870820715291785,1.0278811864078927,1.0613547351255213,1.1399285614336523,1.0423003461334162,1.0189296339834806,1.1434859431394833,1.1280670612297778,1.125527808049339,1.084979604952344,1.1227483989410196,1.2121069496203414,1.124588913218462,0,0.914735192916522,1.0911286720423807,1.1381437728726684,1.0914583238199198,1.1100394346913753,0.9714953817751014,1.045738580686039,0.8721301912805746,0.9356176085598281,1.128377162109621,1.105671088680481,1.1197018311323912,1.074570277240858,1.1157637193734498,1.1012323806748165,1.1040404836230322,1.0718409881291373,1.022053140859994,1.0728070559333285,1.1287780649536203,1.1152662650761065,1.0979247548902349,1.0243969734773792,0.9573912274195431,1.0272861422746697
Hindi,1.0684302048600054,1.0408073670940137,0.9720373325567753,0.8976273942836775,1.0140197490752447,1.0115569962632025,1.0964910415400952,1.0372398846442312,1.0063332317191347,1.052759111166265,1.0588435054953618,1.0795611612710931,1.0316882887089338,1.0503218677501722,1.1234169522477893,1.072024450372457,0.914735192916522,0,1.0459220597926062,1.0346955357558758,1.0392757768272505,1.154702577488137,0.9787226324650051,1.012203718544814,0.8770093651701022,0.826315185220026,1.0818157990999726,1.0310407964452528,1.0311488215572417,1.0655433193023522,1.06939609269359,1.0545706339468537,1.102803709618488,1.0555156997530595,0.9420392510536597,1.0537439485561535,1.091977854919451,1.0170650607003286,1.023027771255295,0.991514629365145,0.7691072222980847,1.0019880745289713
Icelandic,0.8382520872434734,0.9329201106742884,0.8364076717545688,1.0305652131042533,0.8849483452108969,0.9709613977048188,1.0202132269228714,0.9392311443845385,0.9054875672164536,0.8100998958915495,0.9084082805346831,0.9060448372466469,0.9597452470147514,0.9273770751219246,0.9635161426968638,0.9736440812319908,1.0911286720423807,1.0459220597926062,0,0.911735968372615,1.0045721319472731,0.9713191114967784,0.8458282407944488,0.9636502017399715,0.9983956397625978,0.9193394699109628,0.7927558399577164,0.964913275496401,0.927395080002496,1.0079850334028735,1.0012066045361716,0.9541503192506008,0.9704725160329883,0.9292340019752973,0.8778357794363875,0.9532404449509795,0.9869713024031758,0.9908166770975445,0.8163698292783759,0.9095070001971709,0.9636096408324373,0.8974938073310763
Irish,0.9684204981042281,0.8844170402219473,0.8135771597627098,1.045984718427991,0.9072970059277151,0.9006379572282401,0.9816707539481244,0.8570393523342928,0.9005765001109137,0.888296323503168,1.0138975762546902,0.9046424474628105,0.9224477424964194,0.8880780906919429,1.0171312327028097,1.0131459824236586,1.1381437728726684,1.0346955357558758,0.911735968372615,0,0.8946717721787377,1.043485577086448,0.896116488796575,0.9489275379187899,1.0207352593599657,0.8533333412309942,0.9502512709381995,0.9169866922536367,0.9041443680384449,1.0108499901068,0.9526290857727755,0.9474927456140895,1.0002344386830142,0.9646373019484252,0.7963587082775848,0.9469611542565902,0.9723194014801938,0.8554710837313354,0.9078457053454192,0.9087163171804131,0.9232761033751304,0.7881322969270523
Italian,0.9778638455316858,0.9595459023301017,1.0177466710659184,0.9721499922309654,0.9838338927783062,0.8737602112875826,0.8240569814828447,0.8656396436316943,0.902907148946729,0.9005650816582873,1.0029054622204552,0.9472585247255555,0.8459144088684305,0.7824758786277748,1.0432739281493841,1.0103415857723965,1.0914583238199198,1.0392757768272505,1.0045721319472731,0.8946717721787377,0,1.179074486667671,1.0143233799589941,0.9676520053404647,0.993490826489735,0.9187884550734844,0.9503852429670269,0.9604224262800624,0.9711479279902259,1.0325343532470883,0.8584712574750809,0.8898897399204365,1.0475123658572685,0.990756600547148,0.8797340782799093,0.9309080298180044,0.9163928848735634,0.7432583868502388,0.9197775969346215,0.9595490109593909,0.9213557206358378,0.8334098448743108
Latvian,0.950128588750264,1.0512721831054574,0.9721673408724759,1.0821106016623505,0.9533645165510456,1.0577930416936685,1.05090478108658,1.0116005783896416,0.9352754636881643,1.077434739983,1.0664099447979796,1.1361591072322783,1.0046371452835692,1.0443809108944249,1.1701873626673094,1.0568093419752904,1.1100394346913753,1.154702577488137,0.9713191114967784,1.043485577086448,1.179074486667671,0,0.8309651664149798,0.9963111392424382,1.0262965873167156,1.1242671060598786,0.9763995857146028,1.0315095396698302,1.1065681752272991,1.0457624766163558,1.0574995493488533,1.0162883317507363,0.9325775956361415,0.9624818083727114,1.047227393627722,0.9579781699500063,1.0215684698469174,1.1660441548464489,1.0058615144904128,0.9809232518017997,1.0767407051815088,1.0867798975418852
Lithuanian,0.8695914361331027,0.9099216117199486,0.9020586379680328,0.9704446821512528,0.8745901507541608,0.8917359890718333,0.9132940220086768,0.8755460677109849,0.8699799510495079,0.9287366448943567,0.9330175883995289,0.9677589732161721,0.910835377651305,0.9031183058230664,0.9679819581056112,0.8599521350374395,0.9714953817751014,0.9787226324650051,0.8458282407944488,0.896116488796575,1.0143233799589941,0.8309651664149798,0,0.8711921270084058,0.9294702652571895,0.9701049666035396,0.8827246287904083,0.8815888931706574,0.9699667030671655,1.012310787327866,0.9376654593295348,0.8963642437060677,0.8868890102093231,0.855792052309096,0.9192162827040359,0.8822471566926925,0.9312248286563386,0.9498999397896133,0.8681036763236815,0.8597525113168344,0.9415716361203901,0.9885884858498248
Macedonian,0.9423822680495261,0.9583441726478031,0.8967405163345981,0.9977717073256926,0.713849441854501,0.7794268180632876,0.9655539098953589,0.7840961819301585,0.8170886642291687,0.9670066586264406,1.0164109837096191,1.0198524260957633,0.9354274499451382,0.9359513898025557,1.1253229805429852,1.0294339221254036,1.045738580686039,1.012203718544814,0.9636502017399715,0.9489275379187899,0.9676520053404647,0.9963111392424382,0.8711921270084058,0,0.9818304961566374,0.9261227545372132,0.9467363991855916,0.9884306800015104,0.9804467799806124,0.8844190400304217,0.9744632935412346,0.9649473152513739,0.8358707589383677,0.7119850204993331,0.8864930764382063,0.8267954764859295,0.8677657023445026,0.944101523569888,0.9687321801218343,0.7776170910079762,0.9338502823847118,0.9317273439389547
Marathi,1.0317925065842306,1.007413921680499,0.9093844111244461,0.8956980636794221,0.9559900922492383,0.9802015489174687,1.0484440050097168,0.9607416218088656,0.9356448788046451,1.0252463246516677,1.0447816424214333,1.044293647834454,0.974857036249906,1.0316626518740561,1.1270485591819583,1.05643639574938,0.8721301912805746,0.8770093651701022,0.9983956397625978,1.0207352593599657,0.993490826489735,1.0262965873167156,0.9294702652571895,0.9818304961566374,0,0.8430594922559584,1.024494505869997,1.0000493455126374,1.0323307156589299,0.978896109361614,1.004696776023051,1.0128673813127484,1.0008069922790546,0.9822761815578777,0.8810028308700085,0.9784877082151797,1.0545434070504371,1.003369886828413,0.9970181839624589,0.9663723999515362,0.8894223521246548,0.9227791091226546
Nepali,0.8955003534422984,0.8987963793042941,0.9409616296585788,0.806627550110878,0.9593947637199836,0.8790010981280151,0.9434630076966759,0.8816907045695628,0.8773074493036362,0.8614382340812081,0.9444630283073635,0.9591046041595512,0.8761687169450636,0.8519870859754021,1.0124049803085362,0.9634172823670321,0.9356176085598281,0.826315185220026,0.9193394699109628,0.8533333412309942,0.9187884550734844,1.1242671060598786,0.9701049666035396,0.9261227545372132,0.8430594922559584,0,0.9007325495638828,0.8854214501197332,0.9469936320830376,1.0014204163984526,0.9404425099987155,0.946375934555479,1.0236059774562902,0.9648743435864985,0.8020937868507753,0.9180803222272887,0.9451515929683058,0.8718814309950782,0.8928802568511077,0.9178439363522184,0.783767542994934,0.9151050592248362
Norwegian,0.8402495468124578,0.9443285510130867,0.8380118873497228,1.0492020254722094,0.85966693058494,0.9569198606149473,1.034558048475124,0.8959921399454006,0.8909828265164337,0.7866086990796981,0.9066104151802072,0.8376800850198466,0.9411126253216423,0.9506961939621296,0.9823416671613067,1.0406672164779673,1.128377162109621,1.0818157990999726,0.7927558399577164,0.9502512709381995,0.9503852429670269,0.9763995857146028,0.8827246287904083,0.9467363991855916,1.024494505869997,0.9007325495638828,0,1.0273084709251359,0.9516182199892139,0.9682404747969929,0.9437155219983523,0.9834782321232907,0.9574140934301331,0.9125369029284052,0.8525148415493692,0.9363311290366594,0.9860175151665396,0.9447326259970557,0.7684703234902078,0.9109987911428796,0.9774264563638748,0.8617696557449664
Pashto,0.9881780122252528,0.9626230855384896,0.8523657008835721,1.028850621704667,0.9166579756869825,0.9580879730327271,1.0316741881805103,0.9245721905810812,0.9217946921470264,1.0094015831547973,1.0702178230831898,1.0241334265497544,0.9586221573706314,0.957777218812228,1.1076615146520465,1.0384516687650092,1.105671088680481,1.0310407964452528,0.964913275496401,0.9169866922536367,0.9604224262800624,1.0315095396698302,0.8815888931706574,0.9884306800015104,1.0000493455126374,0.8854214501197332,1.0273084709251359,0,0.8762946271500175,1.0320921019666176,0.9879748484695603,0.9759175341951795,1.0154445726233288,0.9786494089644052,0.8488489241556232,0.9893714255790896,1.0289355841118326,0.9609369536341497,0.9768237648777036,0.9361510631980612,0.9117598526343533,0.8689958094426451
Persian,0.9693395029462901,0.9227378858115238,0.9006541586810818,1.0203266443280574,0.9405872330029149,0.9474788437849281,1.0020097141483624,0.9265730631899881,0.9556031007901993,0.9165840497977752,1.024498744471495,0.9997539022574574,0.9654451793438411,0.9202246939860604,1.040293316069276,0.9944432935346498,1.1197018311323912,1.0311488215572417,0.927395080002496,0.9041443680384449,0.9711479279902259,1.1065681752272991,0.9699667030671655,0.9804467799806124,1.0323307156589299,0.9469936320830376,0.9516182199892139,0.8762946271500175,0,1.0746366814933692,1.0170830021714843,0.9752236262425167,1.0393130249475198,0.9729464115452432,0.8988679601989809,0.9757988471003726,0.9730453488689366,0.9496639071795198,0.953804520489929,0.9476416223678962,0.9055324374671748,0.9136267117938265
Polish,0.9826937540871088,0.9920200449967823,1.0494012195565376,1.0187150016905733,0.8788951308932765,0.9269295033524197,1.0143824152188945,0.8530036703831054,0.8562406241386382,1.0196934278851957,1.0437177830994941,1.0543160912443064,0.9748095117657063,1.0296884394875208,1.1538663111414298,1.0925052490193552,1.074570277240858,1.0655433193023522,1.0079850334028735,1.0108499901068,1.0325343532470883,1.0457624766163558,1.012310787327866,0.8844190400304217,0.978896109361614,1.0014204163984526,0.9682404747969929,1.0320921019666176,1.0746366814933692,0,1.003805530204492,1.008544964642451,0.8808156797022404,0.864734726065274,1.0077741076275288,0.7975304546311791,0.9081825250826667,1.0404178809589892,0.9811564678697622,0.8424638528179708,1.0165614872012512,1.0275969081542367
Portuguese,0.9870042010657494,0.9823719438199343,0.9519911991644011,1.0319038204166233,0.932357698842282,0.9585523506448864,0.8620908616987121,0.8927255003772049,0.9362441423851268,0.9725942932915836,1.0480005657766551,0.9776306637356349,0.9011212262750333,0.7750266929943376,1.1536928324470062,1.0476594851491632,1.1157637193734498,1.06939609269359,1.0012066045361716,0.9526290857727755,0.8584712574750809,1.0574995493488533,0.9376654593295348,0.9744632935412346,1.004696776023051,0.9404425099987155,0.9437155219983523,0.9879748484695603,1.0170830021714843,1.003805530204492,0,0.9214429985815438,0.981143342168159,0.9726207289423886,0.9022425954348919,0.9381158916695633,0.9723331925661959,0.7838649202417384,0.9703279227286479,0.9439202777419605,0.97167638439857,0.8787500481491789
Romanian,0.9831195848823469,0.9707992529514508,0.9134287819718023,1.0322005887517545,0.9377233082530639,0.9533795157260602,0.9234896276021317,0.9248111704825334,0.9107898958596129,0.9761545642480262,1.0287138548202412,1.0198372022206097,0.9003265788265143,0.9031278496252363,1.1070914484431602,0.9874102423827836,1.1012323806748165,1.0545706339468537,0.9541503192506008,0.9474927456140895,0.8898897399204365,1.0162883317507363,0.8963642437060677,0.9649473152513739,1.0128673813127484,0.946375934555479,0.9834782321232907,0.9759175341951795,0.9752236262425167,1.008544964642451,0.9214429985815438,0,1.0004344792546611,0.9834247421287186,0.9172302314852235,0.9765987841200369,1.0089259476146952,0.9258661293519203,0.9776987171189594,0.9430874748434157,0.9738132452613892,0.8802012225276167
Russian,0.96958088451841,0.9996938846453105,0.9254993743543481,1.0597126937697106,0.7999323536950513,0.8984063157083801,1.0187897733372524,0.8596780666346998,0.836161090211903,1.0367020832871712,1.0719070850439743,1.0593575064062755,0.9803358987086409,0.9968035260770065,1.1705183631739897,1.0858347454894344,1.1040404836230322,1.102803709618488,0.9704725160329883,1.0002344386830142,1.0475123658572685,0.9325775956361415,0.8868890102093231,0.8358707589383677,1.0008069922790546,1.0236059774562902,0.9574140934301331,1.0154445726233288,1.0393130249475198,0.8808156797022404,0.981143342168159,1.0004344792546611,0,0.8039021817060731,0.9440716487100285,0.8120114427672055,0.9123378862789798,1.046500878138343,0.9850179420242944,0.7789330689230283,1.0131402171992163,0.9937143325216597
Serbian,0.9429921775628156,0.9403484353210225,0.9011502910945359,1.0100684155345994,0.6039860180415428,0.8228529679823091,0.9769333213946281,0.7338676406112419,0.7792233542375341,0.9497490949014902,1.0201009227465343,1.0339115596285984,0.9409168588217903,0.9241911480325439,1.135635303256935,1.0286567912824593,1.0718409881291373,1.0555156997530595,0.9292340019752973,0.9646373019484252,0.990756600547148,0.9624818083727114,0.855792052309096,0.7119850204993331,0.9822761815578777,0.9648743435864985,0.9125369029284052,0.9786494089644052,0.9729464115452432,0.864734726065274,0.9726207289423886,0.9834247421287186,0.8039021817060731,0,0.9134171378395893,0.7950053722142589,0.8584208077912009,0.9682176419407991,0.9446640364555113,0.7808929740313885,0.9599734181608388,0.934240562609714
Sinhala,0.8640344262949585,0.8476550241628795,0.8585004022187197,0.8928395302946761,0.9004711899564612,0.8341225661801194,0.9110688959077684,0.8231546294083981,0.8324651918483353,0.8248429403668763,0.9341063819130475,0.9281861365836418,0.8603307628542832,0.8172470406614251,0.9922153518375945,0.9594210091846969,1.022053140859994,0.9420392510536597,0.8778357794363875,0.7963587082775848,0.8797340782799093,1.047227393627722,0.9192162827040359,0.8864930764382063,0.8810028308700085,0.8020937868507753,0.8525148415493692,0.8488489241556232,0.8988679601989809,1.0077741076275288,0.9022425954348919,0.9172302314852235,0.9440716487100285,0.9134171378395893,0,0.8748224287094107,0.9048401378805774,0.8383619228541171,0.8588090177694401,0.8877475414038042,0.8278855297080514,0.8155901489067179
Slovak,0.9485638517809768,0.9686882021997385,0.8702806132200306,1.026051632525692,0.7697841450947768,0.8443554955591267,0.9689138445510834,0.7615791594007603,0.6898716221458118,0.9727861281128521,1.0264431249760806,0.9942324362474096,0.9463336604248709,0.9262982731142622,1.133368374935346,1.0782744904480734,1.0728070559333285,1.0537439485561535,0.9532404449509795,0.9469611542565902,0.9309080298180044,0.9579781699500063,0.8822471566926925,0.8267954764859295,0.9784877082151797,0.9180803222272887,0.9363311290366594,0.9893714255790896,0.9757988471003726,0.7975304546311791,0.9381158916695633,0.9765987841200369,0.8120114427672055,0.7950053722142589,0.8748224287094107,0,0.8649018166475942,0.9525703881828094,0.9563995288652164,0.8025877726939061,0.9429686011037545,0.884225428929285
Slovenian,0.9762758417709134,0.9595594374501115,0.9288726467722529,1.0292382392796449,0.8474596858394409,0.8432233535574536,1.010767500872516,0.7912302352924088,0.8214608475404043,0.9939730873069922,1.0106255643011217,1.0237353855533835,0.9562624650062431,0.9604474627762845,1.1064107384450288,1.079929598927471,1.1287780649536203,1.091977854919451,0.9869713024031758,0.9723194014801938,0.9163928848735634,1.0215684698469174,0.9312248286563386,0.8677657023445026,1.0545434070504371,0.9451515929683058,0.9860175151665396,1.0289355841118326,0.9730453488689366,0.9081825250826667,0.9723331925661959,1.0089259476146952,0.9123378862789798,0.8584208077912009,0.9048401378805774,0.8649018166475942,0,0.9438916024457192,1.0030091080973094,0.8805034899110143,0.9997406677306744,0.8730387432313464
Spanish,0.9871973396604832,0.935133099416065,0.9390854795243199,0.9867325209582622,0.9434214165562673,0.8492265837133031,0.8107182188544199,0.849955062535971,0.8953860240959605,0.8973262357714262,1.0143410214436601,0.957446690611784,0.8428982833440721,0.6706936860179563,1.0707350637857689,0.987965649231644,1.1152662650761065,1.0170650607003286,0.9908166770975445,0.8554710837313354,0.7432583868502388,1.1660441548464489,0.9498999397896133,0.944101523569888,1.003369886828413,0.8718814309950782,0.9447326259970557,0.9609369536341497,0.9496639071795198,1.0404178809589892,0.7838649202417384,0.9258661293519203,1.046500878138343,0.9682176419407991,0.8383619228541171,0.9525703881828094,0.9438916024457192,0,0.932290308642517,0.9179791043026855,0.9005680230762289,0.8067959456120866
Swedish,0.8717031866890114,0.9359776871782473,0.8500660437820026,1.024713673042877,0.8975508930536455,0.9459236338871923,1.0153507840072962,0.9108805643846122,0.9102761691728173,0.8177630639210476,0.9050768945275115,0.8832124643113881,0.9681382589484826,0.9272412235035907,0.9199464269071431,0.9887875688624168,1.0979247548902349,1.023027771255295,0.8163698292783759,0.9078457053454192,0.9197775969346215,1.0058615144904128,0.8681036763236815,0.9687321801218343,0.9970181839624589,0.8928802568511077,0.7684703234902078,0.9768237648777036,0.953804520489929,0.9811564678697622,0.9703279227286479,0.9776987171189594,0.9850179420242944,0.9446640364555113,0.8588090177694401,0.9563995288652164,1.0030091080973094,0.932290308642517,0,0.916727296600543,0.9425421969315247,0.8539233674692365
Ukrainian,0.9100043831276935,0.8965992778815348,0.8894836039263316,0.968282200435699,0.7727775956986952,0.8148197564023388,0.9579253864582707,0.8173422851241615,0.783154895114263,0.9378848480491513,0.9868983670110826,1.0015736938280542,0.9079586403393021,0.9042281628102592,1.079337552584112,0.988600369689498,1.0243969734773792,0.991514629365145,0.9095070001971709,0.9087163171804131,0.9595490109593909,0.9809232518017997,0.8597525113168344,0.7776170910079762,0.9663723999515362,0.9178439363522184,0.9109987911428796,0.9361510631980612,0.9476416223678962,0.8424638528179708,0.9439202777419605,0.9430874748434157,0.7789330689230283,0.7808929740313885,0.8877475414038042,0.8025877726939061,0.8805034899110143,0.9179791043026855,0.916727296600543,0,0.904677676923556,0.9077966363055507
Urdu,0.9734198658848678,0.9334224381706477,0.8926139809311032,0.8922057746146215,0.9335388011965453,0.8928230052492464,1.0103318531717707,0.8890767875069983,0.8822731756342784,0.9349325618058705,0.9989985066225491,0.9934862801623857,0.927146877882538,0.919835862711797,1.0721264949454583,1.0116545413575904,0.9573912274195431,0.7691072222980847,0.9636096408324373,0.9232761033751304,0.9213557206358378,1.0767407051815088,0.9415716361203901,0.9338502823847118,0.8894223521246548,0.783767542994934,0.9774264563638748,0.9117598526343533,0.9055324374671748,1.0165614872012512,0.97167638439857,0.9738132452613892,1.0131402171992163,0.9599734181608388,0.8278855297080514,0.9429686011037545,0.9997406677306744,0.9005680230762289,0.9425421969315247,0.904677676923556,0,0.8787087165565824
Welsh,0.874760146085512,0.8855251274667109,0.9325822622788197,0.9506357862487708,0.9578778139644846,0.7962350588485791,0.8872308934908866,0.8212687118089808,0.8566329451405466,0.8038762953818556,0.9218782476438058,0.8798468143877763,0.8663664921509034,0.7847008146408272,0.9481951007663034,0.9072064132065475,1.0272861422746697,1.0019880745289713,0.8974938073310763,0.7881322969270523,0.8334098448743108,1.0867798975418852,0.9885884858498248,0.9317273439389547,0.9227791091226546,0.9151050592248362,0.8617696557449664,0.8689958094426451,0.9136267117938265,1.0275969081542367,0.8787500481491789,0.8802012225276167,0.9937143325216597,0.934240562609714,0.8155901489067179,0.884225428929285,0.8730387432313464,0.8067959456120866,0.8539233674692365,0.9077966363055507,0.8787087165565824,0
