,Afrikaans,Albanian,Armenian,Bengali,Bosnian,Bulgarian,Catalan,Croatian,Czech,Danish,Dutch,English,French,Galician,German,Greek,Gujarati,Hindi,Icelandic,Irish,Italian,Latvian,Lithuanian,Macedonian,Marathi,Nepali,Norwegian,Pashto,Persian,Polish,Portuguese,Romanian,Russian,Serbian,Sinhala,Slovak,Slovenian,Spanish,Swedish,Ukrainian,Urdu,Welsh
Afrikaans,0,0.267538945785068,0.244830348139498,0.27468535537061384,0.25071376855657734,0.2713257446416304,0.27905870017968115,0.2673354406608254,0.2678970759481346,0.28011041921948515,0.22368430895991656,0.25641270124048776,0.28268173649008693,0.28052587782283234,0.2603423166103513,0.2756673391257488,0.2737382469929591,0.2715693186114386,0.25571112139383606,0.28994106544408965,0.2549263141654234,0.2540750313444688,0.23038494333806356,0.2651552812702009,0.2815815823165956,0.2584400757654955,0.2781683443932398,0.27628145349251915,0.2559619689181853,0.2533175012420657,0.268808015561497,0.2695704941170261,0.2611556318172803,0.2642131412101113,0.2604169088132217,0.2770205694868225,0.2771761946501883,0.27084808939869237,0.2615685586413552,0.2603545906318965,0.2719287718907461,0.24544238718427963
Albanian,0.267538945785068,0,0.23458408634584785,0.26433938249793787,0.23961845554686675,0.2585782574826734,0.2674289612392016,0.2547074983762998,0.25886506680922733,0.2783185295852322,0.26016410956764824,0.2574946795853345,0.2693100802589175,0.2665291519812408,0.2618466029168495,0.2643981185782321,0.2667072369231738,0.262699200967433,0.25658687704256655,0.27989027611132894,0.24225385396995183,0.2446561364068051,0.22383505608247656,0.25144055872883947,0.27012020854411095,0.2480804065204776,0.2772860903836573,0.2679253404284162,0.24686081888940617,0.2434924644942719,0.25682825295214423,0.2589162421497153,0.24979164992123912,0.2526811709519542,0.24587245755699635,0.2655317278026446,0.2661890324066899,0.25626431741031475,0.2616865488611501,0.24904988736985473,0.2608341180005689,0.23567548010268483
Armenian,0.244830348139498,0.23458408634584785,0,0.24184333178920284,0.22208223612786024,0.240688898312565,0.24538345815551604,0.23551246685165902,0.23695676259332524,0.2535372137144979,0.237146280671667,0.23579172456428352,0.24884480833141348,0.24547656178049934,0.2400411911893653,0.24190258473569215,0.24392557094947762,0.2403324373799289,0.2318247846568468,0.25533905278880137,0.22544978655365128,0.22290793482164,0.20334279971032074,0.23326567721000296,0.24801423739208128,0.2300260891674957,0.2523184949468858,0.24402965359305417,0.2226625690315554,0.22302948902703024,0.23625020541065936,0.23852758492922177,0.23068484395763433,0.23372232085197742,0.22738929088452095,0.24437201476735845,0.24613279123030365,0.23772313294923858,0.23795024475279367,0.22981636491662083,0.23901102532919935,0.21719576612148345
Bengali,0.27468535537061384,0.26433938249793787,0.24184333178920284,0,0.24738456872266446,0.26435209097534446,0.27129497046766754,0.2626675278393325,0.26207321484090085,0.28348260770507144,0.2634857992524026,0.26143584459082786,0.27467038156248724,0.27293766568803773,0.26506454145995534,0.26463720753913506,0.2515155274733991,0.24690070112129683,0.2610576957084709,0.2857865892979349,0.24647696567819055,0.25040531372216074,0.22574072577591314,0.25978422099825677,0.26007088408488915,0.23473343005868336,0.2805589886931237,0.2717885588666053,0.2502587302167355,0.24524662164110816,0.26048842181965104,0.26339957102201916,0.25669884714588015,0.2608344346329125,0.2513710870066477,0.27172925114329016,0.2709031599431531,0.26075705948991784,0.26351344225278317,0.2562042029536998,0.2460478024959936,0.24140338143169396
Bosnian,0.25071376855657734,0.23961845554686675,0.22208223612786024,0.24738456872266446,0,0.2237278670795431,0.2509259361124744,0.19737464006563094,0.2262817625460558,0.2594153904568208,0.24261156181784968,0.2425542144041128,0.25229867254475435,0.2507554345194518,0.2437171861657805,0.24757448412610084,0.24887310183023004,0.24621825452647567,0.23906703081443836,0.26421650341167446,0.22439739577566759,0.22457553120875276,0.20487879882921126,0.20366204545619884,0.25312432313168837,0.23422779718385986,0.2568929753176155,0.25231351644717315,0.2321255026742269,0.21376012700839933,0.24011939947564132,0.24178612093796284,0.2111727850617906,0.1805129379667668,0.23367372958217122,0.22843326719298238,0.23068668364864345,0.24014203379218899,0.2431790751923452,0.20940530888281944,0.2455224462029315,0.22256639586213006
Bulgarian,0.2713257446416304,0.2585782574826734,0.240688898312565,0.26435209097534446,0.2237278670795431,0,0.2684668375561883,0.2298943021139371,0.24399861739752207,0.2789325515944206,0.26211759608488916,0.2579330793454893,0.273009260068856,0.2680727131560775,0.2634837307072046,0.2643617970288404,0.26449141297582324,0.2619042962072898,0.2585958807954248,0.2836272123380322,0.24025242958782408,0.24595594976342824,0.22163109502140826,0.22797991353540614,0.2703581668861512,0.25021768037098646,0.27668446992643225,0.27125519829731304,0.2489908251269924,0.23332765720509163,0.25853522550135194,0.25989211242886423,0.23951271235972035,0.2346859252986421,0.25027970807064176,0.25046855908622906,0.2527282772844542,0.2558946907701084,0.2610446941233851,0.23908311778859015,0.2621951881816297,0.23767975452748202
Catalan,0.27905870017968115,0.2674289612392016,0.24538345815551604,0.27129497046766754,0.2509259361124744,0.2684668375561883,0,0.2654068637649753,0.2663180542270017,0.285588743693953,0.2667725115638202,0.26424644477366016,0.2733117272002386,0.26025568331767523,0.2685388319622069,0.26845554435526053,0.2717452674591787,0.2670552998084943,0.2650125541900167,0.2901638150692703,0.23796592279577178,0.25214964758147135,0.22809798567356745,0.262929166842315,0.27755816877533573,0.259115708009072,0.2812666398434945,0.2787302147829435,0.2572215325045223,0.2498840254891226,0.24929597950755764,0.25805046259381376,0.2603628694712925,0.26386396309273163,0.2600610824921464,0.27389220435284156,0.27293742889368416,0.24718724381863685,0.26497237347246066,0.26018969839284833,0.2688716103563709,0.24646929243943505
Croatian,0.2673354406608254,0.2547074983762998,0.23551246685165902,0.2626675278393325,0.19737464006563094,0.2298943021139371,0.2654068637649753,0,0.23867633538309355,0.2753604939609141,0.25792053529377784,0.25407167828146954,0.26821585738962433,0.2660715599070062,0.2589427483919648,0.26195341637995134,0.26074837734269163,0.2600566355119848,0.25514185227280006,0.2790133018623821,0.2372617194801457,0.2414700785748578,0.21757458259337814,0.2255183229102312,0.2651212537165511,0.2468685642561199,0.27295310723076754,0.26624899840025584,0.24623315875864268,0.22590992999604462,0.2564904983129887,0.25572118835805735,0.2320798194417543,0.2055856627836147,0.24824988058885045,0.24042325733755046,0.23702899674309852,0.254460492513959,0.25853010794155895,0.2287747447348725,0.26031812580455954,0.23570829428173615
Czech,0.2678970759481346,0.25886506680922733,0.23695676259332524,0.26207321484090085,0.2262817625460558,0.24399861739752207,0.2663180542270017,0.23867633538309355,0,0.2737262600136189,0.25910093679058255,0.2553642622494682,0.26986666880495913,0.26525588062009386,0.2597459570471385,0.2645611414200029,0.26417023390922845,0.2618340888249977,0.25507159388178474,0.27969911818927184,0.2406691786209446,0.24177168119669262,0.22186960682553025,0.24212626730004042,0.2698941648082008,0.2463026240447942,0.2721157272956945,0.2680312766821498,0.2457876945333757,0.2251877090473344,0.2571596280557214,0.2559115378806336,0.2359943372723762,0.23785657697385906,0.24836274169233644,0.23029923160047322,0.2525584028727024,0.2551308125947237,0.25897317098819134,0.23455699774298977,0.26114727592891573,0.23541560626304042
Danish,0.28011041921948515,0.2783185295852322,0.2535372137144979,0.28348260770507144,0.2594153904568208,0.2789325515944206,0.285588743693953,0.2753604939609141,0.2737262600136189,0,0.2695289617552973,0.26559453661134913,0.28857871090266973,0.2866794954817263,0.26918200480491267,0.2826256975886026,0.281615049063747,0.2795936290982376,0.26449726676538904,0.2973959143960151,0.25794114701629406,0.2646563920441856,0.23706912861740587,0.27271262504781296,0.288163719754282,0.2653173726806213,0.2745369627188591,0.2873187636030199,0.26413837052162653,0.25947123528163973,0.27521961088871444,0.27685259758933783,0.26955267497225477,0.2737103948329642,0.2682290342815237,0.2834720230460665,0.2836549327478032,0.27511439364578183,0.2657366109469135,0.2674272496890042,0.2783687722539368,0.25115279474820423
Dutch,0.22368430895991656,0.26016410956764824,0.237146280671667,0.2634857992524026,0.24261156181784968,0.26211759608488916,0.2667725115638202,0.25792053529377784,0.25910093679058255,0.2695289617552973,0,0.24692426595656314,0.27278037717908193,0.27198637049265234,0.24334965077442633,0.2650523472607878,0.2621419271332097,0.25891264309383144,0.2499182739766357,0.28007681787417205,0.24411216866048832,0.24554666515568324,0.2221112862477352,0.25643066012349275,0.26903782672550736,0.25100249276371084,0.26507961268804847,0.26947982751000543,0.24710267516204634,0.24344049808541215,0.25943051676895823,0.258532065031538,0.2528293414533314,0.2564038385874412,0.25378937805029345,0.2680278136052263,0.26653353211961495,0.26064567390088683,0.2482803479113464,0.2524496247504407,0.26223227002929145,0.23815456521177575
English,0.25641270124048776,0.2574946795853345,0.23579172456428352,0.26143584459082786,0.2425542144041128,0.2579330793454893,0.26424644477366016,0.25407167828146954,0.2553642622494682,0.26559453661134913,0.24692426595656314,0,0.26938689510957176,0.26814652423272317,0.2507875668963222,0.26356618512198027,0.2595255825932182,0.26035046777456355,0.2540249828669199,0.27214601334160204,0.24150548786917664,0.24180717057561754,0.22222454164463676,0.2550978564308689,0.26469972643172734,0.2467072305373613,0.2655586209736038,0.26637395921827267,0.2463315773602872,0.24250563369491174,0.2553205012527508,0.25756133259523967,0.25078483269409946,0.2529383934792697,0.25135266956155655,0.2608187478194078,0.26344048158849215,0.2560224298939472,0.25419199417704347,0.24889025907902532,0.2591940611295168,0.23311034052389204
French,0.28268173649008693,0.2693100802589175,0.24884480833141348,0.27467038156248724,0.25229867254475435,0.273009260068856,0.2733117272002386,0.26821585738962433,0.26986666880495913,0.28857871090266973,0.27278037717908193,0.26938689510957176,0,0.27650881635327823,0.27346646036147565,0.2767804930048855,0.27487934797011204,0.2729932001658279,0.2715672187724159,0.2931653452485161,0.24761951364700568,0.2574457302146954,0.2317065564414233,0.2670795101651248,0.2801065281927751,0.26057392486477143,0.2878471756638671,0.2820689521543336,0.26023396162575746,0.2545311377073349,0.2660601097583641,0.26917985244051823,0.2635602853599749,0.2669828660593649,0.26446832426493816,0.27785249088651603,0.27610513996036434,0.2636449615370097,0.2726300208236085,0.2617909032309147,0.273361578305263,0.24806977194548505
Galician,0.28052587782283234,0.2665291519812408,0.24547656178049934,0.27293766568803773,0.2507554345194518,0.2680727131560775,0.26025568331767523,0.2660715599070062,0.26525588062009386,0.2866794954817263,0.27198637049265234,0.26814652423272317,0.27650881635327823,0,0.27305800787131107,0.2740610636056935,0.27667518525209195,0.2727312193934887,0.2650485085300004,0.2907149609545297,0.23362374057572605,0.2553974296373342,0.23135304170035179,0.26382401928977245,0.2816339763281809,0.25773115321827933,0.28601131769429905,0.2787032242496961,0.2552703369512364,0.2535565465256724,0.2382611196341052,0.2636514320265288,0.2613419062693721,0.2639753626816539,0.25705890505436635,0.2749310003701325,0.2750113980239464,0.2229270688912711,0.26969310560738535,0.26007151411452023,0.27181652029795583,0.24367772195238246
German,0.2603423166103513,0.2618466029168495,0.2400411911893653,0.26506454145995534,0.2437171861657805,0.2634837307072046,0.2685388319622069,0.2589427483919648,0.2597459570471385,0.26918200480491267,0.24334965077442633,0.2507875668963222,0.27346646036147565,0.27305800787131107,0,0.26647996366047494,0.2644450193718876,0.26277124445493766,0.254211549431202,0.28289051497625584,0.2432206580038989,0.24650810753663166,0.2242540333173824,0.2593631802160132,0.27107794285557096,0.25173941410593426,0.27202162743146774,0.2727250341998117,0.24912294402868287,0.24495571808180283,0.26343134374755245,0.2610377747385938,0.2545958288877442,0.2576486079909465,0.25567415050986814,0.2667008222142711,0.26830652065792376,0.26147568410165417,0.25238361726020775,0.2524447315937471,0.26460162309731877,0.23957173665959103
Greek,0.2756673391257488,0.2643981185782321,0.24190258473569215,0.26463720753913506,0.24757448412610084,0.2643617970288404,0.26845554435526053,0.26195341637995134,0.2645611414200029,0.2826256975886026,0.2650523472607878,0.26356618512198027,0.2767804930048855,0.2740610636056935,0.26647996366047494,0,0.26524085498871264,0.261614866695507,0.26178092606838693,0.28651312126251227,0.2455354070645157,0.25025722201634354,0.22488125749004723,0.2606073092776455,0.2727678454301808,0.2513996230820686,0.28043864126449924,0.273125921152017,0.25337166545872125,0.24741838357080145,0.26319245831578364,0.26294427886134714,0.2577008238776078,0.261019041245091,0.2522844250998874,0.2714311662034628,0.2693231093438442,0.2603817016373032,0.262458047151403,0.25529359895916526,0.2628996612138928,0.24191726359443488
Gujarati,0.2737382469929591,0.2667072369231738,0.24392557094947762,0.2515155274733991,0.24887310183023004,0.26449141297582324,0.2717452674591787,0.26074837734269163,0.26417023390922845,0.281615049063747,0.2621419271332097,0.2595255825932182,0.27487934797011204,0.27667518525209195,0.2644450193718876,0.26524085498871264,0,0.2307852676735336,0.26392465403042437,0.2866839867518379,0.247521834406762,0.25125673535951876,0.22624890952126794,0.26277773435117424,0.23191787671490013,0.24094380694808587,0.281721243706709,0.27207013122875073,0.2530029155243288,0.24890962370768116,0.2652898910643057,0.264366800352505,0.25977555797729013,0.2614613820709933,0.2570867043562392,0.27260939820323454,0.26943574474415394,0.2634131682225396,0.2647017983965838,0.2575184630960248,0.24945483780065464,0.24246568328571422
Hindi,0.2715693186114386,0.262699200967433,0.2403324373799289,0.24690070112129683,0.24621825452647567,0.2619042962072898,0.2670552998084943,0.2600566355119848,0.2618340888249977,0.2795936290982376,0.25891264309383144,0.26035046777456355,0.2729932001658279,0.2727312193934887,0.26277124445493766,0.261614866695507,0.2307852676735336,0,0.25767193130007904,0.28271363045777037,0.2460905289669433,0.2482929017633786,0.22435346070338416,0.2581028948684629,0.24300872784276778,0.23661074700155932,0.2762196894200375,0.26749282554709897,0.24819079864254065,0.24668194518324207,0.2605776366477501,0.2600547555797649,0.2562836667394689,0.2602147016513256,0.2509486779886418,0.2691322409443255,0.2670747733865244,0.2587029131577006,0.25887647469731856,0.2560619161739586,0.22874443179991222,0.24117749757021376
Icelandic,0.25571112139383606,0.25658687704256655,0.2318247846568468,0.2610576957084709,0.23906703081443836,0.2585958807954248,0.2650125541900167,0.25514185227280006,0.25507159388178474,0.26449726676538904,0.2499182739766357,0.2540249828669199,0.2715672187724159,0.2650485085300004,0.254211549431202,0.26178092606838693,0.26392465403042437,0.25767193130007904,0,0.2786452368550991,0.242482971726768,0.2420556920634444,0.21969749649955617,0.25187498694450844,0.26868462919992186,0.24855776045481898,0.25981468400616364,0.2670710952017498,0.24237213485873146,0.24128432543018083,0.2553130741557118,0.2573730464924468,0.24843422888244543,0.25274695862724356,0.2444603399501905,0.2638072899980819,0.2661718219844561,0.2568392034788587,0.24313902847928284,0.2475553762669992,0.25777848396017844,0.23441650687221985
Irish,0.28994106544408965,0.27989027611132894,0.25533905278880137,0.2857865892979349,0.26421650341167446,0.2836272123380322,0.2901638150692703,0.2790133018623821,0.27969911818927184,0.2973959143960151,0.28007681787417205,0.27214601334160204,0.2931653452485161,0.2907149609545297,0.28289051497625584,0.28651312126251227,0.2866839867518379,0.28271363045777037,0.2786452368550991,0,0.2647601818367458,0.26661077288615664,0.23965916149751304,0.2762116820745216,0.2911279249667239,0.26866840192394814,0.29556716108195585,0.28847753359104233,0.2680208547830179,0.26333928025386455,0.2786139240738919,0.28127682902067247,0.2741556430233993,0.2784648071229084,0.2699766940832137,0.2881042426571676,0.2865421663935748,0.2786718611746882,0.2794573374473638,0.27355034619628277,0.2834885167729076,0.2509585269019009
Italian,0.2549263141654234,0.24225385396995183,0.22544978655365128,0.24647696567819055,0.22439739577566759,0.24025242958782408,0.23796592279577178,0.2372617194801457,0.2406691786209446,0.25794114701629406,0.24411216866048832,0.24150548786917664,0.24761951364700568,0.23362374057572605,0.2432206580038989,0.2455354070645157,0.247521834406762,0.2460905289669433,0.242482971726768,0.2647601818367458,0,0.23204435409471472,0.20982705509731345,0.23691662181939388,0.2526867614026897,0.23153658981867845,0.2582850132660747,0.25373135940937647,0.23445031694482707,0.22653434153325827,0.22883714943609268,0.23354567982620647,0.23542242783325415,0.23677531373773325,0.2359464900668136,0.2474939320558272,0.24732985271778263,0.22288454901401616,0.24220506331980962,0.23226792177969874,0.24578923268063127,0.21879638952857103
Latvian,0.2540750313444688,0.2446561364068051,0.22290793482164,0.25040531372216074,0.22457553120875276,0.24595594976342824,0.25214964758147135,0.2414700785748578,0.24177168119669262,0.2646563920441856,0.24554666515568324,0.24180717057561754,0.2574457302146954,0.2553974296373342,0.24650810753663166,0.25025722201634354,0.25125673535951876,0.2482929017633786,0.2420556920634444,0.26661077288615664,0.23204435409471472,0,0.19732411207331416,0.23762950894385096,0.25630062356528804,0.23899642924108158,0.2591809205402421,0.2572651087769182,0.2348860290995457,0.22548674256468942,0.24347707143804884,0.24702343095728263,0.23267280928413964,0.23683505309257138,0.23743854144170778,0.24788181351156136,0.24890151455539364,0.2453476752708085,0.24723942275990665,0.2340669435422022,0.2469093067785666,0.2253905215096261
Lithuanian,0.23038494333806356,0.22383505608247656,0.20334279971032074,0.22574072577591314,0.20487879882921126,0.22163109502140826,0.22809798567356745,0.21757458259337814,0.22186960682553025,0.23706912861740587,0.2221112862477352,0.22222454164463676,0.2317065564414233,0.23135304170035179,0.2242540333173824,0.22488125749004723,0.22624890952126794,0.22435346070338416,0.21969749649955617,0.23965916149751304,0.20982705509731345,0.19732411207331416,0,0.21671909376883397,0.23204916634862693,0.21523121607514584,0.23389598049816035,0.23194902827785369,0.21333260244164054,0.2060144380972888,0.22310100070514613,0.22130376129830442,0.21350649325559662,0.2159024565462611,0.21579012452564933,0.22765412443031555,0.2248602805405962,0.22073771012871155,0.22201363924951,0.2123954053668222,0.22433613633946134,0.2061959553711922
Macedonian,0.2651552812702009,0.25144055872883947,0.23326567721000296,0.25978422099825677,0.20366204545619884,0.22797991353540614,0.262929166842315,0.2255183229102312,0.24212626730004042,0.27271262504781296,0.25643066012349275,0.2550978564308689,0.2670795101651248,0.26382401928977245,0.2593631802160132,0.2606073092776455,0.26277773435117424,0.2581028948684629,0.25187498694450844,0.2762116820745216,0.23691662181939388,0.23762950894385096,0.21671909376883397,0,0.2665267038565793,0.24594898143736987,0.2697605229828313,0.2647851852990007,0.2437540978216637,0.2283095848075427,0.25311364155109956,0.2542898849745087,0.22394946968628326,0.2075691415369208,0.24396043561245653,0.2439782152338934,0.24667031380262672,0.25072348492760405,0.2555492402856932,0.22375511494016043,0.25586678456190176,0.23440243686062928
Marathi,0.2815815823165956,0.27012020854411095,0.24801423739208128,0.26007088408488915,0.25312432313168837,0.2703581668861512,0.27755816877533573,0.2651212537165511,0.2698941648082008,0.288163719754282,0.26903782672550736,0.26469972643172734,0.2801065281927751,0.2816339763281809,0.27107794285557096,0.2727678454301808,0.23191787671490013,0.24300872784276778,0.26868462919992186,0.2911279249667239,0.2526867614026897,0.25630062356528804,0.23204916634862693,0.2665267038565793,0,0.24996607021843537,0.28701092224524544,0.27788325995130125,0.2579926017504592,0.2536475504098645,0.2698100085291225,0.26832328034216374,0.2638588061839695,0.2660487355184352,0.2623240233924736,0.2763396178948716,0.2749656393644037,0.2679054857989769,0.27233006444832936,0.2617659648491543,0.25899658420441485,0.24774838038600625
Nepali,0.2584400757654955,0.2480804065204776,0.2300260891674957,0.23473343005868336,0.23422779718385986,0.25021768037098646,0.259115708009072,0.2468685642561199,0.2463026240447942,0.2653173726806213,0.25100249276371084,0.2467072305373613,0.26057392486477143,0.25773115321827933,0.25173941410593426,0.2513996230820686,0.24094380694808587,0.23661074700155932,0.24855776045481898,0.26866840192394814,0.23153658981867845,0.23899642924108158,0.21523121607514584,0.24594898143736987,0.24996607021843537,0,0.26728018825527483,0.25428298135313976,0.23665872899974819,0.23559517612721634,0.2483724938348134,0.24953568280948532,0.24425791009111905,0.24713534539435092,0.23622316450847972,0.25691335965519535,0.2556816459896766,0.24657303134487574,0.2506137526370807,0.24269036637786484,0.2347694743700166,0.22637056882948514
Norwegian,0.2781683443932398,0.2772860903836573,0.2523184949468858,0.2805589886931237,0.2568929753176155,0.27668446992643225,0.2812666398434945,0.27295310723076754,0.2721157272956945,0.2745369627188591,0.26507961268804847,0.2655586209736038,0.2878471756638671,0.28601131769429905,0.27202162743146774,0.28043864126449924,0.281721243706709,0.2762196894200375,0.25981468400616364,0.29556716108195585,0.2582850132660747,0.2591809205402421,0.23389598049816035,0.2697605229828313,0.28701092224524544,0.26728018825527483,0,0.2860694232772844,0.2637614612349656,0.2553653195773514,0.2742819507447133,0.2758394306553434,0.2667336886210968,0.27092653233863306,0.26516900019340084,0.28015594791890436,0.27842412717859205,0.27242998573943716,0.24707206668429876,0.26521737811595153,0.2757776241144592,0.2523184377074339
Pashto,0.27628145349251915,0.2679253404284162,0.24402965359305417,0.2717885588666053,0.25231351644717315,0.27125519829731304,0.2787302147829435,0.26624899840025584,0.2680312766821498,0.2873187636030199,0.26947982751000543,0.26637395921827267,0.2820689521543336,0.2787032242496961,0.2727250341998117,0.273125921152017,0.27207013122875073,0.26749282554709897,0.2670710952017498,0.28847753359104233,0.25373135940937647,0.2572651087769182,0.23194902827785369,0.2647851852990007,0.27788325995130125,0.25428298135313976,0.2860694232772844,0,0.24772801488990084,0.2539243509212413,0.2676474930424735,0.26879023044618067,0.2621146945428747,0.2644766348064611,0.25622901563016454,0.27739023595968126,0.27457276600891284,0.26664586030193077,0.27031401217205137,0.2606192809499298,0.26481528482582223,0.24494560261981613
Persian,0.2559619689181853,0.24686081888940617,0.2226625690315554,0.2502587302167355,0.2321255026742269,0.2489908251269924,0.2572215325045223,0.24623315875864268,0.2457876945333757,0.26413837052162653,0.24710267516204634,0.2463315773602872,0.26023396162575746,0.2552703369512364,0.24912294402868287,0.25337166545872125,0.2530029155243288,0.24819079864254065,0.24237213485873146,0.2680208547830179,0.23445031694482707,0.2348860290995457,0.21333260244164054,0.2437540978216637,0.2579926017504592,0.23665872899974819,0.2637614612349656,0.24772801488990084,0,0.2327260785248,0.24709390215575022,0.24863953677619957,0.24142473451564683,0.2447694692957202,0.2379062532257722,0.25379822590075196,0.25542315273447336,0.24737555160841368,0.24700068777755912,0.23983344503395196,0.24300804056955377,0.22645753110875727
Polish,0.2533175012420657,0.2434924644942719,0.22302948902703024,0.24524662164110816,0.21376012700839933,0.23332765720509163,0.2498840254891226,0.22590992999604462,0.2251877090473344,0.25947123528163973,0.24344049808541215,0.24250563369491174,0.2545311377073349,0.2535565465256724,0.24495571808180283,0.24741838357080145,0.24890962370768116,0.24668194518324207,0.24128432543018083,0.26333928025386455,0.22653434153325827,0.22548674256468942,0.2060144380972888,0.2283095848075427,0.2536475504098645,0.23559517612721634,0.2553653195773514,0.2539243509212413,0.2327260785248,0,0.2413154870148058,0.24171934828005362,0.22206609092596816,0.22563400262526728,0.2366242781990172,0.22897708153658594,0.23783948113501177,0.24240252383559635,0.24232944438457432,0.21919366696891615,0.24573699426763881,0.22415205423130014
Portuguese,0.268808015561497,0.25682825295214423,0.23625020541065936,0.26048842181965104,0.24011939947564132,0.25853522550135194,0.24929597950755764,0.2564904983129887,0.2571596280557214,0.27521961088871444,0.25943051676895823,0.2553205012527508,0.2660601097583641,0.2382611196341052,0.26343134374755245,0.26319245831578364,0.2652898910643057,0.2605776366477501,0.2553130741557118,0.2786139240738919,0.22883714943609268,0.24347707143804884,0.22310100070514613,0.25311364155109956,0.2698100085291225,0.2483724938348134,0.2742819507447133,0.2676474930424735,0.24709390215575022,0.2413154870148058,0,0.25201415688647316,0.2501276292891331,0.2540120860815682,0.24967315520385333,0.2638200790341158,0.2649888876426065,0.23028032338119478,0.25683897990265225,0.24935206808972302,0.25992352944271163,0.23488035746226457
Romanian,0.2695704941170261,0.2589162421497153,0.23852758492922177,0.26339957102201916,0.24178612093796284,0.25989211242886423,0.25805046259381376,0.25572118835805735,0.2559115378806336,0.27685259758933783,0.258532065031538,0.25756133259523967,0.26917985244051823,0.2636514320265288,0.2610377747385938,0.26294427886134714,0.264366800352505,0.2600547555797649,0.2573730464924468,0.28127682902067247,0.23354567982620647,0.24702343095728263,0.22130376129830442,0.2542898849745087,0.26832328034216374,0.24953568280948532,0.2758394306553434,0.26879023044618067,0.24863953677619957,0.24171934828005362,0.25201415688647316,0,0.2517989190051626,0.25512600240707317,0.25316796751603704,0.2647030898973102,0.2638061452782497,0.2514063124754935,0.26014206631085135,0.24995509876236005,0.26220739612421984,0.23692743021843454
Russian,0.2611556318172803,0.24979164992123912,0.23068484395763433,0.25669884714588015,0.2111727850617906,0.23951271235972035,0.2603628694712925,0.2320798194417543,0.2359943372723762,0.26955267497225477,0.2528293414533314,0.25078483269409946,0.2635602853599749,0.2613419062693721,0.2545958288877442,0.2577008238776078,0.25977555797729013,0.2562836667394689,0.24843422888244543,0.2741556430233993,0.23542242783325415,0.23267280928413964,0.21350649325559662,0.22394946968628326,0.2638588061839695,0.24425791009111905,0.2667336886210968,0.2621146945428747,0.24142473451564683,0.22206609092596816,0.2501276292891331,0.2517989190051626,0,0.22034683224280432,0.24263643025049708,0.23828466263982984,0.24814486277585474,0.24925736124022985,0.25270114081064726,0.20838733823213887,0.2558993276592574,0.23185891463595362
Serbian,0.2642131412101113,0.2526811709519542,0.23372232085197742,0.2608344346329125,0.1805129379667668,0.2346859252986421,0.26386396309273163,0.2055856627836147,0.23785657697385906,0.2737103948329642,0.2564038385874412,0.2529383934792697,0.2669828660593649,0.2639753626816539,0.2576486079909465,0.261019041245091,0.2614613820709933,0.2602147016513256,0.25274695862724356,0.2784648071229084,0.23677531373773325,0.23683505309257138,0.2159024565462611,0.2075691415369208,0.2660487355184352,0.24713534539435092,0.27092653233863306,0.2644766348064611,0.2447694692957202,0.22563400262526728,0.2540120860815682,0.25512600240707317,0.22034683224280432,0,0.24629682239256173,0.2376689680526107,0.23738647833087015,0.2524545010063017,0.25776400879522876,0.2198624241357978,0.2580025505112733,0.23428914121264957
Sinhala,0.2604169088132217,0.24587245755699635,0.22738929088452095,0.2513710870066477,0.23367372958217122,0.25027970807064176,0.2600610824921464,0.24824988058885045,0.24836274169233644,0.2682290342815237,0.25378937805029345,0.25135266956155655,0.26446832426493816,0.25705890505436635,0.25567415050986814,0.2522844250998874,0.2570867043562392,0.2509486779886418,0.2444603399501905,0.2699766940832137,0.2359464900668136,0.23743854144170778,0.21579012452564933,0.24396043561245653,0.2623240233924736,0.23622316450847972,0.26516900019340084,0.25622901563016454,0.2379062532257722,0.2366242781990172,0.24967315520385333,0.25316796751603704,0.24263643025049708,0.24629682239256173,0,0.2564665925458332,0.2574024930786368,0.24751932623048,0.25129127790362094,0.24324035023479895,0.2484124087189043,0.2285719560306169
Slovak,0.2770205694868225,0.2655317278026446,0.24437201476735845,0.27172925114329016,0.22843326719298238,0.25046855908622906,0.27389220435284156,0.24042325733755046,0.23029923160047322,0.2834720230460665,0.2680278136052263,0.2608187478194078,0.27785249088651603,0.2749310003701325,0.2667008222142711,0.2714311662034628,0.27260939820323454,0.2691322409443255,0.2638072899980819,0.2881042426571676,0.2474939320558272,0.24788181351156136,0.22765412443031555,0.2439782152338934,0.2763396178948716,0.25691335965519535,0.28015594791890436,0.27739023595968126,0.25379822590075196,0.22897708153658594,0.2638200790341158,0.2647030898973102,0.23828466263982984,0.2376689680526107,0.2564665925458332,0,0.25596336972513467,0.26229490458144794,0.26643315042075777,0.23800040968697658,0.26909681610892855,0.2434984654323778
Slovenian,0.2771761946501883,0.2661890324066899,0.24613279123030365,0.2709031599431531,0.23068668364864345,0.2527282772844542,0.27293742889368416,0.23702899674309852,0.2525584028727024,0.2836549327478032,0.26653353211961495,0.26344048158849215,0.27610513996036434,0.2750113980239464,0.26830652065792376,0.2693231093438442,0.26943574474415394,0.2670747733865244,0.2661718219844561,0.2865421663935748,0.24732985271778263,0.24890151455539364,0.2248602805405962,0.24667031380262672,0.2749656393644037,0.2556816459896766,0.27842412717859205,0.27457276600891284,0.25542315273447336,0.23783948113501177,0.2649888876426065,0.2638061452782497,0.24814486277585474,0.23738647833087015,0.2574024930786368,0.25596336972513467,0,0.2598738607461865,0.2673717537320259,0.247739065653934,0.2670095361061512,0.24502374963597953
Spanish,0.27084808939869237,0.25626431741031475,0.23772313294923858,0.26075705948991784,0.24014203379218899,0.2558946907701084,0.24718724381863685,0.254460492513959,0.2551308125947237,0.27511439364578183,0.26064567390088683,0.2560224298939472,0.2636449615370097,0.2229270688912711,0.26147568410165417,0.2603817016373032,0.2634131682225396,0.2587029131577006,0.2568392034788587,0.2786718611746882,0.22288454901401616,0.2453476752708085,0.22073771012871155,0.25072348492760405,0.2679054857989769,0.24657303134487574,0.27242998573943716,0.26664586030193077,0.24737555160841368,0.24240252383559635,0.23028032338119478,0.2514063124754935,0.24925736124022985,0.2524545010063017,0.24751932623048,0.26229490458144794,0.2598738607461865,0,0.2592699038358783,0.24769747112241783,0.25900900813184685,0.23633863121562987
Swedish,0.2615685586413552,0.2616865488611501,0.23795024475279367,0.26351344225278317,0.2431790751923452,0.2610446941233851,0.26497237347246066,0.25853010794155895,0.25897317098819134,0.2657366109469135,0.2482803479113464,0.25419199417704347,0.2726300208236085,0.26969310560738535,0.25238361726020775,0.262458047151403,0.2647017983965838,0.25887647469731856,0.24313902847928284,0.2794573374473638,0.24220506331980962,0.24723942275990665,0.22201363924951,0.2555492402856932,0.27233006444832936,0.2506137526370807,0.24707206668429876,0.27031401217205137,0.24700068777755912,0.24232944438457432,0.25683897990265225,0.26014206631085135,0.25270114081064726,0.25776400879522876,0.25129127790362094,0.26643315042075777,0.2673717537320259,0.2592699038358783,0,0.25172480302291356,0.26003061653758874,0.23749092045158904
Ukrainian,0.2603545906318965,0.24904988736985473,0.22981636491662083,0.2562042029536998,0.20940530888281944,0.23908311778859015,0.26018969839284833,0.2287747447348725,0.23455699774298977,0.2674272496890042,0.2524496247504407,0.24889025907902532,0.2617909032309147,0.26007151411452023,0.2524447315937471,0.25529359895916526,0.2575184630960248,0.2560619161739586,0.2475553762669992,0.27355034619628277,0.23226792177969874,0.2340669435422022,0.2123954053668222,0.22375511494016043,0.2617659648491543,0.24269036637786484,0.26521737811595153,0.2606192809499298,0.23983344503395196,0.21919366696891615,0.24935206808972302,0.24995509876236005,0.20838733823213887,0.2198624241357978,0.24324035023479895,0.23800040968697658,0.247739065653934,0.24769747112241783,0.25172480302291356,0,0.25537989335870775,0.23137042449622683
Urdu,0.2719287718907461,0.2608341180005689,0.23901102532919935,0.2460478024959936,0.2455224462029315,0.2621951881816297,0.2688716103563709,0.26031812580455954,0.26114727592891573,0.2783687722539368,0.26223227002929145,0.2591940611295168,0.273361578305263,0.27181652029795583,0.26460162309731877,0.2628996612138928,0.24945483780065464,0.22874443179991222,0.25777848396017844,0.2834885167729076,0.24578923268063127,0.2469093067785666,0.22433613633946134,0.25586678456190176,0.25899658420441485,0.2347694743700166,0.2757776241144592,0.26481528482582223,0.24300804056955377,0.24573699426763881,0.25992352944271163,0.26220739612421984,0.2558993276592574,0.2580025505112733,0.2484124087189043,0.26909681610892855,0.2670095361061512,0.25900900813184685,0.26003061653758874,0.25537989335870775,0,0.23852216209676072
Welsh,0.24544238718427963,0.23567548010268483,0.21719576612148345,0.24140338143169396,0.22256639586213006,0.23767975452748202,0.24646929243943505,0.23570829428173615,0.23541560626304042,0.25115279474820423,0.23815456521177575,0.23311034052389204,0.24806977194548505,0.24367772195238246,0.23957173665959103,0.24191726359443488,0.24246568328571422,0.24117749757021376,0.23441650687221985,0.2509585269019009,0.21879638952857103,0.2253905215096261,0.2061959553711922,0.23440243686062928,0.24774838038600625,0.22637056882948514,0.2523184377074339,0.24494560261981613,0.22645753110875727,0.22415205423130014,0.23488035746226457,0.23692743021843454,0.23185891463595362,0.23428914121264957,0.2285719560306169,0.2434984654323778,0.24502374963597953,0.23633863121562987,0.23749092045158904,0.23137042449622683,0.23852216209676072,0
