,Afrikaans,Albanian,Armenian,Bengali,Bosnian,Bulgarian,Catalan,Croatian,Czech,Danish,Dutch,English,French,Galician,German,Greek,Gujarati,Hindi,Icelandic,Irish,Italian,Latvian,Lithuanian,Macedonian,Marathi,Nepali,Norwegian,Pashto,Persian,Polish,Portuguese,Romanian,Russian,Serbian,Sinhala,Slovak,Slovenian,Spanish,Swedish,Ukrainian,Urdu,Welsh
Afrikaans,0,598.0863016026947,702.3846348102871,592.8535267013491,677.5502635632911,593.5033701124005,570.9493634627387,608.4843768375895,624.3022769541307,521.5277979477228,485.36904098595727,583.2425723984412,552.8096587169321,555.7978195160534,570.7056753769808,600.0963979969515,596.4835680011446,615.1739040144904,570.8579064863715,526.0849043711795,702.3780677305876,655.6361897315592,823.1704192280275,616.4906739455736,578.1478344115876,657.5971757183719,523.0763350386454,559.3229352730958,672.6463972485137,698.4946891390065,595.5016351094505,609.6094358042593,637.9637593160771,614.2853076163982,652.2757519890164,584.7278368945714,597.378911177564,613.6806263467097,565.0787663454998,643.7539883502939,601.0032855124805,719.2166699315442
Albanian,598.0863016026947,0,741.899348458626,641.5961579621537,711.9343992448278,631.2817550309286,616.693559093151,644.3899013885447,671.7503195964961,589.8743911258114,646.6359384207021,658.8195042334567,594.0915797557276,596.2150262953671,646.066162118086,641.3560736906135,651.5484496905648,663.4403370530872,646.4925471953803,575.8545708755663,729.4670554339908,704.4661293500155,864.6010218665926,650.8392037226376,624.1115214035326,700.3343030124371,597.2647248367463,616.7674902813039,708.1023709903282,746.5827757647463,639.0972937401549,653.8207407610806,674.5708128101498,648.2707318374182,671.3898203376774,630.7139388280652,644.7032346776346,645.3805521577262,638.808764773988,673.5155039437788,644.5305276486341,750.2174675444593
Armenian,702.3846348102871,741.899348458626,0,744.3029214921647,827.9050076651081,751.5209727343578,727.7362354600234,760.4366351319568,777.3105475564613,697.1795114555306,745.629017124823,759.5248959436929,705.7977286262333,714.2568988843702,748.2298257656174,745.1337413154172,758.5339679797545,771.7432338144641,738.3946655861918,684.0364870879393,841.9883464923574,798.201229571174,949.432942728817,764.3112437516779,736.7851966640071,820.8125172341273,711.7584117125494,719.682872115057,804.8738366387337,848.4101336633709,743.1541256931976,761.8794298187796,786.1525099823886,764.9827785904251,786.8729661338941,745.5208618627933,763.6744682512201,760.7747775549096,739.763319883523,792.5896234210171,752.4404329526101,858.8727675713275
Bengali,592.8535267013491,641.5961579621537,744.3029214921647,0,726.334863036909,632.0762049209416,607.7415813879526,653.7615432160679,666.6551416812018,582.7845738094529,634.447300477915,647.6660541925909,593.3099347090595,599.7119546870117,634.2056600604732,627.10828458758,592.8743218508027,601.0057183620312,638.8537195253921,572.2144739998411,728.5568828947498,701.4425785931605,861.9881088626986,657.0513076714354,579.8748748558238,637.1420372443934,590.097239980735,602.704071728832,704.5340111247001,735.3097392970456,630.8874067673636,649.0780893963159,680.2474477012489,657.201494205144,675.1227821668095,632.2149181600864,638.9833710722281,639.436489556932,629.7621674176327,688.0743048739463,581.3103210880097,753.303990347094
Bosnian,677.5502635632911,711.9343992448278,827.9050076651081,726.334863036909,0,644.591244940445,701.7968963861908,580.6110638185581,693.6878256595888,668.1130218193017,726.5625310916628,739.2320295705986,680.7371299007867,680.3412135363783,725.7435080422961,730.7227664371337,734.0200193276876,751.7329520802257,722.2623103865245,667.4763004133079,809.0481931162225,765.2589649727498,928.8260984546503,609.3515684553381,707.4860834348798,791.7830123511055,672.6216250890992,701.8459371072605,795.5865874945365,770.1913642504295,715.866873938459,732.4335113784867,663.7587861009665,522.4454076311141,773.7900865470136,643.4528225268668,656.4631893004048,727.9863789347608,716.4823066338251,663.0880141802124,730.2858683791952,835.9567522242901
Bulgarian,593.5033701124005,631.2817550309286,751.5209727343578,632.0762049209416,644.591244940445,0,604.3220511866606,553.3264706708666,611.4222537286958,576.5816288388879,637.797846958241,638.2047702784325,592.0475641993044,589.0957535029711,635.2053489757923,633.9381099796561,638.8815095801646,652.6860958180928,642.7098207003863,574.0044395536236,714.2609423893289,690.7390830135322,849.420528193899,567.5550829555362,613.0921253557651,695.761442238795,581.2338955508636,608.983535923952,707.8405591554537,692.6321772648031,626.9430227123386,642.2402685840402,630.5572276037436,584.8310598871964,679.1346634400032,576.2902618290094,592.7630736146282,631.3393880230468,629.8314213433794,633.3760495838225,634.7834240565661,743.1979056799846
Catalan,570.9493634627387,616.693559093151,727.7362354600234,607.7415813879526,701.7968963861908,604.3220511866606,0,624.2998868029099,642.7885924982114,555.6869420848055,612.8362582220028,619.2215100878875,557.2335296844583,526.832154675724,616.3717078773212,605.7843896917042,612.306210577528,626.5925629382084,618.2170777133686,549.6197142847883,667.2789342249675,674.8463796652405,841.2666658846281,632.8384205142436,589.0792922220712,681.3914499521353,561.0885092833657,587.3873756252749,694.4937010440906,715.2768096913084,563.9915971051302,600.9744369240138,658.796485821809,634.1535296593331,669.3802609594632,604.886396661937,614.454094438821,566.2266383590921,601.63620764451,661.4620050004689,612.0812324946551,736.6329583161759
Croatian,608.4843768375895,644.3899013885447,760.4366351319568,653.7615432160679,580.6110638185581,553.3264706708666,624.2998868029099,0,621.3938977920357,592.5618673913252,655.1440917456247,651.3282398208812,608.8902587858391,608.5999725978199,651.3693522577455,654.9368697946821,652.1506059630242,677.4122020066004,661.5165983098951,589.9741833541098,731.5926180221146,700.7758676583082,858.3775163826073,584.5113355762101,625.0422577693172,713.3753741961399,597.6508964540363,621.7996884151736,725.9107475747337,698.7047928227099,645.0001843012595,658.2145356860776,631.8294660462201,524.0641394930525,704.4173525149655,574.9108805449805,573.7883706149012,653.8190709011816,649.8268324967239,625.7532784933114,656.621786529487,762.070475824952
Czech,624.3022769541307,671.7503195964961,777.3105475564613,666.6551416812018,693.6878256595888,611.4222537286958,642.7885924982114,621.3938977920357,0,603.7149282392011,675.3992257234557,677.5436073558546,623.6574760602152,621.3617145751509,671.5631118462622,671.0067213331803,674.7665070232666,695.0812964872849,670.8096900371036,601.2175548997081,757.8976316774881,714.9305064809618,890.6341654249549,649.1188695100344,651.7476898334594,726.3667865281984,608.297997732803,640.5260947278266,741.0383048157693,709.073690376133,661.1894939563713,673.7754651245775,649.1723319009083,631.4002516603763,715.7939362928987,548.0537795580493,631.7095233320761,672.966979734482,666.0435723939866,658.5875541997009,671.5857698053815,778.021086558501
Danish,521.5277979477228,589.8743911258114,697.1795114555306,582.7845738094529,668.1130218193017,576.5816288388879,555.6869420848055,592.5618673913252,603.7149282392011,0,564.4729641970166,569.7624263416824,537.2460880635342,539.808285951213,560.6932489092935,581.2586143679208,584.2052174755802,602.3386419934824,563.9488541476671,508.9595800729647,678.8477862771102,651.4146135982072,811.2062438069581,603.0046369440662,562.025962186799,640.9693613140619,482.7972929099889,550.4877720793563,658.5677956380648,689.0519657457769,580.176474899189,595.9482717824663,622.9884305905327,601.1160078768963,635.8137005163417,569.2854969656967,580.0165486648475,591.4910188670524,544.5603519126684,626.2918480974361,580.0688337283076,692.9499801120669
Dutch,485.36904098595727,646.6359384207021,745.629017124823,634.447300477915,726.5625310916628,637.797846958241,612.8362582220028,655.1440917456247,675.3992257234557,564.4729641970166,0,625.0363420322981,598.7942281841935,612.3804889508349,583.913492745872,635.1727945384207,635.9601511889449,649.1158009658575,621.7691550121474,577.0882142641386,730.9554285164098,706.1310807405915,866.1300134721735,663.2208400428906,618.5208058127496,707.5774303771472,575.0278056363494,614.8244408246162,719.5890763883889,737.4816543269035,637.6388987770553,653.5150402204835,685.8913509684314,662.4452663960133,698.5748265614793,638.9888391700853,645.0306647391839,654.6751175822748,598.155482370582,691.6876255457413,642.6049264990165,759.2358984333249
English,583.2425723984412,658.8195042334567,759.5248959436929,647.6660541925909,739.2320295705986,638.2047702784325,619.2215100878875,651.3282398208812,677.5436073558546,569.7624263416824,625.0363420322981,0,606.0991632206028,615.4831499987736,631.3603678607168,651.3484126581619,644.5588674177709,675.0863780754789,651.1300422196347,573.637684098071,738.2109631781599,708.6563337032695,880.9853347905857,674.290884545086,621.5964299421212,711.5931711665999,586.7745206852159,626.1521077701939,730.9886767366831,757.7174020749309,640.675140588545,664.2581641934362,692.6239800037525,665.9946110568519,708.122567594758,635.0023872090848,652.6485541082299,655.6641655665372,630.6292078020701,693.8347049600377,654.038241279344,754.716563581977
French,552.8096587169321,594.0915797557276,705.7977286262333,593.3099347090595,680.7371299007867,592.0475641993044,557.2335296844583,608.8902587858391,623.6574760602152,537.2460880635342,598.7942281841935,606.0991632206028,0,546.9041560894674,591.0996649776482,598.1817077493338,600.6270681686174,619.1047004972113,607.4381026592372,529.3782842102846,665.6259585185051,657.2281639168101,819.5525619072067,616.7253771835154,574.1767854055265,660.5424567275977,547.1704319934693,569.2388808175992,676.7259527257739,698.1424960031582,578.8335930392335,601.6613246328391,638.4524229338499,613.2288270226753,656.3829994150474,586.4779777653995,597.6094897867873,588.6608425563859,592.8766394275365,644.069477679879,603.4274994080184,713.6473658998882
Galician,555.7978195160534,596.2150262953671,714.2568988843702,599.7119546870117,680.3412135363783,589.0957535029711,526.832154675724,608.5999725978199,621.3617145751509,539.808285951213,612.3804889508349,615.4831499987736,546.9041560894674,0,609.2256240958209,604.4273938991238,610.494173136203,625.8610827550816,601.8164036717575,531.4512135002316,649.6718570869164,668.736002941826,832.3876031513164,617.9257958844996,584.8869733655695,660.2142039315714,544.971674147202,569.5430434385404,671.4400206017197,711.4020852597608,530.1558290597827,598.2230750636916,643.092771045895,615.2454480080347,644.8915333238534,585.8646544360925,599.3169680928722,487.3690115433047,598.294570187059,645.1591212945426,605.4503633826512,714.5246374819541
German,570.7056753769808,646.066162118086,748.2298257656174,634.2056600604732,725.7435080422961,635.2053489757923,616.3717078773212,651.3693522577455,671.5631118462622,560.6932489092935,583.913492745872,631.3603678607168,591.0996649776482,609.2256240958209,0,634.0857238973364,641.5454733449867,659.0893356284524,628.9462981364472,576.0717757327054,718.0457833273304,699.727072396832,866.9159190908538,663.7555757725637,621.7808882177031,705.0236915010045,581.4378166028113,619.8384761458602,716.1631126004587,736.6753791305365,640.3599989956342,653.5619553250558,685.076622530083,661.0082378557839,703.4842410515391,630.8168676458313,642.3440508747091,652.0554618801683,600.4564292496373,688.3112511196426,645.2200951232755,752.4572258202362
Greek,600.0963979969515,641.3560736906135,745.1337413154172,627.10828458758,730.7227664371337,633.9381099796561,605.7843896917042,654.9368697946821,671.0067213331803,581.2586143679208,635.1727945384207,651.3484126581619,598.1817077493338,604.4273938991238,634.0857238973364,0,632.2878224851484,644.6257585963718,640.0621068317399,574.5401241569026,721.8020631517181,701.8315230206682,861.6554758662966,659.1925822926409,613.5445649397963,697.0871220558237,599.1212417549366,610.9765022655658,715.7796733687901,746.0907725265434,635.8808706533399,652.0521484081838,678.3515247662691,660.3760583884792,677.3447997406021,631.5409392856791,647.3108323895897,637.61708663289,627.7426126629047,684.5355842896386,633.6801709463718,746.963954459906
Gujarati,596.4835680011446,651.5484496905648,758.5339679797545,592.8743218508027,734.0200193276876,638.8815095801646,612.306210577528,652.1506059630242,674.7665070232666,584.2052174755802,635.9601511889449,644.5588674177709,600.6270681686174,610.494173136203,641.5454733449867,632.2878224851484,0,557.9147364287983,655.9399034196814,578.2020644495486,743.6564001971057,712.7150092241947,878.1430027131277,667.8765934087895,503.3748223429571,659.9570799141505,597.1995640683613,604.966746147995,725.2353330098725,753.1785852168682,646.1761732758911,657.5427553903857,689.94526633413,661.0100871447239,693.757216813643,635.0286332320039,640.802161691586,654.3514366776736,637.8820430048668,694.5088038108273,595.7653284263114,762.3578879896196
Hindi,615.1739040144904,663.4403370530872,771.7432338144641,601.0057183620312,751.7329520802257,652.6860958180928,626.5925629382084,677.4122020066004,695.0812964872849,602.3386419934824,649.1158009658575,675.0863780754789,619.1047004972113,625.8610827550816,659.0893356284524,644.6257585963718,557.9147364287983,0,661.0649245149675,596.7559842204377,756.2183028274928,729.6162305999545,892.7027074471456,676.360443361129,563.5273616040603,670.7488736585215,611.8454984634034,620.9935769340035,726.961277467181,765.9001644815738,659.2753745697526,669.3245086959035,711.3691694847174,684.2591915679025,691.4950926300819,655.9427935242009,664.8898040908012,663.5202303625965,644.603305556973,713.0635728666234,561.2787159908238,784.1107814295291
Icelandic,570.8579064863715,646.4925471953803,738.3946655861918,638.8537195253921,722.2623103865245,642.7098207003863,618.2170777133686,661.5165983098951,670.8096900371036,563.9488541476671,621.7691550121474,651.1300422196347,607.4381026592372,601.8164036717575,628.9462981364472,640.0621068317399,655.9399034196814,661.0649245149675,0,578.6105930699679,741.7903122313414,701.7668602797241,860.0766489225495,660.992819545721,632.5985363105582,713.122210419294,567.7347203512983,617.83887861123,708.5546763945023,746.9734183350536,640.2745874961641,660.8591278673474,682.6915733961722,663.4881700829471,683.6550767242983,637.9684121579465,656.2687512215931,655.5812052423356,594.7798846263034,689.6651421707104,644.2527859192272,759.2341375201606
Irish,526.0849043711795,575.8545708755663,684.0364870879393,572.2144739998411,667.4763004133079,574.0044395536236,549.6197142847883,589.9741833541098,601.2175548997081,508.9595800729647,577.0882142641386,573.637684098071,529.3782842102846,531.4512135002316,576.0717757327054,574.5401241569026,578.2020644495486,596.7559842204377,578.6105930699679,0,679.0697822005852,643.9309514528495,804.435658982085,599.2663082821545,551.9568531368164,631.3507008717825,516.6021815175353,535.8940097557573,651.0593475610262,683.0095282348448,570.0184030060014,589.6504152601354,621.4028840515315,598.965719420581,626.8320137154888,561.2080104351343,573.5552082585177,583.3797098083769,566.759520667164,625.196014831683,578.5598448620873,679.8150817445696
Italian,702.3780677305876,729.4670554339908,841.9883464923574,728.5568828947498,809.0481931162225,714.2609423893289,667.2789342249675,731.5926180221146,757.8976316774881,678.8477862771102,730.9554285164098,738.2109631781599,665.6259585185051,649.6718570869164,718.0457833273304,721.8020631517181,743.6564001971057,756.2183028274928,741.7903122313414,679.0697822005852,0,804.4018784842488,957.0005021533756,740.6757938410022,714.6403713767259,790.9099479855153,705.5439325373774,721.2102019532234,814.4883750242184,825.6825356330967,686.4625223704472,711.1047438287183,770.7671611651398,742.7087016987099,779.590055592023,724.2384662857614,737.6162835124422,669.9637190499677,723.122132335262,767.2083653322293,736.2633218668554,812.8277323914842
Latvian,655.6361897315592,704.4661293500155,798.201229571174,701.4425785931605,765.2589649727498,690.7390830135322,674.8463796652405,700.7758676583082,714.9305064809618,651.4146135982072,706.1310807405915,708.6563337032695,657.2281639168101,668.736002941826,699.727072396832,701.8315230206682,712.7150092241947,729.6162305999545,701.7668602797241,643.9309514528495,804.4018784842488,0,839.8088894149193,710.3841314513719,690.1352863564296,778.9387099703417,652.1260099821067,684.1465918391289,780.5520901195381,780.7636906578908,689.8993101623236,715.8488466295448,722.4651239823038,704.0140488173633,758.9172738023407,676.0233883436108,693.1143026976064,716.6856080148896,692.7933023476802,736.3873443156089,709.7614953758465,824.9618036547511
Lithuanian,823.1704192280275,864.6010218665926,949.432942728817,861.9881088626986,928.8260984546503,849.420528193899,841.2666658846281,858.3775163826073,890.6341654249549,811.2062438069581,866.1300134721735,880.9853347905857,819.5525619072067,832.3876031513164,866.9159190908538,861.6554758662966,878.1430027131277,892.7027074471456,860.0766489225495,804.435658982085,957.0005021533756,839.8088894149193,0,873.3163031423564,859.7122197114887,929.9441413055029,822.2017443125427,845.3602223450126,936.3082948112451,946.3682238662798,863.4205598957628,874.5285942478839,889.281981794347,865.8244792918399,908.1844794890104,857.2800253876875,861.569407381699,871.0250714549128,852.4912020659642,894.0153735958648,869.8308970482158,982.2147477671206
Macedonian,616.4906739455736,650.8392037226376,764.3112437516779,657.0513076714354,609.3515684553381,567.5550829555362,632.8384205142436,584.5113355762101,649.1188695100344,603.0046369440662,663.2208400428906,674.290884545086,616.7253771835154,617.9257958844996,663.7555757725637,659.1925822926409,667.8765934087895,676.360443361129,660.992819545721,599.2663082821545,740.6757938410022,710.3841314513719,873.3163031423564,0,639.7501851711802,726.2215420701585,610.1528439431687,636.846916297332,733.6828281370773,721.2119247283299,652.8722425997312,668.9330873537019,616.3078255820924,531.9678080920835,701.7423846671118,596.3119865913329,614.5834336033738,659.2516750942186,653.1420761356742,617.6704940207798,656.22611178837,772.641858284739
Marathi,578.1478344115876,624.1115214035326,736.7851966640071,579.8748748558238,707.4860834348798,613.0921253557651,589.0792922220712,625.0422577693172,651.7476898334594,562.025962186799,618.5208058127496,621.5964299421212,574.1767854055265,584.8869733655695,621.7808882177031,613.5445649397963,503.3748223429571,563.5273616040603,632.5985363105582,551.9568531368164,714.6403713767259,690.1352863564296,859.7122197114887,639.7501851711802,0,650.8880184693613,573.1604295215918,584.0740080060509,701.3009191877397,729.120113544643,619.5978908714476,631.1027524414853,661.0050591225653,634.5194029226574,671.1226934285489,607.5633330109546,615.831513766304,627.093042742129,621.5175024834783,662.9752457196608,588.0227277170148,738.1543901742637
Nepali,657.5971757183719,700.3343030124371,820.8125172341273,637.1420372443934,791.7830123511055,695.761442238795,681.3914499521353,713.3753741961399,726.3667865281984,640.9693613140619,707.5774303771472,711.5931711665999,660.5424567275977,660.2142039315714,705.0236915010045,697.0871220558237,659.9570799141505,670.7488736585215,713.122210419294,631.3507008717825,790.9099479855153,778.9387099703417,929.9441413055029,726.2215420701585,650.8880184693613,0,656.2935972658559,654.337141123557,767.0334732473368,814.3026189119023,705.7845735318683,719.6923456654026,754.4642590309493,723.4940625523277,735.0290285212628,693.9989505578543,700.0672292044202,708.215245895384,700.1065512506535,755.5617008036074,651.3161708513531,806.924980935131
Norwegian,523.0763350386454,597.2647248367463,711.7584117125494,590.097239980735,672.6216250890992,581.2338955508636,561.0885092833657,597.6508964540363,608.297997732803,482.7972929099889,575.0278056363494,586.7745206852159,547.1704319934693,544.971674147202,581.4378166028113,599.1212417549366,597.1995640683613,611.8454984634034,567.7347203512983,516.6021815175353,705.5439325373774,652.1260099821067,822.2017443125427,610.1528439431687,573.1604295215918,656.2935972658559,0,554.3804567929418,666.0127268762062,689.502770606156,591.2436388747759,603.4090869311507,631.0273724339978,605.7801323640613,646.1694610841212,572.6499987836634,572.3342876152725,601.2099460786739,520.8434416256711,633.4434385646044,590.1970922819663,722.3716500600877
Pashto,559.3229352730958,616.7674902813039,719.682872115057,602.704071728832,701.8459371072605,608.983535923952,587.3873756252749,621.7996884151736,640.5260947278266,550.4877720793563,614.8244408246162,626.1521077701939,569.2388808175992,569.5430434385404,619.8384761458602,610.9765022655658,604.966746147995,620.9935769340035,617.83887861123,535.8940097557573,721.2102019532234,684.1465918391289,845.3602223450126,636.846916297332,584.0740080060509,654.337141123557,554.3804567929418,0,659.748434441107,725.0202563789019,613.4047727047334,627.5404607073074,658.3138181341336,629.8085600752713,657.7169797793282,602.8999188047206,606.9986014584351,625.4514429715955,609.2207512185502,662.9594040855272,596.8370832737832,732.2556188228235
Persian,672.6463972485137,708.1023709903282,804.8738366387337,704.5340111247001,795.5865874945365,707.8405591554537,694.4937010440906,725.9107475747337,741.0383048157693,658.5677956380648,719.5890763883889,730.9886767366831,676.7259527257739,671.4400206017197,716.1631126004587,715.7796733687901,725.2353330098725,726.961277467181,708.5546763945023,651.0593475610262,814.4883750242184,780.5520901195381,936.3082948112451,733.6828281370773,701.3009191877397,767.0334732473368,666.0127268762062,659.748434441107,0,818.9130250167368,716.3537801016305,729.2052074467496,759.2645212153336,733.6191710367149,751.1797790761938,701.7153134896881,723.9701976812149,728.6125426854688,703.1894363343459,759.692255778623,693.7062663788257,825.5423237275676
Polish,698.4946891390065,746.5827757647463,848.4101336633709,735.3097392970456,770.1913642504295,692.6321772648031,715.2768096913084,698.7047928227099,709.073690376133,689.0519657457769,737.4816543269035,757.7174020749309,698.1424960031582,711.4020852597608,736.6753791305365,746.0907725265434,753.1785852168682,765.9001644815738,746.9734183350536,683.0095282348448,825.6825356330967,780.7636906578908,946.3682238662798,721.2119247283299,729.120113544643,814.3026189119023,689.502770606156,725.0202563789019,818.9130250167368,0,732.2401364260484,750.4584148290844,725.6090361406854,712.9126434479963,800.1749643453459,661.7539188842801,710.1557503404497,750.8435265232187,724.7882949047646,726.2494047316483,747.2233985226734,862.424472618046
Portuguese,595.5016351094505,639.0972937401549,743.1541256931976,630.8874067673636,715.866873938459,626.9430227123386,563.9915971051302,645.0001843012595,661.1894939563713,580.176474899189,637.6388987770553,640.675140588545,578.8335930392335,530.1558290597827,640.3599989956342,635.8808706533399,646.1761732758911,659.2753745697526,640.2745874961641,570.0184030060014,686.4625223704472,689.8993101623236,863.4205598957628,652.8722425997312,619.5978908714476,705.7845735318683,591.2436388747759,613.4047727047334,716.3537801016305,732.2401364260484,0,632.7456443762403,675.2011128963754,653.5815749535284,688.7856916130431,622.797303720399,641.518494214439,562.9805846712791,629.5223917755447,680.9210022399204,641.0834931302626,751.1409042699589
Romanian,609.6094358042593,653.8207407610806,761.8794298187796,649.0780893963159,732.4335113784867,642.2402685840402,600.9744369240138,658.2145356860776,673.7754651245775,595.9482717824663,653.5150402204835,664.2581641934362,601.6613246328391,598.2230750636916,653.5619553250558,652.0521484081838,657.5427553903857,669.3245086959035,660.8591278673474,589.6504152601354,711.1047438287183,715.8488466295448,874.5285942478839,668.9330873537019,631.1027524414853,719.6923456654026,603.4090869311507,627.5404607073074,729.2052074467496,750.4584148290844,632.7456443762403,0,692.222147012586,667.7690265543215,708.7830253677723,640.4961372863286,652.1737659907049,641.5926143610621,645.331106262052,696.4715771333845,656.2688192992862,766.3094741108758
Russian,637.9637593160771,674.5708128101498,786.1525099823886,680.2474477012489,663.7587861009665,630.5572276037436,658.796485821809,631.8294660462201,649.1723319009083,622.9884305905327,685.8913509684314,692.6239800037525,638.4524229338499,643.092771045895,685.076622530083,678.3515247662691,689.94526633413,711.3691694847174,682.6915733961722,621.4028840515315,770.7671611651398,722.4651239823038,889.281981794347,616.3078255820924,661.0050591225653,754.4642590309493,631.0273724339978,658.3138181341336,759.2645212153336,725.6090361406854,675.2011128963754,692.222147012586,0,605.3131154183327,727.205689564304,607.2096213785745,646.8734739723757,687.5368982379744,675.0448375376201,598.7211536890618,688.4175693681482,795.8978961714015
Serbian,614.2853076163982,648.2707318374182,764.9827785904251,657.201494205144,522.4454076311141,584.8310598871964,634.1535296593331,524.0641394930525,631.4002516603763,601.1160078768963,662.4452663960133,665.9946110568519,613.2288270226753,615.2454480080347,661.0082378557839,660.3760583884792,661.0100871447239,684.2591915679025,663.4881700829471,598.965719420581,742.7087016987099,704.0140488173633,865.8244792918399,531.9678080920835,634.5194029226574,723.4940625523277,605.7801323640613,629.8085600752713,733.6191710367149,712.9126434479963,653.5815749535284,667.7690265543215,605.3131154183327,0,708.2124346426133,576.7529019756001,581.4347342968642,663.4132277184883,654.8725838065202,604.8483050995708,660.8134231489437,768.6864677215655
Sinhala,652.2757519890164,671.3898203376774,786.8729661338941,675.1227821668095,773.7900865470136,679.1346634400032,669.3802609594632,704.4173525149655,715.7939362928987,635.8137005163417,698.5748265614793,708.122567594758,656.3829994150474,644.8915333238534,703.4842410515391,677.3447997406021,693.757216813643,691.4950926300819,683.6550767242983,626.8320137154888,779.590055592023,758.9172738023407,908.1844794890104,701.7423846671118,671.1226934285489,735.0290285212628,646.1694610841212,657.7169797793282,751.1797790761938,800.1749643453459,688.7856916130431,708.7830253677723,727.205689564304,708.2124346426133,0,685.934256328901,700.8919987613737,693.8110236627482,680.4787107655353,732.2522892753832,676.8362786321052,797.5325438006279
Slovak,584.7278368945714,630.7139388280652,745.5208618627933,632.2149181600864,643.4528225268668,576.2902618290094,604.886396661937,574.9108805449805,548.0537795580493,569.2854969656967,638.9888391700853,635.0023872090848,586.4779777653995,585.8646544360925,630.8168676458313,631.5409392856791,635.0286332320039,655.9427935242009,637.9684121579465,561.2080104351343,724.2384662857614,676.0233883436108,857.2800253876875,596.3119865913329,607.5633330109546,693.9989505578543,572.6499987836634,602.8999188047206,701.7153134896881,661.7539188842801,622.797303720399,640.4961372863286,607.2096213785745,576.7529019756001,685.934256328901,0,588.946080992542,637.4715234123596,624.461344592259,615.1048758769554,637.7606434225754,750.0579743406416
Slovenian,597.378911177564,644.7032346776346,763.6744682512201,638.9833710722281,656.4631893004048,592.7630736146282,614.454094438821,573.7883706149012,631.7095233320761,580.0165486648475,645.0306647391839,652.6485541082299,597.6094897867873,599.3169680928722,642.3440508747091,647.3108323895897,640.802161691586,664.8898040908012,656.2687512215931,573.5552082585177,737.6162835124422,693.1143026976064,861.569407381699,614.5834336033738,615.831513766304,700.0672292044202,572.3342876152725,606.9986014584351,723.9701976812149,710.1557503404497,641.518494214439,652.1737659907049,646.8734739723757,581.4347342968642,700.8919987613737,588.946080992542,0,647.4510532402003,640.073630865233,651.0145157756166,638.9677982066845,762.1152833763741
Spanish,613.6806263467097,645.3805521577262,760.7747775549096,639.436489556932,727.9863789347608,631.3393880230468,566.2266383590921,653.8190709011816,672.966979734482,591.4910188670524,654.6751175822748,655.6641655665372,588.6608425563859,487.3690115433047,652.0554618801683,637.61708663289,654.3514366776736,663.5202303625965,655.5812052423356,583.3797098083769,669.9637190499677,716.6856080148896,871.0250714549128,659.2516750942186,627.093042742129,708.215245895384,601.2099460786739,625.4514429715955,728.6125426854688,750.8435265232187,562.9805846712791,641.5926143610621,687.5368982379744,663.4132277184883,693.8110236627482,637.4715234123596,647.4510532402003,0,643.2519805440241,687.2110109743636,647.1804955605169,760.2592799915456
Swedish,565.0787663454998,638.808764773988,739.763319883523,629.7621674176327,716.4823066338251,629.8314213433794,601.63620764451,649.8268324967239,666.0435723939866,544.5603519126684,598.155482370582,630.6292078020701,592.8766394275365,598.294570187059,600.4564292496373,627.7426126629047,637.8820430048668,644.603305556973,594.7798846263034,566.759520667164,723.122132335262,692.7933023476802,852.4912020659642,653.1420761356742,621.5175024834783,700.1065512506535,520.8434416256711,609.2207512185502,703.1894363343459,724.7882949047646,629.5223917755447,645.331106262052,675.0448375376201,654.8725838065202,680.4787107655353,624.461344592259,640.073630865233,643.2519805440241,0,680.0254933392083,630.4846636281904,747.8649032922813
Ukrainian,643.7539883502939,673.5155039437788,792.5896234210171,688.0743048739463,663.0880141802124,633.3760495838225,661.4620050004689,625.7532784933114,658.5875541997009,626.2918480974361,691.6876255457413,693.8347049600377,644.069477679879,645.1591212945426,688.3112511196426,684.5355842896386,694.5088038108273,713.0635728666234,689.6651421707104,625.196014831683,767.2083653322293,736.3873443156089,894.0153735958648,617.6704940207798,662.9752457196608,755.5617008036074,633.4434385646044,662.9594040855272,759.692255778623,726.2494047316483,680.9210022399204,696.4715771333845,598.7211536890618,604.8483050995708,732.2522892753832,615.1048758769554,651.0145157756166,687.2110109743636,680.0254933392083,0,692.3621348537489,796.8780620457952
Urdu,601.0032855124805,644.5305276486341,752.4404329526101,581.3103210880097,730.2858683791952,634.7834240565661,612.0812324946551,656.621786529487,671.5857698053815,580.0688337283076,642.6049264990165,654.038241279344,603.4274994080184,605.4503633826512,645.2200951232755,633.6801709463718,595.7653284263114,561.2787159908238,644.2527859192272,578.5598448620873,736.2633218668554,709.7614953758465,869.8308970482158,656.22611178837,588.0227277170148,651.3161708513531,590.1970922819663,596.8370832737832,693.7062663788257,747.2233985226734,641.0834931302626,656.2688192992862,688.4175693681482,660.8134231489437,676.8362786321052,637.7606434225754,638.9677982066845,647.1804955605169,630.4846636281904,692.3621348537489,0,752.0273789402955
Welsh,719.2166699315442,750.2174675444593,858.8727675713275,753.303990347094,835.9567522242901,743.1979056799846,736.6329583161759,762.070475824952,778.021086558501,692.9499801120669,759.2358984333249,754.716563581977,713.6473658998882,714.5246374819541,752.4572258202362,746.963954459906,762.3578879896196,784.1107814295291,759.2341375201606,679.8150817445696,812.8277323914842,824.9618036547511,982.2147477671206,772.641858284739,738.1543901742637,806.924980935131,722.3716500600877,732.2556188228235,825.5423237275676,862.424472618046,751.1409042699589,766.3094741108758,795.8978961714015,768.6864677215655,797.5325438006279,750.0579743406416,762.1152833763741,760.2592799915456,747.8649032922813,796.8780620457952,752.0273789402955,0
