,Afrikaans,Albanian,Armenian,Bengali,Bosnian,Bulgarian,Catalan,Croatian,Czech,Danish,Dutch,English,French,Galician,German,Greek,Gujarati,Hindi,Icelandic,Irish,Italian,Latvian,Lithuanian,Macedonian,Marathi,Nepali,Norwegian,Pashto,Persian,Polish,Portuguese,Romanian,Russian,Serbian,Sinhala,Slovak,Slovenian,Spanish,Swedish,Ukrainian,Urdu,Welsh
Afrikaans,0,3.4075279503068274,2.9950490006330157,3.8111338955376355,3.117248301085987,3.58063066200987,3.7925937648710804,3.478148125992118,3.3959378806995413,3.300216763400296,2.50479170328674,3.1736201233744237,3.646763564502858,3.532170506956459,3.2136600250116834,3.6837611239336123,3.8888749960991897,3.875674892236298,3.1604663907782347,3.6554357515464457,3.177306234685879,3.3264575965448926,2.8676681971355578,3.477468555545379,3.850075466052593,3.0522356606657746,3.4177509509210697,3.5404450874327527,3.200063476348879,3.2687739204412836,3.436334160263329,3.5890477159435803,3.361203631214806,3.458358550715917,3.0594788098565604,3.5336520556514,3.61164074432076,3.454334709349022,3.2579221039901167,3.315625984787745,3.600917695766695,2.8755370134245677
Albanian,3.4075279503068274,0,2.987416995947688,3.559540784545251,3.132428800519817,3.4491914776324277,3.556184901674772,3.368503477329012,3.4387790923157535,3.4700094943531457,3.3794915151836373,3.5765074184857304,3.3177683597950574,3.277169955373209,3.498392774492319,3.4901480177678907,3.747875554138688,3.6705270084203026,3.387669942562542,3.334811174798988,3.033217396945482,3.391832289952064,2.8830868926629236,3.3552868082390366,3.5924654609647777,3.001192056046404,3.6749862325756704,3.3205617669832677,3.1680296068615608,3.2798149110323656,3.2430860994328636,3.4259949421970015,3.322095558074424,3.4157031146875125,2.8553784229225303,3.4754505019896267,3.4708108114619654,3.2827685532278887,3.5629386280033075,3.255244363202258,3.4145445899846525,2.893782601552048
Armenian,2.9950490006330157,2.987416995947688,0,3.210915746708592,3.0955704825772377,3.110225993586539,3.2069578247818846,3.0654119832404865,3.132058224319646,3.088541172154089,3.101903601553652,3.2432100919122435,3.084768726788027,2.99124018367885,3.1236822696901205,3.097592493535018,3.358546070789264,3.3496009786475,2.997101122333993,2.9650492283256913,3.078398344423354,3.1967725607568327,2.9130978355435007,3.1137111252557927,3.1984683907994533,3.0088682614528466,3.1374467287871037,2.9870589030028705,2.9340932522422523,3.2050948880257524,3.0619146447772483,3.1550411902708766,3.104805998994491,3.11899562908244,2.8560491567692208,3.0696335929741334,3.2180426325215956,3.1137569198689246,3.1168931473674557,3.108385827419468,3.1662173665239806,2.9164248596359266
Bengali,3.8111338955376355,3.559540784545251,3.210915746708592,0,3.30229327907904,3.5777644814523515,3.8122148374478697,3.5455133731477018,3.5191007262987597,3.848333603765632,3.6584542538045297,3.7574056508388542,3.704167658717172,3.6261034243007026,3.7052838189472976,3.7101720646148926,3.2206786749209257,3.114126223939344,3.6816503999938393,3.78770771077515,3.1978682881670997,3.5750934408429975,2.9743452688767644,3.4927269437630026,3.274210671471176,2.6512911617598345,3.967777572876691,3.6046073653769373,3.37485145278339,3.3309405630509787,3.578673775439244,3.694910273870283,3.5449195726311062,3.570707841830746,3.1164778716942343,3.623973832562198,3.6615758172120816,3.4930542403880978,3.715102280638351,3.429775228963408,3.124332426947197,3.0956746873818344
Bosnian,3.117248301085987,3.132428800519817,3.0955704825772377,3.30229327907904,0,2.574071362016986,3.343154177325783,1.9440506933345383,2.631889774931827,3.221211531502665,3.2350653950967407,3.45705086725984,3.2444048490893937,3.11331730151324,3.299298263545113,3.302253796217363,3.441024918273738,3.4849852178010603,3.128058653926437,3.240205061148689,3.046398956043929,3.060232911958326,2.6916816334944555,2.2689314707019084,3.370411111249422,3.1012538944117987,3.291746477879952,3.161018871417125,3.0537643465116546,2.6171099089733794,3.195869358614799,3.2153240135029564,2.461290546252316,1.6801403043186356,2.954452534946048,2.4974338967217142,2.6333239953593868,3.1547431806929227,3.267511741308535,2.4110467648395586,3.306564580470824,3.0814397806983873
Bulgarian,3.58063066200987,3.4491914776324277,3.110225993586539,3.5777644814523515,2.574071362016986,0,3.604718619241356,2.6633601189651004,3.018392138603405,3.693860588317295,3.5450558073084992,3.6458335422094024,3.6164002434593376,3.449257995474745,3.668059607722912,3.5608079722410473,3.6992647975833126,3.673677530195023,3.517757145471287,3.6400974086961315,3.051460573959123,3.4060649546250605,2.7407803895627123,2.580579298556239,3.6957655420066255,3.1173007368054044,3.843248316404676,3.5701623487892222,3.2935473451985433,2.8672276658509115,3.4731078418048793,3.5017478528506936,2.9447848870595172,2.7726588569685053,3.0832590742285673,3.018180989940369,3.087736634747855,3.3196069820617,3.578263454072045,2.909080108975713,3.4790911851208004,2.9300739039690424
Catalan,3.7925937648710804,3.556184901674772,3.2069578247818846,3.8122148374478697,3.343154177325783,3.604718619241356,0,3.5438900446438675,3.573824396367708,3.8564549926974596,3.6340081616540076,3.666735699279719,3.3815732173322584,2.9610146173370886,3.7445800455531906,3.7061695312872023,3.9445731225592544,3.886128102165835,3.6110165296928276,3.8127162028790265,2.7533306445426238,3.6131791578321737,2.949751171911036,3.5597456609319216,3.87542537597985,3.257656993193275,3.9340122899503087,3.7681794865283718,3.3902681172768734,3.3603151087853567,2.986701366051316,3.3843520512064376,3.5601681522283455,3.6176035580805546,3.2262047055058387,3.6645734790744244,3.779300428803878,2.8257355632733145,3.685012222682799,3.4800669027166258,3.7245448813245474,3.080128596836748
Croatian,3.478148125992118,3.368503477329012,3.0654119832404865,3.5455133731477018,1.9440506933345383,2.6633601189651004,3.5438900446438675,0,2.783544010393254,3.5336693943821063,3.451445587496409,3.617288965480729,3.515419790188033,3.3758048356166017,3.5525295553199823,3.4930082975979455,3.649005410623519,3.6785857295423656,3.410901154324004,3.5090957088726933,3.013324354541836,3.2943751456960295,2.622860305796039,2.5962313200806246,3.600213490387545,3.091838137937517,3.686969834965841,3.4298357515289672,3.1768530634106913,2.7124717501196067,3.463105862983622,3.37522620976246,2.7944268774913543,2.1002413036746588,3.02376688577874,2.7607358851036015,2.717237730601016,3.289041918453166,3.4905900418636944,2.6563038466658098,3.4874748271200673,2.947739399531469
Czech,3.3959378806995413,3.4387790923157535,3.132058224319646,3.5191007262987597,2.631889774931827,3.018392138603405,3.573824396367708,2.783544010393254,0,3.466908181939499,3.447810418344647,3.46807964237496,3.4837405574498113,3.3923488991115835,3.664159739399544,3.589703873387604,3.6470619905161676,3.664310407301461,3.41994716572691,3.500170078641012,3.197546909662444,3.239624605110716,2.796410575117018,2.968146467800583,3.5893059737428543,3.08938086604131,3.628509021354364,3.417522151648045,3.2625217250537344,2.7126197037621123,3.477274147223152,3.436329845135033,2.851059303018363,2.785693632686839,3.0414588020443674,2.455674632999676,2.9923079253203793,3.307870763335718,3.494690043818279,2.727529351021412,3.416619686682642,2.95937646008203
Danish,3.300216763400296,3.4700094943531457,3.088541172154089,3.848333603765632,3.221211531502665,3.693860588317295,3.8564549926974596,3.5336693943821063,3.466908181939499,0,3.281949865747739,3.2050291084619826,3.655374088078729,3.54551673140228,3.222097997734839,3.7248707560387415,3.8942336701652374,3.8448527188634625,3.043819127806434,3.5613357293798207,3.153761782490238,3.5392374706948804,2.9605597379690827,3.5955295386412103,3.8902716401117514,3.0549451319137475,3.326049795957505,3.6161945828185753,3.2252717730729614,3.3013427853800983,3.440672194895848,3.65275636358726,3.5024248791869272,3.603326116448163,3.0631471967514927,3.6287843219028506,3.7095557771777825,3.4117255117372944,3.103759419855434,3.4168835334424354,3.6024515858644124,2.831668884653362
Dutch,2.50479170328674,3.3794915151836373,3.101903601553652,3.6584542538045297,3.2350653950967407,3.5450558073084992,3.6340081616540076,3.451445587496409,3.447810418344647,3.281949865747739,0,3.0792589392315275,3.5772529326864673,3.468649756501548,3.0022687340468868,3.558760745195621,3.7188198640664805,3.686448939157546,3.2410405573920076,3.5233694614832136,3.1929037269700107,3.396557684362398,2.920206045685093,3.4596622719264936,3.66722398157485,3.114314906332758,3.3480853831981428,3.487177958254109,3.2261640050358005,3.3481034500398303,3.412913955071488,3.567363871596491,3.4461854312822378,3.492994797570982,3.1270513389758743,3.5599844398706533,3.531083269931766,3.3847515627140363,3.1621643933893413,3.4019839052501415,3.50284866782146,2.9537504555077887
English,3.1736201233744237,3.5765074184857304,3.2432100919122435,3.7574056508388542,3.45705086725984,3.6458335422094024,3.666735699279719,3.617288965480729,3.46807964237496,3.2050291084619826,3.0792589392315275,0,3.5898605295533614,3.553489284257553,3.2718245484142146,3.813769915832809,3.762978080581517,3.8298570264156773,3.404348757344811,3.458055463225093,3.272759038093792,3.6505202511138624,3.0485399908903137,3.6785747444885057,3.730052169364731,3.2280642348724595,3.4503924420990795,3.6383256641147015,3.3835621086053873,3.4217214934142777,3.427451353918117,3.706462658606034,3.609484320332959,3.683239791874362,3.3285067311760184,3.615017559792005,3.7552612638001364,3.504581595421008,3.3880469306576604,3.587164595267233,3.620934181782987,3.00357443701542
French,3.646763564502858,3.3177683597950574,3.084768726788027,3.704167658717172,3.2444048490893937,3.6164002434593376,3.3815732173322584,3.515419790188033,3.4837405574498113,3.655374088078729,3.5772529326864673,3.5898605295533614,0,3.2469382002102196,3.6889896759744873,3.6282862146507098,3.8650107241432754,3.816442522650409,3.5338938074575967,3.5974299785871335,2.8755725036142312,3.450524107950709,2.9304784578834484,3.5209071097911573,3.744600927078377,3.0346234526521503,3.884020146616426,3.5031342223323674,3.258791264631104,3.3376219832067804,3.1797226135049166,3.4174558854217656,3.4697538551108953,3.556444771783287,3.0745516752378306,3.647560426562439,3.579310295287863,3.1289139231906096,3.645765510567447,3.3628188495668665,3.5316178146857267,2.857573747515857
Galician,3.532170506956459,3.277169955373209,2.99124018367885,3.6261034243007026,3.11331730151324,3.449257995474745,2.9610146173370886,3.3758048356166017,3.3923488991115835,3.54551673140228,3.468649756501548,3.553489284257553,3.2469382002102196,0,3.603391465444635,3.524123160729587,3.8231691212107837,3.7691776578763725,3.3473678487576204,3.5394953868424515,2.5823026052675777,3.423167039571531,2.857872670494873,3.385373506844008,3.7388174530064435,2.9671057268823278,3.778547594346942,3.5248678274638343,3.159702216217701,3.261651440309597,2.550631157244972,3.2732898126451793,3.3841851996169385,3.436647777470407,2.945623350206387,3.511057646811937,3.574549860601296,2.2602519879143212,3.4859827204830487,3.3145740359722864,3.525457918471764,2.7994306535088884
German,3.2136600250116834,3.498392774492319,3.1236822696901205,3.7052838189472976,3.299298263545113,3.668059607722912,3.7445800455531906,3.5525295553199823,3.664159739399544,3.222097997734839,3.0022687340468868,3.2718245484142146,3.6889896759744873,3.603391465444635,0,3.6183290924345903,3.85558456599026,3.8428387733686806,3.303957367411073,3.612132210625476,3.206519234328938,3.5478902114789896,2.977900722491978,3.6216106955937404,3.8129636314984237,3.2264427569808483,3.5537984491325565,3.6516268461131576,3.295873297618684,3.4538840294159066,3.6630877308189067,3.588413488768975,3.6066923446251593,3.610918439732509,3.275141839052784,3.6976481645564507,3.6300420285477206,3.4974049957656326,3.236541376585638,3.5050060659650506,3.638228636141348,3.021357081163795
Greek,3.6837611239336123,3.4901480177678907,3.097592493535018,3.7101720646148926,3.302253796217363,3.5608079722410473,3.7061695312872023,3.4930082975979455,3.589703873387604,3.7248707560387415,3.558760745195621,3.813769915832809,3.6282862146507098,3.524123160729587,3.6183290924345903,0,3.8561746741244565,3.7870025444707403,3.5151525819262943,3.6563054391001106,3.138000167913645,3.4962357385200264,2.8240815307766383,3.5572782679192847,3.7999675693089876,3.1333972164773614,3.914768235513966,3.566452589694589,3.3248574546125558,3.3733451289695027,3.511630628253539,3.5663373211329485,3.5323639635096,3.589366439912272,3.1336731910345033,3.700856309641364,3.6648987302255516,3.3916393633564863,3.696818518406736,3.409721972723902,3.63478520062493,2.9826929382740066
Gujarati,3.8888749960991897,3.747875554138688,3.358546070789264,3.2206786749209257,3.441024918273738,3.6992647975833126,3.9445731225592544,3.649005410623519,3.6470619905161676,3.8942336701652374,3.7188198640664805,3.762978080581517,3.8650107241432754,3.8231691212107837,3.85558456599026,3.8561746741244565,0,2.8944732439968495,3.835159553403822,3.910338673902656,3.359990511869621,3.763780554985907,3.0593972923433825,3.6466532722852376,2.834079933872711,2.8328236623808096,4.049135732969817,3.7024358541491984,3.479779000107488,3.4887500171265846,3.793304163997258,3.8517317326709586,3.7341796341594136,3.7468361632195775,3.3284961723604867,3.823958324417518,3.82461212325365,3.6024866454541384,3.851736085272759,3.62027523948806,3.217251054252009,3.216798312117405
Hindi,3.875674892236298,3.6705270084203026,3.3496009786475,3.114126223939344,3.4849852178010603,3.673677530195023,3.886128102165835,3.6785857295423656,3.664310407301461,3.8448527188634625,3.686448939157546,3.8298570264156773,3.816442522650409,3.7691776578763725,3.8428387733686806,3.7870025444707403,2.8944732439968495,0,3.759954862252614,3.8294878054400936,3.384046293447394,3.7743590406703067,3.062426314947357,3.5972523597898785,3.0394051051930555,2.7545319524212677,3.975762703652978,3.6072916938505415,3.4265194746561884,3.535166317276038,3.7511422380203765,3.779103049419406,3.714130991647597,3.7853044113010945,3.303936507916438,3.835463773688773,3.8274135282799353,3.5555029121857245,3.7830213982853564,3.605175052322323,2.635784756908026,3.2166232958081937
Icelandic,3.1604663907782347,3.387669942562542,2.997101122333993,3.6816503999938393,3.128058653926437,3.517757145471287,3.6110165296928276,3.410901154324004,3.41994716572691,3.043819127806434,3.2410405573920076,3.404348757344811,3.5338938074575967,3.3473678487576204,3.303957367411073,3.5151525819262943,3.835159553403822,3.759954862252614,0,3.5421841672286565,3.15700257383949,3.306771486788334,2.7507273353646444,3.4225819286485573,3.7126345224794317,3.191764006602588,3.1355681602646253,3.521914669311856,3.1660616821066276,3.3004363462645636,3.418510200289493,3.5004905462307065,3.319599464479865,3.384943643440472,3.045446770173257,3.4951543861423535,3.540245097311683,3.40433220041518,3.0264332563712726,3.2435122475041966,3.5470562353845465,3.001304833414112
Irish,3.6554357515464457,3.334811174798988,2.9650492283256913,3.78770771077515,3.240205061148689,3.6400974086961315,3.8127162028790265,3.5090957088726933,3.500170078641012,3.5613357293798207,3.5233694614832136,3.458055463225093,3.5974299785871335,3.5394953868424515,3.612132210625476,3.6563054391001106,3.910338673902656,3.8294878054400936,3.5421841672286565,0,3.143303311952646,3.5014609618140358,2.9460463605253744,3.5303636320290988,3.7939195926843663,2.9617514588496494,4.021402167960892,3.4859076971537966,3.1985718158009644,3.3178481119238152,3.3842132089947676,3.62540836825337,3.5150493665089395,3.6546277633463427,2.986506567413741,3.641544348625467,3.666534157452361,3.333883798213791,3.5926930537939112,3.4164858685756827,3.56122589359375,2.666538687598334
Italian,3.177306234685879,3.033217396945482,3.078398344423354,3.1978682881670997,3.046398956043929,3.051460573959123,2.7533306445426238,3.013324354541836,3.197546909662444,3.153761782490238,3.1929037269700107,3.272759038093792,2.8755725036142312,2.5823026052675777,3.206519234328938,3.138000167913645,3.359990511869621,3.384046293447394,3.15700257383949,3.143303311952646,0,3.319677060094628,2.892069980386374,3.1000711343843452,3.23206857810626,2.9232668214598037,3.252598266108528,3.108973344244097,3.1396491568244023,3.1762497046420934,2.758017702533868,2.7542517952106293,3.15020964331249,3.125992615974004,2.922273404308177,3.1369874131376045,3.1658003738070146,2.5892496769341204,3.146246484895148,3.0659970589733923,3.227357379340364,2.85297425174662
Latvian,3.3264575965448926,3.391832289952064,3.1967725607568327,3.5750934408429975,3.060232911958326,3.4060649546250605,3.6131791578321737,3.2943751456960295,3.239624605110716,3.5392374706948804,3.396557684362398,3.6505202511138624,3.450524107950709,3.423167039571531,3.5478902114789896,3.4962357385200264,3.763780554985907,3.7743590406703067,3.306771486788334,3.5014609618140358,3.319677060094628,0,2.4828826847258796,3.2754546661314716,3.6445445485436583,3.367650240709805,3.5285624329612983,3.475614665581711,3.353006934212148,3.149772738525644,3.4104303224849475,3.5136537460176607,3.122463835899627,3.1624132241619933,3.2349152563968038,3.2593078904037323,3.3697274853619437,3.508473526059391,3.5015285811772854,3.189667428016976,3.5428918001517347,3.2417797216936988
Lithuanian,2.8676681971355578,2.8830868926629236,2.9130978355435007,2.9743452688767644,2.6916816334944555,2.7407803895627123,2.949751171911036,2.622860305796039,2.796410575117018,2.9605597379690827,2.920206045685093,3.0485399908903137,2.9304784578834484,2.857872670494873,2.977900722491978,2.8240815307766383,3.0593972923433825,3.062426314947357,2.7507273353646444,2.9460463605253744,2.892069980386374,2.4828826847258796,0,2.7506915444878284,3.0246770380686008,2.899709001099362,2.873511407838248,2.88851678463022,2.8682896380734886,2.8845193859656733,2.936318715977782,2.8711251426156235,2.7234945017004004,2.627843044736986,2.7723187823834596,2.777641021791822,2.8025804424496132,2.874424299486326,2.895082318509794,2.6589653294625992,2.97688570381553,2.966750929486706
Macedonian,3.477468555545379,3.3552868082390366,3.1137111252557927,3.4927269437630026,2.2689314707019084,2.580579298556239,3.5597456609319216,2.5962313200806246,2.968146467800583,3.5955295386412103,3.4596622719264936,3.6785747444885057,3.5209071097911573,3.385373506844008,3.6216106955937404,3.5572782679192847,3.6466532722852376,3.5972523597898785,3.4225819286485573,3.5303636320290988,3.1000711343843452,3.2754546661314716,2.7506915444878284,0,3.60236976876511,3.110092796349548,3.683321683996153,3.415751314811931,3.2198028864693464,2.825882675419075,3.4064733927186324,3.4470170790781065,2.7666236237860056,2.3427444105570743,3.0450937635483966,2.8937771193752657,3.0551544635766565,3.312335607691688,3.5050819533358695,2.7185540797789414,3.4319158352957464,3.0732653433523014
Marathi,3.850075466052593,3.5924654609647777,3.1984683907994533,3.274210671471176,3.370411111249422,3.6957655420066255,3.87542537597985,3.600213490387545,3.5893059737428543,3.8902716401117514,3.66722398157485,3.730052169364731,3.744600927078377,3.7388174530064435,3.8129636314984237,3.7999675693089876,2.834079933872711,3.0394051051930555,3.7126345224794317,3.7939195926843663,3.23206857810626,3.6445445485436583,3.0246770380686008,3.60236976876511,0,2.832337869694291,4.078914198465853,3.6218391518247595,3.3780387598883315,3.41719270695415,3.6319347514802773,3.7641846913664425,3.601059370821886,3.690198461788618,3.1523156299656754,3.7612309413187184,3.8068958935497585,3.495601210410608,3.8183161951495586,3.5389123214208418,3.24926301650953,3.038734181181534
Nepali,3.0522356606657746,3.001192056046404,3.0088682614528466,2.6512911617598345,3.1012538944117987,3.1173007368054044,3.257656993193275,3.091838137937517,3.08938086604131,3.0549451319137475,3.114314906332758,3.2280642348724595,3.0346234526521503,2.9671057268823278,3.2264427569808483,3.1333972164773614,2.8328236623808096,2.7545319524212677,3.191764006602588,2.9617514588496494,2.9232668214598037,3.367650240709805,2.899709001099362,3.110092796349548,2.832337869694291,0,3.25302795869068,2.909836056936186,2.9929304285742537,3.1862842293037543,3.079059725151711,3.2220186664153854,3.2064406060883273,3.215269512235945,2.6786557034598277,3.1454810434526377,3.196231111035666,2.9649830838636415,3.191517930601743,3.1199444852887153,2.675193632042849,2.818020891507804
Norwegian,3.4177509509210697,3.6749862325756704,3.1374467287871037,3.967777572876691,3.291746477879952,3.843248316404676,3.9340122899503087,3.686969834965841,3.628509021354364,3.326049795957505,3.3480853831981428,3.4503924420990795,3.884020146616426,3.778547594346942,3.5537984491325565,3.914768235513966,4.049135732969817,3.975762703652978,3.1355681602646253,4.021402167960892,3.252598266108528,3.5285624329612983,2.873511407838248,3.683321683996153,4.078914198465853,3.25302795869068,0,3.882598480112538,3.399246993338149,3.34253988716618,3.595877433850289,3.7624863170807603,3.603151271886204,3.681937601882661,3.2798562212952986,3.7894975001705937,3.859561737015542,3.580424311928796,2.770835124231438,3.520708582876097,3.7441371798018857,3.0758241303719887
Pashto,3.5404450874327527,3.3205617669832677,2.9870589030028705,3.6046073653769373,3.161018871417125,3.5701623487892222,3.7681794865283718,3.4298357515289672,3.417522151648045,3.6161945828185753,3.487177958254109,3.6383256641147015,3.5031342223323674,3.5248678274638343,3.6516268461131576,3.566452589694589,3.7024358541491984,3.6072916938505415,3.521914669311856,3.4859076971537966,3.108973344244097,3.475614665581711,2.88851678463022,3.415751314811931,3.6218391518247595,2.909836056936186,3.882598480112538,0,2.9581673239656396,3.296688717651311,3.407625549824878,3.5354526679723337,3.4166898714050635,3.489024860336096,2.9069346347986054,3.5998799776708577,3.5682712115196136,3.315157710286162,3.629489451319402,3.333336564737689,3.2931971909398836,2.883332019789655
Persian,3.200063476348879,3.1680296068615608,2.9340932522422523,3.37485145278339,3.0537643465116546,3.2935473451985433,3.3902681172768734,3.1768530634106913,3.2625217250537344,3.2252717730729614,3.2261640050358005,3.3835621086053873,3.258791264631104,3.159702216217701,3.295873297618684,3.3248574546125558,3.479779000107488,3.4265194746561884,3.1660616821066276,3.1985718158009644,3.1396491568244023,3.353006934212148,2.8682896380734886,3.2198028864693464,3.3780387598883315,2.9929304285742537,3.399246993338149,2.9581673239656396,0,3.243915594588851,3.229832855745008,3.2492393352777396,3.2454833160325403,3.2278979643097263,2.9564930383118053,3.273244831765813,3.3003083813763046,3.177285995579487,3.2507275595459926,3.112802258624143,3.114425760438023,2.953080542706109
Polish,3.2687739204412836,3.2798149110323656,3.2050948880257524,3.3309405630509787,2.6171099089733794,2.8672276658509115,3.3603151087853567,2.7124717501196067,2.7126197037621123,3.3013427853800983,3.3481034500398303,3.4217214934142777,3.3376219832067804,3.261651440309597,3.4538840294159066,3.3733451289695027,3.4887500171265846,3.535166317276038,3.3004363462645636,3.3178481119238152,3.1762497046420934,3.149772738525644,2.8845193859656733,2.825882675419075,3.41719270695415,3.1862842293037543,3.34253988716618,3.296688717651311,3.243915594588851,0,3.242005904704845,3.2660493615645287,2.716058895917785,2.6862729622499817,3.103037588936413,2.456942445653756,2.8813854266991217,3.228876274120221,3.297090010849967,2.591912444519487,3.367737866015936,3.103600172455503
Portuguese,3.436334160263329,3.2430860994328636,3.0619146447772483,3.578673775439244,3.195869358614799,3.4731078418048793,2.986701366051316,3.463105862983622,3.477274147223152,3.440672194895848,3.412913955071488,3.427451353918117,3.1797226135049166,2.550631157244972,3.6630877308189067,3.511630628253539,3.793304163997258,3.7511422380203765,3.418510200289493,3.3842132089947676,2.758017702533868,3.4104303224849475,2.936318715977782,3.4064733927186324,3.6319347514802773,3.079059725151711,3.595877433850289,3.407625549824878,3.229832855745008,3.242005904704845,0,3.2747689632639103,3.3613514470816597,3.4637234466068465,3.053672764540478,3.4680371657646463,3.4782163875738843,2.609062897183618,3.4290316724916554,3.3185398364973624,3.446779300420555,2.908070625903212
Romanian,3.5890477159435803,3.4259949421970015,3.1550411902708766,3.694910273870283,3.2153240135029564,3.5017478528506936,3.3843520512064376,3.37522620976246,3.436329845135033,3.65275636358726,3.567363871596491,3.706462658606034,3.4174558854217656,3.2732898126451793,3.588413488768975,3.5663373211329485,3.8517317326709586,3.779103049419406,3.5004905462307065,3.62540836825337,2.7542517952106293,3.5136537460176607,2.8711251426156235,3.4470170790781065,3.7641846913664425,3.2220186664153854,3.7624863170807603,3.5354526679723337,3.2492393352777396,3.2660493615645287,3.2747689632639103,0,3.4302116283046975,3.4623349295430557,3.200854871038567,3.542396110432284,3.583281901584104,3.2316565389073872,3.6008480563187732,3.34206600341975,3.649812253487412,3.02328112115311
Russian,3.361203631214806,3.322095558074424,3.104805998994491,3.5449195726311062,2.461290546252316,2.9447848870595172,3.5601681522283455,2.7944268774913543,2.851059303018363,3.5024248791869272,3.4461854312822378,3.609484320332959,3.4697538551108953,3.3841851996169385,3.6066923446251593,3.5323639635096,3.7341796341594136,3.714130991647597,3.319599464479865,3.5150493665089395,3.15020964331249,3.122463835899627,2.7234945017004004,2.7666236237860056,3.601059370821886,3.2064406060883273,3.603151271886204,3.4166898714050635,3.2454833160325403,2.716058895917785,3.3613514470816597,3.4302116283046975,0,2.613377585168457,3.0376494663985816,2.7235268495949123,3.0439033945905254,3.3546298696554717,3.4932190273151735,2.4110625196699855,3.5263388449821793,3.1039855627844006
Serbian,3.458358550715917,3.4157031146875125,3.11899562908244,3.570707841830746,1.6801403043186356,2.7726588569685053,3.6176035580805546,2.1002413036746588,2.785693632686839,3.603326116448163,3.492994797570982,3.683239791874362,3.556444771783287,3.436647777470407,3.610918439732509,3.589366439912272,3.7468361632195775,3.7853044113010945,3.384943643440472,3.6546277633463427,3.125992615974004,3.1624132241619933,2.627843044736986,2.3427444105570743,3.690198461788618,3.215269512235945,3.681937601882661,3.489024860336096,3.2278979643097263,2.6862729622499817,3.4637234466068465,3.4623349295430557,2.613377585168457,0,3.1210857528928826,2.725603534104758,2.7740062546830573,3.3799150725275853,3.52998739755748,2.5252713127750392,3.560852200817122,3.110106788619769
Sinhala,3.0594788098565604,2.8553784229225303,2.8560491567692208,3.1164778716942343,2.954452534946048,3.0832590742285673,3.2262047055058387,3.02376688577874,3.0414588020443674,3.0631471967514927,3.1270513389758743,3.3285067311760184,3.0745516752378306,2.945623350206387,3.275141839052784,3.1336731910345033,3.3284961723604867,3.303936507916438,3.045446770173257,2.986506567413741,2.922273404308177,3.2349152563968038,2.7723187823834596,3.0450937635483966,3.1523156299656754,2.6786557034598277,3.2798562212952986,2.9069346347986054,2.9564930383118053,3.103037588936413,3.053672764540478,3.200854871038567,3.0376494663985816,3.1210857528928826,0,3.0868391157044655,3.1615417731201365,2.960591586414191,3.169651944377433,2.9949523591471774,3.0660979617948603,2.742048809097627
Slovak,3.5336520556514,3.4754505019896267,3.0696335929741334,3.623973832562198,2.4974338967217142,3.018180989940369,3.6645734790744244,2.7607358851036015,2.455674632999676,3.6287843219028506,3.5599844398706533,3.615017559792005,3.647560426562439,3.511057646811937,3.6976481645564507,3.700856309641364,3.823958324417518,3.835463773688773,3.4951543861423535,3.641544348625467,3.1369874131376045,3.2593078904037323,2.777641021791822,2.8937771193752657,3.7612309413187184,3.1454810434526377,3.7894975001705937,3.5998799776708577,3.273244831765813,2.456942445653756,3.4680371657646463,3.542396110432284,2.7235268495949123,2.725603534104758,3.0868391157044655,0,3.055874901246391,3.38149404848317,3.575359571285757,2.676596827935961,3.582598200321958,2.935907906955594
Slovenian,3.61164074432076,3.4708108114619654,3.2180426325215956,3.6615758172120816,2.6333239953593868,3.087736634747855,3.779300428803878,2.717237730601016,2.9923079253203793,3.7095557771777825,3.531083269931766,3.7552612638001364,3.579310295287863,3.574549860601296,3.6300420285477206,3.6648987302255516,3.82461212325365,3.8274135282799353,3.540245097311683,3.666534157452361,3.1658003738070146,3.3697274853619437,2.8025804424496132,3.0551544635766565,3.8068958935497585,3.196231111035666,3.859561737015542,3.5682712115196136,3.3003083813763046,2.8813854266991217,3.4782163875738843,3.583281901584104,3.0439033945905254,2.7740062546830573,3.1615417731201365,3.055874901246391,0,3.418119795190804,3.660751361431356,2.9752273187315676,3.6098416580875967,3.0629966035192115
Spanish,3.454334709349022,3.2827685532278887,3.1137569198689246,3.4930542403880978,3.1547431806929227,3.3196069820617,2.8257355632733145,3.289041918453166,3.307870763335718,3.4117255117372944,3.3847515627140363,3.504581595421008,3.1289139231906096,2.2602519879143212,3.4974049957656326,3.3916393633564863,3.6024866454541384,3.5555029121857245,3.40433220041518,3.333883798213791,2.5892496769341204,3.508473526059391,2.874424299486326,3.312335607691688,3.495601210410608,2.9649830838636415,3.580424311928796,3.315157710286162,3.177285995579487,3.228876274120221,2.609062897183618,3.2316565389073872,3.3546298696554717,3.3799150725275853,2.960591586414191,3.38149404848317,3.418119795190804,0,3.4452823707087563,3.2596372105128384,3.388795870400502,2.883326147833304
Swedish,3.2579221039901167,3.5629386280033075,3.1168931473674557,3.715102280638351,3.267511741308535,3.578263454072045,3.685012222682799,3.4905900418636944,3.494690043818279,3.103759419855434,3.1621643933893413,3.3880469306576604,3.645765510567447,3.4859827204830487,3.236541376585638,3.696818518406736,3.851736085272759,3.7830213982853564,3.0264332563712726,3.5926930537939112,3.146246484895148,3.5015285811772854,2.895082318509794,3.5050819533358695,3.8183161951495586,3.191517930601743,2.770835124231438,3.629489451319402,3.2507275595459926,3.297090010849967,3.4290316724916554,3.6008480563187732,3.4932190273151735,3.52998739755748,3.169651944377433,3.575359571285757,3.660751361431356,3.4452823707087563,0,3.4019180976134447,3.584095076251258,3.0041247339133776
Ukrainian,3.315625984787745,3.255244363202258,3.108385827419468,3.429775228963408,2.4110467648395586,2.909080108975713,3.4800669027166258,2.6563038466658098,2.727529351021412,3.4168835334424354,3.4019839052501415,3.587164595267233,3.3628188495668665,3.3145740359722864,3.5050060659650506,3.409721972723902,3.62027523948806,3.605175052322323,3.2435122475041966,3.4164858685756827,3.0659970589733923,3.189667428016976,2.6589653294625992,2.7185540797789414,3.5389123214208418,3.1199444852887153,3.520708582876097,3.333336564737689,3.112802258624143,2.591912444519487,3.3185398364973624,3.34206600341975,2.4110625196699855,2.5252713127750392,2.9949523591471774,2.676596827935961,2.9752273187315676,3.2596372105128384,3.4019180976134447,0,3.4610860595500372,3.003245815621762
Urdu,3.600917695766695,3.4145445899846525,3.1662173665239806,3.124332426947197,3.306564580470824,3.4790911851208004,3.7245448813245474,3.4874748271200673,3.416619686682642,3.6024515858644124,3.50284866782146,3.620934181782987,3.5316178146857267,3.525457918471764,3.638228636141348,3.63478520062493,3.217251054252009,2.635784756908026,3.5470562353845465,3.56122589359375,3.227357379340364,3.5428918001517347,2.97688570381553,3.4319158352957464,3.24926301650953,2.675193632042849,3.7441371798018857,3.2931971909398836,3.114425760438023,3.367737866015936,3.446779300420555,3.649812253487412,3.5263388449821793,3.560852200817122,3.0660979617948603,3.582598200321958,3.6098416580875967,3.388795870400502,3.584095076251258,3.4610860595500372,0,3.017715963246496
Welsh,2.8755370134245677,2.893782601552048,2.9164248596359266,3.0956746873818344,3.0814397806983873,2.9300739039690424,3.080128596836748,2.947739399531469,2.95937646008203,2.831668884653362,2.9537504555077887,3.00357443701542,2.857573747515857,2.7994306535088884,3.021357081163795,2.9826929382740066,3.216798312117405,3.2166232958081937,3.001304833414112,2.666538687598334,2.85297425174662,3.2417797216936988,2.966750929486706,3.0732653433523014,3.038734181181534,2.818020891507804,3.0758241303719887,2.883332019789655,2.953080542706109,3.103600172455503,2.908070625903212,3.02328112115311,3.1039855627844006,3.110106788619769,2.742048809097627,2.935907906955594,3.0629966035192115,2.883326147833304,3.0041247339133776,3.003245815621762,3.017715963246496,0
