,Afrikaans,Albanian,Armenian,Bengali,Bosnian,Bulgarian,Catalan,Croatian,Czech,Danish,Dutch,English,French,Galician,German,Greek,Gujarati,Hindi,Icelandic,Irish,Italian,Latvian,Lithuanian,Macedonian,Marathi,Nepali,Norwegian,Pashto,Persian,Polish,Portuguese,Romanian,Russian,Serbian,Sinhala,Slovak,Slovenian,Spanish,Swedish,Ukrainian,Urdu,Welsh
Afrikaans,0,2.108194148334457,1.8288770944049129,2.2172039469687395,1.9524586404301807,2.0328258920527147,2.175625238420686,2.035750211482222,2.0867611704384545,2.051518907510747,1.812575710128926,1.9204600967042689,2.043308738701495,2.0839040351540854,1.968431803428513,2.1065778606403924,2.2536883551232645,2.2010046873179325,1.8852774188515073,2.1611026101342605,1.8876775453821937,2.1446977174289783,1.9393635044751953,2.0546461020227444,2.259223376060654,1.9803716386708645,1.9736340774621681,2.041944957438048,1.9787372324271026,2.0327313579344657,2.1091651884361977,2.0515167384539383,1.9930126966699493,2.0355824617070613,2.0279501680759524,2.1351075816021226,2.1242729439097965,2.062931287220084,2.0013670023928465,1.993996363408745,2.163178547542648,1.7982456072636053
Albanian,2.108194148334457,0,1.9412407257532922,2.310594567575902,2.219097417592872,2.2194419785643094,2.260183211565698,2.2132386308818988,2.317429113624741,2.356773356895023,2.294555854545169,2.338172772783317,2.1823834427356585,2.1417185891198507,2.3180958916806396,2.23440850686415,2.4172162878594423,2.349292821009182,2.2019983243802663,2.178260000170647,2.097838769671932,2.3741710415188533,2.117601524114407,2.247130969932757,2.332541438291365,2.2227139820830657,2.351933393813935,2.08001959826434,2.1067043157100223,2.2503893118469858,2.245045663239028,2.2773010145358468,2.2053246017270514,2.2385372926993785,1.9823674825220936,2.3040503939096166,2.3132300313908356,2.219586561469902,2.3195990236355026,2.200534504196924,2.285207712001043,2.0264233855981137
Armenian,1.8288770944049129,1.9412407257532922,0,2.116196580484745,2.00880397643372,2.036436775703569,2.1081656348174045,2.0348117029408215,2.128133676305694,2.0728960988699807,2.146619018704297,2.162999863224135,1.9254675113762634,1.9838790652443372,2.0736191685341736,1.948091819616725,2.2268710800946327,2.131875752138662,1.934670657747046,1.9326016895717812,2.0435227447995303,2.16246806659034,2.1730466481111095,2.122005078172361,2.114766784432383,2.058846080889544,1.9553786091526288,1.8809248990106633,1.997052686058236,2.219074031870795,2.1035480891553973,2.0494550709571753,2.0599060233712367,2.062949203771286,1.956212422203382,2.062166859010237,2.0994996824512784,2.103698875016712,2.1129887645316945,2.107102770684502,2.1184874490756593,2.058246820171794
Bengali,2.2172039469687395,2.310594567575902,2.116196580484745,0,2.0508633070743145,1.9477559527266264,2.0279820353136255,1.9774602107468096,2.005016581133817,2.023866892906797,2.0649553239583893,2.0209300456619697,2.0015653787610845,2.0886662011284414,1.9813841959291134,2.0291160504106234,1.8730340839086064,1.829499664431811,2.101954292127383,2.0959187328348534,1.8122115604250302,2.1258101241320673,1.9216681748503166,1.933993952707104,1.8902405038753045,1.8914921648765168,2.2061602589825218,2.0550068709423104,2.0645074839968185,1.9047246424584634,2.0343244386791044,1.9637689177394362,1.9956342487785272,1.9897508397297596,2.100431854284852,2.007905047439295,2.075151943548047,1.9918050920100805,2.0670859010424443,1.9342654678942344,1.7966692603357384,1.7694249089707683
Bosnian,1.9524586404301807,2.219097417592872,2.00880397643372,2.0508633070743145,0,1.83576935386864,2.1269849284160203,1.6406837790658086,1.839248507910803,1.8878244865311224,2.1244773493343687,2.080318267479908,1.851069061168505,2.113501793245417,2.0023767726281587,1.9872933505997215,2.1965881385772907,2.033629890439312,2.075798265083354,2.1215891036687284,1.8927370659569822,1.992432963672035,2.042922209051519,1.7695361079581964,2.147777226380442,1.8032456363565572,1.8785880047434678,2.0611994952161905,2.1986450912661146,1.8239972220268896,2.045789532918319,1.9185984731917696,1.7310538444640562,1.4808753992959791,2.215231563467694,1.6969126386585756,1.7225199307187447,2.0879759103359077,2.13599880292057,1.8045575326808383,2.024135751249462,1.9709796281204945
Bulgarian,2.0328258920527147,2.2194419785643094,2.036436775703569,1.9477559527266264,1.83576935386864,0,1.8723926386711265,1.5765098697116537,1.757627174433651,1.8979790046509584,1.9208256163168052,1.8549970800538544,1.9083366156228718,1.9081490153018301,1.9288988630344535,1.9631194064939193,1.9942740624776965,2.0018350930426436,1.9397778947417628,1.9687928975256315,1.7369558025533556,2.101322217802737,1.809442556070757,1.505458090630107,1.9513694796111276,2.1182297225729334,2.0830539332990057,1.957921131280218,1.9739124372938985,1.7211680753342542,1.9290531430826536,1.9368976634691466,1.7020571950150627,1.6562387523090136,2.09388609212925,1.7634063168624114,1.8201050648075632,1.8417691071569546,1.965808311062821,1.657387695271062,1.8979119335580095,1.6471779008684924
Catalan,2.175625238420686,2.260183211565698,2.1081656348174045,2.0279820353136255,2.1269849284160203,1.8723926386711265,0,1.866590199578417,2.01198693709739,1.9408595089679117,1.9547164207785734,1.921993328928238,1.8098418683736817,1.7917395276403385,1.9536114419621093,1.9642156740090135,2.016146396646099,2.0275470339916275,2.0304705248083263,2.0134628416361426,1.6348343829965983,2.191434757253781,1.876045116942635,1.8927697509261188,1.9658475701792417,2.1790704891992667,2.0888386171860613,2.0857004569481137,2.055197564194469,1.915242109346768,1.7456698636731494,1.8364470059982465,1.980336573484542,1.9806355381989489,2.121497348957772,1.9790122685116869,2.0247697650054857,1.6079165279747598,1.9863216162766184,1.9120962505422006,1.9866768132381663,1.7384674661608748
Croatian,2.035750211482222,2.2132386308818988,2.0348117029408215,1.9774602107468096,1.6406837790658086,1.5765098697116537,1.866590199578417,0,1.7314143354114764,1.857024652012304,1.9553112048572086,1.9546814652983775,1.858046296365879,1.9460228978513252,1.9352283906364875,1.9092529564583811,2.032555691890152,2.003191267014273,1.9848016112855844,1.9853602200726066,1.7544919058199226,2.0847641226925178,1.8142916534970857,1.593075313084288,1.9563273150294582,2.1105256763483644,2.0257447993724194,1.979050706649304,1.9897103455808907,1.6722778659288648,1.9472426103490283,1.8875056982734508,1.7127811250651894,1.4882751474162137,2.0875393592167133,1.652846628098272,1.6231720631796869,1.8644333906511683,1.9789357252798518,1.6434179580123027,1.9331804869113012,1.7338049546468255
Czech,2.0867611704384545,2.317429113624741,2.128133676305694,2.005016581133817,1.839248507910803,1.757627174433651,2.01198693709739,1.7314143354114764,0,1.8711523673404964,1.9630973996654335,1.936054303397674,1.9302083234242164,2.063724031610385,1.9734998257908793,2.023811306548588,2.1267404595316437,2.1049857324908716,2.03041976970629,2.0925802429965836,1.8263333417618741,2.081257040226115,1.9406910197707876,1.7548483415167224,2.091073064832659,2.0312473356226404,2.0935572197439773,2.0213005171243816,2.048636380698014,1.7541703892188942,1.9982694949746045,1.9683125813876272,1.7281023480409825,1.6899129354707034,2.2154532324106824,1.6345121596184538,1.766729742536586,1.978190942408609,2.009200302885999,1.6850696998968997,1.9690128549919017,1.7785763746864347
Danish,2.051518907510747,2.356773356895023,2.0728960988699807,2.023866892906797,1.8878244865311224,1.8979790046509584,1.9408595089679117,1.857024652012304,1.8711523673404964,0,1.7840871391442803,1.6887754679146636,1.8734483126819381,2.071033077939854,1.7020799190837237,1.940781009986813,2.0076774256054994,1.9394187745966796,1.8356285903182008,2.075994058771489,1.6403065713432632,2.0778060322163525,1.8570170513227409,1.8995221587374662,2.0128068057321,1.891316407515024,1.847937109049579,2.096145531011734,2.0286311980186005,1.78675850233116,1.8730612024795084,1.833764747957436,1.888249723400066,1.9442525177349534,2.196979381623289,1.869364678448832,1.8956197537322994,1.8677855001568286,1.776505176729691,1.827780379354812,1.9197897450138628,1.579296812439635
Dutch,1.812575710128926,2.294555854545169,2.146619018704297,2.0649553239583893,2.1244773493343687,1.9208256163168052,1.9547164207785734,1.9553112048572086,1.9630973996654335,1.7840871391442803,0,1.7743107124442197,1.9450032747525006,2.0240492877153087,1.7125649764826987,1.9774534552999106,2.034667356030066,2.071819435384023,1.9030268561870518,2.0350317083657243,1.8272366365266581,2.1841747261593323,1.9450838011509108,1.8907400611574683,2.0128604251655053,2.163559481726721,1.9725477489917398,2.056932055372617,2.030423984341658,1.9484828619028318,1.9258900219857618,1.965267021441241,1.9666438012007894,1.9856236813503916,2.250105131907221,1.9649232111169697,1.945928746424751,1.8848352150148553,1.8689842319529593,1.9095757508405677,2.0251214124102996,1.79915636202449
English,1.9204600967042689,2.338172772783317,2.162999863224135,2.0209300456619697,2.080318267479908,1.8549970800538544,1.921993328928238,1.9546814652983775,1.936054303397674,1.6887754679146636,1.7743107124442197,0,1.8584635217745518,1.9861053322763966,1.7588878196196318,2.0245373664770674,1.9814062089790054,1.9793306136457516,1.939908168208361,1.955315864132781,1.7486567906538744,2.1838702606587774,1.9091889483626407,1.9374508262315464,1.955745330910792,2.069640722629164,1.8377963954735386,2.0504172303840233,2.075040758326758,1.9054925865789858,1.9637414624559797,1.9088066029279953,1.954753910725517,1.9941247063754937,2.2281748600224587,1.967658125749612,2.0433074185981472,1.9423052231281144,1.8640075511034142,1.935730770180182,1.9583371563907583,1.6923830350415456
French,2.043308738701495,2.1823834427356585,1.9254675113762634,2.0015653787610845,1.851069061168505,1.9083366156228718,1.8098418683736817,1.858046296365879,1.9302083234242164,1.8734483126819381,1.9450032747525006,1.8584635217745518,0,1.929295066276862,1.9324190278629028,1.8877172055355107,2.057784602379686,1.9919180591249757,1.960695696294166,2.026934663093322,1.5586580242365755,1.9935393099674525,1.803763796067561,1.8799048156748617,1.9886022865033912,1.9036937603249855,2.014171155205451,2.0063323686017633,1.9845018222999367,1.8216989575897393,1.82252438817802,1.7572094872968527,1.88450264483203,1.9115885578917156,2.0512998197958754,1.9233451032166606,1.8824630698929028,1.738051325735543,2.0037750128286893,1.8593867126922086,1.918837174189466,1.6258330566477552
Galician,2.0839040351540854,2.1417185891198507,1.9838790652443372,2.0886662011284414,2.113501793245417,1.9081490153018301,1.7917395276403385,1.9460228978513252,2.063724031610385,2.071033077939854,2.0240492877153087,1.9861053322763966,1.929295066276862,0,2.0338776986971894,2.071118799552098,2.1503746872975036,2.149218735498908,1.9486513533490142,1.9929208739771567,1.6850924510950631,2.225663058142424,1.9139258367725127,1.928789015235559,2.1073835993854466,2.1448285410496517,2.2463695184838586,1.9913497547410153,1.9106982851191705,2.018468459809989,1.7025875158870991,1.9569801116500563,1.99035629566855,1.983747812383133,1.9505805364794548,2.105433855291288,2.123201502180942,1.557456758041815,2.004408781144585,1.9312161828692835,2.0488241941356047,1.7146795716020562
German,1.968431803428513,2.3180958916806396,2.0736191685341736,1.9813841959291134,2.0023767726281587,1.9288988630344535,1.9536114419621093,1.9352283906364875,1.9734998257908793,1.7020799190837237,1.7125649764826987,1.7588878196196318,1.9324190278629028,2.0338776986971894,0,1.8969566615166937,2.0303595719193925,1.9879687154221082,1.9022821189769836,2.0267013626024992,1.7518882718491986,2.116961691322718,1.9087139704130356,1.9443135697634155,2.0079426357118266,2.0285723657067187,1.9602732585440652,2.050336253139277,2.0727659010649457,1.920793206976925,2.0069692533239505,1.8935049166287286,1.9646627694461443,1.973509673435531,2.2402124471158866,1.9800908883157444,1.9361627983339114,1.9245641197965164,1.8313298445594037,1.9013598521958444,1.9475223570115459,1.7171959345515067
Greek,2.1065778606403924,2.23440850686415,1.948091819616725,2.0291160504106234,1.9872933505997215,1.9631194064939193,1.9642156740090135,1.9092529564583811,2.023811306548588,1.940781009986813,1.9774534552999106,2.0245373664770674,1.8877172055355107,2.071118799552098,1.8969566615166937,0,2.0876787813995707,1.9847035707071636,1.9867037367505964,2.070568039707901,1.772402246548764,2.0154963022016172,1.8144319662819164,1.9796612876432933,2.0316460951167885,2.0126576889808763,2.055295762865376,2.030884498160023,2.04018854435702,1.9058576541244554,1.9943393344205769,1.8821311184565255,1.9640449826698705,1.9932802025669738,2.100403999882852,1.990041305615572,1.9877534808460253,1.9077330483949493,2.068868026529484,1.9255894136415819,1.9849558552558362,1.7388351910820805
Gujarati,2.2536883551232645,2.4172162878594423,2.2268710800946327,1.8730340839086064,2.1965881385772907,1.9942740624776965,2.016146396646099,2.032555691890152,2.1267404595316437,2.0076774256054994,2.034667356030066,1.9814062089790054,2.057784602379686,2.1503746872975036,2.0303595719193925,2.0876787813995707,0,1.636590783748705,2.1761061234058654,2.174706331410666,1.898703261903495,2.291661469068785,1.9515621700385835,1.9983919847364982,1.5455137396407335,2.0572405417279005,2.156649074380601,2.1226092612804845,2.172073762731937,1.9916295808557765,2.129128273356305,2.007630596039228,2.135610655020171,2.1080270794314195,2.2394700388700155,2.0974728565456484,2.103440969509789,2.0018161627391424,2.1037190375902983,2.0357180240334234,1.8592098113244564,1.866457936275317
Hindi,2.2010046873179325,2.349292821009182,2.131875752138662,1.829499664431811,2.033629890439312,2.0018350930426436,2.0275470339916275,2.003191267014273,2.1049857324908716,1.9394187745966796,2.071819435384023,1.9793306136457516,1.9919180591249757,2.149218735498908,1.9879687154221082,1.9847035707071636,1.636590783748705,0,2.169645794565008,2.129923344216172,1.8532538486140826,2.185465807697384,1.943856734868101,2.01412298143219,1.6787728060881701,1.8600357036300537,2.0569298671224794,2.0771260034353696,2.1427664666198187,1.9578686950805486,2.1210177369572927,1.8902204357324308,2.0604335430168006,2.074270682395454,2.181455304559799,2.026583902399821,2.021419243249886,2.0059286163304497,2.0799720947506177,2.030429352108904,1.6219118749068553,1.8332659878963236
Icelandic,1.8852774188515073,2.2019983243802663,1.934670657747046,2.101954292127383,2.075798265083354,1.9397778947417628,2.0304705248083263,1.9848016112855844,2.03041976970629,1.8356285903182008,1.9030268561870518,1.939908168208361,1.960695696294166,1.9486513533490142,1.9022821189769836,1.9867037367505964,2.1761061234058654,2.169645794565008,0,2.0153511642907356,1.8593521681253682,2.1175691459138557,1.86818229686256,1.9621600822847047,2.1131469747022287,2.1742166135118257,1.9836997093913253,1.9810123898790584,1.966016484477465,2.0222810279175443,2.030060932508483,2.0318417894533796,1.9466407209011076,1.9849647382816904,2.046165886702494,2.038120396204026,2.0791224586058434,1.9912145365233953,1.8859843487404437,1.9176302459563737,2.071220647461652,1.8059525762841966
Irish,2.1611026101342605,2.178260000170647,1.9326016895717812,2.0959187328348534,2.1215891036687284,1.9687928975256315,2.0134628416361426,1.9853602200726066,2.0925802429965836,2.075994058771489,2.0350317083657243,1.955315864132781,2.026934663093322,1.9929208739771567,2.0267013626024992,2.070568039707901,2.174706331410666,2.129923344216172,2.0153511642907356,0,1.8267144774409694,2.178439379228443,1.9048585351303813,1.9761077564260419,2.113917175571484,2.118949808588972,2.2701279139911983,1.9945279980363846,1.9534891131984886,1.9833946308685704,1.9728107260722352,1.9913924830881728,2.0223907585258782,2.068318531159278,1.9670914293134423,2.125187529559145,2.1109835701774116,1.8597765658789043,2.0082041597051576,1.9476858864886004,2.02185274233947,1.6466025294684246
Italian,1.8876775453821937,2.097838769671932,2.0435227447995303,1.8122115604250302,1.8927370659569822,1.7369558025533556,1.6348343829965983,1.7544919058199226,1.8263333417618741,1.6403065713432632,1.8272366365266581,1.7486567906538744,1.5586580242365755,1.6850924510950631,1.7518882718491986,1.772402246548764,1.898703261903495,1.8532538486140826,1.8593521681253682,1.8267144774409694,0,2.0438307566456366,1.9666526296751021,1.7794721684189032,1.8309416109053878,1.8974324621406349,1.8021043609675311,1.8461828990081521,2.0128798461508692,1.8377444045781097,1.6610650260085429,1.5616168620686441,1.8000534880133776,1.8071937707689207,2.102178597045634,1.7613907022671311,1.809947543801558,1.6530850825027006,1.8523411233281384,1.812191525361078,1.8080320538140153,1.6558980146107816
Latvian,2.1446977174289783,2.3741710415188533,2.16246806659034,2.1258101241320673,1.992432963672035,2.101322217802737,2.191434757253781,2.0847641226925178,2.081257040226115,2.0778060322163525,2.1841747261593323,2.1838702606587774,1.9935393099674525,2.225663058142424,2.116961691322718,2.0154963022016172,2.291661469068785,2.185465807697384,2.1175691459138557,2.178439379228443,2.0438307566456366,0,1.6766555564491676,2.102997755874586,2.2325069015371963,2.1869622161682774,2.0922391989836213,2.163501604353816,2.258411426012179,1.9893935673602727,2.159763895597849,2.029909555378627,1.9686698649244472,2.015386287946463,2.3485053969174032,1.9884502261534442,2.013736769033382,2.24719929646347,2.240767046435632,2.0553379896401354,2.103942686777149,2.041720307754983
Lithuanian,1.9393635044751953,2.117601524114407,2.1730466481111095,1.9216681748503166,2.042922209051519,1.809442556070757,1.876045116942635,1.8142916534970857,1.9406910197707876,1.8570170513227409,1.9450838011509108,1.9091889483626407,1.803763796067561,1.9139258367725127,1.9087139704130356,1.8144319662819164,1.9515621700385835,1.943856734868101,1.86818229686256,1.9048585351303813,1.9666526296751021,1.6766555564491676,0,1.8593262681393148,1.9046831259240693,2.1708894412924553,1.8524218851537346,1.9000588317951255,2.0926949135157704,1.958228967101721,1.9620588089922835,1.8530437804683573,1.8470673617890254,1.8001562049902342,2.1186483682456068,1.8294507649058998,1.8827319495486825,1.9318054835902376,1.9299038555557968,1.8589890233499682,1.9195060434818378,2.0125690309851128
Macedonian,2.0546461020227444,2.247130969932757,2.122005078172361,1.933993952707104,1.7695361079581964,1.505458090630107,1.8927697509261188,1.593075313084288,1.7548483415167224,1.8995221587374662,1.8907400611574683,1.9374508262315464,1.8799048156748617,1.928789015235559,1.9443135697634155,1.9796612876432933,1.9983919847364982,2.01412298143219,1.9621600822847047,1.9761077564260419,1.7794721684189032,2.102997755874586,1.8593262681393148,0,1.9683120672131134,2.1345838948460294,2.100189856207089,1.9465561010796686,2.0129240846751912,1.735956056534162,1.901094799179326,1.9415149804922855,1.6336670819728207,1.4554001486850412,2.1098969601663837,1.7159871642262594,1.8071953214317478,1.8520551378108694,1.9766887207416894,1.5784574861436458,1.9310175934284355,1.7628264358033532
Marathi,2.259223376060654,2.332541438291365,2.114766784432383,1.8902405038753045,2.147777226380442,1.9513694796111276,1.9658475701792417,1.9563273150294582,2.091073064832659,2.0128068057321,2.0128604251655053,1.955745330910792,1.9886022865033912,2.1073835993854466,2.0079426357118266,2.0316460951167885,1.5455137396407335,1.6787728060881701,2.1131469747022287,2.113917175571484,1.8309416109053878,2.2325069015371963,1.9046831259240693,1.9683120672131134,0,2.060996515499124,2.1526123912825272,2.080992099581505,2.0968228484863767,1.941386476239761,2.0532378910806894,1.973006124006188,2.050413684395386,2.060609534294319,2.1368037256200534,2.041070891292221,2.0810897427220336,1.9152291723036146,2.069534724735721,1.9785383359719257,1.8567927169280558,1.78375717253661
Nepali,1.9803716386708645,2.2227139820830657,2.058846080889544,1.8914921648765168,1.8032456363565572,2.1182297225729334,2.1790704891992667,2.1105256763483644,2.0312473356226404,1.891316407515024,2.163559481726721,2.069640722629164,1.9036937603249855,2.1448285410496517,2.0285723657067187,2.0126576889808763,2.0572405417279005,1.8600357036300537,2.1742166135118257,2.118949808588972,1.8974324621406349,2.1869622161682774,2.1708894412924553,2.1345838948460294,2.060996515499124,0,1.937752014770327,2.0579415035033914,2.214279043387002,2.101234421415394,2.113564180411191,1.930652129047691,2.0755612027361803,2.0693894193252937,2.1669035197549085,2.004375853917591,2.0178956503933883,2.159764929003512,2.1462333604614594,2.10193157472438,1.905236535688626,1.9355650596651595
Norwegian,1.9736340774621681,2.351933393813935,1.9553786091526288,2.2061602589825218,1.8785880047434678,2.0830539332990057,2.0888386171860613,2.0257447993724194,2.0935572197439773,1.847937109049579,1.9725477489917398,1.8377963954735386,2.014171155205451,2.2463695184838586,1.9602732585440652,2.055295762865376,2.156649074380601,2.0569298671224794,1.9836997093913253,2.2701279139911983,1.8021043609675311,2.0922391989836213,1.8524218851537346,2.100189856207089,2.1526123912825272,1.937752014770327,0,2.280542031555339,2.1582041628915616,1.9410403268337033,2.1098710857209473,1.9484381696949038,2.0428297593764575,2.084844461228402,2.2095855204781247,2.0497198658544007,2.0233209231689226,2.020501216575904,1.7938249505436663,2.0240610886616524,2.1039038733329223,1.7900535472540673
Pashto,2.041944957438048,2.08001959826434,1.8809248990106633,2.0550068709423104,2.0611994952161905,1.957921131280218,2.0857004569481137,1.979050706649304,2.0213005171243816,2.096145531011734,2.056932055372617,2.0504172303840233,2.0063323686017633,1.9913497547410153,2.050336253139277,2.030884498160023,2.1226092612804845,2.0771260034353696,1.9810123898790584,1.9945279980363846,1.8461828990081521,2.163501604353816,1.9000588317951255,1.9465561010796686,2.080992099581505,2.0579415035033914,2.280542031555339,0,1.7825880042553452,1.9855747427377037,2.019637278264093,2.031940303577274,1.9752367364536894,2.003600131022526,1.9103320134603272,2.090153898720542,2.100426699677246,1.9498479347542446,2.0755466437464283,1.9182863295861474,1.9779059598024902,1.7291283704869715
Persian,1.9787372324271026,2.1067043157100223,1.997052686058236,2.0645074839968185,2.1986450912661146,1.9739124372938985,2.055197564194469,1.9897103455808907,2.048636380698014,2.0286311980186005,2.030423984341658,2.075040758326758,1.9845018222999367,1.9106982851191705,2.0727659010649457,2.04018854435702,2.172073762731937,2.1427664666198187,1.966016484477465,1.9534891131984886,2.0128798461508692,2.258411426012179,2.0926949135157704,2.0129240846751912,2.0968228484863767,2.214279043387002,2.1582041628915616,1.7825880042553452,0,2.1304801213613165,2.049088035905261,2.0764412214631602,2.017130164076804,2.013467896536067,2.06484211136728,2.0857760475641993,2.124590163013185,2.016402226034524,2.023936843500473,1.9801787550254426,1.999509731817653,1.9306598112061468
Polish,2.0327313579344657,2.2503893118469858,2.219074031870795,1.9047246424584634,1.8239972220268896,1.7211680753342542,1.915242109346768,1.6722778659288648,1.7541703892188942,1.78675850233116,1.9484828619028318,1.9054925865789858,1.8216989575897393,2.018468459809989,1.920793206976925,1.9058576541244554,1.9916295808557765,1.9578686950805486,2.0222810279175443,1.9833946308685704,1.8377444045781097,1.9893935673602727,1.958228967101721,1.735956056534162,1.941386476239761,2.101234421415394,1.9410403268337033,1.9855747427377037,2.1304801213613165,0,1.922664544291799,1.8353468350227402,1.7150204858824112,1.700562860686199,2.223122199105719,1.5670178860481003,1.7337453591075762,1.9399109125463512,1.9998778145480582,1.6753545373157446,1.9032169110996426,1.8626304377271181
Portuguese,2.1091651884361977,2.245045663239028,2.1035480891553973,2.0343244386791044,2.045789532918319,1.9290531430826536,1.7456698636731494,1.9472426103490283,1.9982694949746045,1.8730612024795084,1.9258900219857618,1.9637414624559797,1.82252438817802,1.7025875158870991,2.0069692533239505,1.9943393344205769,2.129128273356305,2.1210177369572927,2.030060932508483,1.9728107260722352,1.6610650260085429,2.159763895597849,1.9620588089922835,1.901094799179326,2.0532378910806894,2.113564180411191,2.1098710857209473,2.019637278264093,2.049088035905261,1.922664544291799,0,1.8484501858436704,1.9104316221186681,1.9582225033884113,2.1699255961793527,1.927318167232299,1.9457406503677097,1.5643743919303719,1.9953394065789185,1.8851728466129438,1.9961730372310853,1.761244254348009
Romanian,2.0515167384539383,2.2773010145358468,2.0494550709571753,1.9637689177394362,1.9185984731917696,1.9368976634691466,1.8364470059982465,1.8875056982734508,1.9683125813876272,1.833764747957436,1.965267021441241,1.9088066029279953,1.7572094872968527,1.9569801116500563,1.8935049166287286,1.8821311184565255,2.007630596039228,1.8902204357324308,2.0318417894533796,1.9913924830881728,1.5616168620686441,2.029909555378627,1.8530437804683573,1.9415149804922855,1.973006124006188,1.930652129047691,1.9484381696949038,2.031940303577274,2.0764412214631602,1.8353468350227402,1.8484501858436704,0,1.9351305812308048,1.9561894290328423,2.155432382644155,1.9116040035280442,1.9226133466409299,1.8343081604296652,2.003196250422673,1.9381725025484366,1.9224051880987199,1.7128656060164527
Russian,1.9930126966699493,2.2053246017270514,2.0599060233712367,1.9956342487785272,1.7310538444640562,1.7020571950150627,1.980336573484542,1.7127811250651894,1.7281023480409825,1.888249723400066,1.9666438012007894,1.954753910725517,1.88450264483203,1.99035629566855,1.9646627694461443,1.9640449826698705,2.135610655020171,2.0604335430168006,1.9466407209011076,2.0223907585258782,1.8000534880133776,1.9686698649244472,1.8470673617890254,1.6336670819728207,2.050413684395386,2.0755612027361803,2.0428297593764575,1.9752367364536894,2.017130164076804,1.7150204858824112,1.9104316221186681,1.9351305812308048,0,1.5966161795959761,2.121254034504797,1.6819879952097292,1.7930849543415892,1.948759954407245,2.0230905598181486,1.541276152241379,1.9863125255126166,1.8119978477917622
Serbian,2.0355824617070613,2.2385372926993785,2.062949203771286,1.9897508397297596,1.4808753992959791,1.6562387523090136,1.9806355381989489,1.4882751474162137,1.6899129354707034,1.9442525177349534,1.9856236813503916,1.9941247063754937,1.9115885578917156,1.983747812383133,1.973509673435531,1.9932802025669738,2.1080270794314195,2.074270682395454,1.9849647382816904,2.068318531159278,1.8071937707689207,2.015386287946463,1.8001562049902342,1.4554001486850412,2.060609534294319,2.0693894193252937,2.084844461228402,2.003600131022526,2.013467896536067,1.700562860686199,1.9582225033884113,1.9561894290328423,1.5966161795959761,0,2.139830814598988,1.673817681957227,1.696441011270075,1.936049614394082,2.0402129149720656,1.5731396259901806,1.971232842484748,1.8017549736572065
Sinhala,2.0279501680759524,1.9823674825220936,1.956212422203382,2.100431854284852,2.215231563467694,2.09388609212925,2.121497348957772,2.0875393592167133,2.2154532324106824,2.196979381623289,2.250105131907221,2.2281748600224587,2.0512998197958754,1.9505805364794548,2.2402124471158866,2.100403999882852,2.2394700388700155,2.181455304559799,2.046165886702494,1.9670914293134423,2.102178597045634,2.3485053969174032,2.1186483682456068,2.1098969601663837,2.1368037256200534,2.1669035197549085,2.2095855204781247,1.9103320134603272,2.06484211136728,2.223122199105719,2.1699255961793527,2.155432382644155,2.121254034504797,2.139830814598988,0,2.184851515401166,2.227837081335649,2.058297980775035,2.1318333596880543,2.0978401687926125,2.0979254999212533,2.0000669320324715
Slovak,2.1351075816021226,2.3040503939096166,2.062166859010237,2.007905047439295,1.6969126386585756,1.7634063168624114,1.9790122685116869,1.652846628098272,1.6345121596184538,1.869364678448832,1.9649232111169697,1.967658125749612,1.9233451032166606,2.105433855291288,1.9800908883157444,1.990041305615572,2.0974728565456484,2.026583902399821,2.038120396204026,2.125187529559145,1.7613907022671311,1.9884502261534442,1.8294507649058998,1.7159871642262594,2.041070891292221,2.004375853917591,2.0497198658544007,2.090153898720542,2.0857760475641993,1.5670178860481003,1.927318167232299,1.9116040035280442,1.6819879952097292,1.673817681957227,2.184851515401166,0,1.676964449680412,1.920049868696074,2.0225331936767255,1.6276484297036604,1.9446349507924658,1.724640327865045
Slovenian,2.1242729439097965,2.3132300313908356,2.0994996824512784,2.075151943548047,1.7225199307187447,1.8201050648075632,2.0247697650054857,1.6231720631796869,1.766729742536586,1.8956197537322994,1.945928746424751,2.0433074185981472,1.8824630698929028,2.123201502180942,1.9361627983339114,1.9877534808460253,2.103440969509789,2.021419243249886,2.0791224586058434,2.1109835701774116,1.809947543801558,2.013736769033382,1.8827319495486825,1.8071953214317478,2.0810897427220336,2.0178956503933883,2.0233209231689226,2.100426699677246,2.124590163013185,1.7337453591075762,1.9457406503677097,1.9226133466409299,1.7930849543415892,1.696441011270075,2.227837081335649,1.676964449680412,0,1.9349703791242192,2.0776878994121604,1.7865663210438052,2.0124765742531876,1.8344903660498353
Spanish,2.062931287220084,2.219586561469902,2.103698875016712,1.9918050920100805,2.0879759103359077,1.8417691071569546,1.6079165279747598,1.8644333906511683,1.978190942408609,1.8677855001568286,1.8848352150148553,1.9423052231281144,1.738051325735543,1.557456758041815,1.9245641197965164,1.9077330483949493,2.0018161627391424,2.0059286163304497,1.9912145365233953,1.8597765658789043,1.6530850825027006,2.24719929646347,1.9318054835902376,1.8520551378108694,1.9152291723036146,2.159764929003512,2.020501216575904,1.9498479347542446,2.016402226034524,1.9399109125463512,1.5643743919303719,1.8343081604296652,1.948759954407245,1.936049614394082,2.058297980775035,1.920049868696074,1.9349703791242192,0,1.9705840651662985,1.8594771611287502,1.9660108668036798,1.7455735252169287
Swedish,2.0013670023928465,2.3195990236355026,2.1129887645316945,2.0670859010424443,2.13599880292057,1.965808311062821,1.9863216162766184,1.9789357252798518,2.009200302885999,1.776505176729691,1.8689842319529593,1.8640075511034142,2.0037750128286893,2.004408781144585,1.8313298445594037,2.068868026529484,2.1037190375902983,2.0799720947506177,1.8859843487404437,2.0082041597051576,1.8523411233281384,2.240767046435632,1.9299038555557968,1.9766887207416894,2.069534724735721,2.1462333604614594,1.7938249505436663,2.0755466437464283,2.023936843500473,1.9998778145480582,1.9953394065789185,2.003196250422673,2.0230905598181486,2.0402129149720656,2.1318333596880543,2.0225331936767255,2.0776878994121604,1.9705840651662985,0,1.9957177748639128,2.015996718766604,1.7862669070302641
Ukrainian,1.993996363408745,2.200534504196924,2.107102770684502,1.9342654678942344,1.8045575326808383,1.657387695271062,1.9120962505422006,1.6434179580123027,1.6850696998968997,1.827780379354812,1.9095757508405677,1.935730770180182,1.8593867126922086,1.9312161828692835,1.9013598521958444,1.9255894136415819,2.0357180240334234,2.030429352108904,1.9176302459563737,1.9476858864886004,1.812191525361078,2.0553379896401354,1.8589890233499682,1.5784574861436458,1.9785383359719257,2.10193157472438,2.0240610886616524,1.9182863295861474,1.9801787550254426,1.6753545373157446,1.8851728466129438,1.9381725025484366,1.541276152241379,1.5731396259901806,2.0978401687926125,1.6276484297036604,1.7865663210438052,1.8594771611287502,1.9957177748639128,0,1.9464370941251687,1.752622562384017
Urdu,2.163178547542648,2.285207712001043,2.1184874490756593,1.7966692603357384,2.024135751249462,1.8979119335580095,1.9866768132381663,1.9331804869113012,1.9690128549919017,1.9197897450138628,2.0251214124102996,1.9583371563907583,1.918837174189466,2.0488241941356047,1.9475223570115459,1.9849558552558362,1.8592098113244564,1.6219118749068553,2.071220647461652,2.02185274233947,1.8080320538140153,2.103942686777149,1.9195060434818378,1.9310175934284355,1.8567927169280558,1.905236535688626,2.1039038733329223,1.9779059598024902,1.999509731817653,1.9032169110996426,1.9961730372310853,1.9224051880987199,1.9863125255126166,1.971232842484748,2.0979254999212533,1.9446349507924658,2.0124765742531876,1.9660108668036798,2.015996718766604,1.9464370941251687,0,1.7233264506828008
Welsh,1.7982456072636053,2.0264233855981137,2.058246820171794,1.7694249089707683,1.9709796281204945,1.6471779008684924,1.7384674661608748,1.7338049546468255,1.7785763746864347,1.579296812439635,1.79915636202449,1.6923830350415456,1.6258330566477552,1.7146795716020562,1.7171959345515067,1.7388351910820805,1.866457936275317,1.8332659878963236,1.8059525762841966,1.6466025294684246,1.6558980146107816,2.041720307754983,2.0125690309851128,1.7628264358033532,1.78375717253661,1.9355650596651595,1.7900535472540673,1.7291283704869715,1.9306598112061468,1.8626304377271181,1.761244254348009,1.7128656060164527,1.8119978477917622,1.8017549736572065,2.0000669320324715,1.724640327865045,1.8344903660498353,1.7455735252169287,1.7862669070302641,1.752622562384017,1.7233264506828008,0
