,Afrikaans,Albanian,Armenian,Bengali,Bosnian,Bulgarian,Catalan,Croatian,Czech,Danish,Dutch,English,French,Galician,German,Greek,Gujarati,Hindi,Icelandic,Irish,Italian,Latvian,Lithuanian,Macedonian,Marathi,Nepali,Norwegian,Pashto,Persian,Polish,Portuguese,Romanian,Russian,Serbian,Sinhala,Slovak,Slovenian,Spanish,Swedish,Ukrainian,Urdu,Welsh
Afrikaans,0,21.989538337329183,23.282004653898543,25.892081311923945,23.900311853863325,22.840853932571264,25.27014837129031,22.246437949224006,22.735979832476573,19.647847503133303,16.336680063715765,19.946745203460587,21.57308848471017,20.925411836905635,20.70532060617102,21.824358158716556,25.89680493666675,25.91845257344735,19.848279823136263,20.858489317741395,23.290658861238438,25.3322030342374,32.706924039605305,22.82954385777114,23.90458649360031,21.29005107052632,20.633455016176814,20.125922838814265,22.99724633361039,25.372496943370685,21.599760632975105,22.619624996583468,22.762608547812203,22.86688375625054,21.527266241567407,21.79585677620308,22.469461860000102,21.61897701684669,21.27100823479638,23.085901174266485,22.67203154249447,22.691088274043256
Albanian,21.989538337329183,0,23.69486516625762,24.772746581284743,24.78275371893432,22.52947294562822,24.47101522254911,21.683045013460948,22.835818339993565,22.179426889528678,22.113544691108842,23.39455278094328,20.834805791334006,20.19038193979878,23.82804144045316,20.997624853567014,25.842487108331238,25.75312625322853,22.628347543087507,20.942302775508434,22.64766256529291,26.530223712430928,33.045330844527385,22.83858772840722,23.176961867008572,20.925527609786997,23.64416587852785,20.06517295426257,22.976023746561246,25.52753676702295,20.896714156542107,22.250029734947475,23.13096654033304,23.200282762295835,19.118797547758028,21.815886235234956,22.88317928420709,20.461303421205983,23.503570014603167,22.535197034116052,21.554042117326595,23.285863177810857
Armenian,23.282004653898543,23.69486516625762,0,26.796286384185102,24.978620361551386,24.471683442196568,26.436376580284772,23.693461957260745,25.325030176687907,24.053205557055946,24.29410837236702,24.951594871730887,23.652179303928268,23.082787864350333,24.606064299689606,22.479661592459063,27.948200387539668,27.456308716768955,22.67525598191008,23.273171408186094,24.1439808584017,26.688398745479514,32.837021188443835,24.569054815442353,25.76019826718064,23.494367092376955,24.570662649006614,22.387751037632324,24.0269708083101,26.630110779043257,23.85988749112071,23.696361596946343,24.451377162516984,24.418600400081925,22.558407864038465,23.619012728889103,24.749410687044506,23.655983373501673,25.16032296650473,24.327144258384347,24.401362626543683,23.960561413997723
Bengali,25.892081311923945,24.772746581284743,26.796286384185102,0,26.715255872165045,24.969226964407408,26.539486065247555,24.228052790724202,25.786334432073865,24.835846875989496,25.53580312164549,25.44206425482607,24.611570078573447,24.151981850884653,26.35543628801317,24.040248482721033,23.753084921691105,23.816529859055645,25.702857777581524,24.607159886178906,25.56805761031599,28.98587599052661,35.46476897383038,24.814855852815725,22.85954466162094,20.383683187665877,26.678506089458182,23.747376159556453,26.260567495580933,27.418731775105346,24.405306231321145,25.158992353032797,25.737307648418287,25.18539906516317,23.7125162087354,24.21867395399842,24.865185317121085,24.02086308366523,25.833020226730277,25.037624028936424,21.47748459308688,26.375992683033118
Bosnian,23.900311853863325,24.78275371893432,24.978620361551386,26.715255872165045,0,19.75850876245431,27.376552802836596,15.794818171856193,20.151619484716434,23.9563312663697,24.216156601543048,25.295381273728434,23.68003594308723,24.189552850214046,24.622144267362806,23.42413688936674,27.622721467339375,27.728196436776937,23.713775128570905,24.767218276050958,23.851416764154784,24.012487594291564,28.988159179805976,17.623823700555707,26.495978061013528,23.07471814407259,24.777593982385564,23.959951296880888,24.6831983319395,20.29296935235129,23.876597636086085,23.360549325766854,18.300599615514194,13.019613176787146,23.895897841448274,18.290233213346685,19.09236358102468,23.80575439512279,25.41355480088185,17.895782718801712,24.66062787846555,24.539265430687703
Bulgarian,22.840853932571264,22.52947294562822,24.471683442196568,24.969226964407408,19.75850876245431,0,24.455092714825295,15.756307913712954,19.312357862154656,21.385163041073987,21.762763504261265,22.93569277197761,21.289153378852873,21.4122877645133,23.258130128919305,20.757525716517147,25.717040981395325,25.514519751572614,22.758191303589253,21.77431026389235,21.618294399445755,25.692072552397924,31.39627569733125,16.859188234865083,23.93077689967681,21.906108649030912,23.67069171325698,21.737534218820212,23.592779170742553,21.13030408923862,21.1388190021473,21.88874430676943,19.14919455041511,17.89890697496401,21.576975309857232,18.107782817088786,19.496518710260947,20.432674795248854,23.50893913085114,18.827132519811155,21.770595382505615,22.186912250136327
Catalan,25.27014837129031,24.47101522254911,26.436376580284772,26.539486065247555,27.376552802836596,24.455092714825295,0,23.988445886192125,25.549913736027907,23.79041222246203,24.309015958290306,24.467558480871872,21.35884112905947,19.15229232178641,25.537869842144122,23.492320285492053,28.068977303589314,28.082204777586934,25.15343855287264,23.527900932402293,21.3974516177803,28.948864125978858,34.25839721494456,25.06512188835287,25.626563827083544,24.353726631939214,24.422449489973364,23.992203544773595,26.068735494847143,27.10264476099168,20.015240517265383,22.056748246538046,25.569648603034185,25.54989841764137,24.37841040084433,23.768864267277095,24.96307049926597,18.83850643485381,24.96093267988899,24.864574009177826,24.958093953953334,25.49620538209197
Croatian,22.246437949224006,21.683045013460948,23.693461957260745,24.228052790724202,15.794818171856193,15.756307913712954,23.988445886192125,0,17.057232995439737,20.17892662322311,21.29917256936867,22.49717151825761,20.023462013397804,20.621392187192853,22.768553368658456,19.639573327617374,25.46541441189273,25.354366854993714,22.177071653887204,21.067846102380937,20.96016704607598,25.014322463147344,30.318939012488336,17.110894226463017,23.257304356473313,20.833837686370927,22.72212593186954,20.58056104385873,22.505719149052172,19.852672015274173,20.35530816677526,21.019803397619654,18.44759935457547,13.930368916176915,20.120142910072534,16.254043074549656,16.48223931230814,19.539487194406245,22.37880843705154,16.856933083293864,21.26269583512754,21.296181245483478
Czech,22.735979832476573,22.835818339993565,25.325030176687907,25.786334432073865,20.151619484716434,19.312357862154656,25.549913736027907,17.057232995439737,0,21.250336311875472,22.1809226251418,23.365854470454074,20.870575609943007,22.015939948651727,24.056985145478603,21.483304501044422,26.60506496616117,26.681175229384955,22.968496486678784,22.239171755700955,22.988329813630095,24.660971725064805,31.166885861825893,20.22779008292443,24.888983103055942,22.228285457869603,23.77118709904793,21.71188320937011,23.73241829086876,20.018820310608934,21.50833693625965,22.77651552302766,19.247123176408337,18.777371495616617,22.417731287499556,14.533427829932176,19.801561157912147,21.047324423456086,23.902412787007815,18.157489825395754,22.46829423500843,22.557109630519427
Danish,19.647847503133303,22.179426889528678,24.053205557055946,24.835846875989496,23.9563312663697,21.385163041073987,23.79041222246203,20.17892662322311,21.250336311875472,0,19.37773304975215,18.76615459276609,19.453789925719065,20.28950881635523,19.845949912895026,19.896371499317333,25.739171865349245,24.796346734690953,18.92318808012914,19.58497015984599,21.986432865166027,26.269322279879063,33.65473281527298,22.58650596688199,23.37505588454309,20.441506547417195,17.998892268739848,20.12259781977997,23.194816707863914,24.44541858999663,19.882931053200032,21.268869868661714,22.5022347966547,22.54660317126176,21.16772267485303,20.09252701586148,21.37383778355334,19.578726618543726,19.221916132035577,21.77606395589234,21.269829588286452,21.253461647383265
Dutch,16.336680063715765,22.113544691108842,24.29410837236702,25.53580312164549,24.216156601543048,21.762763504261265,24.309015958290306,21.29917256936867,22.1809226251418,19.37773304975215,0,19.26089103931009,21.03711529411954,21.21351042701635,19.15408482586679,20.767829130690746,25.730975524963483,25.708803636203264,20.53135346276573,20.86078139408568,22.751440066416144,25.590807514776564,32.66586235898654,22.292971611778913,23.694381313604595,21.405216298716145,20.576399373278665,20.84760006859406,22.962005195876962,25.219734445073325,20.707601683698126,22.354237779823297,23.101817975706762,22.72097115792992,21.953929364071676,21.464907271726414,22.020661779532816,20.57155835095972,20.609386064355906,22.54180101868297,22.154478582037804,22.296150676896197
English,19.946745203460587,23.39455278094328,24.951594871730887,25.44206425482607,25.295381273728434,22.93569277197761,24.467558480871872,22.49717151825761,23.365854470454074,18.76615459276609,19.26089103931009,0,21.547071386654448,21.50964899064323,21.235868071949092,22.128238879963558,25.69748078924529,26.162054122246257,20.871859094183442,21.35593804922875,23.04644280592361,26.60883607669292,33.14869345693877,23.66657865230412,24.18370763436352,21.798802950260477,20.717955905033413,22.119856176458256,24.10905691593327,25.735647883583198,21.49732344345368,22.855096218803343,23.852016137918607,24.01645130274868,23.0747842613856,22.232652719414556,23.246150328396222,21.366346703989528,20.92784346614224,23.37594572147773,22.70846723960913,22.46083717764901
French,21.57308848471017,20.834805791334006,23.652179303928268,24.611570078573447,23.68003594308723,21.289153378852873,21.35884112905947,20.023462013397804,20.870575609943007,19.453789925719065,21.03711529411954,21.547071386654448,0,18.123972462538198,22.491806186760176,19.086157481595468,25.671011113023336,24.816565187065176,21.813535547732148,19.524024616871362,19.415473026194135,25.50775168542345,33.40150286784722,22.103511234062942,22.643875067120366,20.084785091799755,21.960262847313174,19.533059156596597,22.914984926118464,24.16386114742297,18.06221431754153,20.24000765192675,22.155070563214853,22.17111745958795,20.357177083120707,20.13454479252169,21.145541655259077,17.373961331020887,22.86713815183997,21.59832469225988,20.944415022309933,21.0923878592717
Galician,20.925411836905635,20.19038193979878,23.082787864350333,24.151981850884653,24.189552850214046,21.4122877645133,19.15229232178641,20.621392187192853,22.015939948651727,20.28950881635523,21.21351042701635,21.50964899064323,18.123972462538198,0,22.658720422284798,20.034169772078567,25.13463640982139,24.853583606818624,20.93772098644345,19.333092903572457,19.08086571937783,26.24911084669313,33.18262849867756,21.767220508270796,22.482687516935354,20.355674826356616,22.192955628562412,19.336916216251907,21.972494878759953,24.689193137109292,15.262169172807914,19.739400112334437,22.30934558354747,22.34331614248309,19.5393739842484,20.738257453093524,21.99579476680562,13.306222521212781,21.819321286592277,21.885558896615724,21.242082007918558,22.13185425274222
German,20.70532060617102,23.82804144045316,24.606064299689606,26.35543628801317,24.622144267362806,23.258130128919305,25.537869842144122,22.768553368658456,24.056985145478603,19.845949912895026,19.15408482586679,21.235868071949092,22.491806186760176,22.658720422284798,0,21.756830497845666,26.974168451919983,26.417555309500084,21.28394444382083,22.250541750838373,23.370679906101337,26.019517038067885,33.230566652769724,23.580148288980944,24.948084511547645,22.917324778394825,21.99265390482712,22.521322371212538,24.039307142308534,26.051796152708082,23.100197008871312,23.041135851710482,24.260362884534725,23.694442227228695,23.625282017846004,22.85001717148111,23.50837216183507,22.398033466303605,21.911986693156592,23.688894825096607,23.66624092640909,23.598784346174885
Greek,21.824358158716556,20.997624853567014,22.479661592459063,24.040248482721033,23.42413688936674,20.757525716517147,23.492320285492053,19.639573327617374,21.483304501044422,19.896371499317333,20.767829130690746,22.128238879963558,19.086157481595468,20.034169772078567,21.756830497845666,0,25.580070123046635,24.508172568344314,21.220124563531034,19.93664405346686,20.28064402116047,25.06870981730275,32.3798733388619,21.87150675294101,23.010090097480642,19.68377575165169,22.720045225261682,19.665746011717857,22.753388471714516,24.195812588626378,19.722632473491206,20.450207811772888,22.057457506020928,22.218400152289263,19.708959591227075,20.467385888372725,21.50497306482114,18.578617964951608,22.664392271450993,21.06666634998858,20.902090596806776,20.605978997075205
Gujarati,25.89680493666675,25.842487108331238,27.948200387539668,23.753084921691105,27.622721467339375,25.717040981395325,28.068977303589314,25.46541441189273,26.60506496616117,25.739171865349245,25.730975524963483,25.69748078924529,25.671011113023336,25.13463640982139,26.974168451919983,25.580070123046635,0,20.788330077177193,26.563392739389936,25.86366591257272,26.786167458038193,29.616611246052816,35.08523545876859,25.82771921035028,18.817686016111352,21.88641154070002,27.04936672073279,24.078892364470665,26.554881069203397,28.378724357230496,26.298800993898123,26.051500435728663,26.723160350129213,26.335981516964434,24.910286722638574,25.9263812547931,26.47865870918137,25.080493991596697,26.908729937312334,26.37181174090728,21.891538944183743,27.6039981909585
Hindi,25.91845257344735,25.75312625322853,27.456308716768955,23.816529859055645,27.728196436776937,25.514519751572614,28.082204777586934,25.354366854993714,26.681175229384955,24.796346734690953,25.708803636203264,26.162054122246257,24.816565187065176,24.853583606818624,26.417555309500084,24.508172568344314,20.788330077177193,0,26.325027885434636,25.184708805983565,26.117558808263023,29.622449405873862,35.76193096723133,25.655498572517796,20.58035833689994,20.96503209241589,26.579671716815007,23.372430832843325,26.044334730577308,28.387833069819376,25.99215118887428,25.09937958676227,26.724507595139027,26.60194827420131,24.169360379419924,25.718233451806316,26.571230076262044,24.83840163533132,26.838686579164193,26.08564283242924,18.894638396377555,26.81168183031082
Icelandic,19.848279823136263,22.628347543087507,22.67525598191008,25.702857777581524,23.713775128570905,22.758191303589253,25.15343855287264,22.177071653887204,22.968496486678784,18.92318808012914,20.53135346276573,20.871859094183442,21.813535547732148,20.93772098644345,21.28394444382083,21.220124563531034,26.563392739389936,26.325027885434636,0,21.611112375013423,22.344649948487696,24.85564890431809,30.906057198154958,22.68308051340965,24.58521320055721,22.11657770790941,19.89696193103407,21.279461428359216,22.63432551585079,25.020884029566307,21.861608911631254,22.233965480190395,22.308565714728534,22.43006988772106,21.5627895256415,21.733150693976924,22.910125291964082,21.390919592432596,20.06012056798265,21.87912916905888,22.81874105456209,22.654043348564834
Irish,20.858489317741395,20.942302775508434,23.273171408186094,24.607159886178906,24.767218276050958,21.77431026389235,23.527900932402293,21.067846102380937,22.239171755700955,19.58497015984599,20.86078139408568,21.35593804922875,19.524024616871362,19.333092903572457,22.250541750838373,19.93664405346686,25.86366591257272,25.184708805983565,21.611112375013423,0,22.73297830191429,26.404160726996274,34.12313133685372,22.186275475503088,22.904899743210184,20.50041360977905,22.85240452442131,18.69500571237107,22.81289408461021,25.22745392646397,19.332342446147297,21.604304007429583,22.764190224663103,23.31777787526394,19.75945078840643,20.702832806061515,21.789947378465005,18.731730778483882,22.368401584495366,22.550558924084324,21.08831824529818,21.021711032399967
Italian,23.290658861238438,22.64766256529291,24.1439808584017,25.56805761031599,23.851416764154784,21.618294399445755,21.3974516177803,20.96016704607598,22.988329813630095,21.986432865166027,22.751440066416144,23.04644280592361,19.415473026194135,19.08086571937783,23.370679906101337,20.28064402116047,26.786167458038193,26.117558808263023,22.344649948487696,22.73297830191429,0,26.79296256415533,32.62284973956429,22.59802919319048,24.441378516601745,21.299942532173343,23.52350706289588,21.744134826573898,23.97080811631431,24.523035243374515,19.643152964602184,18.473274756593447,22.9472526240604,22.7694998899833,22.079624164812653,21.778911850059206,22.90425519435398,18.236745520178857,23.62165224564691,22.305804798520743,23.16901264092736,21.600111151495913
Latvian,25.3322030342374,26.530223712430928,26.688398745479514,28.98587599052661,24.012487594291564,25.692072552397924,28.948864125978858,25.014322463147344,24.660971725064805,26.269322279879063,25.590807514776564,26.60883607669292,25.50775168542345,26.24911084669313,26.019517038067885,25.06870981730275,29.616611246052816,29.622449405873862,24.85564890431809,26.404160726996274,26.79296256415533,0,26.00096464962273,24.99439526500965,28.10366562881621,26.216565103147243,25.879821261040046,25.85726301076634,27.136008734936514,24.8508047392515,26.28432293031947,26.158713685439196,23.587489251769032,23.725373861812354,26.563887001886037,23.75146729960142,24.626947864036527,26.970607401672492,26.953101786513244,24.212451553718893,26.64770899113232,26.536345502062566
Lithuanian,32.706924039605305,33.045330844527385,32.837021188443835,35.46476897383038,28.988159179805976,31.39627569733125,34.25839721494456,30.318939012488336,31.166885861825893,33.65473281527298,32.66586235898654,33.14869345693877,33.40150286784722,33.18262849867756,33.230566652769724,32.3798733388619,35.08523545876859,35.76193096723133,30.906057198154958,34.12313133685372,32.62284973956429,26.00096464962273,0,30.849338255731805,35.06069381209709,33.35949600951701,31.82304532865713,33.079467499388066,31.97277863725153,30.485204879448137,33.75298318232536,32.18192311624188,29.571161204075416,28.69915912770166,32.75432578355378,30.711951788844825,30.484271389892445,33.52586572588876,32.77740390146381,29.248472007250935,33.80440491821161,33.26934347531318
Macedonian,22.82954385777114,22.83858772840722,24.569054815442353,24.814855852815725,17.623823700555707,16.859188234865083,25.06512188835287,17.110894226463017,20.22779008292443,22.58650596688199,22.292971611778913,23.66657865230412,22.103511234062942,21.767220508270796,23.580148288980944,21.87150675294101,25.82771921035028,25.655498572517796,22.68308051340965,22.186275475503088,22.59802919319048,24.99439526500965,30.849338255731805,0,24.076454226448938,22.090213296226207,24.337883768485707,21.324231261472548,23.73782112055756,21.10961900725974,21.885889866142655,22.316236082502005,18.672272696310323,15.565101365452499,22.003901881841916,18.41729813507061,19.89545488541171,21.294242983757965,23.70295072836816,18.100661866577788,22.277220544468484,23.250482124581996
Marathi,23.90458649360031,23.176961867008572,25.76019826718064,22.85954466162094,26.495978061013528,23.93077689967681,25.626563827083544,23.257304356473313,24.888983103055942,23.37505588454309,23.694381313604595,24.18370763436352,22.643875067120366,22.482687516935354,24.948084511547645,23.010090097480642,18.817686016111352,20.58035833689994,24.58521320055721,22.904899743210184,24.441378516601745,28.10366562881621,35.06069381209709,24.076454226448938,0,20.527524657942767,25.104619895858875,21.486357559235213,25.10646845308019,26.790918271720088,23.336507596628046,23.95394653287356,24.7803525573236,24.767960575834557,22.189197027362297,23.410051189562935,24.217565831583503,22.269861710783353,24.76498178859816,24.493854373086265,20.699518308522133,24.939172468672503
Nepali,21.29005107052632,20.925527609786997,23.494367092376955,20.383683187665877,23.07471814407259,21.906108649030912,24.353726631939214,20.833837686370927,22.228285457869603,20.441506547417195,21.405216298716145,21.798802950260477,20.084785091799755,20.355674826356616,22.917324778394825,19.68377575165169,21.88641154070002,20.96503209241589,22.11657770790941,20.50041360977905,21.299942532173343,26.216565103147243,33.35949600951701,22.090213296226207,20.527524657942767,0,22.7726413863147,19.235441984574155,22.85517795790549,24.88801100668718,20.74241735419361,21.21108022877861,22.785875029427995,22.528888559388815,19.388934730608664,20.644892973951745,21.841729575486386,19.877502538216575,22.210059696589646,22.201664792012604,17.967788781739177,21.83231464021418
Norwegian,20.633455016176814,23.64416587852785,24.570662649006614,26.678506089458182,24.777593982385564,23.67069171325698,24.422449489973364,22.72212593186954,23.77118709904793,17.998892268739848,20.576399373278665,20.717955905033413,21.960262847313174,22.192955628562412,21.99265390482712,22.720045225261682,27.04936672073279,26.579671716815007,19.89696193103407,22.85240452442131,23.52350706289588,25.879821261040046,31.82304532865713,24.337883768485707,25.104619895858875,22.7726413863147,0,22.851154725099647,24.699085579711017,25.391860089683338,22.10259405792187,22.847104334416347,24.094782448687024,23.82867445532962,23.390232552263086,22.451314538529218,22.863021835815918,21.871672058523274,17.099008371071626,23.684781615407488,23.10502891703111,24.52555138472543
Pashto,20.125922838814265,20.06517295426257,22.387751037632324,23.747376159556453,23.959951296880888,21.737534218820212,23.992203544773595,20.58056104385873,21.71188320937011,20.12259781977997,20.84760006859406,22.119856176458256,19.533059156596597,19.336916216251907,22.521322371212538,19.665746011717857,24.078892364470665,23.372430832843325,21.279461428359216,18.69500571237107,21.744134826573898,25.85726301076634,33.079467499388066,21.324231261472548,21.486357559235213,19.235441984574155,22.851154725099647,0,20.505940598920127,24.867586794588252,19.97722131402537,21.12873257164315,22.37046351020912,22.19698106458502,18.59817172794485,20.92591595518264,21.49681152771732,19.050152736190647,22.645687875580716,21.767238098478845,19.30589176865767,21.90739641696311
Persian,22.99724633361039,22.976023746561246,24.0269708083101,26.260567495580933,24.6831983319395,23.592779170742553,26.068735494847143,22.505719149052172,23.73241829086876,23.194816707863914,22.962005195876962,24.10905691593327,22.914984926118464,21.972494878759953,24.039307142308534,22.753388471714516,26.554881069203397,26.044334730577308,22.63432551585079,22.81289408461021,23.97080811631431,27.136008734936514,31.97277863725153,23.73782112055756,25.10646845308019,22.85517795790549,24.699085579711017,20.505940598920127,0,25.6180121127613,23.036111274679094,23.175335490164176,24.087810392856962,23.33555696156968,22.02581390801241,23.046651451779635,23.65537153085164,22.54487555076256,23.96224624288711,22.925541048428688,22.136619636469536,24.30630980618124
Polish,25.372496943370685,25.52753676702295,26.630110779043257,27.418731775105346,20.29296935235129,21.13030408923862,27.10264476099168,19.852672015274173,20.018820310608934,24.44541858999663,25.219734445073325,25.735647883583198,24.16386114742297,24.689193137109292,26.051796152708082,24.195812588626378,28.378724357230496,28.387833069819376,25.020884029566307,25.22745392646397,24.523035243374515,24.8508047392515,30.485204879448137,21.10961900725974,26.790918271720088,24.88801100668718,25.391860089683338,24.867586794588252,25.6180121127613,0,24.10304696698512,24.188610284883506,19.90639109671878,19.71242088546749,24.972818675262744,17.978477518074268,21.108095864052398,24.259099080450607,25.709734611306168,19.09490203708294,25.31354457046083,25.004249893126566
Portuguese,21.599760632975105,20.896714156542107,23.85988749112071,24.405306231321145,23.876597636086085,21.1388190021473,20.015240517265383,20.35530816677526,21.50833693625965,19.882931053200032,20.707601683698126,21.49732344345368,18.06221431754153,15.262169172807914,23.100197008871312,19.722632473491206,26.298800993898123,25.99215118887428,21.861608911631254,19.332342446147297,19.643152964602184,26.28432293031947,33.75298318232536,21.885889866142655,23.336507596628046,20.74241735419361,22.10259405792187,19.97722131402537,23.036111274679094,24.10304696698512,0,20.05911582071741,22.2054171814015,22.34176823923598,20.625329359108626,20.051023228452934,21.43857273352206,14.678422330417185,22.018510081587927,21.897398805631994,21.258966078370587,21.782079853874542
Romanian,22.619624996583468,22.250029734947475,23.696361596946343,25.158992353032797,23.360549325766854,21.88874430676943,22.056748246538046,21.019803397619654,22.77651552302766,21.268869868661714,22.354237779823297,22.855096218803343,20.24000765192675,19.739400112334437,23.041135851710482,20.450207811772888,26.051500435728663,25.09937958676227,22.233965480190395,21.604304007429583,18.473274756593447,26.158713685439196,32.18192311624188,22.316236082502005,23.95394653287356,21.21108022877861,22.847104334416347,21.12873257164315,23.175335490164176,24.188610284883506,20.05911582071741,0,22.74656076993745,22.456151808871574,21.695646143281238,21.509500848569413,22.31840330226088,19.245245120516643,22.72912856828997,22.08058577830023,22.37322591816857,22.258120382563607
Russian,22.762608547812203,23.13096654033304,24.451377162516984,25.737307648418287,18.300599615514194,19.14919455041511,25.569648603034185,18.44759935457547,19.247123176408337,22.5022347966547,23.101817975706762,23.852016137918607,22.155070563214853,22.30934558354747,24.260362884534725,22.057457506020928,26.723160350129213,26.724507595139027,22.308565714728534,22.764190224663103,22.9472526240604,23.587489251769032,29.571161204075416,18.672272696310323,24.7803525573236,22.785875029427995,24.094782448687024,22.37046351020912,24.087810392856962,19.90639109671878,22.2054171814015,22.74656076993745,0,17.21444469290392,22.433336271499584,17.342298736203574,20.141650071949304,21.964823651347228,24.05378127112924,16.169946259984602,23.43332598877027,23.649411389760825
Serbian,22.86688375625054,23.200282762295835,24.418600400081925,25.18539906516317,13.019613176787146,17.89890697496401,25.54989841764137,13.930368916176915,18.777371495616617,22.54660317126176,22.72097115792992,24.01645130274868,22.17111745958795,22.34331614248309,23.694442227228695,22.218400152289263,26.335981516964434,26.60194827420131,22.43006988772106,23.31777787526394,22.7694998899833,23.725373861812354,28.69915912770166,15.565101365452499,24.767960575834557,22.528888559388815,23.82867445532962,22.19698106458502,23.33555696156968,19.71242088546749,22.34176823923598,22.456151808871574,17.21444469290392,0,22.30597643634955,17.11202389204281,17.355043738070865,22.0978435143274,23.58135783694611,16.37198325149469,23.018593040355828,23.74765939674065
Sinhala,21.527266241567407,19.118797547758028,22.558407864038465,23.7125162087354,23.895897841448274,21.576975309857232,24.37841040084433,20.120142910072534,22.417731287499556,21.16772267485303,21.953929364071676,23.0747842613856,20.357177083120707,19.5393739842484,23.625282017846004,19.708959591227075,24.910286722638574,24.169360379419924,21.5627895256415,19.75945078840643,22.079624164812653,26.563887001886037,32.75432578355378,22.003901881841916,22.189197027362297,19.388934730608664,23.390232552263086,18.59817172794485,22.02581390801241,24.972818675262744,20.625329359108626,21.695646143281238,22.433336271499584,22.30597643634955,0,21.192152350382482,22.384171304240617,19.423360338059137,22.685180712868352,21.685290668025832,20.429438284980453,22.244477340560884
Slovak,21.79585677620308,21.815886235234956,23.619012728889103,24.21867395399842,18.290233213346685,18.107782817088786,23.768864267277095,16.254043074549656,14.533427829932176,20.09252701586148,21.464907271726414,22.232652719414556,20.13454479252169,20.738257453093524,22.85001717148111,20.467385888372725,25.9263812547931,25.718233451806316,21.733150693976924,20.702832806061515,21.778911850059206,23.75146729960142,30.711951788844825,18.41729813507061,23.410051189562935,20.644892973951745,22.451314538529218,20.92591595518264,23.046651451779635,17.978477518074268,20.051023228452934,21.509500848569413,17.342298736203574,17.11202389204281,21.192152350382482,0,17.97009075577397,19.871012246226464,22.312877066273334,17.046502013664046,21.417368791226792,21.292938392948866
Slovenian,22.469461860000102,22.88317928420709,24.749410687044506,24.865185317121085,19.09236358102468,19.496518710260947,24.96307049926597,16.48223931230814,19.801561157912147,21.37383778355334,22.020661779532816,23.246150328396222,21.145541655259077,21.99579476680562,23.50837216183507,21.50497306482114,26.47865870918137,26.571230076262044,22.910125291964082,21.789947378465005,22.90425519435398,24.626947864036527,30.484271389892445,19.89545488541171,24.217565831583503,21.841729575486386,22.863021835815918,21.49681152771732,23.65537153085164,21.108095864052398,21.43857273352206,22.31840330226088,20.141650071949304,17.355043738070865,22.384171304240617,17.97009075577397,0,21.298861324860663,23.170518282301487,19.178140029148697,22.442564167200793,22.947685958405376
Spanish,21.61897701684669,20.461303421205983,23.655983373501673,24.02086308366523,23.80575439512279,20.432674795248854,18.83850643485381,19.539487194406245,21.047324423456086,19.578726618543726,20.57155835095972,21.366346703989528,17.373961331020887,13.306222521212781,22.398033466303605,18.578617964951608,25.080493991596697,24.83840163533132,21.390919592432596,18.731730778483882,18.236745520178857,26.970607401672492,33.52586572588876,21.294242983757965,22.269861710783353,19.877502538216575,21.871672058523274,19.050152736190647,22.54487555076256,24.259099080450607,14.678422330417185,19.245245120516643,21.964823651347228,22.0978435143274,19.423360338059137,19.871012246226464,21.298861324860663,0,21.74651703714643,21.005216269287043,20.749482979854232,21.368442882022805
Swedish,21.27100823479638,23.503570014603167,25.16032296650473,25.833020226730277,25.41355480088185,23.50893913085114,24.96093267988899,22.37880843705154,23.902412787007815,19.221916132035577,20.609386064355906,20.92784346614224,22.86713815183997,21.819321286592277,21.911986693156592,22.664392271450993,26.908729937312334,26.838686579164193,20.06012056798265,22.368401584495366,23.62165224564691,26.953101786513244,32.77740390146381,23.70295072836816,24.76498178859816,22.210059696589646,17.099008371071626,22.645687875580716,23.96224624288711,25.709734611306168,22.018510081587927,22.72912856828997,24.05378127112924,23.58135783694611,22.685180712868352,22.312877066273334,23.170518282301487,21.74651703714643,0,23.30576001140812,22.789692958939913,23.712587102319045
Ukrainian,23.085901174266485,22.535197034116052,24.327144258384347,25.037624028936424,17.895782718801712,18.827132519811155,24.864574009177826,16.856933083293864,18.157489825395754,21.77606395589234,22.54180101868297,23.37594572147773,21.59832469225988,21.885558896615724,23.688894825096607,21.06666634998858,26.37181174090728,26.08564283242924,21.87912916905888,22.550558924084324,22.305804798520743,24.212451553718893,29.248472007250935,18.100661866577788,24.493854373086265,22.201664792012604,23.684781615407488,21.767238098478845,22.925541048428688,19.09490203708294,21.897398805631994,22.08058577830023,16.169946259984602,16.37198325149469,21.685290668025832,17.046502013664046,19.178140029148697,21.005216269287043,23.30576001140812,0,22.884594196029667,22.553797160745727
Urdu,22.67203154249447,21.554042117326595,24.401362626543683,21.47748459308688,24.66062787846555,21.770595382505615,24.958093953953334,21.26269583512754,22.46829423500843,21.269829588286452,22.154478582037804,22.70846723960913,20.944415022309933,21.242082007918558,23.66624092640909,20.902090596806776,21.891538944183743,18.894638396377555,22.81874105456209,21.08831824529818,23.16901264092736,26.64770899113232,33.80440491821161,22.277220544468484,20.699518308522133,17.967788781739177,23.10502891703111,19.30589176865767,22.136619636469536,25.31354457046083,21.258966078370587,22.37322591816857,23.43332598877027,23.018593040355828,20.429438284980453,21.417368791226792,22.442564167200793,20.749482979854232,22.789692958939913,22.884594196029667,0,22.975744220361012
Welsh,22.691088274043256,23.285863177810857,23.960561413997723,26.375992683033118,24.539265430687703,22.186912250136327,25.49620538209197,21.296181245483478,22.557109630519427,21.253461647383265,22.296150676896197,22.46083717764901,21.0923878592717,22.13185425274222,23.598784346174885,20.605978997075205,27.6039981909585,26.81168183031082,22.654043348564834,21.021711032399967,21.600111151495913,26.536345502062566,33.26934347531318,23.250482124581996,24.939172468672503,21.83231464021418,24.52555138472543,21.90739641696311,24.30630980618124,25.004249893126566,21.782079853874542,22.258120382563607,23.649411389760825,23.74765939674065,22.244477340560884,21.292938392948866,22.947685958405376,21.368442882022805,23.712587102319045,22.553797160745727,22.975744220361012,0
