,Afrikaans,Albanian,Armenian,Bengali,Bosnian,Bulgarian,Catalan,Croatian,Czech,Danish,Dutch,English,French,Galician,German,Greek,Gujarati,Hindi,Icelandic,Irish,Italian,Latvian,Lithuanian,Macedonian,Marathi,Nepali,Norwegian,Pashto,Persian,Polish,Portuguese,Romanian,Russian,Serbian,Sinhala,Slovak,Slovenian,Spanish,Swedish,Ukrainian,Urdu,Welsh
Afrikaans,0,1.8431779629039253,1.8677430363467618,1.893621285116797,1.7902068264919466,1.8272652976336063,1.8646254379100826,1.7799114746053737,1.82220978264726,1.6335139994227814,1.3146943621725415,1.6935390334248859,1.8691732438004358,1.7876962560005187,1.6849130913550867,1.9218696423605046,1.9004081286525014,1.9164697403545787,1.674953374894585,1.8693344234549132,1.899506314348143,1.8793827924720032,1.9351247076225808,1.8015555660561862,1.8640262823045342,1.7766806158142283,1.6391647798007178,1.8185991463830469,1.8577511720468969,1.913353812387308,1.8681789118351988,1.8522872014195126,1.8236715590741897,1.7784267356479087,1.7437046138253882,1.8410078874439268,1.863222364446257,1.879100032275409,1.6579832908859922,1.804741412917469,1.8645017019076446,1.9184771147360054
Albanian,1.8431779629039253,0,1.8492407501877892,1.8529702729320794,1.7869795563474526,1.8233739426355642,1.8703230937584856,1.785764142337401,1.8716338051323578,1.8924439560783912,1.8802018596001728,1.9710770052340982,1.8213273521180213,1.7737194582106577,1.9472991688916856,1.8855636997376177,1.8963476716731231,1.8610286464845065,1.8645029673288727,1.8617415802652142,1.8339473873979386,1.9330873101120574,1.9337174470840712,1.7842630675053222,1.8408607861926165,1.7538238697468365,1.9056118463671403,1.8162950466818468,1.8401371781671203,1.912516433495828,1.8534046376856417,1.8202855986752813,1.8145957899612357,1.7923020404661743,1.6637528236654828,1.856572556571712,1.8762028781851863,1.8337318410281431,1.8981741426874434,1.7713006284014197,1.8340877815300025,1.8990495503569362
Armenian,1.8677430363467618,1.8492407501877892,0,1.9123273270858996,1.8319088970842374,1.8817341186534304,1.937872943047608,1.8277486145786868,1.86917973738862,1.9470441344212956,1.9168288338647934,1.9537738854703244,1.931202743894418,1.8535005103951114,1.9186525484227253,1.886587725915933,1.9499285157449313,1.9457524984977816,1.8402511047032333,1.8997371343979117,1.8940369089059983,1.8888372777248044,1.859694425418427,1.8446825787409473,1.9227418922487998,1.8392537028585692,1.9365908719482816,1.8430771669959374,1.8080876989431036,1.944174452689986,1.9089867092559303,1.8706771935945343,1.8632270113454634,1.8455534129443845,1.7576510687866986,1.89065099895371,1.9419213516720433,1.911664015946492,1.8970499141169308,1.8505614108589536,1.9001906076877595,1.8755081868553058
Bengali,1.893621285116797,1.8529702729320794,1.9123273270858996,0,1.8517250475572093,1.8258369417097418,1.86966319625023,1.8225380968574787,1.8832241284543836,1.9249490138401162,1.9076708870759205,1.9342415856007829,1.8897621015605894,1.8295265505148093,1.9562067193777601,1.870176087993904,1.584244395551263,1.5652021651582615,1.9172738285087256,1.9219633234230629,1.8609190243668734,1.9828009325535496,1.9598614639948224,1.8304797408919729,1.614583088998592,1.4832741332140915,1.9418765109087424,1.8283832001628646,1.873329426645953,1.9079724445897723,1.8919910575100098,1.8668256417772533,1.8676566713085239,1.8351243802317578,1.6931164795023805,1.8951077248185986,1.8807830973297037,1.8290824739927014,1.897520208127603,1.8338062211189974,1.6168369957782425,1.925798166438914
Bosnian,1.7902068264919466,1.7869795563474526,1.8319088970842374,1.8517250475572093,0,1.4493285969197558,1.8584665657944515,1.1386585642890197,1.5342369205954276,1.8574103751936861,1.872245862957221,1.956683021635409,1.861290393836797,1.7691767133585177,1.922807670731994,1.883433395318262,1.8849845369172575,1.8851053567647398,1.7813771633491955,1.9160324860758082,1.8051182036842661,1.77676431960455,1.7863936866404537,1.2810533138650886,1.8701388170300295,1.7942879738892354,1.8380564865463658,1.8200332603181202,1.808428126710808,1.5673639204936531,1.8623544881089469,1.786455299803672,1.4459863824527646,1.0105507522072805,1.706499295766712,1.4873146748758517,1.5096224577610746,1.8124562327123075,1.8177313516801177,1.412337003543129,1.8454487470009007,1.9112194684625297
Bulgarian,1.8272652976336063,1.8233739426355642,1.8817341186534304,1.8258369417097418,1.4493285969197558,0,1.7840704679987152,1.3582703379192382,1.5814175831448825,1.8555725051056708,1.8775397564847787,1.9052046671213008,1.8541981828092682,1.737219119667421,1.9279358679252914,1.841746800374483,1.8420527904535353,1.8165656869975215,1.878165473997733,1.8778171128783632,1.765837542292667,1.8988227156023898,1.842950604965684,1.3434155369239111,1.8206454995222938,1.7434972156848805,1.8662769704199187,1.8330151078301795,1.849023347156135,1.676718762369691,1.8451403152757666,1.7914171756844666,1.5885547424740518,1.426507276060779,1.682120541844576,1.567195759777025,1.573564235342752,1.7209360535267013,1.8389408026013068,1.5509118762895173,1.7999800752249484,1.8452746796745438
Catalan,1.8646254379100826,1.8703230937584856,1.937872943047608,1.86966319625023,1.8584665657944515,1.7840704679987152,0,1.7846330331309104,1.8788018431760485,1.8713036854579184,1.8838932914374407,1.877479589544301,1.73518050400813,1.4751887308922054,1.9515321405342392,1.8777617363407106,1.8991005218638028,1.8703554308457233,1.9185820149485027,1.8886189670843063,1.5972333625254518,1.9949248072301748,1.9599391505054806,1.835341959542162,1.8596038465322582,1.7893142239726962,1.877950229510235,1.8856980651054118,1.9282083967703256,1.9454753061638492,1.5923693580528084,1.6909033921882475,1.89153821993406,1.840259178208198,1.7458761552723923,1.8806272932522583,1.8565186634251858,1.4551594928145843,1.8604821743918136,1.8509260561234984,1.8612587386574342,1.8956252859314904
Croatian,1.7799114746053737,1.785764142337401,1.8277486145786868,1.8225380968574787,1.1386585642890197,1.3582703379192382,1.7846330331309104,0,1.5017329427774693,1.8197583363844774,1.8395736740922772,1.8875742288689188,1.835312234346317,1.7307445505110832,1.891854823020852,1.835154646875853,1.824168389739006,1.82388037617443,1.8203180808655803,1.8552008597961709,1.7382387540381206,1.8416300860019768,1.7882642096291435,1.3562066259538192,1.80783096542293,1.7323848595240945,1.8410694742217182,1.7758207414061713,1.7989052478821335,1.5950541130686922,1.8316142488977833,1.746824098068965,1.5176378391222156,1.1089541044432094,1.6708038924237747,1.4683711575654226,1.4262221946162155,1.7466586248511293,1.8140080417518558,1.453971024702821,1.7952117782559893,1.8438785525352
Czech,1.82220978264726,1.8716338051323578,1.86917973738862,1.8832241284543836,1.5342369205954276,1.5814175831448825,1.8788018431760485,1.5017329427774693,0,1.8512512807825483,1.9019981338760545,1.9308634023393165,1.900219792179284,1.8098917064116768,1.9583163616168884,1.9252520055164177,1.9068548999674946,1.910677604897512,1.8749259309076536,1.8903986102733659,1.8759081722422328,1.8652531607984508,1.880432281189967,1.6004755412573524,1.892779613868723,1.7810446686049546,1.8801914088752065,1.851607818628097,1.8755636236619042,1.5953718594261106,1.9101234703144974,1.8415583332049468,1.5722276096690568,1.5142169154778806,1.7291091492765356,1.2802288430662703,1.6454513196275935,1.82652714333612,1.8734721687439635,1.5255022666493074,1.8635219845099422,1.8963121980851017
Danish,1.6335139994227814,1.8924439560783912,1.9470441344212956,1.9249490138401162,1.8574103751936861,1.8555725051056708,1.8713036854579184,1.8197583363844774,1.8512512807825483,0,1.7341737837705151,1.7257500924841664,1.8636290976329732,1.7982271346663745,1.6999969199912002,1.9471428430479754,1.9214715182064719,1.9281426417043657,1.6540943011854574,1.8007528149385872,1.886910554203852,2.0048377006940012,2.015519184702582,1.8629395603898815,1.8896133107879887,1.787234642703955,1.4913345682929195,1.8534872944059506,1.8823745051711525,1.9558371887889348,1.8893361938244022,1.867085823291231,1.8875881524385068,1.8505819197866118,1.7577243521461685,1.8673720872679553,1.8673533617840747,1.8641346423239156,1.5726289091338648,1.8599281438678432,1.8812321599879331,1.900896321528679
Dutch,1.3146943621725415,1.8802018596001728,1.9168288338647934,1.9076708870759205,1.872245862957221,1.8775397564847787,1.8838932914374407,1.8395736740922772,1.9019981338760545,1.7341737837705151,0,1.7063256928221524,1.917449866934184,1.8611141778081386,1.6003410903957054,1.925111368616969,1.897155859312093,1.892867766234608,1.7656694822461865,1.9240287432186942,1.9144647302821385,1.952912967748016,1.9777058063641466,1.8699148502446399,1.889306305606508,1.8178751804147195,1.7235923408197493,1.8942296643199386,1.8834816145510074,1.9503796323646005,1.8893709953914368,1.8978165492170889,1.910128968543834,1.867574366573377,1.7933473027592535,1.9153556854293095,1.9058514333830567,1.880481518722313,1.6984607277953427,1.8896816489323551,1.8831063353993152,1.9296088428278624
English,1.6935390334248859,1.9710770052340982,1.9537738854703244,1.9342415856007829,1.956683021635409,1.9052046671213008,1.877479589544301,1.8875742288689188,1.9308634023393165,1.7257500924841664,1.7063256928221524,0,1.927227120422643,1.8938670069878218,1.7765862905452756,1.989427341032515,1.9101845609814754,1.9666514925473844,1.8668035701583843,1.8706642933775963,1.9071074079296895,2.035998931868415,2.027085176188271,1.9637587179952076,1.908896792521701,1.8214226867981111,1.7921863955719695,1.9528185326830376,1.940472949307936,2.0094984832734584,1.9060362339718744,1.9281093854474785,1.9747843171588166,1.934994306583504,1.8671868199804111,1.9457795467670365,1.9588815715466383,1.893084778305068,1.7713064239746386,1.952202456921256,1.9228811632485596,1.8774934469615823
French,1.8691732438004358,1.8213273521180213,1.931202743894418,1.8897621015605894,1.861290393836797,1.8541981828092682,1.73518050400813,1.835312234346317,1.900219792179284,1.8636290976329732,1.917449866934184,1.927227120422643,0,1.704850333178363,1.9515960812910793,1.9059854808873349,1.917643898807288,1.911255521230622,1.928534365029446,1.8634990871796457,1.7474042678436998,1.9909189232204767,1.980133407363966,1.871406659727328,1.8694574435216271,1.792961711818047,1.9204466799389714,1.8493524877340475,1.8992871584374962,1.9600205809385955,1.778148283127047,1.7812781248565202,1.895603889109744,1.8580576848043608,1.7803624553569155,1.895498119662682,1.8821134955331509,1.748148381023622,1.9192891680070667,1.8483875415479027,1.8862052472445,1.9220550242102812
Galician,1.7876962560005187,1.7737194582106577,1.8535005103951114,1.8295265505148093,1.7691767133585177,1.737219119667421,1.4751887308922054,1.7307445505110832,1.8098917064116768,1.7982271346663745,1.8611141778081386,1.8938670069878218,1.704850333178363,0,1.913267072738181,1.8579143360881878,1.867934798573242,1.8559095862263262,1.8069176907917177,1.8140395857906575,1.5506025443048934,1.9060375992073988,1.9193125175737196,1.7660922596984863,1.8203177765927483,1.7264215023323133,1.8249832720993928,1.8253342901297196,1.8381016260485292,1.913594240958226,1.4348476338362721,1.6667249148159635,1.812136598706038,1.7645243229534393,1.670518359638849,1.8166401790724354,1.8207465127230216,1.2611936513187236,1.8187895006527697,1.7814004389952094,1.8306427360886002,1.8405514376923482
German,1.6849130913550867,1.9472991688916856,1.9186525484227253,1.9562067193777601,1.922807670731994,1.9279358679252914,1.9515321405342392,1.891854823020852,1.9583163616168884,1.6999969199912002,1.6003410903957054,1.7765862905452756,1.9515960812910793,1.913267072738181,0,1.9379140916360051,1.967758036799365,1.9697313971399755,1.8075206591753226,1.9372295665269992,1.9010400507712515,1.997396903742499,1.9969197381236794,1.946714919206457,1.954769634339461,1.862174840472225,1.820030502689403,1.9609590731071755,1.9069985052738632,2.005210926526128,2.0023578295453257,1.922122047114617,1.987249521712284,1.9294137037282542,1.8740827248336571,1.9607693452368047,1.950049258131086,1.940665261502901,1.7205888166833196,1.951898264865089,1.9546797923106431,1.935697166285319
Greek,1.9218696423605046,1.8855636997376177,1.886587725915933,1.870176087993904,1.883433395318262,1.841746800374483,1.8777617363407106,1.835154646875853,1.9252520055164177,1.9471428430479754,1.925111368616969,1.989427341032515,1.9059854808873349,1.8579143360881878,1.9379140916360051,0,1.8856640107519684,1.8766238758438594,1.9022372425679324,1.9318466223247766,1.83723619875233,1.9364576367204138,1.8632003661456138,1.8662820487805853,1.8957894393481864,1.7731922795289339,1.97958061512519,1.8788790378690488,1.8934817731141633,1.9532077441189029,1.917025555100023,1.8510975371478544,1.9021796347246216,1.888178415011709,1.7700353571448173,1.9296005730156078,1.9298692659133572,1.8239465110041762,1.9221289783274687,1.8539366014755978,1.8828608380423293,1.8878923460282786
Gujarati,1.9004081286525014,1.8963476716731231,1.9499285157449313,1.584244395551263,1.8849845369172575,1.8420527904535353,1.8991005218638028,1.824168389739006,1.9068548999674946,1.9214715182064719,1.897155859312093,1.9101845609814754,1.917643898807288,1.867934798573242,1.967758036799365,1.8856640107519684,0,1.4439118905752084,1.9572164727538015,1.9303333332367014,1.8741662869471187,2.0323840351064724,1.9758859851785189,1.8743523131492206,1.3738360515514918,1.5199234090741496,1.9375468360638748,1.8259953807808946,1.8903413430341536,1.968209269217673,1.9482036364222888,1.9088059959623478,1.9344106473634346,1.8813537147870374,1.7514189473325825,1.920190408593108,1.908355730239224,1.8474729373977918,1.903510649468257,1.8834310561658352,1.6036226355060246,1.9194832772096846
Hindi,1.9164697403545787,1.8610286464845065,1.9457524984977816,1.5652021651582615,1.8851053567647398,1.8165656869975215,1.8703554308457233,1.82388037617443,1.910677604897512,1.9281426417043657,1.892867766234608,1.9666514925473844,1.911255521230622,1.8559095862263262,1.9697313971399755,1.8766238758438594,1.4439118905752084,0,1.9362845611017614,1.9252869934057617,1.8653361802581192,2.037932558807482,1.970704057703269,1.830144606794875,1.5218620311326525,1.4954539778049465,1.9321178342832708,1.7961125798511126,1.8543413636180905,1.9518890851672253,1.914443809726262,1.8746545482938919,1.9245672867115378,1.8686065827843292,1.695657058378924,1.9065051532793678,1.9161202682742404,1.8091253766301156,1.8845009872690632,1.862548089660943,1.348118728967007,1.9333739600185413
Icelandic,1.674953374894585,1.8645029673288727,1.8402511047032333,1.9172738285087256,1.7813771633491955,1.878165473997733,1.9185820149485027,1.8203180808655803,1.8749259309076536,1.6540943011854574,1.7656694822461865,1.8668035701583843,1.928534365029446,1.8069176907917177,1.8075206591753226,1.9022372425679324,1.9572164727538015,1.9362845611017614,0,1.9183652191293818,1.8900738842501763,1.8431204777581,1.8677350642746187,1.825735301060856,1.9281403031124054,1.8448112324979395,1.642459555262709,1.9131322265020099,1.845821413982864,1.9167233586953072,1.9176019173518133,1.8627521316379458,1.8194752945141663,1.8029994339512383,1.7349242575226325,1.8919679095308046,1.9228498215933838,1.9071622422168355,1.6118284872766955,1.8135407385005988,1.914112263802045,1.93165154524403
Irish,1.8693344234549132,1.8617415802652142,1.8997371343979117,1.9219633234230629,1.9160324860758082,1.8778171128783632,1.8886189670843063,1.8552008597961709,1.8903986102733659,1.8007528149385872,1.9240287432186942,1.8706642933775963,1.8634990871796457,1.8140395857906575,1.9372295665269992,1.9318466223247766,1.9303333332367014,1.9252869934057617,1.9183652191293818,0,1.9135071266428805,2.0367653371469974,2.011936698612462,1.8860571957682426,1.8683483029892405,1.769290900405771,1.915054717506343,1.8100412500958025,1.9026333880758015,1.9873750765022289,1.8698524300430912,1.8883319978824988,1.9289027520720916,1.9257250697622725,1.7551256940972928,1.8969788884576655,1.9014650867231808,1.830924785775695,1.8967799481399388,1.88975251414681,1.880919617527477,1.832891608327719
Italian,1.899506314348143,1.8339473873979386,1.8940369089059983,1.8609190243668734,1.8051182036842661,1.765837542292667,1.5972333625254518,1.7382387540381206,1.8759081722422328,1.886910554203852,1.9144647302821385,1.9071074079296895,1.7474042678436998,1.5506025443048934,1.9010400507712515,1.83723619875233,1.8741662869471187,1.8653361802581192,1.8900738842501763,1.9135071266428805,0,1.985272212195158,1.8852388507642952,1.8062160238464633,1.8540741495362754,1.759286556331671,1.9196508464379378,1.8718740582829627,1.8806885899681163,1.8930013863542323,1.6801783810269024,1.6258571344249992,1.8540003260497397,1.7960427179064964,1.7446249794255573,1.858725386830575,1.858949485198168,1.5251601036179978,1.8504520920253518,1.8072567146446417,1.8781223891280805,1.8036167194699586
Latvian,1.8793827924720032,1.9330873101120574,1.8888372777248044,1.9828009325535496,1.77676431960455,1.8988227156023898,1.9949248072301748,1.8416300860019768,1.8652531607984508,2.0048377006940012,1.952912967748016,2.035998931868415,1.9909189232204767,1.9060375992073988,1.997396903742499,1.9364576367204138,2.0323840351064724,2.037932558807482,1.8431204777581,2.0367653371469974,1.985272212195158,0,1.6655255261365807,1.8352507418978716,1.991473325202118,1.9474651451481095,1.969473689458844,1.9789300267683059,1.9600572911081804,1.8742255906094845,1.9406967664169985,1.956144984172568,1.7828703077632337,1.7902514681159232,1.867543234768406,1.8651197428684,1.9222724001471214,2.008093842123955,1.9344401664176196,1.8102555020968487,1.9800473569339931,2.022483446262165
Lithuanian,1.9351247076225808,1.9337174470840712,1.859694425418427,1.9598614639948224,1.7863936866404537,1.842950604965684,1.9599391505054806,1.7882642096291435,1.880432281189967,2.015519184702582,1.9777058063641466,2.027085176188271,1.980133407363966,1.9193125175737196,1.9969197381236794,1.8632003661456138,1.9758859851785189,1.970704057703269,1.8677350642746187,2.011936698612462,1.8852388507642952,1.6655255261365807,0,1.8235101179984126,1.977674766380145,1.8768879048605587,1.9815312006466381,1.9476480344443818,1.9049519872571863,1.9002704854247237,1.9919938302478066,1.9028134727226094,1.8174960390368533,1.7854382526223076,1.8204086407603077,1.907443117445301,1.9074736725890413,1.9277364480238377,1.9123726046677336,1.788516843492251,1.9657580084040471,1.9393387474902017
Macedonian,1.8015555660561862,1.7842630675053222,1.8446825787409473,1.8304797408919729,1.2810533138650886,1.3434155369239111,1.835341959542162,1.3562066259538192,1.6004755412573524,1.8629395603898815,1.8699148502446399,1.9637587179952076,1.871406659727328,1.7660922596984863,1.946714919206457,1.8662820487805853,1.8743523131492206,1.830144606794875,1.825735301060856,1.8860571957682426,1.8062160238464633,1.8352507418978716,1.8235101179984126,0,1.8484524137157734,1.7698099749834932,1.8625684950505554,1.8119755173524947,1.8308681133565317,1.6385597550558662,1.8640192030734366,1.7825259824717266,1.4941579058733712,1.2233137623002865,1.6853506059473633,1.5535601840751851,1.5899037439758117,1.7991906222972907,1.8431477498937823,1.4642545369607134,1.8105225543930321,1.924231177100993
Marathi,1.8640262823045342,1.8408607861926165,1.9227418922487998,1.614583088998592,1.8701388170300295,1.8206454995222938,1.8596038465322582,1.80783096542293,1.892779613868723,1.8896133107879887,1.889306305606508,1.908896792521701,1.8694574435216271,1.8203177765927483,1.954769634339461,1.8957894393481864,1.3738360515514918,1.5218620311326525,1.9281403031124054,1.8683483029892405,1.8540741495362754,1.991473325202118,1.977674766380145,1.8484524137157734,0,1.5599050320484684,1.9178003494535516,1.7967827251611228,1.8885216989402485,1.949526507889176,1.8839078862272194,1.8721887681111855,1.8868451244997488,1.8543324395269405,1.703626027468971,1.8787959011641153,1.8860101493334935,1.8042782648364442,1.8920986559130177,1.8552270397089743,1.633042520796343,1.8982820352633447
Nepali,1.7766806158142283,1.7538238697468365,1.8392537028585692,1.4832741332140915,1.7942879738892354,1.7434972156848805,1.7893142239726962,1.7323848595240945,1.7810446686049546,1.787234642703955,1.8178751804147195,1.8214226867981111,1.792961711818047,1.7264215023323133,1.862174840472225,1.7731922795289339,1.5199234090741496,1.4954539778049465,1.8448112324979395,1.769290900405771,1.759286556331671,1.9474651451481095,1.8768879048605587,1.7698099749834932,1.5599050320484684,0,1.8422844440519603,1.6924325241226355,1.7630079059880777,1.8821380369080714,1.821675946861606,1.786591961306937,1.8220072287515858,1.7884892614580001,1.5918518263377215,1.798524887758347,1.8007364678363877,1.7315563378111316,1.803349663383279,1.774775876197883,1.5324727964323948,1.8015830519868021
Norwegian,1.6391647798007178,1.9056118463671403,1.9365908719482816,1.9418765109087424,1.8380564865463658,1.8662769704199187,1.877950229510235,1.8410694742217182,1.8801914088752065,1.4913345682929195,1.7235923408197493,1.7921863955719695,1.9204466799389714,1.8249832720993928,1.820030502689403,1.97958061512519,1.9375468360638748,1.9321178342832708,1.642459555262709,1.915054717506343,1.9196508464379378,1.969473689458844,1.9815312006466381,1.8625684950505554,1.9178003494535516,1.8422844440519603,0,1.921440620312935,1.9209170990009572,1.9341429336762883,1.909747785828111,1.892895484138118,1.8927133835029797,1.8412880364394717,1.7822482430650703,1.8852742209112465,1.877067923785368,1.8671378840556092,1.427042949430995,1.8556605360320584,1.9033694777818202,1.9758330911040123
Pashto,1.8185991463830469,1.8162950466818468,1.8430771669959374,1.8283832001628646,1.8200332603181202,1.8330151078301795,1.8856980651054118,1.7758207414061713,1.851607818628097,1.8534872944059506,1.8942296643199386,1.9528185326830376,1.8493524877340475,1.8253342901297196,1.9609590731071755,1.8788790378690488,1.8259953807808946,1.7961125798511126,1.9131322265020099,1.8100412500958025,1.8718740582829627,1.9789300267683059,1.9476480344443818,1.8119755173524947,1.7967827251611228,1.6924325241226355,1.921440620312935,0,1.681989093269888,1.9424962905347607,1.883927044512356,1.8405752146061676,1.8499477047890975,1.8095603990025386,1.67408640309634,1.8660713112161678,1.8609351794077718,1.8419286265065844,1.909907400281626,1.8173434724442858,1.7272204748263547,1.8847403168328023
Persian,1.8577511720468969,1.8401371781671203,1.8080876989431036,1.873329426645953,1.808428126710808,1.849023347156135,1.9282083967703256,1.7989052478821335,1.8755636236619042,1.8823745051711525,1.8834816145510074,1.940472949307936,1.8992871584374962,1.8381016260485292,1.9069985052738632,1.8934817731141633,1.8903413430341536,1.8543413636180905,1.845821413982864,1.9026333880758015,1.8806885899681163,1.9600572911081804,1.9049519872571863,1.8308681133565317,1.8885216989402485,1.7630079059880777,1.9209170990009572,1.681989093269888,0,1.9272208760326983,1.9338421592126978,1.8423279957971863,1.8768652223859101,1.8172621241356766,1.7378849848058633,1.8777514909592905,1.892593736361069,1.8846753134374636,1.8721894115045772,1.8216094942693386,1.7721272357407767,1.8907716321872825
Polish,1.913353812387308,1.912516433495828,1.944174452689986,1.9079724445897723,1.5673639204936531,1.676718762369691,1.9454753061638492,1.5950541130686922,1.5953718594261106,1.9558371887889348,1.9503796323646005,2.0094984832734584,1.9600205809385955,1.913594240958226,2.005210926526128,1.9532077441189029,1.968209269217673,1.9518890851672253,1.9167233586953072,1.9873750765022289,1.8930013863542323,1.8742255906094845,1.9002704854247237,1.6385597550558662,1.949526507889176,1.8821380369080714,1.9341429336762883,1.9424962905347607,1.9272208760326983,0,1.9328655266014885,1.8837978030572826,1.6178419724864732,1.5796604163824872,1.84623677430436,1.496226843625216,1.7039353643135404,1.913361906987361,1.906302169027255,1.5624535030957831,1.9395356598441875,1.9800510653869197
Portuguese,1.8681789118351988,1.8534046376856417,1.9089867092559303,1.8919910575100098,1.8623544881089469,1.8451403152757666,1.5923693580528084,1.8316142488977833,1.9101234703144974,1.8893361938244022,1.8893709953914368,1.9060362339718744,1.778148283127047,1.4348476338362721,2.0023578295453257,1.917025555100023,1.9482036364222888,1.914443809726262,1.9176019173518133,1.8698524300430912,1.6801783810269024,1.9406967664169985,1.9919938302478066,1.8640192030734366,1.8839078862272194,1.821675946861606,1.909747785828111,1.883927044512356,1.9338421592126978,1.9328655266014885,0,1.7475645166427285,1.8881349647365737,1.861010630113673,1.7832742699480553,1.8798288043105564,1.9117794046589225,1.5125651267675844,1.8826698517022769,1.8684157446511798,1.8958584495332198,1.9095084993977298
Romanian,1.8522872014195126,1.8202855986752813,1.8706771935945343,1.8668256417772533,1.786455299803672,1.7914171756844666,1.6909033921882475,1.746824098068965,1.8415583332049468,1.867085823291231,1.8978165492170889,1.9281093854474785,1.7812781248565202,1.6667249148159635,1.922122047114617,1.8510975371478544,1.9088059959623478,1.8746545482938919,1.8627521316379458,1.8883319978824988,1.6258571344249992,1.956144984172568,1.9028134727226094,1.7825259824717266,1.8721887681111855,1.786591961306937,1.892895484138118,1.8405752146061676,1.8423279957971863,1.8837978030572826,1.7475645166427285,0,1.8330333276999553,1.7844781356973696,1.7589511381144296,1.8495099191961912,1.8490886712806522,1.6995638503800274,1.8572505498095355,1.7828502510209367,1.8727290471654476,1.8878727515013058
Russian,1.8236715590741897,1.8145957899612357,1.8632270113454634,1.8676566713085239,1.4459863824527646,1.5885547424740518,1.89153821993406,1.5176378391222156,1.5722276096690568,1.8875881524385068,1.910128968543834,1.9747843171588166,1.895603889109744,1.812136598706038,1.987249521712284,1.9021796347246216,1.9344106473634346,1.9245672867115378,1.8194752945141663,1.9289027520720916,1.8540003260497397,1.7828703077632337,1.8174960390368533,1.4941579058733712,1.8868451244997488,1.8220072287515858,1.8927133835029797,1.8499477047890975,1.8768652223859101,1.6178419724864732,1.8881349647365737,1.8330333276999553,0,1.4419643423254735,1.722114013439614,1.515549268058716,1.666437505411234,1.859776118208434,1.866762378344625,1.3479606330861038,1.89750859133518,1.9396587231209976
Serbian,1.7784267356479087,1.7923020404661743,1.8455534129443845,1.8351243802317578,1.0105507522072805,1.426507276060779,1.840259178208198,1.1089541044432094,1.5142169154778806,1.8505819197866118,1.867574366573377,1.934994306583504,1.8580576848043608,1.7645243229534393,1.9294137037282542,1.888178415011709,1.8813537147870374,1.8686065827843292,1.8029994339512383,1.9257250697622725,1.7960427179064964,1.7902514681159232,1.7854382526223076,1.2233137623002865,1.8543324395269405,1.7884892614580001,1.8412880364394717,1.8095603990025386,1.8172621241356766,1.5796604163824872,1.861010630113673,1.7844781356973696,1.4419643423254735,0,1.703518123836589,1.4608665936966536,1.4514190490808794,1.8119130370087888,1.8299972009384369,1.4002974925881992,1.839547722192114,1.9059236374303596
Sinhala,1.7437046138253882,1.6637528236654828,1.7576510687866986,1.6931164795023805,1.706499295766712,1.682120541844576,1.7458761552723923,1.6708038924237747,1.7291091492765356,1.7577243521461685,1.7933473027592535,1.8671868199804111,1.7803624553569155,1.670518359638849,1.8740827248336571,1.7700353571448173,1.7514189473325825,1.695657058378924,1.7349242575226325,1.7551256940972928,1.7446249794255573,1.867543234768406,1.8204086407603077,1.6853506059473633,1.703626027468971,1.5918518263377215,1.7822482430650703,1.67408640309634,1.7378849848058633,1.84623677430436,1.7832742699480553,1.7589511381144296,1.722114013439614,1.703518123836589,0,1.760189152684379,1.790744421400406,1.712122959781995,1.7656638105691445,1.699864800638253,1.694312246785577,1.7875408686829837
Slovak,1.8410078874439268,1.856572556571712,1.89065099895371,1.8951077248185986,1.4873146748758517,1.567195759777025,1.8806272932522583,1.4683711575654226,1.2802288430662703,1.8673720872679553,1.9153556854293095,1.9457795467670365,1.895498119662682,1.8166401790724354,1.9607693452368047,1.9296005730156078,1.920190408593108,1.9065051532793678,1.8919679095308046,1.8969788884576655,1.858725386830575,1.8651197428684,1.907443117445301,1.5535601840751851,1.8787959011641153,1.798524887758347,1.8852742209112465,1.8660713112161678,1.8777514909592905,1.496226843625216,1.8798288043105564,1.8495099191961912,1.515549268058716,1.4608665936966536,1.760189152684379,0,1.612488153924026,1.8467854796432663,1.873326048127222,1.5100063308746836,1.8760916992373435,1.9291097632570866
Slovenian,1.863222364446257,1.8762028781851863,1.9419213516720433,1.8807830973297037,1.5096224577610746,1.573564235342752,1.8565186634251858,1.4262221946162155,1.6454513196275935,1.8673533617840747,1.9058514333830567,1.9588815715466383,1.8821134955331509,1.8207465127230216,1.950049258131086,1.9298692659133572,1.908355730239224,1.9161202682742404,1.9228498215933838,1.9014650867231808,1.858949485198168,1.9222724001471214,1.9074736725890413,1.5899037439758117,1.8860101493334935,1.8007364678363877,1.877067923785368,1.8609351794077718,1.892593736361069,1.7039353643135404,1.9117794046589225,1.8490886712806522,1.666437505411234,1.4514190490808794,1.790744421400406,1.612488153924026,0,1.8335171339626755,1.891765194416887,1.617785435681544,1.8709579345171072,1.931315207137268
Spanish,1.879100032275409,1.8337318410281431,1.911664015946492,1.8290824739927014,1.8124562327123075,1.7209360535267013,1.4551594928145843,1.7466586248511293,1.82652714333612,1.8641346423239156,1.880481518722313,1.893084778305068,1.748148381023622,1.2611936513187236,1.940665261502901,1.8239465110041762,1.8474729373977918,1.8091253766301156,1.9071622422168355,1.830924785775695,1.5251601036179978,2.008093842123955,1.9277364480238377,1.7991906222972907,1.8042782648364442,1.7315563378111316,1.8671378840556092,1.8419286265065844,1.8846753134374636,1.913361906987361,1.5125651267675844,1.6995638503800274,1.859776118208434,1.8119130370087888,1.712122959781995,1.8467854796432663,1.8335171339626755,0,1.8430381169228902,1.8068540455217859,1.8228054955896065,1.845497455460931
Swedish,1.6579832908859922,1.8981741426874434,1.8970499141169308,1.897520208127603,1.8177313516801177,1.8389408026013068,1.8604821743918136,1.8140080417518558,1.8734721687439635,1.5726289091338648,1.6984607277953427,1.7713064239746386,1.9192891680070667,1.8187895006527697,1.7205888166833196,1.9221289783274687,1.903510649468257,1.8845009872690632,1.6118284872766955,1.8967799481399388,1.8504520920253518,1.9344401664176196,1.9123726046677336,1.8431477498937823,1.8920986559130177,1.803349663383279,1.427042949430995,1.909907400281626,1.8721894115045772,1.906302169027255,1.8826698517022769,1.8572505498095355,1.866762378344625,1.8299972009384369,1.7656638105691445,1.873326048127222,1.891765194416887,1.8430381169228902,0,1.8320618631610814,1.868059413653169,1.8984289236526986
Ukrainian,1.804741412917469,1.7713006284014197,1.8505614108589536,1.8338062211189974,1.412337003543129,1.5509118762895173,1.8509260561234984,1.453971024702821,1.5255022666493074,1.8599281438678432,1.8896816489323551,1.952202456921256,1.8483875415479027,1.7814004389952094,1.951898264865089,1.8539366014755978,1.8834310561658352,1.862548089660943,1.8135407385005988,1.88975251414681,1.8072567146446417,1.8102555020968487,1.788516843492251,1.4642545369607134,1.8552270397089743,1.774775876197883,1.8556605360320584,1.8173434724442858,1.8216094942693386,1.5624535030957831,1.8684157446511798,1.7828502510209367,1.3479606330861038,1.4002974925881992,1.699864800638253,1.5100063308746836,1.617785435681544,1.8068540455217859,1.8320618631610814,0,1.8390677107782798,1.892094494764183
Urdu,1.8645017019076446,1.8340877815300025,1.9001906076877595,1.6168369957782425,1.8454487470009007,1.7999800752249484,1.8612587386574342,1.7952117782559893,1.8635219845099422,1.8812321599879331,1.8831063353993152,1.9228811632485596,1.8862052472445,1.8306427360886002,1.9546797923106431,1.8828608380423293,1.6036226355060246,1.348118728967007,1.914112263802045,1.880919617527477,1.8781223891280805,1.9800473569339931,1.9657580084040471,1.8105225543930321,1.633042520796343,1.5324727964323948,1.9033694777818202,1.7272204748263547,1.7721272357407767,1.9395356598441875,1.8958584495332198,1.8727290471654476,1.89750859133518,1.839547722192114,1.694312246785577,1.8760916992373435,1.8709579345171072,1.8228054955896065,1.868059413653169,1.8390677107782798,0,1.8912192182683567
Welsh,1.9184771147360054,1.8990495503569362,1.8755081868553058,1.925798166438914,1.9112194684625297,1.8452746796745438,1.8956252859314904,1.8438785525352,1.8963121980851017,1.900896321528679,1.9296088428278624,1.8774934469615823,1.9220550242102812,1.8405514376923482,1.935697166285319,1.8878923460282786,1.9194832772096846,1.9333739600185413,1.93165154524403,1.832891608327719,1.8036167194699586,2.022483446262165,1.9393387474902017,1.924231177100993,1.8982820352633447,1.8015830519868021,1.9758330911040123,1.8847403168328023,1.8907716321872825,1.9800510653869197,1.9095084993977298,1.8878727515013058,1.9396587231209976,1.9059236374303596,1.7875408686829837,1.9291097632570866,1.931315207137268,1.845497455460931,1.8984289236526986,1.892094494764183,1.8912192182683567,0
