,Afrikaans,Albanian,Armenian,Bengali,Bosnian,Bulgarian,Catalan,Croatian,Czech,Danish,Dutch,English,French,Galician,German,Greek,Gujarati,Hindi,Icelandic,Irish,Italian,Latvian,Lithuanian,Macedonian,Marathi,Nepali,Norwegian,Pashto,Persian,Polish,Portuguese,Romanian,Russian,Serbian,Sinhala,Slovak,Slovenian,Spanish,Swedish,Ukrainian,Urdu,Welsh
Afrikaans,0,9.2575007427691,8.787644641456735,9.21734609768542,9.12631704886481,8.917875046254933,8.918034955370821,8.93176876520827,8.961660392906973,8.771771504319917,6.942328748636382,8.168508634168077,9.239900208789356,8.843048944291523,8.350712997817245,9.553234348940396,9.044759905866673,9.27449875043378,8.23507039329596,9.32174288560099,9.342139101680099,9.197736347666105,9.053753486350091,8.885572546299793,9.213925609608262,9.52669263720003,8.401626982684148,8.974822983215873,8.86984799152302,9.14103329150403,9.01145241396897,9.187640615414832,9.018457959185916,8.783911136443772,9.299258757181882,9.140064837287754,9.116574419461987,9.203697324229699,8.184267801189874,8.991074704200646,9.213249530478997,9.027588638487378
Albanian,9.2575007427691,0,8.875397936996135,9.16916919127325,9.403454960494429,9.300575284963195,9.234141440343059,9.17216887649267,9.401183366284567,9.796441015996074,9.364291491738426,9.38245139300417,9.440823514225121,8.914301671901278,9.440614704686812,9.586236110089104,9.153495084794365,9.270829102899636,9.246597529699352,9.643376137011137,9.514604668383479,9.454951770513645,9.055030132637123,9.087280501710229,9.182478045856714,9.434768493126969,9.50522653869795,9.07809075129306,8.981361419393222,9.369110819583405,9.297245781189153,9.243781333104328,9.250166077108553,9.077912972226246,8.628895765299756,9.361771108718559,9.535585137865052,9.354118425313315,9.177370262231044,9.12598317322781,9.19936144891111,9.326158308776554
Armenian,8.787644641456735,8.875397936996135,0,8.86608207139551,8.81651025883,8.870965180936842,8.862404864467228,8.743526877981894,8.950173577981932,9.447068926162206,8.881182795237747,8.814917236987707,9.15502193107033,8.845004039797795,8.942704608299982,9.046260150994557,8.938143993729451,9.085310942886586,8.483475405947202,9.227298973253598,9.097508178369347,8.621861779122433,8.42554058722186,8.723465416597637,9.008333812930875,9.384021457743556,8.959844697513912,8.755915774358757,8.402257050825227,8.884606358046835,8.92437686155827,8.916552862858964,8.839727348188198,8.655833786453536,8.790909029944396,9.003503853240012,9.07529117397625,9.124164732833682,8.710416392096905,8.811043017839443,8.922457939378054,8.777490386757236
Bengali,9.21734609768542,9.16916919127325,8.86608207139551,0,9.096438938754197,8.80524989219024,8.778264435126518,8.944804751581406,8.91693424934193,9.55425325855274,9.019600753810119,8.78638607700287,9.257202667547578,9.023107694207146,9.1004659211926,9.139044571784247,7.777205008788048,7.850887819682848,9.139263217778229,9.419160695924687,9.071101413277917,9.09821214003057,8.806559262837157,8.796942586551637,8.127700564281033,8.143390263116526,9.211116952858978,9.012970604905954,8.922991225859443,8.830589323361181,8.996572549769352,8.947951471055369,9.111053530058168,8.820450403536102,8.934907421338792,9.100717297023127,9.130555338301058,8.953610912229255,8.820221355242795,9.016064631991801,7.8675460737057135,9.034655006286306
Bosnian,9.12631704886481,9.403454960494429,8.81651025883,9.096438938754197,0,7.6710530315291985,9.065014495735538,6.674975900774737,7.844977739208575,9.490789498961629,8.969047914434391,9.029732281710311,9.356115225939178,9.147750242393434,9.12633761058061,9.447878685638974,9.130132727090947,9.224567959281098,8.92991520475743,9.765103075771336,8.915531824207012,8.372403156673464,8.231359108530285,6.947509556770704,9.285551326484978,9.472188103993515,9.101356939527564,9.394230312361346,8.978182049811549,7.704644043357762,8.993890769123684,8.928548253651224,7.355280821360863,5.8326283804392745,9.51225250694105,7.641692395456306,7.826152885625305,9.159357669444635,8.967404338642469,7.312027370730027,9.073098149210093,9.025938573738546
Bulgarian,8.917875046254933,9.300575284963195,8.870965180936842,8.80524989219024,7.6710530315291985,0,8.56818679333409,7.156507749101209,7.660805934807944,9.212907107047597,8.655461477068059,8.590452315128749,9.077897544057745,8.700290801178452,8.898697406098764,9.03963631875335,8.758277131069256,8.853393940719554,8.806780020914742,9.281155633957523,8.601424137245328,8.898493551651248,8.555306784870575,6.993304425938418,8.879632116790974,9.497747849136383,8.898304531699319,9.083597951714353,8.811819647930466,7.994672747385215,8.714558753165518,8.7776190872923,7.844014577015418,7.261595663911865,9.27904916289954,7.903704381454915,8.008006594647753,8.704841796888298,8.756603515371268,7.778446502144167,8.764349308693955,8.648493872690615
Catalan,8.918034955370821,9.234141440343059,8.862404864467228,8.778264435126518,9.065014495735538,8.56818679333409,0,8.669604818121236,8.830154372466783,9.203456502009633,8.690557989525399,8.442367482729384,8.445613929776922,7.636853844870935,8.896886564168948,8.928000305504254,8.610432100013323,8.699671354847363,8.889275363724828,9.035026985173864,8.07100670088077,9.115401760960534,8.767273436735087,8.695611821941295,8.694296750964849,9.463404706611076,8.638625446515503,9.127631234128364,8.885009948809568,8.855621302743943,7.785181962537572,8.218221600658628,9.044862051762758,8.718111002272206,9.223068525084578,8.911550094646651,8.897796083012029,7.4948773492021985,8.543983155676193,8.83151338721431,8.799700995936579,8.88739695702782
Croatian,8.93176876520827,9.17216887649267,8.743526877981894,8.944804751581406,6.674975900774737,7.156507749101209,8.669604818121236,0,7.6569792233945915,9.243636022924086,8.844992221468935,8.70632837388007,9.066996290608726,8.747480228547483,9.015836201968737,9.209976591667498,8.794732616733722,8.932060431424695,8.898234726985692,9.405532834777857,8.691811899929142,8.823385297586015,8.30911433898311,7.220737077398873,8.883549522382195,9.465794561090618,8.97123995635484,9.032485446151474,8.73085975787983,7.827844215384566,8.916269892095427,8.770093163058396,7.758730181367222,6.30161421292221,9.15047817532486,7.652982111643359,7.438300199605855,8.86175094593516,8.809661942492172,7.557603982659945,8.860208605717235,8.76628729377904
Czech,8.961660392906973,9.401183366284567,8.950173577981932,8.91693424934193,7.844977739208575,7.660805934807944,8.830154372466783,7.6569792233945915,0,9.141604819467569,8.798176505281685,8.69000431574037,9.098958770562154,8.920574992059265,8.979542067184543,9.368457236986568,8.964821100893142,9.081838197204458,8.845165634857498,9.472892566956558,8.853948867478785,8.604062076254984,8.621242745099275,7.843517762606304,9.147742877984792,9.396300745456234,8.925252241272174,9.133540722621538,8.806526517687711,7.585963893450579,8.963910844047062,8.92395930339368,7.69737568286353,7.460182977327275,9.421275053798318,6.953029853408607,8.144721076904824,9.005294613112701,8.843269968902039,7.61874200391836,8.857536837596781,8.731386834034232
Danish,8.771771504319917,9.796441015996074,9.447068926162206,9.55425325855274,9.490789498961629,9.212907107047597,9.203456502009633,9.243636022924086,9.141604819467569,0,8.660084045374123,8.408816853575457,9.410665903866343,9.29428157521265,8.614906447755311,9.84704722609911,9.260324058477313,9.43241645192616,8.575575145833762,9.576321549325913,9.402794807017973,9.658746973364096,9.409760897164489,9.33546852455935,9.394799479741376,9.656952831820966,7.96522625549938,9.517079478425112,9.411109103019324,9.405142130652802,9.417530599929592,9.358811767898501,9.46682657607799,9.280773785623763,9.838679621961438,9.394723777437433,9.240324686636313,9.540055130692714,8.115874794698314,9.34277871682961,9.361412517408239,9.162252767683219
Dutch,6.942328748636382,9.364291491738426,8.881182795237747,9.019600753810119,8.969047914434391,8.655461477068059,8.690557989525399,8.844992221468935,8.798176505281685,8.660084045374123,0,7.9014327770418795,9.134292558556416,8.984872421465653,7.699536755402235,9.141390587285072,8.754264913118892,8.931613801675825,8.372701447705683,9.253190844450282,8.975012078062166,8.98140225951193,8.87011939803625,8.757814229773828,8.976688745643248,9.445932047725922,8.259581505498877,9.156725711852191,8.845548998733525,8.921722570081004,8.794996638023628,8.929682063702339,8.97804310174467,8.735609251900797,9.46287431068657,9.025161821883666,8.913728745372547,8.920210602785447,8.127060379426275,8.927034179304162,8.948270555891117,8.882688594998486
English,8.168508634168077,9.38245139300417,8.814917236987707,8.78638607700287,9.029732281710311,8.590452315128749,8.442367482729384,8.70632837388007,8.69000431574037,8.408816853575457,7.9014327770418795,0,8.954474786947031,8.84667868063486,8.224461473079632,9.202322282366346,8.514093191078661,8.835326621895856,8.516200526070119,8.944630878999936,8.805028805968455,8.971307677510628,8.80592493683637,8.749342830520987,8.7507081564825,9.249431349769228,8.145034629733216,9.142372334900756,8.858743434574984,8.859161741369881,8.71249666784399,8.809976870511333,8.941192145227108,8.648053165009914,9.431969992183259,8.920789784585782,8.842604887254517,8.787854929144638,8.121834345094342,8.808506192321119,8.738600933065898,8.548231869306486
French,9.239900208789356,9.440823514225121,9.15502193107033,9.257202667547578,9.356115225939178,9.077897544057745,8.445613929776922,9.066996290608726,9.098958770562154,9.410665903866343,9.134292558556416,8.954474786947031,0,8.68920323905741,9.282629864501862,9.563023110987995,9.265304438234988,9.363673848042124,9.322673795769221,9.445762321986019,8.687792666685839,9.319368912835053,9.139361136852642,9.115494462043483,9.235348340083222,9.73307531970575,9.189604018339553,9.322772337775382,9.211051094296643,9.296569251344076,8.7121934648993,8.952121204704236,9.294175495082492,9.05398161939283,9.597157298551219,9.26716353221457,9.235918762215082,8.755910194178595,9.17409493599911,9.19282937901041,9.219240099503022,9.139494675798225
Galician,8.843048944291523,8.914301671901278,8.845004039797795,9.023107694207146,9.147750242393434,8.700290801178452,7.636853844870935,8.747480228547483,8.920574992059265,9.29428157521265,8.984872421465653,8.84667868063486,8.68920323905741,0,9.132060435942293,9.310645683311815,8.967834978626666,9.124654183270778,8.749154429151167,9.114126392014358,8.250883690742581,9.392451738216073,9.007527416268085,8.782032164772167,8.987123828615337,9.48397359846819,9.012313944470588,8.95943085163014,8.727074265944914,9.160798770100092,7.326868036285999,8.515865170688185,9.024177660441428,8.731263406321494,8.927606132742794,9.05612084342994,9.128993918340466,6.874477923046601,8.733563389175577,8.850324788827027,9.10095386161964,8.904920085752092
German,8.350712997817245,9.440614704686812,8.942704608299982,9.1004659211926,9.12633761058061,8.898697406098764,8.896886564168948,9.015836201968737,8.979542067184543,8.614906447755311,7.699536755402235,8.224461473079632,9.282629864501862,9.132060435942293,0,9.240943295481843,8.913753326377188,9.06229710136911,8.579805652325952,9.366859561109864,9.058071207399006,9.14247696107071,8.939377225467933,9.040680462710974,9.127372869405912,9.374254489160714,8.589738070030382,9.340946763787445,8.967119965060828,9.075289042385169,9.195593252477783,9.00736917508928,9.267732323477354,8.935446775545627,9.60835947273855,9.16806937201327,9.09165808566032,9.17767302097761,8.167371105186408,9.123396349226,9.040952611765642,8.975643572901603
Greek,9.553234348940396,9.586236110089104,9.046260150994557,9.139044571784247,9.447878685638974,9.03963631875335,8.928000305504254,9.209976591667498,9.368457236986568,9.84704722609911,9.141390587285072,9.202322282366346,9.563023110987995,9.310645683311815,9.240943295481843,0,9.017559209166114,9.122964590597,9.241622801298934,9.732539982931572,9.221950528743104,9.148553997249104,8.868621511418223,9.188203708914596,9.24319949825002,9.611213839091157,9.430474743759836,9.505453013441937,9.273244988149067,9.296151004236563,9.299007181698029,9.161518838534821,9.385692524751393,9.195838486833175,9.534913744705458,9.462560761310778,9.44582670553259,9.089390064515568,9.160284772728128,9.194882107928839,9.181706700594797,9.15965423488304
Gujarati,9.044759905866673,9.153495084794365,8.938143993729451,7.777205008788048,9.130132727090947,8.758277131069256,8.610432100013323,8.794732616733722,8.964821100893142,9.260324058477313,8.754264913118892,8.514093191078661,9.265304438234988,8.967834978626666,8.913753326377188,9.017559209166114,0,7.026784521494489,9.060903702641717,9.285403698464455,9.132934518035107,9.276297288014922,8.762631487575248,8.754492024770473,6.852151416081631,8.222456916236409,8.973875077558022,8.83425541946381,8.89305843426805,8.933093837727965,9.074883686547858,8.895069045289397,9.18835370480565,8.795179450683952,8.953583941739751,9.06108476987191,8.985670102049653,8.81229560484422,8.66150558962245,8.924038686144238,7.869063870422964,9.027488577747336
Hindi,9.27449875043378,9.270829102899636,9.085310942886586,7.850887819682848,9.224567959281098,8.853393940719554,8.699671354847363,8.932060431424695,9.081838197204458,9.43241645192616,8.931613801675825,8.835326621895856,9.363673848042124,9.124654183270778,9.06229710136911,9.122964590597,7.026784521494489,0,9.1729786273538,9.375709194217182,9.247636748648222,9.389166185267154,8.885299810140488,8.832439581103614,7.490325064244762,8.2781396117927,9.079618179629502,8.908484387063703,8.861620712475077,8.990674569568439,9.150453116754829,8.886255152981724,9.346594015887975,8.948116832267319,9.0128104016071,9.146598876699892,9.15876180431656,8.961741327796744,8.734362235610849,9.089255945250397,7.088697074047188,9.229354424439446
Icelandic,8.23507039329596,9.246597529699352,8.483475405947202,9.139263217778229,8.92991520475743,8.806780020914742,8.889275363724828,8.898234726985692,8.845165634857498,8.575575145833762,8.372701447705683,8.516200526070119,9.322673795769221,8.749154429151167,8.579805652325952,9.241622801298934,9.060903702641717,9.1729786273538,0,9.378484763036404,9.16578730062771,8.843100371723935,8.557894120233593,8.756076447432918,9.203755922065971,9.629813680362563,8.117528663017762,9.102492726000445,8.66370896075749,8.989348180075234,8.976877015091551,9.011544092706629,8.779522807481447,8.641801446398274,9.05424253471618,9.082924111593806,9.189836696789397,9.140844225549,7.873695055260802,8.753071569073672,9.10960443965757,8.96720448107325
Irish,9.32174288560099,9.643376137011137,9.227298973253598,9.419160695924687,9.765103075771336,9.281155633957523,9.035026985173864,9.405532834777857,9.472892566956558,9.576321549325913,9.253190844450282,8.944630878999936,9.445762321986019,9.114126392014358,9.366859561109864,9.732539982931572,9.285403698464455,9.375709194217182,9.378484763036404,0,9.621741806620022,9.811742379545262,9.464716056869035,9.30961276735844,9.250625247607145,9.880744808380626,9.433427371449362,9.267055736103787,9.346954085560666,9.595412109500163,9.144416652422645,9.397538093773365,9.599179154797408,9.457773295976903,9.551964719937425,9.57591687220045,9.515542068675595,9.043244782782212,9.11610960630777,9.50087699835065,9.340217797846698,9.027357894667595
Italian,9.342139101680099,9.514604668383479,9.097508178369347,9.071101413277917,8.915531824207012,8.601424137245328,8.07100670088077,8.691811899929142,8.853948867478785,9.402794807017973,8.975012078062166,8.805028805968455,8.687792666685839,8.250883690742581,9.058071207399006,9.221950528743104,9.132934518035107,9.247636748648222,9.16578730062771,9.621741806620022,0,9.252235789376188,8.893725574641325,8.752348743818407,9.20820423279514,9.557671229503939,9.159682899029669,9.444720998776214,9.047307508351645,8.889580053674454,8.347800888690072,8.276226629356696,8.970655808826537,8.690861442689329,9.731699062055041,9.062604081794504,9.050559295365726,8.162723459993776,8.97298670807549,8.850775062417354,9.171135958967712,8.62780978844824
Latvian,9.197736347666105,9.454951770513645,8.621861779122433,9.09821214003057,8.372403156673464,8.898493551651248,9.115401760960534,8.823385297586015,8.604062076254984,9.658746973364096,8.98140225951193,8.971307677510628,9.319368912835053,9.392451738216073,9.14247696107071,9.148553997249104,9.276297288014922,9.389166185267154,8.843100371723935,9.811742379545262,9.252235789376188,0,7.365652862357168,8.669831555397469,9.405387281879852,9.666998033445385,9.147053621168459,9.503615773250209,9.159131860204916,8.366879691852892,9.085689116856996,9.081811536381624,8.407252134298153,8.364519892566255,9.640790017506161,8.602359354651043,8.802460768370562,9.50072553237862,9.063298711914861,8.625598835979607,9.097417685799122,9.150182466934774
Lithuanian,9.053753486350091,9.055030132637123,8.42554058722186,8.806559262837157,8.231359108530285,8.555306784870575,8.767273436735087,8.30911433898311,8.621242745099275,9.409760897164489,8.87011939803625,8.80592493683637,9.139361136852642,9.007527416268085,8.939377225467933,8.868621511418223,8.762631487575248,8.885299810140488,8.557894120233593,9.464716056869035,8.893725574641325,7.365652862357168,0,8.38839590444614,9.029846792038056,9.237473038647321,8.818176851433774,9.067595629507624,8.740800025000603,8.278307016264906,8.995879955480556,8.652348837133122,8.32178360678581,8.10810413827824,9.004666135087481,8.665783878842271,8.606204030335597,8.971960554402466,8.653934644610924,8.306857036097961,8.827018610855719,8.863726839665881
Macedonian,8.885572546299793,9.087280501710229,8.723465416597637,8.796942586551637,6.947509556770704,6.993304425938418,8.695611821941295,7.220737077398873,7.843517762606304,9.33546852455935,8.757814229773828,8.749342830520987,9.115494462043483,8.782032164772167,9.040680462710974,9.188203708914596,8.754492024770473,8.832439581103614,8.756076447432918,9.30961276735844,8.752348743818407,8.669831555397469,8.38839590444614,0,8.900786927473346,9.343435450654528,8.951536962678889,8.987457030393934,8.791937260631691,7.928124200649128,8.755070348994144,8.808263060731909,7.384133102087338,6.383641564926726,9.101096283014721,7.780634148529169,7.999596508740056,8.748063322651,8.740502666384844,7.296232074908483,8.755099162046038,8.871587685634125
Marathi,9.213925609608262,9.182478045856714,9.008333812930875,8.127700564281033,9.285551326484978,8.879632116790974,8.694296750964849,8.883549522382195,9.147742877984792,9.394799479741376,8.976688745643248,8.7507081564825,9.235348340083222,8.987123828615337,9.127372869405912,9.24319949825002,6.852151416081631,7.490325064244762,9.203755922065971,9.250625247607145,9.20820423279514,9.405387281879852,9.029846792038056,8.900786927473346,0,8.696497016182088,9.113995739151457,8.939851919978667,9.109056525126231,9.115323583585974,9.073174182647877,9.047548219644796,9.21561267521108,8.946639468593915,9.058325336457077,9.087885218779405,9.073491997344844,8.819021405045145,8.861956060376862,9.052331624115789,8.173668513012457,9.11739570743518
Nepali,9.52669263720003,9.434768493126969,9.384021457743556,8.143390263116526,9.472188103993515,9.497747849136383,9.463404706611076,9.465794561090618,9.396300745456234,9.656952831820966,9.445932047725922,9.249431349769228,9.73307531970575,9.48397359846819,9.374254489160714,9.611213839091157,8.222456916236409,8.2781396117927,9.629813680362563,9.880744808380626,9.557671229503939,9.666998033445385,9.237473038647321,9.343435450654528,8.696497016182088,0,9.635950028769381,9.173948682179029,9.350662212864973,9.484023763661986,9.603071216214952,9.357328081755337,9.682213022846362,9.33183340784665,9.269877753599813,9.5607923682122,9.572084651511386,9.659091653551426,9.174462607556597,9.540389239451443,8.410235289603103,9.409761433724492
Norwegian,8.401626982684148,9.50522653869795,8.959844697513912,9.211116952858978,9.101356939527564,8.898304531699319,8.638625446515503,8.97123995635484,8.925252241272174,7.96522625549938,8.259581505498877,8.145034629733216,9.189604018339553,9.012313944470588,8.589738070030382,9.430474743759836,8.973875077558022,9.079618179629502,8.117528663017762,9.433427371449362,9.159682899029669,9.147053621168459,8.818176851433774,8.951536962678889,9.113995739151457,9.635950028769381,0,9.41126209600148,9.09463232017461,8.99845614236865,8.961133819468126,8.991430291616206,9.167036555484076,8.871312346751008,9.525046167383108,9.043129426862588,8.978115647830997,8.97932203554274,7.116923604657074,9.043418526169708,8.979875713539291,9.14585363674249
Pashto,8.974822983215873,9.07809075129306,8.755915774358757,9.012970604905954,9.394230312361346,9.083597951714353,9.127631234128364,9.032485446151474,9.133540722621538,9.517079478425112,9.156725711852191,9.142372334900756,9.322772337775382,8.95943085163014,9.340946763787445,9.505453013441937,8.83425541946381,8.908484387063703,9.102492726000445,9.267055736103787,9.444720998776214,9.503615773250209,9.067595629507624,8.987457030393934,8.939851919978667,9.173948682179029,9.41126209600148,0,8.411419242593688,9.283530780072809,9.19367560418358,9.213692901523478,9.27410027399514,9.033931704158539,8.911838184845006,9.376004594736758,9.194590337180504,9.216606428802976,9.025256628368618,9.157248164375675,8.757483106718716,9.203874810319565
Persian,8.86984799152302,8.981361419393222,8.402257050825227,8.922991225859443,8.978182049811549,8.811819647930466,8.885009948809568,8.73085975787983,8.806526517687711,9.411109103019324,8.845548998733525,8.858743434574984,9.211051094296643,8.727074265944914,8.967119965060828,9.273244988149067,8.89305843426805,8.861620712475077,8.66370896075749,9.346954085560666,9.047307508351645,9.159131860204916,8.740800025000603,8.791937260631691,9.109056525126231,9.350662212864973,9.09463232017461,8.411419242593688,0,8.92237536545325,9.038833006122625,8.90516816940449,8.926139543704918,8.679969901574236,8.970633325852406,9.017995885654267,9.11025326239124,9.047044036962433,8.74430457796298,8.71524390756346,8.59016318322625,8.861097419457312
Polish,9.14103329150403,9.369110819583405,8.884606358046835,8.830589323361181,7.704644043357762,7.994672747385215,8.855621302743943,7.827844215384566,7.585963893450579,9.405142130652802,8.921722570081004,8.859161741369881,9.296569251344076,9.160798770100092,9.075289042385169,9.296151004236563,8.933093837727965,8.990674569568439,8.989348180075234,9.595412109500163,8.889580053674454,8.366879691852892,8.278307016264906,7.928124200649128,9.115323583585974,9.484023763661986,8.99845614236865,9.283530780072809,8.92237536545325,0,8.847729059529799,8.87313361106464,7.7769699945685895,7.572199196608423,9.511045073169125,7.286035500609483,8.11869925003948,9.093481351426147,8.812037030009224,7.648871572055617,8.936985909575409,8.937152396289038
Portuguese,9.01145241396897,9.297245781189153,8.92437686155827,8.996572549769352,8.993890769123684,8.714558753165518,7.785181962537572,8.916269892095427,8.963910844047062,9.417530599929592,8.794996638023628,8.71249666784399,8.7121934648993,7.326868036285999,9.195593252477783,9.299007181698029,9.074883686547858,9.150453116754829,8.976877015091551,9.144416652422645,8.347800888690072,9.085689116856996,8.995879955480556,8.755070348994144,9.073174182647877,9.603071216214952,8.961133819468126,9.19367560418358,9.038833006122625,8.847729059529799,0,8.6222900774972,8.93805999222606,8.706660229200578,9.460760189274634,8.952376088442508,9.01033616595313,7.330718083961292,8.871484336557026,8.878689032841395,9.035852812746825,8.955341911378783
Romanian,9.187640615414832,9.243781333104328,8.916552862858964,8.947951471055369,8.928548253651224,8.7776190872923,8.218221600658628,8.770093163058396,8.92395930339368,9.358811767898501,8.929682063702339,8.809976870511333,8.952121204704236,8.515865170688185,9.00736917508928,9.161518838534821,8.895069045289397,8.886255152981724,9.011544092706629,9.397538093773365,8.276226629356696,9.081811536381624,8.652348837133122,8.808263060731909,9.047548219644796,9.357328081755337,8.991430291616206,9.213692901523478,8.90516816940449,8.87313361106464,8.6222900774972,0,9.031058358036379,8.738367653239317,9.377541597535416,9.021359253602729,9.020656459104998,8.561240418381516,8.784088388925628,8.87285930823454,8.99095681324765,8.913956737482305
Russian,9.018457959185916,9.250166077108553,8.839727348188198,9.111053530058168,7.355280821360863,7.844014577015418,9.044862051762758,7.758730181367222,7.69737568286353,9.46682657607799,8.97804310174467,8.941192145227108,9.294175495082492,9.024177660441428,9.267732323477354,9.385692524751393,9.18835370480565,9.346594015887975,8.779522807481447,9.599179154797408,8.970655808826537,8.407252134298153,8.32178360678581,7.384133102087338,9.21561267521108,9.682213022846362,9.167036555484076,9.27410027399514,8.926139543704918,7.7769699945685895,8.93805999222606,9.031058358036379,0,7.064731384529581,9.327145145916182,7.694933850625733,8.301797984215483,9.140409861986303,8.975016916412253,6.849491428691129,9.17358419638407,8.994673079062865
Serbian,8.783911136443772,9.077912972226246,8.655833786453536,8.820450403536102,5.8326283804392745,7.261595663911865,8.718111002272206,6.30161421292221,7.460182977327275,9.280773785623763,8.735609251900797,8.648053165009914,9.05398161939283,8.731263406321494,8.935446775545627,9.195838486833175,8.795179450683952,8.948116832267319,8.641801446398274,9.457773295976903,8.690861442689329,8.364519892566255,8.10810413827824,6.383641564926726,8.946639468593915,9.33183340784665,8.871312346751008,9.033931704158539,8.679969901574236,7.572199196608423,8.706660229200578,8.738367653239317,7.064731384529581,0,9.146844164435901,7.345467504539456,7.399149490893388,8.81694876558922,8.704893642427821,6.989821901865399,8.799758146695382,8.822953963095754
Sinhala,9.299258757181882,8.628895765299756,8.790909029944396,8.934907421338792,9.51225250694105,9.27904916289954,9.223068525084578,9.15047817532486,9.421275053798318,9.838679621961438,9.46287431068657,9.431969992183259,9.597157298551219,8.927606132742794,9.60835947273855,9.534913744705458,8.953583941739751,9.0128104016071,9.05424253471618,9.551964719937425,9.731699062055041,9.640790017506161,9.004666135087481,9.101096283014721,9.058325336457077,9.269877753599813,9.525046167383108,8.911838184845006,8.970633325852406,9.511045073169125,9.460760189274634,9.377541597535416,9.327145145916182,9.146844164435901,0,9.489362868731885,9.635373418257055,9.235941702719558,9.062190382115778,9.224063938255773,8.98203432566829,9.397315750208952
Slovak,9.140064837287754,9.361771108718559,9.003503853240012,9.100717297023127,7.641692395456306,7.903704381454915,8.911550094646651,7.652982111643359,6.953029853408607,9.394723777437433,9.025161821883666,8.920789784585782,9.26716353221457,9.05612084342994,9.16806937201327,9.462560761310778,9.06108476987191,9.146598876699892,9.082924111593806,9.57591687220045,9.062604081794504,8.602359354651043,8.665783878842271,7.780634148529169,9.087885218779405,9.5607923682122,9.043129426862588,9.376004594736758,9.017995885654267,7.286035500609483,8.952376088442508,9.021359253602729,7.694933850625733,7.345467504539456,9.489362868731885,0,8.027631797952317,9.105393887046024,8.929297111790227,7.704335948111068,9.042477938149736,8.994333677007253
Slovenian,9.116574419461987,9.535585137865052,9.07529117397625,9.130555338301058,7.826152885625305,8.008006594647753,8.897796083012029,7.438300199605855,8.144721076904824,9.240324686636313,8.913728745372547,8.842604887254517,9.235918762215082,9.128993918340466,9.09165808566032,9.44582670553259,8.985670102049653,9.15876180431656,9.189836696789397,9.515542068675595,9.050559295365726,8.802460768370562,8.606204030335597,7.999596508740056,9.073491997344844,9.572084651511386,8.978115647830997,9.194590337180504,9.11025326239124,8.11869925003948,9.01033616595313,9.020656459104998,8.301797984215483,7.399149490893388,9.635373418257055,8.027631797952317,0,9.032404093034565,8.950120761645394,8.217967581504848,9.057931646443297,9.054117233840998
Spanish,9.203697324229699,9.354118425313315,9.124164732833682,8.953610912229255,9.159357669444635,8.704841796888298,7.4948773492021985,8.86175094593516,9.005294613112701,9.540055130692714,8.920210602785447,8.787854929144638,8.755910194178595,6.874477923046601,9.17767302097761,9.089390064515568,8.81229560484422,8.961741327796744,9.140844225549,9.043244782782212,8.162723459993776,9.50072553237862,8.971960554402466,8.748063322651,8.819021405045145,9.659091653551426,8.97932203554274,9.216606428802976,9.047044036962433,9.093481351426147,7.330718083961292,8.561240418381516,9.140409861986303,8.81694876558922,9.235941702719558,9.105393887046024,9.032404093034565,0,8.961753995189254,8.912970645577797,8.98627310341488,9.000233079461141
Swedish,8.184267801189874,9.177370262231044,8.710416392096905,8.820221355242795,8.967404338642469,8.756603515371268,8.543983155676193,8.809661942492172,8.843269968902039,8.115874794698314,8.127060379426275,8.121834345094342,9.17409493599911,8.733563389175577,8.167371105186408,9.160284772728128,8.66150558962245,8.734362235610849,7.873695055260802,9.11610960630777,8.97298670807549,9.063298711914861,8.653934644610924,8.740502666384844,8.861956060376862,9.174462607556597,7.116923604657074,9.025256628368618,8.74430457796298,8.812037030009224,8.871484336557026,8.784088388925628,8.975016916412253,8.704893642427821,9.062190382115778,8.929297111790227,8.950120761645394,8.961753995189254,0,8.841775894031782,8.738436383582087,8.851331744373446
Ukrainian,8.991074704200646,9.12598317322781,8.811043017839443,9.016064631991801,7.312027370730027,7.778446502144167,8.83151338721431,7.557603982659945,7.61874200391836,9.34277871682961,8.927034179304162,8.808506192321119,9.19282937901041,8.850324788827027,9.123396349226,9.194882107928839,8.924038686144238,9.089255945250397,8.753071569073672,9.50087699835065,8.850775062417354,8.625598835979607,8.306857036097961,7.296232074908483,9.052331624115789,9.540389239451443,9.043418526169708,9.157248164375675,8.71524390756346,7.648871572055617,8.878689032841395,8.87285930823454,6.849491428691129,6.989821901865399,9.224063938255773,7.704335948111068,8.217967581504848,8.912970645577797,8.841775894031782,0,9.038336654226073,8.830614268595141
Urdu,9.213249530478997,9.19936144891111,8.922457939378054,7.8675460737057135,9.073098149210093,8.764349308693955,8.799700995936579,8.860208605717235,8.857536837596781,9.361412517408239,8.948270555891117,8.738600933065898,9.219240099503022,9.10095386161964,9.040952611765642,9.181706700594797,7.869063870422964,7.088697074047188,9.10960443965757,9.340217797846698,9.171135958967712,9.097417685799122,8.827018610855719,8.755099162046038,8.173668513012457,8.410235289603103,8.979875713539291,8.757483106718716,8.59016318322625,8.936985909575409,9.035852812746825,8.99095681324765,9.17358419638407,8.799758146695382,8.98203432566829,9.042477938149736,9.057931646443297,8.98627310341488,8.738436383582087,9.038336654226073,0,8.962393319387775
Welsh,9.027588638487378,9.326158308776554,8.777490386757236,9.034655006286306,9.025938573738546,8.648493872690615,8.88739695702782,8.76628729377904,8.731386834034232,9.162252767683219,8.882688594998486,8.548231869306486,9.139494675798225,8.904920085752092,8.975643572901603,9.15965423488304,9.027488577747336,9.229354424439446,8.96720448107325,9.027357894667595,8.62780978844824,9.150182466934774,8.863726839665881,8.871587685634125,9.11739570743518,9.409761433724492,9.14585363674249,9.203874810319565,8.861097419457312,8.937152396289038,8.955341911378783,8.913956737482305,8.994673079062865,8.822953963095754,9.397315750208952,8.994333677007253,9.054117233840998,9.000233079461141,8.851331744373446,8.830614268595141,8.962393319387775,0
