,Afrikaans,Albanian,Armenian,Bengali,Bosnian,Bulgarian,Catalan,Croatian,Czech,Danish,Dutch,English,French,Galician,German,Greek,Gujarati,Hindi,Icelandic,Irish,Italian,Latvian,Lithuanian,Macedonian,Marathi,Nepali,Norwegian,Pashto,Persian,Polish,Portuguese,Romanian,Russian,Serbian,Sinhala,Slovak,Slovenian,Spanish,Swedish,Ukrainian,Urdu,Welsh
Afrikaans,0,0.10326229286780754,0.09743228575470471,0.11573759905161865,0.10273305329756241,0.10861822910522832,0.11465572489681118,0.10667171841440821,0.10377850129432029,0.10619140069867553,0.07936838509156087,0.09766703506772831,0.11400625111182104,0.10747837388615367,0.09887887401704498,0.11222271989940652,0.11770485850183884,0.11928949889661847,0.095685353520652,0.11727270668368021,0.10309246407542867,0.10645787222096326,0.10090534345976221,0.10640715293272156,0.11852518951394217,0.10122610025397331,0.10538857214687157,0.10782113980028603,0.09932701214484817,0.1039180838975841,0.10422045828760342,0.11003074562739146,0.10437821745579363,0.10654630348183401,0.09957851947321701,0.10866878078875428,0.11175833578013195,0.10481275229948878,0.09826184931471614,0.10507358879081961,0.11104099357467488,0.09655669187686644
Albanian,0.10326229286780754,0,0.09246237758471235,0.10347413889755334,0.09849325819929654,0.10115023728956012,0.1057094069692923,0.09769170160999764,0.10001605460478186,0.1111786876663146,0.10167503014746761,0.10631397417787972,0.10246574167284711,0.09775279386971424,0.10582688325573136,0.10087090057048301,0.10812143454943453,0.10784367717446268,0.10068612158868034,0.10794750720552844,0.09344513381566891,0.10285379484554215,0.09626778161463538,0.09952830559595065,0.10593344158061443,0.09023328798889656,0.11220750352132934,0.09853154210841489,0.0931185216973118,0.09872457927734163,0.0971570779535828,0.10019660164831684,0.09871289855739311,0.10077002043747493,0.08399874711082168,0.10240723978923227,0.1055101239212418,0.09569249451722318,0.10280542312395236,0.09704116794631334,0.09989700251446851,0.0920552474667918
Armenian,0.09743228575470471,0.09246237758471235,0,0.09978504489499346,0.08996532460309149,0.09641116873722204,0.1021375597060095,0.0934496564254332,0.09621416025660462,0.10740610064271612,0.0973068774815872,0.0995283610490845,0.10326371046956445,0.09815108266912248,0.09736283035689354,0.09543674898728395,0.10399520104225074,0.10420655424505992,0.09077466040146022,0.10486431844779069,0.09057417972459303,0.09184801378278391,0.08542206531766508,0.09445457846691044,0.10341853904576795,0.09240186417102432,0.10353968716619616,0.0968367190781983,0.08648472806621506,0.0922615087204671,0.0962759193905727,0.09641850919553473,0.09327950014768709,0.09392067651997088,0.0879549903859125,0.09753513105884001,0.10152182331034218,0.09618636136818798,0.09680222503310823,0.0932066389020124,0.09863105497643473,0.08660175148018544
Bengali,0.11573759905161865,0.10347413889755334,0.09978504489499346,0,0.10129189888169852,0.10394391998401993,0.1122808864039041,0.10261938912093808,0.10452603354867435,0.11856148347389042,0.10925542817307082,0.10846880005739867,0.11312582901121639,0.10898661440575268,0.11108293243202984,0.10663094250583856,0.09341304624990383,0.09350743575436958,0.10822661446965076,0.12001521974289162,0.098149214435985,0.10617068237124554,0.09917186499436485,0.10143017325955717,0.09708985561593696,0.08117092386543175,0.11830693139954401,0.10741676291930126,0.10048791498219355,0.10021275547021108,0.10597307573196428,0.10693407548617827,0.10388990128074793,0.10416628023371843,0.09548105084481598,0.10680035916405567,0.10971481011038177,0.1025345896814701,0.10632708157013336,0.10156696140159831,0.08935908652116636,0.09819802928489925
Bosnian,0.10273305329756241,0.09849325819929654,0.08996532460309149,0.10129189888169852,0,0.08046016232245738,0.10600093422452844,0.06392318199800802,0.07976340858289367,0.10928177406586868,0.09965082019742491,0.10448028652607096,0.10585654216607125,0.10370855706689554,0.1007714183078333,0.10115358629540606,0.10523880147005805,0.1065850380204727,0.09555712783215535,0.11483894178211385,0.08956560607587247,0.08495885442368828,0.07804147282689333,0.07045359206869062,0.1076331258226826,0.09162000154605292,0.10615995140750366,0.1052130455907184,0.09142290956986125,0.07352337430130726,0.09795552389771499,0.09541624208210484,0.0719840221806926,0.05314932056229282,0.09475295238261128,0.07662802294981495,0.08169047026086822,0.09793137004606328,0.09938677723770009,0.07120888776532244,0.10066956563142077,0.0908255065915699
Bulgarian,0.10861822910522832,0.10115023728956012,0.09641116873722204,0.10394391998401993,0.08046016232245738,0,0.10675391260584685,0.07458733270720269,0.08556880123564045,0.11238363606823261,0.10156800635810398,0.10571667589751786,0.10693327986585818,0.10257153519383787,0.10488020132358115,0.1014663330763097,0.1071888645282255,0.10773167948258333,0.10132862566246559,0.11383600937785514,0.09055846708867868,0.0992172309488394,0.09041623932996519,0.07317883298262305,0.10836879227963303,0.0970705252042012,0.11409813893278814,0.10666243292583998,0.09623120221178932,0.0831432893491576,0.0994416445730576,0.10060767274259531,0.08307760061880629,0.07909859863871888,0.09549727642006511,0.08681258377618206,0.09191986841054224,0.09540246722231363,0.10317036275601704,0.08258325407396062,0.1007411010366454,0.09107636088296645
Catalan,0.11465572489681118,0.1057094069692923,0.1021375597060095,0.1122808864039041,0.10600093422452844,0.10675391260584685,0,0.10474284378306424,0.1074335262753423,0.11752140606040044,0.10840786133903615,0.10891631765982596,0.10177778919267826,0.08866859743436514,0.11097811504948164,0.1072332719980138,0.11570406209766053,0.11565626225415647,0.10776086646588065,0.11762578379835176,0.08633347090120487,0.1093071195465744,0.09837574680880777,0.10642881106252207,0.11400633996885205,0.10398782117167531,0.1136291623632205,0.11305300227043441,0.10292201005068621,0.1018661741214523,0.08950028726953746,0.09768089891018097,0.10630052662891867,0.10793581081489116,0.10172755303235109,0.10858517939264803,0.11250163304045202,0.0829332830898328,0.10718045014350273,0.10365666682306186,0.11045842645028335,0.09891415441268503
Croatian,0.10667171841440821,0.09769170160999764,0.0934496564254332,0.10261938912093808,0.06392318199800802,0.07458733270720269,0.10474284378306424,0,0.0796046733363197,0.10960368430595988,0.1005158964756874,0.10515382221887744,0.10487841510292914,0.100476699744407,0.10371818861440223,0.09977410170541644,0.10492148580131568,0.10623779098966822,0.09958892190666165,0.11295057476202487,0.08820146461082418,0.09505941056162111,0.085487258498511,0.07490004156313132,0.10525332492596838,0.09429294267829379,0.11137216085538691,0.10309486005278375,0.09174674141756217,0.07698796100502463,0.09876109976049682,0.0965129296365743,0.07976622096329222,0.06123210031829005,0.09079090800544051,0.07974156313601516,0.08022503191874103,0.09478509923765824,0.10014211191456214,0.07558139338459154,0.09984731863250221,0.08971601152771089
Czech,0.10377850129432029,0.10001605460478186,0.09621416025660462,0.10452603354867435,0.07976340858289367,0.08556880123564045,0.1074335262753423,0.0796046733363197,0,0.10766026391060954,0.10010784702041473,0.10367043886189299,0.10373177362611526,0.10244842937339439,0.10486660907042347,0.10312593294099777,0.1073448927001029,0.10793028615669244,0.09894686161271618,0.11298240616595227,0.09315954246773081,0.09296920253777695,0.08799743995369892,0.08531676022657755,0.1086164132522199,0.09477897123188127,0.1096541290832906,0.10396413864475676,0.09413137216722878,0.07601208586557805,0.09895784963563688,0.09966948651059586,0.08071660543062237,0.07980793945208439,0.09587737467370015,0.06905340962492416,0.09090516080669875,0.0965492239695805,0.10144997789239053,0.07794622199926726,0.10045869088990832,0.09031233529093721
Danish,0.10619140069867553,0.1111786876663146,0.10740610064271612,0.11856148347389042,0.10928177406586868,0.11238363606823261,0.11752140606040044,0.10960368430595988,0.10766026391060954,0,0.10237888680235976,0.09844852041993318,0.11367006320715099,0.11173078889372268,0.10031484836018974,0.11535167565900613,0.1188927834370243,0.1184044776519309,0.09666012016032108,0.11936634716144072,0.10504445730067975,0.11423643619917276,0.10621298169892271,0.11263478858330632,0.11935626490134695,0.10467285585213747,0.09716670878875337,0.11500064846139334,0.10482794653189412,0.1066528966117061,0.10716983381774604,0.11261646685285044,0.11060077860129501,0.1125221241468023,0.10711800830372778,0.11130422313403047,0.11475572294440492,0.10654085360297011,0.09482612623702126,0.10871379361376633,0.11132484647073591,0.09874369703357047
Dutch,0.07936838509156087,0.10167503014746761,0.0973068774815872,0.10925542817307082,0.09965082019742491,0.10156800635810398,0.10840786133903615,0.1005158964756874,0.10010784702041473,0.10237888680235976,0,0.09003087613055283,0.10843360167487812,0.10533055276349529,0.0864869232443461,0.10306507471563235,0.10917618866543925,0.10969836602149914,0.09482284991110947,0.11296664383149259,0.0957913487679757,0.10164097993795473,0.09596438691432042,0.10056534582955998,0.10985642673547417,0.0979561403631941,0.1018131528826804,0.10604357159367381,0.09574211454561374,0.09943701815743665,0.09897905500929127,0.10379991180771166,0.10110992852560077,0.10216146036618554,0.09905172660039417,0.10478587204055316,0.10619817689582209,0.09842614847207604,0.09327481901688782,0.10044404904342843,0.10456033062862534,0.09262159612345437
English,0.09766703506772831,0.10631397417787972,0.0995283610490845,0.10846880005739867,0.10448028652607096,0.10571667589751786,0.10891631765982596,0.10515382221887744,0.10367043886189299,0.09844852041993318,0.09003087613055283,0,0.1096729798747694,0.10651137411799379,0.09594043702794863,0.10951378858799063,0.10843575650150408,0.11192842261820823,0.09666868334390823,0.11368255365488904,0.09772365538851811,0.1060818121354663,0.09873221038888264,0.10600964534567635,0.11141366272765363,0.09882416931110762,0.10141551412096152,0.11156505084329457,0.09987523019634822,0.10183979006909927,0.10096605396719234,0.10599873024952482,0.10463801132741854,0.10725191119125732,0.10256486175545923,0.1071906620840855,0.11044413363036346,0.10077613885111796,0.09438570605641403,0.1035265459859807,0.10529728505488664,0.09287914237307575
French,0.11400625111182104,0.10246574167284711,0.10326371046956445,0.11312582901121639,0.10585654216607125,0.10693327986585818,0.10177778919267826,0.10487841510292914,0.10373177362611526,0.11367006320715099,0.10843360167487812,0.1096729798747694,0,0.09913384953713636,0.1119126507004245,0.10830251993128324,0.11683533595546677,0.11595047273979807,0.10896292346447212,0.1154508437068882,0.09165127284638239,0.10746686878276474,0.10258268679759291,0.10728217207461381,0.1140898793004033,0.10085177097438529,0.11563348797028927,0.10980749924320302,0.10190869761527253,0.10362533939331717,0.0959535499226914,0.10421372816166538,0.10589445721571995,0.10810310354214962,0.10135307015457902,0.10824228176030724,0.11075801803849482,0.09366701583355988,0.10986181884156278,0.10446571307638872,0.10790279894852339,0.09605789026110463
Galician,0.10747837388615367,0.09775279386971424,0.09815108266912248,0.10898661440575268,0.10370855706689554,0.10257153519383787,0.08866859743436514,0.100476699744407,0.10244842937339439,0.11173078889372268,0.10533055276349529,0.10651137411799379,0.09913384953713636,0,0.10971734031489701,0.10545817282609167,0.11274368041297819,0.11393555802555815,0.10129772063097489,0.11069165124396017,0.08483370259343773,0.10880488526268828,0.10056868013727842,0.10188482948310121,0.11100704595305946,0.09774637029485968,0.11384236435126942,0.10453413102644506,0.09643158885868598,0.10178744366589096,0.07649202372535342,0.09796778813526034,0.10290045145881997,0.10446544685293047,0.09331898012714701,0.10602350841916523,0.10928458573102778,0.06760207037480324,0.10269538947624936,0.10132397534502983,0.10584883648244153,0.09472501232272065
German,0.09887887401704498,0.10582688325573136,0.09736283035689354,0.11108293243202984,0.1007714183078333,0.10488020132358115,0.11097811504948164,0.10371818861440223,0.10486660907042347,0.10031484836018974,0.0864869232443461,0.09594043702794863,0.1119126507004245,0.10971734031489701,0,0.10511182761318065,0.11310919011757789,0.11291387726326226,0.09561594991741762,0.11652451812296599,0.09672114449139126,0.10364530776866268,0.09787420121247498,0.10454650564243384,0.1136198753990549,0.10103592642107596,0.10666820089515615,0.11198536166935442,0.09819429100132292,0.10152776230554836,0.10638224098706243,0.10526449481759495,0.10533546342522557,0.10506531313296187,0.10376455477803886,0.10781641422067381,0.10937856413203377,0.1026737932578062,0.09482619722779653,0.10310695558118012,0.107620663938544,0.09497712702039961
Greek,0.11222271989940652,0.10087090057048301,0.09543674898728395,0.10663094250583856,0.10115358629540606,0.1014663330763097,0.1072332719980138,0.09977410170541644,0.10312593294099777,0.11535167565900613,0.10306507471563235,0.10951378858799063,0.10830251993128324,0.10545817282609167,0.10511182761318065,0,0.1107622573728004,0.110220827308594,0.10258133000715947,0.11531192280280915,0.09363729086951475,0.10141584754101508,0.09211237203386574,0.1025213146715493,0.11161950491272861,0.09705241276833393,0.1158274812723263,0.10754880891605903,0.09790101539607755,0.09926223504906569,0.10187757555760991,0.10267069851357515,0.10259274575088359,0.10422205355004292,0.09558789974057906,0.1072704621364465,0.10882562782839765,0.09681009733820407,0.10536406778143621,0.09902695243580228,0.10435090854682064,0.09251791836987984
Gujarati,0.11770485850183884,0.10812143454943453,0.10399520104225074,0.09341304624990383,0.10523880147005805,0.1071888645282255,0.11570406209766053,0.10492148580131568,0.1073448927001029,0.1188927834370243,0.10917618866543925,0.10843575650150408,0.11683533595546677,0.11274368041297819,0.11310919011757789,0.1107622573728004,0,0.08426638245085721,0.11116241099019215,0.12391981373792009,0.10179114861140619,0.11184917182930976,0.10149225632818425,0.1050451380720529,0.08241211985764295,0.08607662762910194,0.11999257952988009,0.10956426539452678,0.10267124335211268,0.10391811140889463,0.1116264163434442,0.10965666494221515,0.10861780030028768,0.10872532720198204,0.09980568933474693,0.11105341390766009,0.1139721582096278,0.10455656146884518,0.10932525831638525,0.10538752126849343,0.0922872076058029,0.10149316145439206
Hindi,0.11928949889661847,0.10784367717446268,0.10420655424505992,0.09350743575436958,0.1065850380204727,0.10773167948258333,0.11565626225415647,0.10623779098966822,0.10793028615669244,0.1184044776519309,0.10969836602149914,0.11192842261820823,0.11595047273979807,0.11393555802555815,0.11291387726326226,0.110220827308594,0.08426638245085721,0,0.11170884653471537,0.12278690045375097,0.10287722703918208,0.11239211288719346,0.100960052933163,0.10498131529875834,0.09045410898959748,0.0857802204479173,0.11918426684881953,0.10786201656191124,0.10048625735506445,0.10459693859797059,0.11123738853121641,0.10930433705801713,0.10982585448977358,0.10929207090322986,0.09956076812228683,0.11211808143185675,0.11500004936879028,0.1051195888499344,0.10872696516335885,0.10578409434520734,0.07784453663390219,0.10218817348125152
Icelandic,0.095685353520652,0.10068612158868034,0.09077466040146022,0.10822661446965076,0.09555712783215535,0.10132862566246559,0.10776086646588065,0.09958892190666165,0.09894686161271618,0.09666012016032108,0.09482284991110947,0.09666868334390823,0.10896292346447212,0.10129772063097489,0.09561594991741762,0.10258133000715947,0.11116241099019215,0.11170884653471537,0,0.1131160225124038,0.09399081600816636,0.09688861825278924,0.08887133288975292,0.09870567106173617,0.11172390391296655,0.0989019842625281,0.09662025218059675,0.10566416660232808,0.09273196231883059,0.09673469204449048,0.10011191428107523,0.10195744303639977,0.0962500211736954,0.0976557710708354,0.09510536137956774,0.10274540305224701,0.10702999247846814,0.0991226850364825,0.08823535754419706,0.09477419152893782,0.10488076993729147,0.09195395942353735
Irish,0.11727270668368021,0.10794750720552844,0.10486431844779069,0.12001521974289162,0.11483894178211385,0.11383600937785514,0.11762578379835176,0.11295057476202487,0.11298240616595227,0.11936634716144072,0.11296664383149259,0.11368255365488904,0.1154508437068882,0.11069165124396017,0.11652451812296599,0.11531192280280915,0.12391981373792009,0.12278690045375097,0.1131160225124038,0,0.10863760922898116,0.11801217344139227,0.10952113576008818,0.11275827007979129,0.12092943494118648,0.10701387674388116,0.12523413642942643,0.1103677981151022,0.10567153884662872,0.11134036426317799,0.10648215093180272,0.1157011984884934,0.11363747579600823,0.11826245424261697,0.10173895595094161,0.11678192240664031,0.11949954608895716,0.10343580462517198,0.11309708246554998,0.11285835499983472,0.11405360077287253,0.09746591195407807
Italian,0.10309246407542867,0.09344513381566891,0.09057417972459303,0.098149214435985,0.08956560607587247,0.09055846708867868,0.08633347090120487,0.08820146461082418,0.09315954246773081,0.10504445730067975,0.0957913487679757,0.09772365538851811,0.09165127284638239,0.08483370259343773,0.09672114449139126,0.09363729086951475,0.10179114861140619,0.10287722703918208,0.09399081600816636,0.10863760922898116,0,0.09510261793970644,0.08646146874216082,0.0906574636792575,0.1015071922802836,0.08952900475845103,0.10456579007244608,0.10035205061038006,0.09007249199995798,0.08849207114957258,0.0837313018238774,0.08084008368182394,0.0909746460597937,0.09131537937515191,0.09211659855704643,0.0954453668425334,0.09728744002868912,0.07889949176097792,0.09475901210880344,0.08911865923581655,0.0981149404836032,0.08372080105998968
Latvian,0.10645787222096326,0.10285379484554215,0.09184801378278391,0.10617068237124554,0.08495885442368828,0.0992172309488394,0.1093071195465744,0.09505941056162111,0.09296920253777695,0.11423643619917276,0.10164097993795473,0.1060818121354663,0.10746686878276474,0.10880488526268828,0.10364530776866268,0.10141584754101508,0.11184917182930976,0.11239211288719346,0.09688861825278924,0.11801217344139227,0.09510261793970644,0,0.07030318186483908,0.09481153272706522,0.11207069225458767,0.09913956256879095,0.1084590830235806,0.10991926513585962,0.09761685780538555,0.08651207165336482,0.10045691752185369,0.10039146784102326,0.0880318046178351,0.09053194740401035,0.101519948931369,0.09427653059704892,0.09884760908600171,0.10371107548604512,0.10250165571515872,0.08992625775753989,0.10475056004050973,0.09324813853392773
Lithuanian,0.10090534345976221,0.09626778161463538,0.08542206531766508,0.09917186499436485,0.07804147282689333,0.09041623932996519,0.09837574680880777,0.085487258498511,0.08799743995369892,0.10621298169892271,0.09596438691432042,0.09873221038888264,0.10258268679759291,0.10056868013727842,0.09787420121247498,0.09211237203386574,0.10149225632818425,0.100960052933163,0.08887133288975292,0.10952113576008818,0.08646146874216082,0.07030318186483908,0,0.08729835471998283,0.10461765509320088,0.09305448558554161,0.09946339800349993,0.10191691367391396,0.08796491614528176,0.08235359977773342,0.09683837394401283,0.0907083828041105,0.08281450652774774,0.08255160446966064,0.09134831035535604,0.09126508751696823,0.09171981137916746,0.0950525562720971,0.09462186284660042,0.08134157684717937,0.0985765897142467,0.08693869550010319
Macedonian,0.10640715293272156,0.09952830559595065,0.09445457846691044,0.10143017325955717,0.07045359206869062,0.07317883298262305,0.10642881106252207,0.07490004156313132,0.08531676022657755,0.11263478858330632,0.10056534582955998,0.10600964534567635,0.10728217207461381,0.10188482948310121,0.10454650564243384,0.1025213146715493,0.1050451380720529,0.10498131529875834,0.09870567106173617,0.11275827007979129,0.0906574636792575,0.09481153272706522,0.08729835471998283,0,0.1061733736646048,0.09478615470035248,0.11263097832143804,0.10235289930783542,0.0942213969025945,0.08053482659574716,0.09884402833067167,0.0989317568767102,0.07813352455119298,0.06741547882921575,0.09423459573333573,0.08443344400677333,0.09139180641398346,0.09591880904467966,0.10150441045294355,0.07607572327716483,0.09966526315708593,0.0924284548030888
Marathi,0.11852518951394217,0.10593344158061443,0.10341853904576795,0.09708985561593696,0.1076331258226826,0.10836879227963303,0.11400633996885205,0.10525332492596838,0.1086164132522199,0.11935626490134695,0.10985642673547417,0.11141366272765363,0.1140898793004033,0.11100704595305946,0.1136198753990549,0.11161950491272861,0.08241211985764295,0.09045410898959748,0.11172390391296655,0.12092943494118648,0.1015071922802836,0.11207069225458767,0.10461765509320088,0.1061733736646048,0,0.09061767631915046,0.12111092513083108,0.10822044948121573,0.10365982663013625,0.10469423989087936,0.10879928732120993,0.1100028991829555,0.10806595400356675,0.10970877504451344,0.09768550946072019,0.11041555819777718,0.11399251576572624,0.10288581315362423,0.10958114765283829,0.10643761920416464,0.09534744280092462,0.09988871387723064
Nepali,0.10122610025397331,0.09023328798889656,0.09240186417102432,0.08117092386543175,0.09162000154605292,0.0970705252042012,0.10398782117167531,0.09429294267829379,0.09477897123188127,0.10467285585213747,0.0979561403631941,0.09882416931110762,0.10085177097438529,0.09774637029485968,0.10103592642107596,0.09705241276833393,0.08607662762910194,0.0857802204479173,0.0989019842625281,0.10701387674388116,0.08952900475845103,0.09913956256879095,0.09305448558554161,0.09478615470035248,0.09061767631915046,0,0.10611087437025232,0.09502371178868171,0.09052855461965466,0.09433433870710073,0.09612677597086738,0.09757983744357848,0.097073043503163,0.09683033193731574,0.08522584552617453,0.09710500319224027,0.1002668875939999,0.09300599144908896,0.09620374738021134,0.09475882027546109,0.0815101850895975,0.08949027287406416
Norwegian,0.10538857214687157,0.11220750352132934,0.10353968716619616,0.11830693139954401,0.10615995140750366,0.11409813893278814,0.1136291623632205,0.11137216085538691,0.1096541290832906,0.09716670878875337,0.1018131528826804,0.10141551412096152,0.11563348797028927,0.11384236435126942,0.10666820089515615,0.1158274812723263,0.11999257952988009,0.11918426684881953,0.09662025218059675,0.12523413642942643,0.10456579007244608,0.1084590830235806,0.09946339800349993,0.11263097832143804,0.12111092513083108,0.10611087437025232,0,0.11899372684515616,0.10686141839220512,0.10550932629929867,0.10792664245351011,0.11096767690809083,0.11053613582234266,0.1120998762633026,0.10770360351536601,0.1125030213244486,0.11439562333508654,0.10740935504976927,0.08141354730529869,0.1094733096129814,0.11134437656764992,0.10320149215298502
Pashto,0.10782113980028603,0.09853154210841489,0.0968367190781983,0.10741676291930126,0.1052130455907184,0.10666243292583998,0.11305300227043441,0.10309486005278375,0.10396413864475676,0.11500064846139334,0.10604357159367381,0.11156505084329457,0.10980749924320302,0.10453413102644506,0.11198536166935442,0.10754880891605903,0.10956426539452678,0.10786201656191124,0.10566416660232808,0.1103677981151022,0.10035205061038006,0.10991926513585962,0.10191691367391396,0.10235289930783542,0.10822044948121573,0.09502371178868171,0.11899372684515616,0,0.09015155343190064,0.10372808540616807,0.10332094001873701,0.10750842945443244,0.1057414301306347,0.10626789477835775,0.09106152302560915,0.10952647154489933,0.11043539846817776,0.09944817842366102,0.1078323042155735,0.10308021597472103,0.0983078418086243,0.097143452185939
Persian,0.09932701214484817,0.0931185216973118,0.08648472806621506,0.10048791498219355,0.09142290956986125,0.09623120221178932,0.10292201005068621,0.09174674141756217,0.09413137216722878,0.10482794653189412,0.09574211454561374,0.09987523019634822,0.10190869761527253,0.09643158885868598,0.09819429100132292,0.09790101539607755,0.10267124335211268,0.10048625735506445,0.09273196231883059,0.10567153884662872,0.09007249199995798,0.09761685780538555,0.08796491614528176,0.0942213969025945,0.10365982663013625,0.09052855461965466,0.10686141839220512,0.09015155343190064,0,0.0920446044855516,0.09590776914579204,0.09537709865022549,0.09410243610331955,0.09361710410607192,0.08753961596172642,0.09754277744035021,0.09980795610034894,0.09355186116621345,0.09563844281968313,0.09032486592673286,0.09200581169402082,0.08803744590517884
Polish,0.1039180838975841,0.09872457927734163,0.0922615087204671,0.10021275547021108,0.07352337430130726,0.0831432893491576,0.1018661741214523,0.07698796100502463,0.07601208586557805,0.1066528966117061,0.09943701815743665,0.10183979006909927,0.10362533939331717,0.10178744366589096,0.10152776230554836,0.09926223504906569,0.10391811140889463,0.10459693859797059,0.09673469204449048,0.11134036426317799,0.08849207114957258,0.08651207165336482,0.08235359977773342,0.08053482659574716,0.10469423989087936,0.09433433870710073,0.10550932629929867,0.10372808540616807,0.0920446044855516,0,0.09508648740472511,0.09405889371096739,0.07553526962040562,0.07640093443465679,0.09497224190012266,0.07159599267952475,0.08555398712762848,0.09513144761044373,0.09777875887731062,0.07241829321226455,0.09923585568871295,0.08861029567869141
Portuguese,0.10422045828760342,0.0971570779535828,0.0962759193905727,0.10597307573196428,0.09795552389771499,0.0994416445730576,0.08950028726953746,0.09876109976049682,0.09895784963563688,0.10716983381774604,0.09897905500929127,0.10096605396719234,0.0959535499226914,0.07649202372535342,0.10638224098706243,0.10187757555760991,0.1116264163434442,0.11123738853121641,0.10011191428107523,0.10648215093180272,0.0837313018238774,0.10045691752185369,0.09683837394401283,0.09884402833067167,0.10879928732120993,0.09612677597086738,0.10792664245351011,0.10332094001873701,0.09590776914579204,0.09508648740472511,0,0.09470855989944237,0.0977295033313739,0.10064772894919173,0.09573343688907969,0.10064616111417386,0.10390293857516042,0.07446720955285921,0.10028423198824532,0.09787652397632303,0.10263167801826159,0.09112097044478172
Romanian,0.11003074562739146,0.10019660164831684,0.09641850919553473,0.10693407548617827,0.09541624208210484,0.10060767274259531,0.09768089891018097,0.0965129296365743,0.09966948651059586,0.11261646685285044,0.10379991180771166,0.10599873024952482,0.10421372816166538,0.09796778813526034,0.10526449481759495,0.10267069851357515,0.10965666494221515,0.10930433705801713,0.10195744303639977,0.1157011984884934,0.08084008368182394,0.10039146784102326,0.0907083828041105,0.0989317568767102,0.1100028991829555,0.09757983744357848,0.11096767690809083,0.10750842945443244,0.09537709865022549,0.09405889371096739,0.09470855989944237,0,0.09878075359047674,0.09870357178768008,0.09868278961158687,0.10247819801048225,0.10458678351522828,0.09174472360518844,0.10204609345925117,0.0958897598551047,0.10537828610150311,0.0929562474444632
Russian,0.10437821745579363,0.09871289855739311,0.09327950014768709,0.10388990128074793,0.0719840221806926,0.08307760061880629,0.10630052662891867,0.07976622096329222,0.08071660543062237,0.11060077860129501,0.10110992852560077,0.10463801132741854,0.10589445721571995,0.10290045145881997,0.10533546342522557,0.10259274575088359,0.10861780030028768,0.10982585448977358,0.0962500211736954,0.11363747579600823,0.0909746460597937,0.0880318046178351,0.08281450652774774,0.07813352455119298,0.10806595400356675,0.097073043503163,0.11053613582234266,0.1057414301306347,0.09410243610331955,0.07553526962040562,0.0977295033313739,0.09878075359047674,0,0.07293778898762075,0.09524514107243165,0.07838170284558883,0.0908869882308765,0.09760172695830761,0.10117876140065292,0.06705762911887488,0.1033597533191349,0.09136604389451802
Serbian,0.10654630348183401,0.10077002043747493,0.09392067651997088,0.10416628023371843,0.05314932056229282,0.07909859863871888,0.10793581081489116,0.06123210031829005,0.07980793945208439,0.1125221241468023,0.10216146036618554,0.10725191119125732,0.10810310354214962,0.10446544685293047,0.10506531313296187,0.10422205355004292,0.10872532720198204,0.10929207090322986,0.0976557710708354,0.11826245424261697,0.09131537937515191,0.09053194740401035,0.08255160446966064,0.06741547882921575,0.10970877504451344,0.09683033193731574,0.1120998762633026,0.10626789477835775,0.09361710410607192,0.07640093443465679,0.10064772894919173,0.09870357178768008,0.07293778898762075,0,0.09597595411538107,0.07851932801623027,0.08166379600210587,0.09940059833268411,0.10149182712626344,0.07020244196939561,0.10315568969091576,0.09388899771719449
Sinhala,0.09957851947321701,0.08399874711082168,0.0879549903859125,0.09548105084481598,0.09475295238261128,0.09549727642006511,0.10172755303235109,0.09079090800544051,0.09587737467370015,0.10711800830372778,0.09905172660039417,0.10256486175545923,0.10135307015457902,0.09331898012714701,0.10376455477803886,0.09558789974057906,0.09980568933474693,0.09956076812228683,0.09510536137956774,0.10173895595094161,0.09211659855704643,0.101519948931369,0.09134831035535604,0.09423459573333573,0.09768550946072019,0.08522584552617453,0.10770360351536601,0.09106152302560915,0.08753961596172642,0.09497224190012266,0.09573343688907969,0.09868278961158687,0.09524514107243165,0.09597595411538107,0,0.09838359541159168,0.10186908681271861,0.09011767941291919,0.09598836437111395,0.09290557681179433,0.09259157687236318,0.0885103753348656
Slovak,0.10866878078875428,0.10240723978923227,0.09753513105884001,0.10680035916405567,0.07662802294981495,0.08681258377618206,0.10858517939264803,0.07974156313601516,0.06905340962492416,0.11130422313403047,0.10478587204055316,0.1071906620840855,0.10824228176030724,0.10602350841916523,0.10781641422067381,0.1072704621364465,0.11105341390766009,0.11211808143185675,0.10274540305224701,0.11678192240664031,0.0954453668425334,0.09427653059704892,0.09126508751696823,0.08443344400677333,0.11041555819777718,0.09710500319224027,0.1125030213244486,0.10952647154489933,0.09754277744035021,0.07159599267952475,0.10064616111417386,0.10247819801048225,0.07838170284558883,0.07851932801623027,0.09838359541159168,0,0.08996509950808151,0.09985978036774436,0.1035695398357543,0.07811032929279814,0.10466225190582543,0.09219256401923308
Slovenian,0.11175833578013195,0.1055101239212418,0.10152182331034218,0.10971481011038177,0.08169047026086822,0.09191986841054224,0.11250163304045202,0.08022503191874103,0.09090516080669875,0.11475572294440492,0.10619817689582209,0.11044413363036346,0.11075801803849482,0.10928458573102778,0.10937856413203377,0.10882562782839765,0.1139721582096278,0.11500004936879028,0.10702999247846814,0.11949954608895716,0.09728744002868912,0.09884760908600171,0.09171981137916746,0.09139180641398346,0.11399251576572624,0.1002668875939999,0.11439562333508654,0.11043539846817776,0.09980795610034894,0.08555398712762848,0.10390293857516042,0.10458678351522828,0.0908869882308765,0.08166379600210587,0.10186908681271861,0.08996509950808151,0,0.10262768652070499,0.10727687530879627,0.08823791543692414,0.10693182916793276,0.09681795742318071
Spanish,0.10481275229948878,0.09569249451722318,0.09618636136818798,0.1025345896814701,0.09793137004606328,0.09540246722231363,0.0829332830898328,0.09478509923765824,0.0965492239695805,0.10654085360297011,0.09842614847207604,0.10077613885111796,0.09366701583355988,0.06760207037480324,0.1026737932578062,0.09681009733820407,0.10455656146884518,0.1051195888499344,0.0991226850364825,0.10343580462517198,0.07889949176097792,0.10371107548604512,0.0950525562720971,0.09591880904467966,0.10288581315362423,0.09300599144908896,0.10740935504976927,0.09944817842366102,0.09355186116621345,0.09513144761044373,0.07446720955285921,0.09174472360518844,0.09760172695830761,0.09940059833268411,0.09011767941291919,0.09985978036774436,0.10262768652070499,0,0.09904912354588725,0.09502798931755202,0.09971723591988244,0.09020987577327011
Swedish,0.09826184931471614,0.10280542312395236,0.09680222503310823,0.10632708157013336,0.09938677723770009,0.10317036275601704,0.10718045014350273,0.10014211191456214,0.10144997789239053,0.09482612623702126,0.09327481901688782,0.09438570605641403,0.10986181884156278,0.10269538947624936,0.09482619722779653,0.10536406778143621,0.10932525831638525,0.10872696516335885,0.08823535754419706,0.11309708246554998,0.09475901210880344,0.10250165571515872,0.09462186284660042,0.10150441045294355,0.10958114765283829,0.09620374738021134,0.08141354730529869,0.1078323042155735,0.09563844281968313,0.09777875887731062,0.10028423198824532,0.10204609345925117,0.10117876140065292,0.10149182712626344,0.09598836437111395,0.1035695398357543,0.10727687530879627,0.09904912354588725,0,0.09876977472474856,0.1020886229912843,0.09315288717846494
Ukrainian,0.10507358879081961,0.09704116794631334,0.0932066389020124,0.10156696140159831,0.07120888776532244,0.08258325407396062,0.10365666682306186,0.07558139338459154,0.07794622199926726,0.10871379361376633,0.10044404904342843,0.1035265459859807,0.10446571307638872,0.10132397534502983,0.10310695558118012,0.09902695243580228,0.10538752126849343,0.10578409434520734,0.09477419152893782,0.11285835499983472,0.08911865923581655,0.08992625775753989,0.08134157684717937,0.07607572327716483,0.10643761920416464,0.09475882027546109,0.1094733096129814,0.10308021597472103,0.09032486592673286,0.07241829321226455,0.09787652397632303,0.0958897598551047,0.06705762911887488,0.07020244196939561,0.09290557681179433,0.07811032929279814,0.08823791543692414,0.09502798931755202,0.09876977472474856,0,0.10135157100165161,0.08896390707413875
Urdu,0.11104099357467488,0.09989700251446851,0.09863105497643473,0.08935908652116636,0.10066956563142077,0.1007411010366454,0.11045842645028335,0.09984731863250221,0.10045869088990832,0.11132484647073591,0.10456033062862534,0.10529728505488664,0.10790279894852339,0.10584883648244153,0.107620663938544,0.10435090854682064,0.0922872076058029,0.07784453663390219,0.10488076993729147,0.11405360077287253,0.0981149404836032,0.10475056004050973,0.0985765897142467,0.09966526315708593,0.09534744280092462,0.0815101850895975,0.11134437656764992,0.0983078418086243,0.09200581169402082,0.09923585568871295,0.10263167801826159,0.10537828610150311,0.1033597533191349,0.10315568969091576,0.09259157687236318,0.10466225190582543,0.10693182916793276,0.09971723591988244,0.1020886229912843,0.10135157100165161,0,0.09519987143666755
Welsh,0.09655669187686644,0.0920552474667918,0.08660175148018544,0.09819802928489925,0.0908255065915699,0.09107636088296645,0.09891415441268503,0.08971601152771089,0.09031233529093721,0.09874369703357047,0.09262159612345437,0.09287914237307575,0.09605789026110463,0.09472501232272065,0.09497712702039961,0.09251791836987984,0.10149316145439206,0.10218817348125152,0.09195395942353735,0.09746591195407807,0.08372080105998968,0.09324813853392773,0.08693869550010319,0.0924284548030888,0.09988871387723064,0.08949027287406416,0.10320149215298502,0.097143452185939,0.08803744590517884,0.08861029567869141,0.09112097044478172,0.0929562474444632,0.09136604389451802,0.09388899771719449,0.0885103753348656,0.09219256401923308,0.09681795742318071,0.09020987577327011,0.09315288717846494,0.08896390707413875,0.09519987143666755,0
