,Afrikaans,Albanian,Armenian,Bengali,Bosnian,Bulgarian,Catalan,Croatian,Czech,Danish,Dutch,English,French,Galician,German,Greek,Gujarati,Hindi,Icelandic,Irish,Italian,Latvian,Lithuanian,Macedonian,Marathi,Nepali,Norwegian,Pashto,Persian,Polish,Portuguese,Romanian,Russian,Serbian,Sinhala,Slovak,Slovenian,Spanish,Swedish,Ukrainian,Urdu,Welsh
Afrikaans,0,1.2487720981029633,1.2397116680812064,1.332866707358929,1.2846169224491406,1.2817759508963755,1.3180948675579254,1.2691522708482463,1.2754047879584978,1.2310328864638622,0.9784965422195187,1.2058793922479876,1.3094589778367807,1.230454138782543,1.1938440579546765,1.3416077114085079,1.3606860439384454,1.391134917045213,1.1385739187453259,1.3131133607894463,1.3045466518345608,1.3189110332767695,1.340225748022499,1.2661765513948944,1.3577364064077797,1.2661513367550081,1.2132947631937836,1.2445681244419553,1.2346335710200265,1.3189044037727118,1.2503053510706836,1.3111353305057782,1.27615556474528,1.2540499348256615,1.2388740270903074,1.2839434202130664,1.3132674134326547,1.2719267621027872,1.1747423360345741,1.2643343049891511,1.3083429134352653,1.2590060609454934
Albanian,1.2487720981029633,0,1.2150591458602642,1.276970193429009,1.3050384725962982,1.2728129973510682,1.3087547100367185,1.232143594214716,1.3009796347269733,1.3507655903219213,1.292563608152549,1.3663091276291395,1.2635864566797057,1.1999590438798182,1.3388142495283553,1.2689217671197264,1.3344939442601298,1.3476820558384286,1.2756999197942835,1.2950739540732088,1.2575196655016632,1.3306573631894412,1.3263846140354714,1.264522535969363,1.298370085435133,1.1983670705307532,1.361971761814746,1.2065430717262273,1.2164473274009864,1.3153718766848694,1.2376436758588079,1.271908637654501,1.275461147476923,1.2710578677730413,1.0896820770351376,1.2816408592118749,1.323586992604827,1.2349624305256264,1.2870730801040136,1.2463662018623733,1.2573920654430302,1.2464910760320778
Armenian,1.2397116680812064,1.2150591458602642,0,1.3071113648269823,1.2799980711462933,1.2951982261069572,1.3281728520357594,1.2632745448515967,1.3188685974252568,1.387508776638357,1.3006966300454792,1.3523010367092339,1.3217407161094543,1.2540509257863357,1.315908150585154,1.2719143683111982,1.372928528072213,1.3828910569260475,1.2054052472057328,1.3132330527249465,1.2931395930305725,1.2693416215099602,1.2720761361104882,1.28271310330192,1.3446719909622047,1.292931037137263,1.333034712564276,1.2287207829252815,1.1866286082331552,1.3172662317728725,1.2718841489515993,1.2999822791514253,1.2803465200431536,1.2683177127028413,1.1793028649730801,1.3063529641557234,1.350445629003473,1.2944496885267476,1.2916924448942253,1.2727376271237756,1.3049873688301052,1.2498735486675923
Bengali,1.332866707358929,1.276970193429009,1.3071113648269823,0,1.297931771615345,1.2524933437145382,1.2870606465222323,1.251671414500965,1.2789521414003118,1.3541575335945344,1.3093785717752326,1.3159087233546478,1.3140389537368442,1.2660627021627064,1.3258302821516896,1.276407411080581,1.114046318666457,1.126493821805886,1.3169315855154142,1.3623160216904096,1.2589271339827584,1.3264551428390214,1.3221490896463572,1.2448546755105234,1.1427833583792741,1.0592265481382226,1.355164553352117,1.2689611738775939,1.2676651053183376,1.2796330838480239,1.2703635450949893,1.274483029007834,1.29625901359606,1.2619136281724437,1.2133312946991055,1.27966654770973,1.3222155039272996,1.2508460807385033,1.2680745530868887,1.2523081152326037,1.0710368260142857,1.2694655292956214
Bosnian,1.2846169224491406,1.3050384725962982,1.2799980711462933,1.297931771615345,0,1.0817603086204737,1.3406869920112168,0.9135984468301086,1.08164536322441,1.3476455269159244,1.3025008167656231,1.3616581446837566,1.323395825503007,1.3138292824535869,1.317654734904246,1.3301173907496116,1.3473573143849733,1.3733378952237103,1.276479723249544,1.4099480533972601,1.256786149226799,1.1648501695749292,1.1732647920084276,0.9563640000702426,1.3582256825393448,1.2379085420279115,1.309851476231505,1.3380698502026993,1.278729776919612,1.061329009618444,1.2705878214509907,1.2654509333184993,0.9992946121228029,0.7527263367204824,1.3087913909994422,1.0286672499548963,1.0813326230248939,1.3022444972927727,1.2961960408781417,0.9919251689058944,1.2930626358900341,1.283000812029151
Bulgarian,1.2817759508963755,1.2728129973510682,1.2951982261069572,1.2524933437145382,1.0817603086204737,0,1.2436722379832963,0.9404070015972646,1.0646964171863431,1.294136211144979,1.2385842958325581,1.284141223246629,1.2547261126162637,1.203961861460314,1.2715030423809799,1.2446603662431148,1.2801445001647138,1.3006324266379599,1.2546086363532998,1.313755524373457,1.1734686964605903,1.2683103217159797,1.2376012283758029,0.9278887245879116,1.2731498182246357,1.2720026670409128,1.3155016589943898,1.2630646829493424,1.2349964632818402,1.0992557051514538,1.206124321687658,1.2277971978221025,1.0706564437675765,0.9968581171546643,1.2351548071993794,1.0708705581425648,1.1283067268265696,1.1810189942885048,1.2416861627584068,1.0484035978868493,1.2150934355024186,1.2007512613088422
Catalan,1.3180948675579254,1.3087547100367185,1.3281728520357594,1.2870606465222323,1.3406869920112168,1.2436722379832963,0,1.2447149579719532,1.2983452486566969,1.3303225689757021,1.2820505278995609,1.2895417623094423,1.188863133327439,1.0486408273696497,1.3155402837662125,1.270416208310085,1.2974287459373923,1.324310343651635,1.2976261571052683,1.320280221460215,1.1178610499262922,1.3459916568744907,1.3118536272904961,1.265996619189506,1.2767683557056835,1.3176452182582796,1.277826878070995,1.3026178465418392,1.2965725029218644,1.2918344827553419,1.0795288043947557,1.1614391310533108,1.3094496704219316,1.282588583438205,1.2780108404948403,1.274335052124238,1.320166444312948,1.0098040535780464,1.2584338309210643,1.263662272572011,1.278507114191424,1.2862808342548366
Croatian,1.2691522708482463,1.232143594214716,1.2632745448515967,1.251671414500965,0.9135984468301086,0.9404070015972646,1.2447149579719532,0,1.034112145358838,1.279510879544017,1.24442888265366,1.290218211419938,1.2318983992554713,1.1961890174758893,1.2800990518428146,1.2363879634459796,1.2713143947953431,1.2979269815763503,1.2559017134115864,1.3023316763147086,1.1727876143713478,1.2337243562301985,1.1870325776350699,0.9681416848558039,1.251905211594528,1.2507115023189532,1.3053763752385847,1.2318341746088473,1.2065303662128195,1.056803013873002,1.2076432807479396,1.2094912840915049,1.055257209958616,0.8267957090983972,1.1882851517284965,1.018120108347819,1.0054277494257537,1.1808565272855387,1.235490526562378,1.0013628619204056,1.2178931276669085,1.2023959964699935
Czech,1.2754047879584978,1.3009796347269733,1.3188685974252568,1.2789521414003118,1.08164536322441,1.0646964171863431,1.2983452486566969,1.034112145358838,0,1.2896578630910054,1.26442791929971,1.302933480747009,1.2661490600123875,1.2474431251567482,1.30023389961768,1.3037441377508303,1.3204208997559739,1.3421576190982596,1.2670555763357394,1.35231065886442,1.2340283304482447,1.2163978664811375,1.2393069161889634,1.0843208203515697,1.3260968784480782,1.257354384563053,1.3111000008756022,1.2769127849275101,1.241772146448455,1.0327701868741346,1.246880189823555,1.2580087067172618,1.0449592942847676,1.0170121360838422,1.2880307748896977,0.8971902982981159,1.1432094152340357,1.2427752152228777,1.2633379378147533,1.0151768159706982,1.2498182216866065,1.2267064568051524
Danish,1.2310328864638622,1.3507655903219213,1.387508776638357,1.3541575335945344,1.3476455269159244,1.294136211144979,1.3303225689757021,1.279510879544017,1.2896578630910054,0,1.2031504331142844,1.190741953986114,1.2934946515075547,1.2824118094949204,1.1847654221221908,1.3530718880393786,1.3470831906594924,1.3633075896856954,1.1790199365284972,1.343461487894672,1.2868850280445776,1.3811294970461905,1.3888907262051056,1.311585215568247,1.330076981599061,1.2864696003910634,1.1024896471834047,1.3218011888600754,1.3139642999244237,1.3260644610745058,1.278616421236957,1.3046384543590976,1.323377462519472,1.3102229141882278,1.346769500737997,1.2895295205172794,1.3161736207187096,1.2795935320341163,1.1165392983261762,1.2889593360835847,1.2940931871352612,1.2627430372731667
Dutch,0.9784965422195187,1.292563608152549,1.3006966300454792,1.3093785717752326,1.3025008167656231,1.2385842958325581,1.2820505278995609,1.24442888265366,1.26442791929971,1.2031504331142844,0,1.151788819065427,1.2851449082202708,1.261289867522409,1.0619344543880072,1.2704630932911887,1.2986319103871964,1.3251900262490652,1.1844605227326501,1.3273398377999162,1.2471185634359836,1.301664923742248,1.3158470342779516,1.2398175127076096,1.2974928006491664,1.2802342677283438,1.2080963079556302,1.2819136905747461,1.2531895998948546,1.29284414698759,1.2211186249720314,1.2689765122489862,1.2758027744551437,1.2526012143402903,1.2916571645998605,1.272936808867776,1.2884933718003944,1.226967245958805,1.156679355634627,1.2571600013554314,1.2725247759784835,1.2460825231499355
English,1.2058793922479876,1.3663091276291395,1.3523010367092339,1.3159087233546478,1.3616581446837566,1.284141223246629,1.2895417623094423,1.290218211419938,1.302933480747009,1.190741953986114,1.151788819065427,0,1.3114431899475816,1.2848200097470994,1.2028526956613315,1.3520551276057522,1.298410365705473,1.3560158739498347,1.2372062255001923,1.3387991362243803,1.280065405431797,1.351330620090004,1.3431947003220588,1.3024448879988797,1.3165926926535032,1.3059716191489026,1.2124173856783713,1.3506866101462196,1.314024635192667,1.3254944835288016,1.2640810622979102,1.296634778548259,1.3235349377477463,1.3035237525292436,1.3443071467324854,1.307754770787318,1.3429436991019552,1.2727125467039098,1.1814952985680838,1.2934478310504578,1.2886113192884476,1.2511069776319375
French,1.3094589778367807,1.2635864566797057,1.3217407161094543,1.3140389537368442,1.323395825503007,1.2547261126162637,1.188863133327439,1.2318983992554713,1.2661490600123875,1.2934946515075547,1.2851449082202708,1.3114431899475816,0,1.1657067923641096,1.3205298711342124,1.2848072414850318,1.3530373030983898,1.3671273444777559,1.3144550771165264,1.3096562301983674,1.1570669210805866,1.3151359981941906,1.3346531774678154,1.2733336853871842,1.304849856282412,1.2771400303262503,1.3182020994403199,1.2840580984054797,1.2780779112803717,1.3032676821036344,1.162694242826801,1.2363085027743266,1.2919345646479776,1.2724385589156617,1.2654930595962932,1.2724377189631957,1.3011591263012303,1.1466679058433242,1.3078292087128993,1.2602963710546986,1.2778761972964052,1.2480149215901952
Galician,1.230454138782543,1.1999590438798182,1.2540509257863357,1.2660627021627064,1.3138292824535869,1.203961861460314,1.0486408273696497,1.1961890174758893,1.2474431251567482,1.2824118094949204,1.261289867522409,1.2848200097470994,1.1657067923641096,0,1.3052607129009117,1.2623382014414501,1.2989714085460529,1.3306288803590034,1.2119458792352529,1.240703243637113,1.1000259136899324,1.3506420472387382,1.3286852770701891,1.213757276808133,1.2683073393401867,1.246175558048672,1.3094297281516578,1.1952173751403017,1.195758986774144,1.2975758555543329,0.9465530172123868,1.1783436521748838,1.2571006501134914,1.2321002538683588,1.1582974700546367,1.2505170172618683,1.2928567815187497,0.864917656117046,1.217208795577644,1.2149227101923032,1.249435979729046,1.2196237781080221
German,1.1938440579546765,1.3388142495283553,1.315908150585154,1.3258302821516896,1.317654734904246,1.2715030423809799,1.3155402837662125,1.2800990518428146,1.30023389961768,1.1847654221221908,1.0619344543880072,1.2028526956613315,1.3205298711342124,1.3052607129009117,0,1.2973977285560736,1.3367896444148262,1.3511901640957915,1.2113120812827438,1.3578723150018406,1.257657684566395,1.3177440830266134,1.329110148007636,1.2890995759594797,1.3288574380399476,1.2979541822153613,1.2613248847570906,1.337226385010606,1.2723854165087858,1.3157199270400612,1.305487136906835,1.2820838584246899,1.328723975462715,1.2839943537484604,1.3434954787154516,1.3053619246146062,1.325998190145625,1.2835235113757206,1.1677748817836817,1.292713758488554,1.299443851240967,1.2623242549396958
Greek,1.3416077114085079,1.2689217671197264,1.2719143683111982,1.276407411080581,1.3301173907496116,1.2446603662431148,1.270416208310085,1.2363879634459796,1.3037441377508303,1.3530718880393786,1.2704630932911887,1.3520551276057522,1.2848072414850318,1.2623382014414501,1.2973977285560736,0,1.3101256694339851,1.3140588043845673,1.2897714765578452,1.3363712543743422,1.2330284564098652,1.2835065833164399,1.2585725361881623,1.271774158057655,1.2991653365955989,1.2651310118290646,1.3497728547202636,1.2861083771342594,1.2721682424600738,1.3008205383156215,1.251637424076307,1.2570727580144343,1.2999559579111273,1.2854835536130254,1.2163712364835457,1.30410777568489,1.331528029522644,1.1952945372620172,1.2803924319403837,1.2511853541268045,1.2548986398917408,1.234835819335357
Gujarati,1.3606860439384454,1.3344939442601298,1.372928528072213,1.114046318666457,1.3473573143849733,1.2801445001647138,1.2974287459373923,1.2713143947953431,1.3204208997559739,1.3470831906594924,1.2986319103871964,1.298410365705473,1.3530373030983898,1.2989714085460529,1.3367896444148262,1.3101256694339851,0,0.9965974103807295,1.3443697435846482,1.402444373084697,1.2965384008656478,1.3884004535931151,1.3370602712558532,1.2747563378398676,0.9478101131398756,1.1322377143937012,1.3552067794186269,1.290971253976652,1.309244186279185,1.3149608771607741,1.329686132641679,1.2910322963357965,1.347222065881695,1.297622925609613,1.2713119898983882,1.3141034768599764,1.3466330269460158,1.2592868937454478,1.2883030038135406,1.2895905819880582,1.108335973655839,1.3110581671683228
Hindi,1.391134917045213,1.3476820558384286,1.3828910569260475,1.126493821805886,1.3733378952237103,1.3006324266379599,1.324310343651635,1.2979269815763503,1.3421576190982596,1.3633075896856954,1.3251900262490652,1.3560158739498347,1.3671273444777559,1.3306288803590034,1.3511901640957915,1.3140588043845673,0.9965974103807295,0,1.3710973844795653,1.4054468161055895,1.3194498314185685,1.4058444351083543,1.3479769199856693,1.2885366798309499,1.0545278882135762,1.1348429964950708,1.3699963174743335,1.2880454208331382,1.293392473599513,1.334120415624197,1.3407429196388672,1.2939428355052363,1.3799846327598317,1.324303636806097,1.2730730055812274,1.3337461780927167,1.3777975941557667,1.2804311536841115,1.3005962703335527,1.3140318237968613,0.9652458075926711,1.3383195503001655
Icelandic,1.1385739187453259,1.2756999197942835,1.2054052472057328,1.3169315855154142,1.276479723249544,1.2546086363532998,1.2976261571052683,1.2559017134115864,1.2670555763357394,1.1790199365284972,1.1844605227326501,1.2372062255001923,1.3144550771165264,1.2119458792352529,1.2113120812827438,1.2897714765578452,1.3443697435846482,1.3710973844795653,0,1.3184416516794806,1.25886448317172,1.2635711518903534,1.2507598733446361,1.2369083448505447,1.336012659202225,1.3040146585930303,1.1715496245942283,1.2559647183531164,1.2032519236742463,1.3003467780023936,1.2474518861439146,1.2783379906955081,1.2366131908034417,1.2273232750968346,1.2258885108485127,1.2861102150540085,1.3328217373195177,1.2656152797990055,1.1096650098411829,1.214967969750358,1.2916413102646704,1.2436420663987782
Irish,1.3131133607894463,1.2950739540732088,1.3132330527249465,1.3623160216904096,1.4099480533972601,1.313755524373457,1.320280221460215,1.3023316763147086,1.35231065886442,1.343461487894672,1.3273398377999162,1.3387991362243803,1.3096562301983674,1.240703243637113,1.3578723150018406,1.3363712543743422,1.402444373084697,1.4054468161055895,1.3184416516794806,0,1.3323645125084629,1.4240170620674752,1.4053296439158507,1.3110709710379238,1.3518471858848462,1.335367285593558,1.3875314752679377,1.2513410751118792,1.2920877890579603,1.37252957493594,1.2547605615482784,1.330499894354124,1.3492982101375584,1.355377399886174,1.2340095785378442,1.3470214355237151,1.3750968583695224,1.222162892865825,1.300427741052854,1.3149814240395232,1.315873464892885,1.2458761303195192
Italian,1.3045466518345608,1.2575196655016632,1.2931395930305725,1.2589271339827584,1.256786149226799,1.1734686964605903,1.1178610499262922,1.1727876143713478,1.2340283304482447,1.2868850280445776,1.2471185634359836,1.280065405431797,1.1570669210805866,1.1000259136899324,1.257657684566395,1.2330284564098652,1.2965384008656478,1.3194498314185685,1.25886448317172,1.3323645125084629,0,1.301516093258168,1.2656790083228058,1.2067173316934565,1.2796322957096364,1.2290583367854775,1.3109512403408048,1.2763198754451854,1.2423732941572032,1.2406105057348698,1.1057686938962472,1.0915698015978277,1.2430931445554014,1.2139366667495946,1.2651971213528916,1.2408603033661365,1.2675828842481378,1.064454610090955,1.2455205221804102,1.2113200195219034,1.2582326771711299,1.1567128707608165
Latvian,1.3189110332767695,1.3306573631894412,1.2693416215099602,1.3264551428390214,1.1648501695749292,1.2683103217159797,1.3459916568744907,1.2337243562301985,1.2163978664811375,1.3811294970461905,1.301664923742248,1.351330620090004,1.3151359981941906,1.3506420472387382,1.3177440830266134,1.2835065833164399,1.3884004535931151,1.4058444351083543,1.2635711518903534,1.4240170620674752,1.301516093258168,0,1.0223287040661289,1.2334372558342,1.377989765445355,1.3216336222332534,1.3273454091839993,1.3624118928443432,1.3189324844355914,1.1902323020189796,1.280030082058282,1.286054507683033,1.1712959747132077,1.177986489558839,1.3488146474537908,1.197129490837511,1.2648472391249748,1.3511753243885343,1.3098957343846738,1.1942641567572385,1.3090109493728548,1.2873280544255243
Lithuanian,1.340225748022499,1.3263846140354714,1.2720761361104882,1.3221490896463572,1.1732647920084276,1.2376012283758029,1.3118536272904961,1.1870325776350699,1.2393069161889634,1.3888907262051056,1.3158470342779516,1.3431947003220588,1.3346531774678154,1.3286852770701891,1.329110148007636,1.2585725361881623,1.3370602712558532,1.3479769199856693,1.2507598733446361,1.4053296439158507,1.2656790083228058,1.0223287040661289,0,1.2205557545790573,1.3662223132957754,1.32314910365883,1.304779069806468,1.3411066157206772,1.278991183459716,1.212590513552597,1.3156706767978676,1.2511099878779572,1.200210540381145,1.1586986209981227,1.2831505396642156,1.2566110976770237,1.2666069907474147,1.3020753417210107,1.2845852897247474,1.168586994041157,1.307585713859584,1.2748367550617012
Macedonian,1.2661765513948944,1.264522535969363,1.28271310330192,1.2448546755105234,0.9563640000702426,0.9278887245879116,1.265996619189506,0.9681416848558039,1.0843208203515697,1.311585215568247,1.2398175127076096,1.3024448879988797,1.2733336853871842,1.213757276808133,1.2890995759594797,1.271774158057655,1.2747563378398676,1.2885366798309499,1.2369083448505447,1.3110709710379238,1.2067173316934565,1.2334372558342,1.2205557545790573,0,1.270743010763909,1.2584512430668888,1.32451349980159,1.2377240739498578,1.231561336653397,1.0916139019636315,1.2126204964399316,1.2335334243740135,0.9976094340785272,0.850740292041483,1.2408379600782113,1.0568140860915218,1.1316971464120784,1.2035119267861092,1.2515968266534911,0.9659290875491859,1.2244274078792148,1.2361525101461768
Marathi,1.3577364064077797,1.298370085435133,1.3446719909622047,1.1427833583792741,1.3582256825393448,1.2731498182246357,1.2767683557056835,1.251905211594528,1.3260968784480782,1.330076981599061,1.2974928006491664,1.3165926926535032,1.304849856282412,1.2683073393401867,1.3288574380399476,1.2991653365955989,0.9478101131398756,1.0545278882135762,1.336012659202225,1.3518471858848462,1.2796322957096364,1.377989765445355,1.3662223132957754,1.270743010763909,0,1.1749288932306967,1.3504183072123306,1.26117762739001,1.3057227995197642,1.3169425960467558,1.289248903084468,1.283976948770671,1.322566701577264,1.2978262701227028,1.2397588519867082,1.2901887653117714,1.3318269211084355,1.2231119845669598,1.285363329766451,1.2815557009544636,1.1301988783911119,1.2847894220632319
Nepali,1.2661513367550081,1.1983670705307532,1.292931037137263,1.0592265481382226,1.2379085420279115,1.2720026670409128,1.3176452182582796,1.2507115023189532,1.257354384563053,1.2864696003910634,1.2802342677283438,1.3059716191489026,1.2771400303262503,1.246175558048672,1.2979541822153613,1.2651310118290646,1.1322377143937012,1.1348429964950708,1.3040146585930303,1.335367285593558,1.2290583367854775,1.3216336222332534,1.32314910365883,1.2584512430668888,1.1749288932306967,0,1.315950205439244,1.223693780855189,1.2353694174394847,1.296421020970274,1.2546146675692706,1.2553128056612983,1.2988693036708354,1.2604030293195385,1.169117259886846,1.2535639822753786,1.2937766279513494,1.250369471823149,1.2518634209378372,1.2657802348230598,1.0715667926446402,1.2477002924486211
Norwegian,1.2132947631937836,1.361971761814746,1.333034712564276,1.355164553352117,1.309851476231505,1.3155016589943898,1.277826878070995,1.3053763752385847,1.3111000008756022,1.1024896471834047,1.2080963079556302,1.2124173856783713,1.3182020994403199,1.3094297281516578,1.2613248847570906,1.3497728547202636,1.3552067794186269,1.3699963174743335,1.1715496245942283,1.3875314752679377,1.3109512403408048,1.3273454091839993,1.304779069806468,1.32451349980159,1.3504183072123306,1.315950205439244,0,1.3792675922713522,1.3403689419006721,1.3176740144251116,1.287758463384338,1.2938539560295241,1.330089903425278,1.3082177774428068,1.3484011795098827,1.2933523561427962,1.3091293343315242,1.2778122840351351,0.9887461915985053,1.3092082891359353,1.3002046991769705,1.3273237588141178
Pashto,1.2445681244419553,1.2065430717262273,1.2287207829252815,1.2689611738775939,1.3380698502026993,1.2630646829493424,1.3026178465418392,1.2318341746088473,1.2769127849275101,1.3218011888600754,1.2819136905747461,1.3506866101462196,1.2840580984054797,1.1952173751403017,1.337226385010606,1.2861083771342594,1.290971253976652,1.2880454208331382,1.2559647183531164,1.2513410751118792,1.2763198754451854,1.3624118928443432,1.3411066157206772,1.2377240739498578,1.26117762739001,1.223693780855189,1.3792675922713522,0,1.117926073375048,1.3167326904756267,1.238377146182956,1.2849444585458973,1.2914367104224596,1.2617058439109332,1.1432387969542428,1.2964884193435413,1.311488241955863,1.212995579329016,1.278713905137227,1.2466517842367,1.1883927181970684,1.2458774873444656
Persian,1.2346335710200265,1.2164473274009864,1.1866286082331552,1.2676651053183376,1.278729776919612,1.2349964632818402,1.2965725029218644,1.2065303662128195,1.241772146448455,1.3139642999244237,1.2531895998948546,1.314024635192667,1.2780779112803717,1.195758986774144,1.2723854165087858,1.2721682424600738,1.309244186279185,1.293392473599513,1.2032519236742463,1.2920877890579603,1.2423732941572032,1.3189324844355914,1.278991183459716,1.231561336653397,1.3057227995197642,1.2353694174394847,1.3403689419006721,1.117926073375048,0,1.2787896642724232,1.2434403474295714,1.2533321399449753,1.2605736355455923,1.2229861464331189,1.172647394433451,1.2616450049026628,1.3040153645735175,1.2381956454305665,1.2380464640018018,1.2022849421325275,1.1875400240683356,1.2244070389915782
Polish,1.3189044037727118,1.3153718766848694,1.3172662317728725,1.2796330838480239,1.061329009618444,1.0992557051514538,1.2918344827553419,1.056803013873002,1.0327701868741346,1.3260644610745058,1.29284414698759,1.3254944835288016,1.3032676821036344,1.2975758555543329,1.3157199270400612,1.3008205383156215,1.3149608771607741,1.334120415624197,1.3003467780023936,1.37252957493594,1.2406105057348698,1.1902323020189796,1.212590513552597,1.0916139019636315,1.3169425960467558,1.296421020970274,1.3176740144251116,1.3167326904756267,1.2787896642724232,0,1.2389997493445777,1.2503306195566184,1.0552913255502843,1.0412233303885734,1.3038864320666266,0.9657738501893391,1.1389637130161099,1.2614257691222142,1.2724689860218923,1.024209716944932,1.2721439747972847,1.2525988692303087
Portuguese,1.2503053510706836,1.2376436758588079,1.2718841489515993,1.2703635450949893,1.2705878214509907,1.206124321687658,1.0795288043947557,1.2076432807479396,1.246880189823555,1.278616421236957,1.2211186249720314,1.2640810622979102,1.162694242826801,0.9465530172123868,1.305487136906835,1.251637424076307,1.329686132641679,1.3407429196388672,1.2474518861439146,1.2547605615482784,1.1057686938962472,1.280030082058282,1.3156706767978676,1.2126204964399316,1.289248903084468,1.2546146675692706,1.287758463384338,1.238377146182956,1.2434403474295714,1.2389997493445777,0,1.1810207090233362,1.2256072552912587,1.2257959500363707,1.2390858391769268,1.2215675833520225,1.2699197662017372,0.9419154673042472,1.236076053452327,1.2111835998637532,1.2496788832526646,1.2199195870156154
Romanian,1.3111353305057782,1.271908637654501,1.2999822791514253,1.274483029007834,1.2654509333184993,1.2277971978221025,1.1614391310533108,1.2094912840915049,1.2580087067172618,1.3046384543590976,1.2689765122489862,1.296634778548259,1.2363085027743266,1.1783436521748838,1.2820838584246899,1.2570727580144343,1.2910322963357965,1.2939428355052363,1.2783379906955081,1.330499894354124,1.0915698015978277,1.286054507683033,1.2511099878779572,1.2335334243740135,1.283976948770671,1.2553128056612983,1.2938539560295241,1.2849444585458973,1.2533321399449753,1.2503306195566184,1.1810207090233362,0,1.2668656429657141,1.2341618720953127,1.270781428152732,1.2533091976615025,1.2834057686861293,1.1527232593391326,1.2461243892462497,1.229939212795905,1.2628380340458034,1.239389113968778
Russian,1.27615556474528,1.275461147476923,1.2803465200431536,1.29625901359606,0.9992946121228029,1.0706564437675765,1.3094496704219316,1.055257209958616,1.0449592942847676,1.323377462519472,1.2758027744551437,1.3235349377477463,1.2919345646479776,1.2571006501134914,1.328723975462715,1.2999559579111273,1.347222065881695,1.3799846327598317,1.2366131908034417,1.3492982101375584,1.2430931445554014,1.1712959747132077,1.200210540381145,0.9976094340785272,1.322566701577264,1.2988693036708354,1.330089903425278,1.2914367104224596,1.2605736355455923,1.0552913255502843,1.2256072552912587,1.2668656429657141,0,0.9489027743348216,1.2706086908051868,1.0165462652688553,1.1674580299573756,1.2598800757353275,1.2719606574003492,0.8932692523451772,1.28791233379021,1.250869620971579
Serbian,1.2540499348256615,1.2710578677730413,1.2683177127028413,1.2619136281724437,0.7527263367204824,0.9968581171546643,1.282588583438205,0.8267957090983972,1.0170121360838422,1.3102229141882278,1.2526012143402903,1.3035237525292436,1.2724385589156617,1.2321002538683588,1.2839943537484604,1.2854835536130254,1.297622925609613,1.324303636806097,1.2273232750968346,1.355377399886174,1.2139366667495946,1.177986489558839,1.1586986209981227,0.850740292041483,1.2978262701227028,1.2604030293195385,1.3082177774428068,1.2617058439109332,1.2229861464331189,1.0412233303885734,1.2257959500363707,1.2341618720953127,0.9489027743348216,0,1.2561499616951508,0.9939279955513048,1.0251998471342796,1.237218989560141,1.2481859818530467,0.9181013385613573,1.2511200455653884,1.2487424943040064
Sinhala,1.2388740270903074,1.0896820770351376,1.1793028649730801,1.2133312946991055,1.3087913909994422,1.2351548071993794,1.2780108404948403,1.1882851517284965,1.2880307748896977,1.346769500737997,1.2916571645998605,1.3443071467324854,1.2654930595962932,1.1582974700546367,1.3434954787154516,1.2163712364835457,1.2713119898983882,1.2730730055812274,1.2258885108485127,1.2340095785378442,1.2651971213528916,1.3488146474537908,1.2831505396642156,1.2408379600782113,1.2397588519867082,1.169117259886846,1.3484011795098827,1.1432387969542428,1.172647394433451,1.3038864320666266,1.2390858391769268,1.270781428152732,1.2706086908051868,1.2561499616951508,0,1.2739589598131338,1.3275773425304338,1.183655352390318,1.2426615087401136,1.2295708479143452,1.1899514426336886,1.236634648096979
Slovak,1.2839434202130664,1.2816408592118749,1.3063529641557234,1.27966654770973,1.0286672499548963,1.0708705581425648,1.274335052124238,1.018120108347819,0.8971902982981159,1.2895295205172794,1.272936808867776,1.307754770787318,1.2724377189631957,1.2505170172618683,1.3053619246146062,1.30410777568489,1.3141034768599764,1.3337461780927167,1.2861102150540085,1.3470214355237151,1.2408603033661365,1.197129490837511,1.2566110976770237,1.0568140860915218,1.2901887653117714,1.2535639822753786,1.2933523561427962,1.2964884193435413,1.2616450049026628,0.9657738501893391,1.2215675833520225,1.2533091976615025,1.0165462652688553,0.9939279955513048,1.2739589598131338,0,1.1054450222698702,1.2403223644292574,1.2560257342325194,1.019273028882853,1.2551019460336372,1.2373786270362521
Slovenian,1.3132674134326547,1.323586992604827,1.350445629003473,1.3222155039272996,1.0813326230248939,1.1283067268265696,1.320166444312948,1.0054277494257537,1.1432094152340357,1.3161736207187096,1.2884933718003944,1.3429436991019552,1.3011591263012303,1.2928567815187497,1.325998190145625,1.331528029522644,1.3466330269460158,1.3777975941557667,1.3328217373195177,1.3750968583695224,1.2675828842481378,1.2648472391249748,1.2666069907474147,1.1316971464120784,1.3318269211084355,1.2937766279513494,1.3091293343315242,1.311488241955863,1.3040153645735175,1.1389637130161099,1.2699197662017372,1.2834057686861293,1.1674580299573756,1.0251998471342796,1.3275773425304338,1.1054450222698702,0,1.260368522137502,1.2976985012389262,1.1355018695026722,1.291575801810993,1.2883654175242119
Spanish,1.2719267621027872,1.2349624305256264,1.2944496885267476,1.2508460807385033,1.3022444972927727,1.1810189942885048,1.0098040535780464,1.1808565272855387,1.2427752152228777,1.2795935320341163,1.226967245958805,1.2727125467039098,1.1466679058433242,0.864917656117046,1.2835235113757206,1.1952945372620172,1.2592868937454478,1.2804311536841115,1.2656152797990055,1.222162892865825,1.064454610090955,1.3511753243885343,1.3020753417210107,1.2035119267861092,1.2231119845669598,1.250369471823149,1.2778122840351351,1.212995579329016,1.2381956454305665,1.2614257691222142,0.9419154673042472,1.1527232593391326,1.2598800757353275,1.237218989560141,1.183655352390318,1.2403223644292574,1.260368522137502,0,1.2306508318061566,1.20549529095319,1.230151935064003,1.2179522460537213
Swedish,1.1747423360345741,1.2870730801040136,1.2916924448942253,1.2680745530868887,1.2961960408781417,1.2416861627584068,1.2584338309210643,1.235490526562378,1.2633379378147533,1.1165392983261762,1.156679355634627,1.1814952985680838,1.3078292087128993,1.217208795577644,1.1677748817836817,1.2803924319403837,1.2883030038135406,1.3005962703335527,1.1096650098411829,1.300427741052854,1.2455205221804102,1.3098957343846738,1.2845852897247474,1.2515968266534911,1.285363329766451,1.2518634209378372,0.9887461915985053,1.278713905137227,1.2380464640018018,1.2724689860218923,1.236076053452327,1.2461243892462497,1.2719606574003492,1.2481859818530467,1.2426615087401136,1.2560257342325194,1.2976985012389262,1.2306508318061566,0,1.2382463940663222,1.2301144972922073,1.2374898448197533
Ukrainian,1.2643343049891511,1.2463662018623733,1.2727376271237756,1.2523081152326037,0.9919251689058944,1.0484035978868493,1.263662272572011,1.0013628619204056,1.0151768159706982,1.2889593360835847,1.2571600013554314,1.2934478310504578,1.2602963710546986,1.2149227101923032,1.292713758488554,1.2511853541268045,1.2895905819880582,1.3140318237968613,1.214967969750358,1.3149814240395232,1.2113200195219034,1.1942641567572385,1.168586994041157,0.9659290875491859,1.2815557009544636,1.2657802348230598,1.3092082891359353,1.2466517842367,1.2022849421325275,1.024209716944932,1.2111835998637532,1.229939212795905,0.8932692523451772,0.9181013385613573,1.2295708479143452,1.019273028882853,1.1355018695026722,1.20549529095319,1.2382463940663222,0,1.247790324479403,1.206106287291432
Urdu,1.3083429134352653,1.2573920654430302,1.3049873688301052,1.0710368260142857,1.2930626358900341,1.2150934355024186,1.278507114191424,1.2178931276669085,1.2498182216866065,1.2940931871352612,1.2725247759784835,1.2886113192884476,1.2778761972964052,1.249435979729046,1.299443851240967,1.2548986398917408,1.108335973655839,0.9652458075926711,1.2916413102646704,1.315873464892885,1.2582326771711299,1.3090109493728548,1.307585713859584,1.2244274078792148,1.1301988783911119,1.0715667926446402,1.3002046991769705,1.1883927181970684,1.1875400240683356,1.2721439747972847,1.2496788832526646,1.2628380340458034,1.28791233379021,1.2511200455653884,1.1899514426336886,1.2551019460336372,1.291575801810993,1.230151935064003,1.2301144972922073,1.247790324479403,0,1.2432697091146163
Welsh,1.2590060609454934,1.2464910760320778,1.2498735486675923,1.2694655292956214,1.283000812029151,1.2007512613088422,1.2862808342548366,1.2023959964699935,1.2267064568051524,1.2627430372731667,1.2460825231499355,1.2511069776319375,1.2480149215901952,1.2196237781080221,1.2623242549396958,1.234835819335357,1.3110581671683228,1.3383195503001655,1.2436420663987782,1.2458761303195192,1.1567128707608165,1.2873280544255243,1.2748367550617012,1.2361525101461768,1.2847894220632319,1.2477002924486211,1.3273237588141178,1.2458774873444656,1.2244070389915782,1.2525988692303087,1.2199195870156154,1.239389113968778,1.250869620971579,1.2487424943040064,1.236634648096979,1.2373786270362521,1.2883654175242119,1.2179522460537213,1.2374898448197533,1.206106287291432,1.2432697091146163,0
