,Afrikaans,Albanian,Armenian,Bengali,Bosnian,Bulgarian,Catalan,Croatian,Czech,Danish,Dutch,English,French,Galician,German,Greek,Gujarati,Hindi,Icelandic,Irish,Italian,Latvian,Lithuanian,Macedonian,Marathi,Nepali,Norwegian,Pashto,Persian,Polish,Portuguese,Romanian,Russian,Serbian,Sinhala,Slovak,Slovenian,Spanish,Swedish,Ukrainian,Urdu,Welsh
Afrikaans,0,2.3123962656231822,2.088167355103933,2.4878591266479617,2.2002786745016203,2.4005975417051753,2.5681420914727897,2.378910272682303,2.424702944778656,2.3575034147900955,1.7186850276848744,2.1171698206867124,2.4982297562172704,2.324127894139272,2.1577687769541036,2.525314897029804,2.551594090855547,2.5825989035294916,2.060714541413553,2.5310688701593236,2.2490463541087684,2.376896130588357,2.1646772596392636,2.303828844475529,2.5567528175836816,2.154150999330036,2.311445585272881,2.3158537221316373,2.186751781478872,2.3227666592468057,2.327404692969952,2.4312482468180487,2.273553961709637,2.3076129883551753,2.141999687852048,2.441442890272775,2.4952539952522,2.35312242854683,2.1339740710670623,2.2847196446777898,2.4075097702028896,2.1135542666714167
Albanian,2.3123962656231822,0,2.054337512098564,2.312659542314682,2.1769205858279013,2.333469391862681,2.4619451011219953,2.2877539433937235,2.388061284464632,2.577651799045233,2.326312216912579,2.4296146277298254,2.3767305689452773,2.192822760021237,2.4021848960140173,2.3838157588254822,2.442929576258092,2.4865775211687615,2.2552793631800667,2.4545815339337156,2.186096407683596,2.3397282760824565,2.0738266112341135,2.2197251194628054,2.3907997845031637,2.0505795375880544,2.5340237442444318,2.2214282127126466,2.103540384610277,2.2670459051422913,2.233954072721872,2.3336112347153737,2.2185341572851525,2.2547237542916587,1.8599729234939157,2.3636626971185972,2.448889565887604,2.2471121288445346,2.305642521747992,2.1833255952489528,2.2468549148337025,2.1324048605482884
Armenian,2.088167355103933,2.054337512098564,0,2.139025712700823,1.918675453347336,2.11901926985275,2.2396947498720827,2.0463842117998934,2.1760341624852457,2.3276281112442545,2.117232001578768,2.135435113564045,2.202670173169741,2.099389770786669,2.121526022717305,2.067838424432315,2.2602670667075637,2.244263530069214,1.9285593023799477,2.2363369474842396,1.9350757047639353,2.0365107030750353,1.8460240310707656,2.027819984649128,2.2382552958123534,1.9499558097264464,2.2350681847290375,2.0477294298643725,1.8963881702096679,2.032374435709205,2.0721926270309488,2.0771020895398777,2.009817386774853,2.0317200198709413,1.854667130151499,2.141826299551083,2.217308555452011,2.0816700310327385,2.0773855905789045,1.9959300873508752,2.0988846616150156,1.8302557574659806
Bengali,2.4878591266479617,2.312659542314682,2.139025712700823,0,2.1921990816922734,2.3211957252343587,2.4763306884798126,2.3082735963179757,2.395373092298328,2.625129139947714,2.388880094226441,2.352560411152314,2.4959308078331017,2.377645024937146,2.445021176022608,2.3853191936329874,2.041014599592911,2.036133220524876,2.3553118405292115,2.597411455610782,2.1662925568797182,2.3763612253965274,2.127665133121982,2.2308813429947016,2.117776344945179,1.7437771769263497,2.6279903926798744,2.34560115177847,2.2294726653849195,2.229344184881856,2.310875016660776,2.3638128544396797,2.294897122227435,2.2756684582478663,2.067783006093178,2.38740805827427,2.4385888982104666,2.256143210007837,2.339316740191284,2.2305064835510855,1.9575426385945496,2.1318322422287883
Bosnian,2.2002786745016203,2.1769205858279013,1.918675453347336,2.1921990816922734,0,1.7309822964987753,2.3328792665012266,1.3482032162924547,1.821604345059762,2.3543592120861234,2.162197350470885,2.224058897685673,2.26374493490896,2.214113918520323,2.1875902230670774,2.212299240519141,2.317855805423558,2.3021860731688366,2.073619334076833,2.443655539651816,1.9342610057656766,1.9545620834639639,1.7536654022380442,1.4813361119028754,2.347245334256231,1.9417873025460877,2.3160381942555888,2.2254480529569634,2.0367859650892526,1.637438272405914,2.1139004391412026,2.1086919476540196,1.5701523018198962,1.111327465863026,2.0085420925947957,1.6923714521169575,1.7828205997865507,2.116527688179842,2.161176668120063,1.5551129504764916,2.1559641486682812,1.9371795573139698
Bulgarian,2.4005975417051753,2.333469391862681,2.11901926985275,2.3211957252343587,1.7309822964987753,0,2.400542139829798,1.642902539310786,1.9681725214271863,2.4842920142757765,2.261596577496097,2.29340541134706,2.398161683015353,2.2952830561278734,2.365458493345209,2.3074427486840507,2.4333707652004155,2.411104254073859,2.245174677770372,2.5302018528953485,2.0022428262789305,2.317203461083658,2.0076647505706835,1.5945155216244373,2.4424543740009557,2.135453415131678,2.5381270438523864,2.366512673521252,2.212075259028389,1.896437171502977,2.2124019453309574,2.26478763654869,1.8529670143638983,1.7238650473458323,2.1136996759824562,1.9573597658875073,2.051780928584818,2.151778833684074,2.299267124902095,1.821194400933388,2.2419647925739477,1.9599427166120706
Catalan,2.5681420914727897,2.4619451011219953,2.2396947498720827,2.4763306884798126,2.3328792665012266,2.400542139829798,0,2.3549810360303494,2.4936955435350288,2.63905123837012,2.404590690896547,2.37318200122728,2.313470119622622,1.9931901731040587,2.5116895693762586,2.4481696567700792,2.5892125306432447,2.5945128757650466,2.407271893392517,2.608962621650006,1.913350843590315,2.555466151720489,2.203626500919054,2.3451575725082945,2.550239556355341,2.2714439736282204,2.591965297431334,2.5274851673710708,2.3415297852694623,2.334920122107605,1.9662208420507061,2.1852619480960556,2.389537381489916,2.399427210149914,2.280510523940897,2.452677321563658,2.5308517560440027,1.8293048223355686,2.391000809036055,2.310555319488359,2.4450390152616928,2.1540939043361083
Croatian,2.378910272682303,2.2877539433937235,2.0463842117998934,2.3082735963179757,1.3482032162924547,1.642902539310786,2.3549810360303494,0,1.8210096213213058,2.412421507928127,2.2560104417175646,2.288830360915979,2.336654837905533,2.263693898151455,2.321877929123864,2.2487781458905958,2.4126590376233668,2.398548329343246,2.211691389079626,2.503102099711148,1.972092028118982,2.283817674685587,1.913396974524187,1.6343325907640511,2.3997440843970193,2.0898455502058244,2.4683930598670463,2.2989877287879903,2.1333594714662882,1.8002159116851157,2.1957954458227507,2.198570980828158,1.7994943850360317,1.3237966350466999,2.037484786383839,1.7883463808274094,1.7826667336461102,2.1093510867159173,2.241966348940917,1.6818394062789082,2.2280751377290136,1.9418953831678976
Czech,2.424702944778656,2.388061284464632,2.1760341624852457,2.395373092298328,1.821604345059762,1.9681725214271863,2.4936955435350288,1.8210096213213058,0,2.451475540153095,2.2924707838423894,2.3440449136097095,2.4166486384199692,2.399531501894283,2.4166698658823065,2.415455149547272,2.5238989588096943,2.5254738223506,2.2900977361785735,2.5735750891078344,2.151609848053,2.2731849535038413,2.05051627425959,1.9485092669572388,2.547912997381331,2.152605918089948,2.526133106586125,2.3831611313197656,2.2247565133684617,1.809510477630967,2.2620838601849838,2.3552273836101647,1.8751884192253676,1.8497702580449,2.2157745321641436,1.5917168564015245,2.0815532657085267,2.22971668565255,2.3443721750081816,1.7969778220910144,2.3042468642792704,2.0289567218362623
Danish,2.3575034147900955,2.577651799045233,2.3276281112442545,2.625129139947714,2.3543592120861234,2.4842920142757765,2.63905123837012,2.412421507928127,2.451475540153095,0,2.2529621239734636,2.184761684195885,2.516337226697731,2.5021936427124336,2.2268718339175475,2.5521389013802973,2.689260102479555,2.652120667212175,2.1212478453942936,2.635878444124784,2.259212923682059,2.616043000833628,2.3266864998285968,2.464172043438844,2.6935400974316175,2.243058186572107,2.1446378807037405,2.5315222414636267,2.3947396304895303,2.392074137133551,2.4031124374377697,2.4839473886527585,2.443167501138585,2.475609209207457,2.3346291495910982,2.4814654747835827,2.544389446507943,2.400525112853052,2.069123164260104,2.3778989061360245,2.4825392584118307,2.1024057936998757
Dutch,1.7186850276848744,2.326312216912579,2.117232001578768,2.388880094226441,2.162197350470885,2.261596577496097,2.404590690896547,2.2560104417175646,2.2924707838423894,2.2529621239734636,0,1.9912563193060169,2.400448808775757,2.338773140136931,1.9132523685473037,2.347408949617154,2.4388150637788653,2.465644903578361,2.0649578947203957,2.4722373414249033,2.131892128649537,2.318875809223579,2.1120697610918997,2.206836108675575,2.451809064133521,2.1271927832244204,2.2335288708925924,2.349786883931096,2.1681861617394804,2.2422274173925825,2.18428773578161,2.3259647933877288,2.2490124469265993,2.241311278806649,2.1749380650922117,2.3395677524726435,2.3549591704152095,2.1972055095104253,2.052327509034553,2.2106912298506685,2.2922793049361623,2.019505304657632
English,2.1171698206867124,2.4296146277298254,2.135435113564045,2.352560411152314,2.224058897685673,2.29340541134706,2.37318200122728,2.288830360915979,2.3440449136097095,2.184761684195885,1.9912563193060169,0,2.391440358851289,2.35785576888219,2.1006277687321644,2.401012932856988,2.4104135242591487,2.4552915489593867,2.1129697817321405,2.4540026426354937,2.0980259151916547,2.346096406643235,2.1272583994129435,2.2849458565352014,2.445206323373742,2.1182031540276403,2.2213405111134277,2.4152883108990606,2.2264501233349936,2.241288205194085,2.2460530494583097,2.3203265840381353,2.2802325691563277,2.3020314987830153,2.231092092355751,2.3573002748654948,2.4298310747246235,2.2366639096036005,2.0744340189771227,2.2405113910273555,2.285078864993101,1.9665759011299027
French,2.4982297562172704,2.3767305689452773,2.202670173169741,2.4959308078331017,2.26374493490896,2.398161683015353,2.313470119622622,2.336654837905533,2.4166486384199692,2.516337226697731,2.400448808775757,2.391440358851289,0,2.2214633350871114,2.46349209798918,2.413371513166175,2.6260175888105213,2.5917763952732336,2.3796128056190766,2.569701461368211,2.0024173808792836,2.469140036145723,2.2339223686822764,2.3474142479694695,2.5617735245707087,2.1951133049452696,2.5946213470678208,2.404698026214482,2.307123437094123,2.3298301883993475,2.1465549831825297,2.2898821714489492,2.3414989155745705,2.3642682641437878,2.2137102884381314,2.4411099762104262,2.484608372597952,2.1121717563960027,2.440712414801051,2.2793230349614273,2.3857450298788145,2.0778001076511585
Galician,2.324127894139272,2.192822760021237,2.099389770786669,2.377645024937146,2.214113918520323,2.2952830561278734,1.9931901731040587,2.263693898151455,2.399531501894283,2.5021936427124336,2.338773140136931,2.35785576888219,2.2214633350871114,0,2.4121643967626056,2.393975072878153,2.492346865499986,2.5123123498480724,2.1970144632985398,2.4487832303439103,1.8746623514391596,2.4422427782672473,2.1677693133005564,2.2246346776309003,2.4453402544753726,2.1230134016772735,2.5157271733353626,2.297534857344145,2.142237987752813,2.3029284697856807,1.7088857937153739,2.161005043950249,2.259008787676439,2.268289317852628,2.008159375880568,2.3920516048755225,2.471190643763247,1.556026056736328,2.257437661141655,2.208059899900316,2.333805428523816,2.0776504064645107
German,2.1577687769541036,2.4021848960140173,2.121526022717305,2.445021176022608,2.1875902230670774,2.365458493345209,2.5116895693762586,2.321877929123864,2.4166698658823065,2.2268718339175475,1.9132523685473037,2.1006277687321644,2.46349209798918,2.4121643967626056,0,2.371589742719003,2.5104179364885577,2.499298534998206,2.115454844644547,2.5244759102410708,2.1315118469712515,2.3709836766437435,2.1503595064969243,2.308284683593775,2.5172999529449482,2.167600187793952,2.3508284207502292,2.432702670147643,2.231099720393128,2.294573199938549,2.350812380436023,2.3404347740465323,2.3316715015628597,2.3160420810567106,2.243866613665831,2.434327563423478,2.445638457448005,2.292025353403428,2.1109487666342517,2.275923243838121,2.3626001452914998,2.0563441927907977
Greek,2.525314897029804,2.3838157588254822,2.067838424432315,2.3853191936329874,2.212299240519141,2.3074427486840507,2.4481696567700792,2.2487781458905958,2.415455149547272,2.5521389013802973,2.347408949617154,2.401012932856988,2.413371513166175,2.393975072878153,2.371589742719003,0,2.5297865401234585,2.4508856555300014,2.2918360974333716,2.58016715686842,2.0495860756048847,2.346813730551479,2.102600519470579,2.297077023176641,2.517772383773099,2.102184573418761,2.616552294608333,2.4024826429554595,2.2737551938033174,2.2908280144711317,2.292814212467179,2.276432660123787,2.3047994061411994,2.3228729320135417,2.1244668026595392,2.4129066079495365,2.460066152385039,2.1507327942386123,2.39331617016458,2.202508637002784,2.3229500341285614,2.003772352648966
Gujarati,2.551594090855547,2.442929576258092,2.2602670667075637,2.041014599592911,2.317855805423558,2.4333707652004155,2.5892125306432447,2.4126590376233668,2.5238989588096943,2.689260102479555,2.4388150637788653,2.4104135242591487,2.6260175888105213,2.492346865499986,2.5104179364885577,2.5297865401234585,0,1.874568853516649,2.445126720991339,2.7037871833177958,2.285241745863232,2.522423267752659,2.1944291935941496,2.347505195434482,1.7988393357725454,1.8996012367414994,2.698820745389547,2.4123245728383274,2.3140763423742126,2.359442512741358,2.4880471377855566,2.477104974307329,2.424685095033136,2.411313176273385,2.189139675828998,2.5393684032890373,2.5935868352821814,2.3643304544269763,2.4361233420743966,2.352783363140508,2.0405380488321465,2.2386813833775023
Hindi,2.5825989035294916,2.4865775211687615,2.244263530069214,2.036133220524876,2.3021860731688366,2.411104254073859,2.5945128757650466,2.398548329343246,2.5254738223506,2.652120667212175,2.465644903578361,2.4552915489593867,2.5917763952732336,2.5123123498480724,2.499298534998206,2.4508856555300014,1.874568853516649,0,2.435081578272105,2.6982894813397955,2.239896021307701,2.517568136126522,2.209735752161641,2.334957145488235,1.9923735548330774,1.8431841015887687,2.6669101737981817,2.360512930512129,2.291887996100755,2.3396550326067005,2.490765902009678,2.3819986604921395,2.4192716535555756,2.4174116107730703,2.1864317044845705,2.520606881083552,2.602731508579339,2.3580470891035525,2.4115159665811152,2.3355780615537114,1.6875900889336595,2.203371114028697
Icelandic,2.060714541413553,2.2552793631800667,1.9285593023799477,2.3553118405292115,2.073619334076833,2.245174677770372,2.407271893392517,2.211691389079626,2.2900977361785735,2.1212478453942936,2.0649578947203957,2.1129697817321405,2.3796128056190766,2.1970144632985398,2.115454844644547,2.2918360974333716,2.445126720991339,2.435081578272105,0,2.440982073632391,2.066312483178004,2.192909186396881,1.9611918947012468,2.154475658206401,2.4334455013090452,2.1013593705054663,2.0920906010570834,2.254846275180427,2.065366061966618,2.1801394941890426,2.212046253536508,2.2588355688657136,2.1168918814805284,2.150377413737922,2.014826569672159,2.3034502085047035,2.3802089601973084,2.196524467626426,1.9116271108897642,2.083799044522375,2.269544782828566,1.986326864165757
Irish,2.5310688701593236,2.4545815339337156,2.2363369474842396,2.597411455610782,2.443655539651816,2.5302018528953485,2.608962621650006,2.503102099711148,2.5735750891078344,2.635878444124784,2.4722373414249033,2.4540026426354937,2.569701461368211,2.4487832303439103,2.5244759102410708,2.58016715686842,2.7037871833177958,2.6982894813397955,2.440982073632391,0,2.375553389277988,2.66149283065873,2.349107316084353,2.4419976766883695,2.6249109466152505,2.296667084032527,2.7511556629202385,2.418316843625892,2.3624467895751526,2.494996183972897,2.3523424545345835,2.5447734517156175,2.4937917854986567,2.5410351716924175,2.2246155052677836,2.569357481686117,2.628971246113763,2.2990542413223958,2.455370277997764,2.44343506967702,2.4826051757446734,2.121801312549367
Italian,2.2490463541087684,2.186096407683596,1.9350757047639353,2.1662925568797182,1.9342610057656766,2.0022428262789305,1.913350843590315,1.972092028118982,2.151609848053,2.259212923682059,2.131892128649537,2.0980259151916547,2.0024173808792836,1.8746623514391596,2.1315118469712515,2.0495860756048847,2.285241745863232,2.239896021307701,2.066312483178004,2.375553389277988,0,2.191882358557322,1.9328032222674771,2.0133596099449664,2.2659745971009513,1.91561438724505,2.2994103707138653,2.1829588626953935,2.039566850059963,1.999747464059094,1.8634514699877787,1.7674430045936258,2.008362444511396,2.0292955945062148,2.006400242152731,2.127967873819398,2.1655036459991535,1.7248092411536122,2.1109939975083707,1.9587884815107548,2.1502089443001533,1.7638785487037236
Latvian,2.376896130588357,2.3397282760824565,2.0365107030750353,2.3763612253965274,1.9545620834639639,2.317203461083658,2.555466151720489,2.283817674685587,2.2731849535038413,2.616043000833628,2.318875809223579,2.346096406643235,2.469140036145723,2.4422427782672473,2.3709836766437435,2.346813730551479,2.522423267752659,2.517568136126522,2.192909186396881,2.66149283065873,2.191882358557322,0,1.6378782843174937,2.181893775264062,2.5480221482948076,2.195020809793736,2.4916341893194165,2.4440921359658385,2.240352617970839,2.032065203336201,2.34679089641662,2.3583351509692116,2.027497875128728,2.1110210237402436,2.2256846512914445,2.248378947204579,2.3521235278649337,2.4357047335301303,2.3549128958069954,2.1133580377131524,2.333350559456925,2.107499376486946
Lithuanian,2.1646772596392636,2.0738266112341135,1.8460240310707656,2.127665133121982,1.7536654022380442,2.0076647505706835,2.203626500919054,1.913396974524187,2.05051627425959,2.3266864998285968,2.1120697610918997,2.1272583994129435,2.2339223686822764,2.1677693133005564,2.1503595064969243,2.102600519470579,2.1944291935941496,2.209735752161641,1.9611918947012468,2.349107316084353,1.9328032222674771,1.6378782843174937,0,1.9239980395196172,2.243054549142236,1.9626457855322277,2.195260949912075,2.156252399273147,1.9517828086590348,1.8515232348234236,2.1333902321453495,2.060750426704404,1.8604819618671058,1.8500874293271485,1.933882446819767,2.050735069362157,2.0681192145676817,2.090595169191977,2.0596846232171386,1.8404487682555752,2.099434287474819,1.9138709201054818
Macedonian,2.303828844475529,2.2197251194628054,2.027819984649128,2.2308813429947016,1.4813361119028754,1.5945155216244373,2.3451575725082945,1.6343325907640511,1.9485092669572388,2.464172043438844,2.206836108675575,2.2849458565352014,2.3474142479694695,2.2246346776309003,2.308284683593775,2.297077023176641,2.347505195434482,2.334957145488235,2.154475658206401,2.4419976766883695,2.0133596099449664,2.181893775264062,1.9239980395196172,0,2.355250892392409,2.0368224702793496,2.463842573398782,2.2304131164428624,2.1175114623825873,1.8239690983170036,2.160474726090705,2.2183558381411745,1.7117074049770558,1.4247857620859248,2.0258290243660815,1.8718459515732404,1.9992380023728114,2.1188694872369136,2.219006213010837,1.6676651393394408,2.1715767533023964,2.0024793319081104
Marathi,2.5567528175836816,2.3907997845031637,2.2382552958123534,2.117776344945179,2.347245334256231,2.4424543740009557,2.550239556355341,2.3997440843970193,2.547912997381331,2.6935400974316175,2.451809064133521,2.445206323373742,2.5617735245707087,2.4453402544753726,2.5172999529449482,2.517772383773099,1.7988393357725454,1.9923735548330774,2.4334455013090452,2.6249109466152505,2.2659745971009513,2.5480221482948076,2.243054549142236,2.355250892392409,0,1.9835178117458956,2.700091252082156,2.3790358456669356,2.3414584136246157,2.3819245099521624,2.4239027872963317,2.4628996507697813,2.4052594087163586,2.425857621280307,2.1433449609456217,2.502435096749376,2.581571491049164,2.311763429472081,2.428323237918581,2.3627619517710565,2.0982026058856333,2.20537431320733
Nepali,2.154150999330036,2.0505795375880544,1.9499558097264464,1.7437771769263497,1.9417873025460877,2.135453415131678,2.2714439736282204,2.0898455502058244,2.152605918089948,2.243058186572107,2.1271927832244204,2.1182031540276403,2.1951133049452696,2.1230134016772735,2.167600187793952,2.102184573418761,1.8996012367414994,1.8431841015887687,2.1013593705054663,2.296667084032527,1.91561438724505,2.195020809793736,1.9626457855322277,2.0368224702793496,1.9835178117458956,0,2.321689094163077,2.0164211999740553,2.001678771969049,2.0640991889636235,2.109284281485305,2.096974493265771,2.091661982602377,2.0736992312350457,1.8202537910766452,2.1177724256058976,2.2017263999966765,2.0478231404719365,2.068988090003024,2.029992568654278,1.7510976049478373,1.873781530999319
Norwegian,2.311445585272881,2.5340237442444318,2.2350681847290375,2.6279903926798744,2.3160381942555888,2.5381270438523864,2.591965297431334,2.4683930598670463,2.526133106586125,2.1446378807037405,2.2335288708925924,2.2213405111134277,2.5946213470678208,2.5157271733353626,2.3508284207502292,2.616552294608333,2.698820745389547,2.6669101737981817,2.0920906010570834,2.7511556629202385,2.2994103707138653,2.4916341893194165,2.195260949912075,2.463842573398782,2.700091252082156,2.321689094163077,0,2.6280372615925818,2.395945551385508,2.372122046827501,2.408134028096365,2.4876768646103944,2.446468054426509,2.4583840147060316,2.3289176718682736,2.536671037521414,2.5740705236727717,2.4013878266072743,1.783515595358102,2.404528406685327,2.4701894063421226,2.2655220546074704
Pashto,2.3158537221316373,2.2214282127126466,2.0477294298643725,2.34560115177847,2.2254480529569634,2.366512673521252,2.5274851673710708,2.2989877287879903,2.3831611313197656,2.5315222414636267,2.349786883931096,2.4152883108990606,2.404698026214482,2.297534857344145,2.432702670147643,2.4024826429554595,2.4123245728383274,2.360512930512129,2.254846275180427,2.418316843625892,2.1829588626953935,2.4440921359658385,2.156252399273147,2.2304131164428624,2.3790358456669356,2.0164211999740553,2.6280372615925818,0,1.9985228264504982,2.304517905233586,2.28643536785318,2.3553744946800244,2.2714982363048875,2.294058952678478,1.9682893542308921,2.426529149544658,2.4441176497472408,2.2345938072384097,2.34894786695675,2.223332342173582,2.1524070090852994,2.0880050429697112
Persian,2.186751781478872,2.103540384610277,1.8963881702096679,2.2294726653849195,2.0367859650892526,2.212075259028389,2.3415297852694623,2.1333594714662882,2.2247565133684617,2.3947396304895303,2.1681861617394804,2.2264501233349936,2.307123437094123,2.142237987752813,2.231099720393128,2.2737551938033174,2.3140763423742126,2.291887996100755,2.065366061966618,2.3624467895751526,2.039566850059963,2.240352617970839,1.9517828086590348,2.1175114623825873,2.3414584136246157,2.001678771969049,2.395945551385508,1.9985228264504982,0,2.119853794500652,2.16913295490348,2.1830390254873717,2.127295609137539,2.122990203933552,1.9632498935472806,2.2542486814824354,2.3046067756347157,2.144911101935965,2.1527604671280485,2.047386712881719,2.0555391939327112,1.9722700960060493
Polish,2.3227666592468057,2.2670459051422913,2.032374435709205,2.229344184881856,1.637438272405914,1.896437171502977,2.334920122107605,1.8002159116851157,1.809510477630967,2.392074137133551,2.2422274173925825,2.241288205194085,2.3298301883993475,2.3029284697856807,2.294573199938549,2.2908280144711317,2.359442512741358,2.3396550326067005,2.1801394941890426,2.494996183972897,1.999747464059094,2.032065203336201,1.8515232348234236,1.8239690983170036,2.3819245099521624,2.0640991889636235,2.372122046827501,2.304517905233586,2.119853794500652,0,2.1405267743352607,2.173673732867418,1.715678358564782,1.7289416981249943,2.107851801048865,1.645447469432888,1.9598030122638053,2.1702596925425564,2.2178388427345705,1.6741412552624149,2.207803903931815,1.971680287339379
Portuguese,2.327404692969952,2.233954072721872,2.0721926270309488,2.310875016660776,2.1139004391412026,2.2124019453309574,1.9662208420507061,2.1957954458227507,2.2620838601849838,2.4031124374377697,2.18428773578161,2.2460530494583097,2.1465549831825297,1.7088857937153739,2.350812380436023,2.292814212467179,2.4880471377855566,2.490765902009678,2.212046253536508,2.3523424545345835,1.8634514699877787,2.34679089641662,2.1333902321453495,2.160474726090705,2.4239027872963317,2.109284281485305,2.408134028096365,2.28643536785318,2.16913295490348,2.1405267743352607,0,2.123189538707835,2.182932120171593,2.182179232893867,2.1067783067267407,2.2314599284527645,2.306989990277353,1.6154818929380412,2.224025956392502,2.1278001992470412,2.25136948571642,1.997280580903318
Romanian,2.4312482468180487,2.3336112347153737,2.0771020895398777,2.3638128544396797,2.1086919476540196,2.26478763654869,2.1852619480960556,2.198570980828158,2.3552273836101647,2.4839473886527585,2.3259647933877288,2.3203265840381353,2.2898821714489492,2.161005043950249,2.3404347740465323,2.276432660123787,2.477104974307329,2.3819986604921395,2.2588355688657136,2.5447734517156175,1.7674430045936258,2.3583351509692116,2.060750426704404,2.2183558381411745,2.4628996507697813,2.096974493265771,2.4876768646103944,2.3553744946800244,2.1830390254873717,2.173673732867418,2.123189538707835,0,2.2208355751639317,2.2334198563246432,2.144689955253668,2.3432984590211783,2.3927061276335295,2.0465875940924265,2.2648176824588835,2.1527416496344745,2.300661407867715,2.0012700330973296
Russian,2.273553961709637,2.2185341572851525,2.009817386774853,2.294897122227435,1.5701523018198962,1.8529670143638983,2.389537381489916,1.7994943850360317,1.8751884192253676,2.443167501138585,2.2490124469265993,2.2802325691563277,2.3414989155745705,2.259008787676439,2.3316715015628597,2.3047994061411994,2.424685095033136,2.4192716535555756,2.1168918814805284,2.4937917854986567,2.008362444511396,2.027497875128728,1.8604819618671058,1.7117074049770558,2.4052594087163586,2.091661982602377,2.446468054426509,2.2714982363048875,2.127295609137539,1.715678358564782,2.182932120171593,2.2208355751639317,0,1.6191975650156871,2.0442385117403923,1.796805270776235,2.0434389526365395,2.1803612014043323,2.242530601261234,1.4925182983270837,2.2658714848916004,2.0123062751069547
Serbian,2.3076129883551753,2.2547237542916587,2.0317200198709413,2.2756684582478663,1.111327465863026,1.7238650473458323,2.399427210149914,1.3237966350466999,1.8497702580449,2.475609209207457,2.241311278806649,2.3020314987830153,2.3642682641437878,2.268289317852628,2.3160420810567106,2.3228729320135417,2.411313176273385,2.4174116107730703,2.150377413737922,2.5410351716924175,2.0292955945062148,2.1110210237402436,1.8500874293271485,1.4247857620859248,2.425857621280307,2.0736992312350457,2.4583840147060316,2.294058952678478,2.122990203933552,1.7289416981249943,2.182179232893867,2.2334198563246432,1.6191975650156871,0,2.0603441289066957,1.7492051801008297,1.7907098588418755,2.1677555018615364,2.2357857903571072,1.573570022833682,2.23539587906215,2.0217187432114656
Sinhala,2.141999687852048,1.8599729234939157,1.854667130151499,2.067783006093178,2.0085420925947957,2.1136996759824562,2.280510523940897,2.037484786383839,2.2157745321641436,2.3346291495910982,2.1749380650922117,2.231092092355751,2.2137102884381314,2.008159375880568,2.243866613665831,2.1244668026595392,2.189139675828998,2.1864317044845705,2.014826569672159,2.2246155052677836,2.006400242152731,2.2256846512914445,1.933882446819767,2.0258290243660815,2.1433449609456217,1.8202537910766452,2.3289176718682736,1.9682893542308921,1.9632498935472806,2.107851801048865,2.1067783067267407,2.144689955253668,2.0442385117403923,2.0603441289066957,0,2.1882286500325665,2.28095273188832,2.0090577780395087,2.072217445576417,2.0022963806372283,2.016781233820856,1.93932731829235
Slovak,2.441442890272775,2.3636626971185972,2.141826299551083,2.38740805827427,1.6923714521169575,1.9573597658875073,2.452677321563658,1.7883463808274094,1.5917168564015245,2.4814654747835827,2.3395677524726435,2.3573002748654948,2.4411099762104262,2.3920516048755225,2.434327563423478,2.4129066079495365,2.5393684032890373,2.520606881083552,2.3034502085047035,2.569357481686117,2.127967873819398,2.248378947204579,2.050735069362157,1.8718459515732404,2.502435096749376,2.1177724256058976,2.536671037521414,2.426529149544658,2.2542486814824354,1.645447469432888,2.2314599284527645,2.3432984590211783,1.796805270776235,1.7492051801008297,2.1882286500325665,0,2.0012754016380843,2.2221025680084976,2.339062758390176,1.7544884013767539,2.31774510771268,2.026109760009192
Slovenian,2.4952539952522,2.448889565887604,2.217308555452011,2.4385888982104666,1.7828205997865507,2.051780928584818,2.5308517560440027,1.7826667336461102,2.0815532657085267,2.544389446507943,2.3549591704152095,2.4298310747246235,2.484608372597952,2.471190643763247,2.445638457448005,2.460066152385039,2.5935868352821814,2.602731508579339,2.3802089601973084,2.628971246113763,2.1655036459991535,2.3521235278649337,2.0681192145676817,1.9992380023728114,2.581571491049164,2.2017263999966765,2.5740705236727717,2.4441176497472408,2.3046067756347157,1.9598030122638053,2.306989990277353,2.3927061276335295,2.0434389526365395,1.7907098588418755,2.28095273188832,2.0012754016380843,0,2.2837129875368753,2.397848268194561,1.9723033324303518,2.3854522862869243,2.1092196036539717
Spanish,2.35312242854683,2.2471121288445346,2.0816700310327385,2.256143210007837,2.116527688179842,2.151778833684074,1.8293048223355686,2.1093510867159173,2.22971668565255,2.400525112853052,2.1972055095104253,2.2366639096036005,2.1121717563960027,1.556026056736328,2.292025353403428,2.1507327942386123,2.3643304544269763,2.3580470891035525,2.196524467626426,2.2990542413223958,1.7248092411536122,2.4357047335301303,2.090595169191977,2.1188694872369136,2.311763429472081,2.0478231404719365,2.4013878266072743,2.2345938072384097,2.144911101935965,2.1702596925425564,1.6154818929380412,2.0465875940924265,2.1803612014043323,2.1677555018615364,2.0090577780395087,2.2221025680084976,2.2837129875368753,0,2.2109007746954186,2.073305165775305,2.2066046241737447,1.9617004226407622
Swedish,2.1339740710670623,2.305642521747992,2.0773855905789045,2.339316740191284,2.161176668120063,2.299267124902095,2.391000809036055,2.241966348940917,2.3443721750081816,2.069123164260104,2.052327509034553,2.0744340189771227,2.440712414801051,2.257437661141655,2.1109487666342517,2.39331617016458,2.4361233420743966,2.4115159665811152,1.9116271108897642,2.455370277997764,2.1109939975083707,2.3549128958069954,2.0596846232171386,2.219006213010837,2.428323237918581,2.068988090003024,1.783515595358102,2.34894786695675,2.1527604671280485,2.2178388427345705,2.224025956392502,2.2648176824588835,2.242530601261234,2.2357857903571072,2.072217445576417,2.339062758390176,2.397848268194561,2.2109007746954186,0,2.1914232913501706,2.2337874548932364,2.0188370664019333
Ukrainian,2.2847196446777898,2.1833255952489528,1.9959300873508752,2.2305064835510855,1.5551129504764916,1.821194400933388,2.310555319488359,1.6818394062789082,1.7969778220910144,2.3778989061360245,2.2106912298506685,2.2405113910273555,2.2793230349614273,2.208059899900316,2.275923243838121,2.202508637002784,2.352783363140508,2.3355780615537114,2.083799044522375,2.44343506967702,1.9587884815107548,2.1133580377131524,1.8404487682555752,1.6676651393394408,2.3627619517710565,2.029992568654278,2.404528406685327,2.223332342173582,2.047386712881719,1.6741412552624149,2.1278001992470412,2.1527416496344745,1.4925182983270837,1.573570022833682,2.0022963806372283,1.7544884013767539,1.9723033324303518,2.073305165775305,2.1914232913501706,0,2.1985199655079826,1.933383523388167
Urdu,2.4075097702028896,2.2468549148337025,2.0988846616150156,1.9575426385945496,2.1559641486682812,2.2419647925739477,2.4450390152616928,2.2280751377290136,2.3042468642792704,2.4825392584118307,2.2922793049361623,2.285078864993101,2.3857450298788145,2.333805428523816,2.3626001452914998,2.3229500341285614,2.0405380488321465,1.6875900889336595,2.269544782828566,2.4826051757446734,2.1502089443001533,2.333350559456925,2.099434287474819,2.1715767533023964,2.0982026058856333,1.7510976049478373,2.4701894063421226,2.1524070090852994,2.0555391939327112,2.207803903931815,2.25136948571642,2.300661407867715,2.2658714848916004,2.23539587906215,2.016781233820856,2.31774510771268,2.3854522862869243,2.2066046241737447,2.2337874548932364,2.1985199655079826,0,2.039000355647568
Welsh,2.1135542666714167,2.1324048605482884,1.8302557574659806,2.1318322422287883,1.9371795573139698,1.9599427166120706,2.1540939043361083,1.9418953831678976,2.0289567218362623,2.1024057936998757,2.019505304657632,1.9665759011299027,2.0778001076511585,2.0776504064645107,2.0563441927907977,2.003772352648966,2.2386813833775023,2.203371114028697,1.986326864165757,2.121801312549367,1.7638785487037236,2.107499376486946,1.9138709201054818,2.0024793319081104,2.20537431320733,1.873781530999319,2.2655220546074704,2.0880050429697112,1.9722700960060493,1.971680287339379,1.997280580903318,2.0012700330973296,2.0123062751069547,2.0217187432114656,1.93932731829235,2.026109760009192,2.1092196036539717,1.9617004226407622,2.0188370664019333,1.933383523388167,2.039000355647568,0
