,Afrikaans,Albanian,Armenian,Bengali,Bosnian,Bulgarian,Catalan,Croatian,Czech,Danish,Dutch,English,French,Galician,German,Greek,Gujarati,Hindi,Icelandic,Irish,Italian,Latvian,Lithuanian,Macedonian,Marathi,Nepali,Norwegian,Pashto,Persian,Polish,Portuguese,Romanian,Russian,Serbian,Sinhala,Slovak,Slovenian,Spanish,Swedish,Ukrainian,Urdu,Welsh
Afrikaans,0,2.896975050531123,2.5839005635037133,3.312687515546024,2.7278819995733286,3.216262094274392,3.427075411886996,3.1176945891971704,3.137055174631404,3.1248000837287906,2.39854424127261,2.9229493209725614,3.2071066531684735,3.063551910079247,2.968422371955818,3.282895526505363,3.389649251758442,3.3282529575858857,2.781612672809063,3.29387769205978,2.787068654506029,2.917710470828587,2.4346252722515573,3.020284929817596,3.3807423647870767,2.7422148100117227,3.0828411686149675,3.0781025668182034,2.756978746816074,2.921993115355035,3.0818245567038174,3.1168387106674347,2.954822685188968,3.007865050814684,2.6711034815887857,3.2222822863942184,3.224869153337965,3.1339565633816875,2.936519927766383,2.893438796598168,3.1586527301881424,2.636580703211358
Albanian,2.896975050531123,0,2.515137977781178,3.075408164437629,2.7124072887975097,3.075011850210704,3.240075345107612,2.982303411891593,3.063449558558067,3.028766368807926,2.952336943160612,3.1563327242219845,2.9711130767904192,2.7550751516114746,3.05626704019381,3.0816716668972206,3.1860244076327597,3.148739300725348,2.823419842678826,2.945430432291448,2.70805206711524,2.9577764628522116,2.448360573963567,2.9173774383160307,3.096696026648111,2.6092474534350933,3.1426643647030064,2.8258512230040234,2.6651274653239594,2.871487993727868,2.896313090055599,2.9636993220931322,2.894324223689408,2.944609894173797,2.3963847201211586,3.0762056792717583,3.084746242279625,2.9921026288723236,3.046733048511012,2.83580874968425,2.9309793994232045,2.6069053559966098
Armenian,2.5839005635037133,2.515137977781178,0,2.746263637216217,2.6546636783718185,2.7267587724808053,2.77910294214167,2.7119802239464486,2.7396325710359433,2.6938220416700815,2.7047397091106844,2.8084962228681016,2.6440594766999044,2.5250448346927072,2.76498452637389,2.7055371102350354,2.8415520884582275,2.801857055975225,2.547802021013847,2.6173057419011836,2.661748485880777,2.7869791779286714,2.508557196898932,2.656518215660438,2.707851914305506,2.5554322804366905,2.6519686064871464,2.5425479133062945,2.5470351107791966,2.778736737585661,2.6715207011336095,2.703545820961696,2.6877979207288187,2.6760633665887203,2.416217985375206,2.7203769542906913,2.7889975918716057,2.70784360039748,2.6583210576674765,2.6474746524966317,2.661064000569173,2.5952438294586804
Bengali,3.312687515546024,3.075408164437629,2.746263637216217,0,2.9120252225970717,3.247675141480227,3.4157526320147764,3.2239613769835604,3.1761174830599885,3.4298121102284207,3.28347798689282,3.3431122871104044,3.2672830101912633,3.1615551122409054,3.3029833418363292,3.284147040302083,3.100502819364799,3.0079591078821335,3.128380422376855,3.3486525735076724,2.8466096570083295,3.1422129355033612,2.561451204595941,3.113651547300075,3.093012008377947,2.533934112271105,3.4376410149301817,3.218920120775838,2.9525323447997653,2.9794717217032805,3.169449590650767,3.1912313285555673,3.085362599900237,3.143699946182863,2.777146803402958,3.2686901628914518,3.3461988269975933,3.1645575918351443,3.2546201959207686,2.998788478552581,2.8947341774785604,2.7641612770730806
Bosnian,2.7278819995733286,2.7124072887975097,2.6546636783718185,2.9120252225970717,0,2.4639877607346166,2.989462152408447,2.04743111840764,2.5453647637630046,2.7936434841034603,2.859435754707468,2.9946991429834044,2.76056056520336,2.7052881496987613,2.9348892071968864,2.9165292910043514,3.0113330000308602,2.9847866218958448,2.717024543717754,2.84051284166583,2.6997641603436335,2.780055023609675,2.414749948416047,2.16052140720168,2.9344201263118084,2.6979930908578855,2.8383777000659074,2.7532814773207526,2.727842684932757,2.4469608338388698,2.816835971711731,2.8274281303627466,2.3063421546032985,1.7248590672963655,2.60865685651544,2.4121252613403192,2.449329041027494,2.8200428780023503,2.8665263028876833,2.28559751155928,2.818290784267746,2.730585389232348
Bulgarian,3.216262094274392,3.075011850210704,2.7267587724808053,3.247675141480227,2.4639877607346166,0,3.336245656797083,2.5784270862369905,2.8858581121046853,3.3281075817119152,3.2413255778601124,3.236865806244433,3.187759078195549,3.1066088424186082,3.304117840826165,3.2125489449222426,3.3633860076344706,3.31023350169647,3.0833651741644643,3.296515829139966,2.7497587923262587,3.03409796488901,2.4523248747312127,2.4593434227556834,3.3428170061061366,2.8629393497302074,3.351791599397528,3.1592917156847182,2.9609365727652124,2.681285529932571,3.1747864605655156,3.126780135370918,2.708434616548404,2.613293784804824,2.7946792077384606,2.8981072961819327,2.85183536428304,3.1030422439300263,3.1946387362911546,2.681970351157729,3.1161786035980072,2.6854776683542156
Catalan,3.427075411886996,3.240075345107612,2.77910294214167,3.4157526320147764,2.989462152408447,3.336245656797083,0,3.2879325196570504,3.305442474739399,3.576015283023552,3.344640291762921,3.341124665278005,3.1897343827559594,2.9413119737902322,3.3763509125506457,3.3920984183144824,3.525918650230283,3.4360299065768913,3.1898283246052506,3.5249042800511345,2.583514224626812,3.1807832858586704,2.568140438823393,3.2016507217747634,3.5172044813238865,2.9900203195563093,3.4932269225761106,3.4383117556079674,3.051826016597184,3.0769993630060255,2.8845370515737105,3.0934743781666567,3.1856063658767457,3.2504541945299494,2.9701734764766825,3.42333968865389,3.4511331183378835,2.811194568380034,3.339978216141733,3.1184752893428334,3.3156234631467223,2.82404857310905
Croatian,3.1176945891971704,2.982303411891593,2.7119802239464486,3.2239613769835604,2.04743111840764,2.5784270862369905,3.2879325196570504,0,2.7152646293067844,3.1732353052926228,3.1689439942545863,3.2182964317226967,3.093011305664738,3.0473828586220413,3.2317825688159663,3.2038738662427346,3.346266041501316,3.307681588361293,3.0219394201039003,3.204674609637165,2.779195058563249,3.0702354035725286,2.443079651853718,2.4510750217029855,3.2613930045267283,2.7990156999457745,3.277623432441601,3.044609955098863,2.907616451780005,2.6397261487730734,3.1384457168159057,3.0591890015919123,2.6448742117608437,2.100314932394997,2.747782457838856,2.667439465838307,2.587870835440285,3.077981605806706,3.137237620540034,2.508388929848505,3.0993905342038683,2.7133074282854714
Czech,3.137055174631404,3.063449558558067,2.7396325710359433,3.1761174830599885,2.5453647637630046,2.8858581121046853,3.305442474739399,2.7152646293067844,0,3.1771453007219543,3.1641054343204087,3.180621558659369,3.143120422857205,3.0903202078757586,3.3195059142017134,3.2309955510679114,3.363201163688359,3.315321647520141,3.0489071971339547,3.2243076778092736,2.872319767176809,3.0067150298504384,2.552005849182722,2.788479854904521,3.2939543142055188,2.8161359857434323,3.260945375415665,3.0700581203619044,2.947109147614374,2.6593940664514037,3.139665461666542,3.099319048435824,2.7474150324194353,2.682026377067651,2.7598780618340277,2.519208725022624,2.826472509861072,3.051878982685301,3.156168727401038,2.625109032119824,3.0792598584704858,2.74751306202238
Danish,3.1248000837287906,3.028766368807926,2.6938220416700815,3.4298121102284207,2.7936434841034603,3.3281075817119152,3.576015283023552,3.1732353052926228,3.1771453007219543,0,3.023348906995527,3.097770596597532,3.309111626293905,3.204622812294851,3.102268032460602,3.3689998735743747,3.4869010636926827,3.3747006970074853,2.802654695917635,3.413205830456662,2.7598152751213685,3.103601612080756,2.5555925250587688,3.1202267526584584,3.4811726803813507,2.7470756833436365,3.0791994932275464,3.2565236773057933,2.8802799220687634,2.954249561072524,3.211581092251326,3.1923703757257074,3.0629511818205684,3.1358628815901515,2.717373468353476,3.3192589109621387,3.3470342950456202,3.1704191220821065,2.91021457580685,2.970434519615695,3.19393784729584,2.6344912295222676
Dutch,2.39854424127261,2.952336943160612,2.7047397091106844,3.28347798689282,2.859435754707468,3.2413255778601124,3.344640291762921,3.1689439942545863,3.1641054343204087,3.023348906995527,0,2.93171434508732,3.1916444728595965,3.097278972410685,2.8138264702874554,3.2116028970209665,3.3496429228698763,3.316268821919947,2.8804264614326947,3.226041160216285,2.8442327188780503,3.042419453990066,2.529071996841234,3.067734209265693,3.328974766318332,2.8378766170647953,3.0163310520220685,3.140670725396119,2.8770830067409596,3.001033008003365,3.074367388941233,3.173127335659801,3.052856614052362,3.085350649831965,2.7841707572289085,3.223286022466133,3.1798737428350026,3.0963966970481493,2.92218786578834,2.995183018593475,3.140724588560032,2.7379248792566218
English,2.9229493209725614,3.1563327242219845,2.8084962228681016,3.3431122871104044,2.9946991429834044,3.236865806244433,3.341124665278005,3.2182964317226967,3.180621558659369,3.097770596597532,2.93171434508732,0,3.1818906763267236,3.1444545472644627,3.0679373713062366,3.3381845937757815,3.374763326267007,3.3328658543159517,2.9961673872226258,3.190181728675091,2.8675364860564048,3.1607990489248543,2.5948918824884384,3.158831929519881,3.3122725886382915,2.9223668422077975,3.12721107012662,3.2157597722415514,2.984216834897939,3.039639738408661,3.1031613367555004,3.2268253433622194,3.1193973223015763,3.156520784099405,2.901602166971852,3.266375771393917,3.3412864342515554,3.2071224395354374,3.1327667384369637,3.0980677699801897,3.2358627843619714,2.7432227057375855
French,3.2071066531684735,2.9711130767904192,2.6440594766999044,3.2672830101912633,2.76056056520336,3.187759078195549,3.1897343827559594,3.093011305664738,3.143120422857205,3.309111626293905,3.1916444728595965,3.1818906763267236,0,3.0098978367782783,3.2773597979111,3.244457845493001,3.3680491196692435,3.3284882266592306,3.0139077401639147,3.3231650119876393,2.587597843057631,3.0047235401350063,2.479210672808373,3.019414946080802,3.3205327858464937,2.7213119903589638,3.363565947837927,3.116882457753564,2.8605068160096154,2.914024377409522,3.0095237910095727,2.9746755014870208,2.994385915957047,3.0452705441087193,2.6740251200449245,3.2975424706078336,3.1657658280469136,2.98398021475317,3.193209278554707,2.892399637171017,3.1026685082438292,2.588350509417294
Galician,3.063551910079247,2.7550751516114746,2.5250448346927072,3.1615551122409054,2.7052881496987613,3.1066088424186082,2.9413119737902322,3.0473828586220413,3.0903202078757586,3.204622812294851,3.097278972410685,3.1444545472644627,3.0098978367782783,0,3.1990681590263623,3.12999745131205,3.306216746223133,3.2196530293817025,2.82372226618762,3.155242029793556,2.4399971924613273,2.9349318322040485,2.423820316549654,2.9572368654604215,3.2729623771890295,2.6572529480101834,3.2957113174456794,3.029212326084544,2.740206791934656,2.90191385359606,2.525845777970959,2.8907804477941634,2.9290325489307723,2.983850582816506,2.5269493666809617,3.1950049227787667,3.191233585127312,2.3678204613468994,3.0674757025549497,2.861192084172839,3.0450555393829535,2.571002403310328
German,2.968422371955818,3.05626704019381,2.76498452637389,3.3029833418363292,2.9348892071968864,3.304117840826165,3.3763509125506457,3.2317825688159663,3.3195059142017134,3.102268032460602,2.8138264702874554,3.0679373713062366,3.2773597979111,3.1990681590263623,0,3.2828592077517427,3.3910534190573722,3.352557660495198,2.9891886187160206,3.271530071917781,2.887138790981574,3.0946066841158397,2.5578125832780967,3.170583564489542,3.3700206874010274,2.8743426187795866,3.170915835478323,3.211162856679976,2.947250623670957,3.0612292636004494,3.2125852946077567,3.1835986386256705,3.1467088676698594,3.166858166107001,2.848983181717817,3.3118135379954445,3.242881619692432,3.1633319219168747,3.0285191879760265,3.092134282388516,3.2018275114720947,2.7838602352707773
Greek,3.282895526505363,3.0816716668972206,2.7055371102350354,3.284147040302083,2.9165292910043514,3.2125489449222426,3.3920984183144824,3.2038738662427346,3.2309955510679114,3.3689998735743747,3.2116028970209665,3.3381845937757815,3.244457845493001,3.12999745131205,3.2828592077517427,0,3.374423726482771,3.2756305787593427,3.0979737720065654,3.2828540108989235,2.859208735425871,3.0720815700062123,2.516318332984648,3.14263977945445,3.3158598315474976,2.81369951680149,3.3931029133547113,3.1580673945988877,2.9318323024533908,3.023390842094477,3.125818699742332,3.1670722573467924,3.122044939628292,3.156596270814369,2.790999088049052,3.340136710977164,3.2999308176533,3.054388471959035,3.2696156662883693,3.0397988091193477,3.1393108887572008,2.720953539428239
Gujarati,3.389649251758442,3.1860244076327597,2.8415520884582275,3.100502819364799,3.0113330000308602,3.3633860076344706,3.525918650230283,3.346266041501316,3.363201163688359,3.4869010636926827,3.3496429228698763,3.374763326267007,3.3680491196692435,3.306216746223133,3.3910534190573722,3.374423726482771,0,2.738693191559319,3.2469823300411598,3.461190636851749,2.950491975592099,3.2187416464050065,2.6078877963910325,3.245602164235909,2.6965445851084566,2.7131680797255306,3.5137376844819452,3.2736605416388502,3.0547317397488483,3.0778170595096115,3.304671165598058,3.3158863457416814,3.2129379735490007,3.272180412307112,2.907150465644386,3.420307630454669,3.4548692894402584,3.307164692694109,3.39425388211505,3.1486850070207644,2.981177690452192,2.869957733194262
Hindi,3.3282529575858857,3.148739300725348,2.801857055975225,3.0079591078821335,2.9847866218958448,3.31023350169647,3.4360299065768913,3.307681588361293,3.315321647520141,3.3747006970074853,3.316268821919947,3.3328658543159517,3.3284882266592306,3.2196530293817025,3.352557660495198,3.2756305787593427,2.738693191559319,0,3.1498995969720287,3.3862372452265306,2.8953589929490566,3.2168417505188063,2.599731216070052,3.171000322471151,2.830261103824731,2.6218242544685477,3.4342821465887954,3.2056639864018432,3.0150056581070928,3.0932212906238714,3.2843295242253436,3.1687779628889583,3.1667837798017437,3.253639399994031,2.8585762453435524,3.3633192763550026,3.3814797968318264,3.2157670197078647,3.2876138951707516,3.126193734067384,2.5626312778547815,2.8075317331299092
Icelandic,2.781612672809063,2.823419842678826,2.547802021013847,3.128380422376855,2.717024543717754,3.0833651741644643,3.1898283246052506,3.0219394201039003,3.0489071971339547,2.802654695917635,2.8804264614326947,2.9961673872226258,3.0139077401639147,2.82372226618762,2.9891886187160206,3.0979737720065654,3.2469823300411598,3.1498995969720287,0,3.065271017376902,2.7676447607042283,2.926794378907805,2.4174382391054103,2.9376643858977034,3.159166463568349,2.7471701477520947,2.7997687746941713,2.9537130014812125,2.700912142648736,2.9107979024805477,2.999091697501201,3.00192485157559,2.9017900360522866,2.932644031779003,2.5849010745138794,3.0917429420048514,3.077725910432445,2.998268094336489,2.71285794639816,2.8320977050191294,2.98170350195808,2.6459668201614464
Irish,3.29387769205978,2.945430432291448,2.6173057419011836,3.3486525735076724,2.84051284166583,3.296515829139966,3.5249042800511345,3.204674609637165,3.2243076778092736,3.413205830456662,3.226041160216285,3.190181728675091,3.3231650119876393,3.155242029793556,3.271530071917781,3.2828540108989235,3.461190636851749,3.3862372452265306,3.065271017376902,0,2.801861150369969,3.027038016877078,2.4755807825135254,3.099610654857635,3.4217577999494195,2.741320930983832,3.5472637039687007,3.1758247525526517,2.8279351775731487,2.9497526174702378,3.1042924837788513,3.1930087379271574,3.0847436372449635,3.1567167202937276,2.6423567568390793,3.3408236186649636,3.3224223595732005,3.105823002232077,3.2302255790201717,3.0037303922794836,3.18386667182909,2.549955661639086
Italian,2.787068654506029,2.70805206711524,2.661748485880777,2.8466096570083295,2.6997641603436335,2.7497587923262587,2.583514224626812,2.779195058563249,2.872319767176809,2.7598152751213685,2.8442327188780503,2.8675364860564048,2.587597843057631,2.4399971924613273,2.887138790981574,2.859208735425871,2.950491975592099,2.8953589929490566,2.7676447607042283,2.801861150369969,0,2.910174184625507,2.5578549698039152,2.7349432596445817,2.8630830347145455,2.5964145583038944,2.8173229319274316,2.7380148877514174,2.784724222816753,2.82866861406462,2.5778523645036686,2.5166212125558793,2.7839510343142755,2.7670214962257695,2.5866247940425366,2.8504994304172913,2.88141413082388,2.473659648665256,2.823473478500862,2.7110729673370795,2.75986442161354,2.5542548346157234
Latvian,2.917710470828587,2.9577764628522116,2.7869791779286714,3.1422129355033612,2.780055023609675,3.03409796488901,3.1807832858586704,3.0702354035725286,3.0067150298504384,3.103601612080756,3.042419453990066,3.1607990489248543,3.0047235401350063,2.9349318322040485,3.0946066841158397,3.0720815700062123,3.2187416464050065,3.2168417505188063,2.926794378907805,3.027038016877078,2.910174184625507,0,2.240113954815623,2.930390517051976,3.156058976264864,2.917294835399766,3.0645693636413402,2.9933423547896196,2.884455845350143,2.8710299054161075,3.020668868426185,3.055931292258057,2.8589139170435542,2.9006136348187437,2.7991572714000936,2.9883186442628085,3.0253585656769686,3.1038326042069473,3.1076068353052237,2.8962468267571277,3.0741690239331505,2.895221153205129
Lithuanian,2.4346252722515573,2.448360573963567,2.508557196898932,2.561451204595941,2.414749948416047,2.4523248747312127,2.568140438823393,2.443079651853718,2.552005849182722,2.5555925250587688,2.529071996841234,2.5948918824884384,2.479210672808373,2.423820316549654,2.5578125832780967,2.516318332984648,2.6078877963910325,2.599731216070052,2.4174382391054103,2.4755807825135254,2.5578549698039152,2.240113954815623,0,2.4256097349432135,2.5608990120696458,2.472428181485368,2.4661410644495794,2.462166954368119,2.495251594721252,2.553518815990371,2.505425609178422,2.5407637709726743,2.4403429578963967,2.36032429555921,2.4251356734661274,2.4900052879465067,2.4766591507352134,2.516690572011512,2.520418308943837,2.3993207781646864,2.496569401590608,2.5886710232927785
Macedonian,3.020284929817596,2.9173774383160307,2.656518215660438,3.113651547300075,2.16052140720168,2.4593434227556834,3.2016507217747634,2.4510750217029855,2.788479854904521,3.1202267526584584,3.067734209265693,3.158831929519881,3.019414946080802,2.9572368654604215,3.170583564489542,3.14263977945445,3.245602164235909,3.171000322471151,2.9376643858977034,3.099610654857635,2.7349432596445817,2.930390517051976,2.4256097349432135,0,3.2038057132584816,2.756066525480188,3.1751533274893426,2.9966589243634214,2.8543203774875665,2.6160928692150183,3.0141519510609616,3.012910795027173,2.5090947569627646,2.1565311430708207,2.69184061813245,2.7086006261567794,2.7475118298151604,2.976247204523395,3.053952915182191,2.4477741903735386,3.0011599165648213,2.680326891865834
Marathi,3.3807423647870767,3.096696026648111,2.707851914305506,3.093012008377947,2.9344201263118084,3.3428170061061366,3.5172044813238865,3.2613930045267283,3.2939543142055188,3.4811726803813507,3.328974766318332,3.3122725886382915,3.3205327858464937,3.2729623771890295,3.3700206874010274,3.3158598315474976,2.6965445851084566,2.830261103824731,3.159166463568349,3.4217577999494195,2.8630830347145455,3.156058976264864,2.5608990120696458,3.2038057132584816,0,2.66354464486033,3.544765720394925,3.2444764322735073,2.956366860610184,3.031881648013231,3.2530977445817832,3.2627199655940076,3.145481498622481,3.2271424869154166,2.799995890685223,3.391941449574472,3.4318729302840576,3.2408730763912663,3.367483006307229,3.086898818386589,2.994186120219952,2.7439403181618878
Nepali,2.7422148100117227,2.6092474534350933,2.5554322804366905,2.533934112271105,2.6979930908578855,2.8629393497302074,2.9900203195563093,2.7990156999457745,2.8161359857434323,2.7470756833436365,2.8378766170647953,2.9223668422077975,2.7213119903589638,2.6572529480101834,2.8743426187795866,2.81369951680149,2.7131680797255306,2.6218242544685477,2.7471701477520947,2.741320930983832,2.5964145583038944,2.917294835399766,2.472428181485368,2.756066525480188,2.66354464486033,0,2.848422919073649,2.6255744112830195,2.6537170763480993,2.7602479107336784,2.76916252703504,2.782385562114923,2.7870166294860823,2.794872242194237,2.3772787361643295,2.827619304963724,2.8916682713122364,2.778975036490056,2.8539230432064686,2.732385835660827,2.4677570246645777,2.543413449070702
Norwegian,3.0828411686149675,3.1426643647030064,2.6519686064871464,3.4376410149301817,2.8383777000659074,3.351791599397528,3.4932269225761106,3.277623432441601,3.260945375415665,3.0791994932275464,3.0163310520220685,3.12721107012662,3.363565947837927,3.2957113174456794,3.170915835478323,3.3931029133547113,3.5137376844819452,3.4342821465887954,2.7997687746941713,3.5472637039687007,2.8173229319274316,3.0645693636413402,2.4661410644495794,3.1751533274893426,3.544765720394925,2.848422919073649,0,3.3706338821146846,2.930184803824907,2.944884670239574,3.216061574401363,3.245431517554962,3.101527816647135,3.1684513912082752,2.834968507384319,3.366853774033984,3.400249380993646,3.186480030876847,2.6044574134887153,3.0534545592286646,3.240041870043974,2.7224833995619506
Pashto,3.0781025668182034,2.8258512230040234,2.5425479133062945,3.218920120775838,2.7532814773207526,3.1592917156847182,3.4383117556079674,3.044609955098863,3.0700581203619044,3.2565236773057933,3.140670725396119,3.2157597722415514,3.116882457753564,3.029212326084544,3.211162856679976,3.1580673945988877,3.2736605416388502,3.2056639864018432,2.9537130014812125,3.1758247525526517,2.7380148877514174,2.9933423547896196,2.462166954368119,2.9966589243634214,3.2444764322735073,2.6255744112830195,3.3706338821146846,0,2.609742807499367,2.9003922570493237,3.086544509614771,3.0402262006597174,2.9424434484055007,3.0273365193073865,2.5286890370259307,3.181587005335164,3.170693242690919,3.081311058557147,3.1276831240409533,2.877542916070512,2.975841821503158,2.5942402025004667
Persian,2.756978746816074,2.6651274653239594,2.5470351107791966,2.9525323447997653,2.727842684932757,2.9609365727652124,3.051826016597184,2.907616451780005,2.947109147614374,2.8802799220687634,2.8770830067409596,2.984216834897939,2.8605068160096154,2.740206791934656,2.947250623670957,2.9318323024533908,3.0547317397488483,3.0150056581070928,2.700912142648736,2.8279351775731487,2.784724222816753,2.884455845350143,2.495251594721252,2.8543203774875665,2.956366860610184,2.6537170763480993,2.930184803824907,2.609742807499367,0,2.900953271369669,2.856434685539219,2.878809768316573,2.8131117878394045,2.8578351336291363,2.574359669837004,2.922009832746321,2.9398453535060978,2.889692737340234,2.868365853941336,2.752598956696505,2.759253028733917,2.6742132603213036
Polish,2.921993115355035,2.871487993727868,2.778736737585661,2.9794717217032805,2.4469608338388698,2.681285529932571,3.0769993630060255,2.6397261487730734,2.6593940664514037,2.954249561072524,3.001033008003365,3.039639738408661,2.914024377409522,2.90191385359606,3.0612292636004494,3.023390842094477,3.0778170595096115,3.0932212906238714,2.9107979024805477,2.9497526174702378,2.82866861406462,2.8710299054161075,2.553518815990371,2.6160928692150183,3.031881648013231,2.7602479107336784,2.944884670239574,2.9003922570493237,2.900953271369669,0,2.908824359656081,2.939384626846643,2.5468277914109088,2.519484105365004,2.7475391014153563,2.4016569222380646,2.676634639914361,2.9184952183079034,2.94842752351303,2.472193036019481,2.933533520171864,2.7951226519886614
Portuguese,3.0818245567038174,2.896313090055599,2.6715207011336095,3.169449590650767,2.816835971711731,3.1747864605655156,2.8845370515737105,3.1384457168159057,3.139665461666542,3.211581092251326,3.074367388941233,3.1031613367555004,3.0095237910095727,2.525845777970959,3.2125852946077567,3.125818699742332,3.304671165598058,3.2843295242253436,2.999091697501201,3.1042924837788513,2.5778523645036686,3.020668868426185,2.505425609178422,3.0141519510609616,3.2530977445817832,2.76916252703504,3.216061574401363,3.086544509614771,2.856434685539219,2.908824359656081,0,2.9717634229534884,2.994949385939004,3.0598546313137414,2.7299533367724105,3.157370106904737,3.1533178098278407,2.4993517915666486,3.1275177901210975,2.9258615437401,3.05319116122288,2.696375713190385
Romanian,3.1168387106674347,2.9636993220931322,2.703545820961696,3.1912313285555673,2.8274281303627466,3.126780135370918,3.0934743781666567,3.0591890015919123,3.099319048435824,3.1923703757257074,3.173127335659801,3.2268253433622194,2.9746755014870208,2.8907804477941634,3.1835986386256705,3.1670722573467924,3.3158863457416814,3.1687779628889583,3.00192485157559,3.1930087379271574,2.5166212125558793,3.055931292258057,2.5407637709726743,3.012910795027173,3.2627199655940076,2.782385562114923,3.245431517554962,3.0402262006597174,2.878809768316573,2.939384626846643,2.9717634229534884,0,2.99447016821214,3.0370905741254997,2.7425230096026363,3.176202220929613,3.1747034577060846,2.97138890917974,3.165664960741266,2.9522443416241906,3.0883853664709733,2.7029146766643892
Russian,2.954822685188968,2.894324223689408,2.6877979207288187,3.085362599900237,2.3063421546032985,2.708434616548404,3.1856063658767457,2.6448742117608437,2.7474150324194353,3.0629511818205684,3.052856614052362,3.1193973223015763,2.994385915957047,2.9290325489307723,3.1467088676698594,3.122044939628292,3.2129379735490007,3.1667837798017437,2.9017900360522866,3.0847436372449635,2.7839510343142755,2.8589139170435542,2.4403429578963967,2.5090947569627646,3.145481498622481,2.7870166294860823,3.101527816647135,2.9424434484055007,2.8131117878394045,2.5468277914109088,2.994949385939004,2.99447016821214,0,2.4435444903402637,2.666519879597304,2.6348199275047843,2.7795786114024423,3.027788447850317,3.037040736881322,2.2751905798628758,3.015962236621114,2.7550576229778865
Serbian,3.007865050814684,2.944609894173797,2.6760633665887203,3.143699946182863,1.7248590672963655,2.613293784804824,3.2504541945299494,2.100314932394997,2.682026377067651,3.1358628815901515,3.085350649831965,3.156520784099405,3.0452705441087193,2.983850582816506,3.166858166107001,3.156596270814369,3.272180412307112,3.253639399994031,2.932644031779003,3.1567167202937276,2.7670214962257695,2.9006136348187437,2.36032429555921,2.1565311430708207,3.2271424869154166,2.794872242194237,3.1684513912082752,3.0273365193073865,2.8578351336291363,2.519484105365004,3.0598546313137414,3.0370905741254997,2.4435444903402637,0,2.733006005911547,2.5874147468051047,2.58563923549072,3.0293144395193266,3.0730385281117805,2.361461253997887,3.062785481102427,2.7182527198127824
Sinhala,2.6711034815887857,2.3963847201211586,2.416217985375206,2.777146803402958,2.60865685651544,2.7946792077384606,2.9701734764766825,2.747782457838856,2.7598780618340277,2.717373468353476,2.7841707572289085,2.901602166971852,2.6740251200449245,2.5269493666809617,2.848983181717817,2.790999088049052,2.907150465644386,2.8585762453435524,2.5849010745138794,2.6423567568390793,2.5866247940425366,2.7991572714000936,2.4251356734661274,2.69184061813245,2.799995890685223,2.3772787361643295,2.834968507384319,2.5286890370259307,2.574359669837004,2.7475391014153563,2.7299533367724105,2.7425230096026363,2.666519879597304,2.733006005911547,0,2.7981460371898152,2.8411352590098073,2.695201028261271,2.7755915039193972,2.6389555263565176,2.671927529399839,2.4667224370662635
Slovak,3.2222822863942184,3.0762056792717583,2.7203769542906913,3.2686901628914518,2.4121252613403192,2.8981072961819327,3.42333968865389,2.667439465838307,2.519208725022624,3.3192589109621387,3.223286022466133,3.266375771393917,3.2975424706078336,3.1950049227787667,3.3118135379954445,3.340136710977164,3.420307630454669,3.3633192763550026,3.0917429420048514,3.3408236186649636,2.8504994304172913,2.9883186442628085,2.4900052879465067,2.7086006261567794,3.391941449574472,2.827619304963724,3.366853774033984,3.181587005335164,2.922009832746321,2.4016569222380646,3.157370106904737,3.176202220929613,2.6348199275047843,2.5874147468051047,2.7981460371898152,0,2.841236755610725,3.1567601744652505,3.236280358704124,2.5720542208641626,3.1528164893751343,2.744034509818892
Slovenian,3.224869153337965,3.084746242279625,2.7889975918716057,3.3461988269975933,2.449329041027494,2.85183536428304,3.4511331183378835,2.587870835440285,2.826472509861072,3.3470342950456202,3.1798737428350026,3.3412864342515554,3.1657658280469136,3.191233585127312,3.242881619692432,3.2999308176533,3.4548692894402584,3.3814797968318264,3.077725910432445,3.3224223595732005,2.88141413082388,3.0253585656769686,2.4766591507352134,2.7475118298151604,3.4318729302840576,2.8916682713122364,3.400249380993646,3.170693242690919,2.9398453535060978,2.676634639914361,3.1533178098278407,3.1747034577060846,2.7795786114024423,2.58563923549072,2.8411352590098073,2.841236755610725,0,3.167457851128527,3.2564880036186405,2.742667017335876,3.2183539901270435,2.771014644104457
Spanish,3.1339565633816875,2.9921026288723236,2.70784360039748,3.1645575918351443,2.8200428780023503,3.1030422439300263,2.811194568380034,3.077981605806706,3.051878982685301,3.1704191220821065,3.0963966970481493,3.2071224395354374,2.98398021475317,2.3678204613468994,3.1633319219168747,3.054388471959035,3.307164692694109,3.2157670197078647,2.998268094336489,3.105823002232077,2.473659648665256,3.1038326042069473,2.516690572011512,2.976247204523395,3.2408730763912663,2.778975036490056,3.186480030876847,3.081311058557147,2.889692737340234,2.9184952183079034,2.4993517915666486,2.97138890917974,3.027788447850317,3.0293144395193266,2.695201028261271,3.1567601744652505,3.167457851128527,0,3.133492085565465,2.9275025517359143,3.049863227906118,2.674660947289222
Swedish,2.936519927766383,3.046733048511012,2.6583210576674765,3.2546201959207686,2.8665263028876833,3.1946387362911546,3.339978216141733,3.137237620540034,3.156168727401038,2.91021457580685,2.92218786578834,3.1327667384369637,3.193209278554707,3.0674757025549497,3.0285191879760265,3.2696156662883693,3.39425388211505,3.2876138951707516,2.71285794639816,3.2302255790201717,2.823473478500862,3.1076068353052237,2.520418308943837,3.053952915182191,3.367483006307229,2.8539230432064686,2.6044574134887153,3.1276831240409533,2.868365853941336,2.94842752351303,3.1275177901210975,3.165664960741266,3.037040736881322,3.0730385281117805,2.7755915039193972,3.236280358704124,3.2564880036186405,3.133492085565465,0,2.998189027765768,3.124282636646846,2.7332410177106223
Ukrainian,2.893438796598168,2.83580874968425,2.6474746524966317,2.998788478552581,2.28559751155928,2.681970351157729,3.1184752893428334,2.508388929848505,2.625109032119824,2.970434519615695,2.995183018593475,3.0980677699801897,2.892399637171017,2.861192084172839,3.092134282388516,3.0397988091193477,3.1486850070207644,3.126193734067384,2.8320977050191294,3.0037303922794836,2.7110729673370795,2.8962468267571277,2.3993207781646864,2.4477741903735386,3.086898818386589,2.732385835660827,3.0534545592286646,2.877542916070512,2.752598956696505,2.472193036019481,2.9258615437401,2.9522443416241906,2.2751905798628758,2.361461253997887,2.6389555263565176,2.5720542208641626,2.742667017335876,2.9275025517359143,2.998189027765768,0,2.939564510439753,2.674167151402999
Urdu,3.1586527301881424,2.9309793994232045,2.661064000569173,2.8947341774785604,2.818290784267746,3.1161786035980072,3.3156234631467223,3.0993905342038683,3.0792598584704858,3.19393784729584,3.140724588560032,3.2358627843619714,3.1026685082438292,3.0450555393829535,3.2018275114720947,3.1393108887572008,2.981177690452192,2.5626312778547815,2.98170350195808,3.18386667182909,2.75986442161354,3.0741690239331505,2.496569401590608,3.0011599165648213,2.994186120219952,2.4677570246645777,3.240041870043974,2.975841821503158,2.759253028733917,2.933533520171864,3.05319116122288,3.0883853664709733,3.015962236621114,3.062785481102427,2.671927529399839,3.1528164893751343,3.2183539901270435,3.049863227906118,3.124282636646846,2.939564510439753,0,2.6600325228769837
Welsh,2.636580703211358,2.6069053559966098,2.5952438294586804,2.7641612770730806,2.730585389232348,2.6854776683542156,2.82404857310905,2.7133074282854714,2.74751306202238,2.6344912295222676,2.7379248792566218,2.7432227057375855,2.588350509417294,2.571002403310328,2.7838602352707773,2.720953539428239,2.869957733194262,2.8075317331299092,2.6459668201614464,2.549955661639086,2.5542548346157234,2.895221153205129,2.5886710232927785,2.680326891865834,2.7439403181618878,2.543413449070702,2.7224833995619506,2.5942402025004667,2.6742132603213036,2.7951226519886614,2.696375713190385,2.7029146766643892,2.7550576229778865,2.7182527198127824,2.4667224370662635,2.744034509818892,2.771014644104457,2.674660947289222,2.7332410177106223,2.674167151402999,2.6600325228769837,0
