,Afrikaans,Albanian,Armenian,Bengali,Bosnian,Bulgarian,Catalan,Croatian,Czech,Danish,Dutch,English,French,Galician,German,Greek,Gujarati,Hindi,Icelandic,Irish,Italian,Latvian,Lithuanian,Macedonian,Marathi,Nepali,Norwegian,Pashto,Persian,Polish,Portuguese,Romanian,Russian,Serbian,Sinhala,Slovak,Slovenian,Spanish,Swedish,Ukrainian,Urdu,Welsh
Afrikaans,0,56879.96242551754,83111.06496608871,67731.16299142755,81045.70258318467,72810.87655210696,75126.27365288151,79436.02437186612,86753.88639305058,63499.47380332055,59026.40601215031,80614.06121658203,67917.12296641213,56607.517837644045,67047.01778887377,85311.03325162744,75258.43985074454,86669.89546441875,58532.30094910793,60665.3696254561,91779.54337578618,84161.09070280721,93123.10536844467,70617.25811543666,69174.31322104583,70569.7254476824,58045.28670739834,60673.19947117326,71448.55586386268,101727.84239634682,75480.44286826414,78969.74103749567,74964.42237075127,70995.06807279917,62937.67734580466,76522.82074824169,83575.65859360491,83901.00245733003,64246.93219402974,75602.41902231285,70892.99876924063,92812.97814976031
Albanian,56879.96242551754,0,83318.36780319629,69001.60046029185,83633.28657591461,76907.55126152205,80182.61671931736,84895.16505831789,92748.26061965483,74295.42393855455,80560.53493810206,95944.33711725252,72605.98062343488,57751.38095966558,78624.92042488903,87282.73214275435,78733.21226084334,90316.24463848062,66188.0008900715,62564.4219245089,96040.9384735055,87654.10956042762,95613.48937833728,73076.44813692458,71969.3871307586,71325.17149974476,69656.58581278168,62192.0396131919,72043.99875473374,106713.43676334401,78286.47715299849,82774.23614205,76504.2611261077,74520.44485914645,59075.30099791,80352.41879785438,90173.36396964917,86690.84041393365,75918.7511918938,76605.95610141242,72943.47538244496,96011.09004596062
Armenian,83111.06496608871,83318.36780319629,0,93483.77557162949,106775.6201049079,102123.26822533374,102919.43427559933,104662.07450303898,113226.38434747349,100177.64328988008,105142.07209104444,114660.49188639954,97043.134461978,85415.9945606904,101276.797119947,109761.6452895818,101010.13333520156,112325.53901460746,90489.6669377694,88984.18115629624,118911.39043395217,108107.26967127828,114466.81766174232,96623.55637514839,96094.21627333947,95719.93536709761,93874.77495268194,86398.15324438032,94885.51527671148,126568.17097140635,101179.76946246045,106162.58752324298,101280.48195578562,96872.27070853415,89232.22361747491,103003.05695840709,112037.5490577721,111670.24890993645,97652.95109085654,100779.17732903367,96042.67806891692,116648.10857197667
Bengali,67731.16299142755,69001.60046029185,93483.77557162949,0,94553.42753460152,83030.28320945748,82931.05708676063,91143.92545335642,96693.32594627803,82733.365383174,85140.02433880686,94552.64136207868,79212.54017634114,69345.59552256428,84799.22654384446,90656.96254754423,72407.90088291916,82183.43626467166,76776.70018482725,70897.42431986185,101161.66236075452,97050.9141390498,104165.442498689,81847.68628493478,69540.20937608041,70737.79335128347,77020.84335214704,71466.59336874666,81732.95697299468,109309.9611981033,82094.23215921433,89831.1697941235,87500.10341864645,82731.92836402293,73494.74403283422,87056.21802513365,95767.79113323736,87938.67652216452,82250.89783366909,87143.7332513047,70065.21292353304,100920.38429413502
Bosnian,81045.70258318467,83633.28657591461,106775.6201049079,94553.42753460152,0,84212.87763204415,102704.07500369874,72903.04648321983,97496.64303553426,96702.74679802216,101894.60180284009,116746.28202016265,95151.90598205818,84350.38165640524,101626.37535201713,109987.22463196427,102826.79529163592,113750.80412153435,90119.57969943194,89624.46612575231,116464.40637361516,100274.61911759466,115430.64206699532,70925.1146376951,97644.03029364733,96869.02124437173,88435.85832690173,88225.67888505862,96756.0198325345,107739.79795385705,101487.94284856576,105988.00047234932,81035.03625209219,58260.33265127023,89196.02364755099,83050.7741541827,89731.27140747038,108274.35471300852,97229.77648074752,81075.270094613,96589.75493110582,120005.15567777447
Bulgarian,72810.87655210696,76907.55126152205,102123.26822533374,83030.28320945748,84212.87763204415,0,85450.02198163427,74641.23362613849,86814.56657459891,84760.68582709308,89820.37596706924,96362.6508035914,83136.89226082158,71035.23508642659,89573.47853286107,95039.27867149416,87471.75360819676,96902.12093826749,81557.49625607026,77803.61928807804,100358.91617196226,100018.63624862832,110374.66895878049,65998.54978839224,82015.36898980198,89975.09299450005,80597.9980755222,77998.88907525998,88894.1151852951,104107.0121703893,88906.45214579586,92090.48990033622,79283.556731728,71009.41009151764,80773.80128401861,78339.1967120664,84691.86567890992,92519.67998611905,86634.90279304855,80740.56006624205,83942.74813887088,102678.2066631826
Catalan,75126.27365288151,80182.61671931736,102919.43427559933,82931.05708676063,102704.07500369874,85450.02198163427,0,93581.55927572679,101502.02034956487,85173.81070807004,89929.94414739666,94624.29964046633,78518.95269479744,64498.56814972592,90174.26166842163,93359.94920647099,85657.6918433278,94403.82833606168,84022.50849222144,75974.17045364737,89099.13000898134,105302.77311588525,113895.30384420301,87644.58793964941,80872.50348691575,91116.05817628057,80043.79691483932,80567.91291209144,92559.48492253918,117234.05051387216,73382.84443063718,88322.02031154881,93838.82709091195,88925.28839325887,84264.13800935904,91534.11216003005,97889.75212707135,74496.68202940878,86059.77218194467,93016.79190322764,84714.69288648471,103634.72344867534
Croatian,79436.02437186612,84895.16505831789,104662.07450303898,91143.92545335642,72903.04648321983,74641.23362613849,93581.55927572679,0,87855.27599505712,90789.89821634974,96869.88813009892,105061.68391978463,90842.57317733894,81082.47062451259,96664.8313129835,103465.25840621725,95080.2449264618,104572.88273200514,88732.95778783699,85288.69457783793,109386.83452147745,107057.35807349671,115203.29872004887,73485.974425582,90104.7716700654,95716.13294697292,86561.28123882574,84230.3151959544,95117.9900352069,107311.35507726022,95967.73143242169,100347.46183072442,83871.80694656892,61753.158131538556,89245.99676853915,77450.16022487023,81677.99163980912,100866.42107166024,93627.32492058081,82288.18784818833,91153.63485952589,111917.02622955457
Czech,86753.88639305058,92748.26061965483,113226.38434747349,96693.32594627803,97496.64303553426,86814.56657459891,101502.02034956487,87855.27599505712,0,94818.74732661026,103377.01787153016,112420.85718915075,97330.61663298118,87766.08944006982,102612.47320293706,110249.74699237508,102965.47555472492,112060.16589454164,95247.28325675154,90761.03807961832,116169.62471395805,111639.90339263475,126690.98022534979,88645.71032902172,98095.2745638032,102025.73467322266,93300.67903358779,90730.12797851641,102539.6945534719,109170.0979227817,102610.63204707696,106215.4343313237,91649.78563190387,86109.9898915015,96931.5824364221,73551.31754146102,93359.63709645264,107979.45659148425,101328.73201303107,88842.50806122013,97955.19620425624,118170.77173809432
Danish,63499.47380332055,74295.42393855455,100177.64328988008,82733.365383174,96702.74679802216,84760.68582709308,85173.81070807004,90789.89821634974,94818.74732661026,0,80308.79486169643,92762.92797215871,80096.40692732492,70683.3750799668,79786.72733590312,95862.03591256299,87887.79227527972,98221.82099629808,69881.46205624111,71899.97664708334,102970.03343225516,100493.96270160549,114022.95436833578,84565.3025822264,82299.65827251451,86678.59491709404,63669.392252949874,75788.98877966218,88174.313613587,113593.22288730425,88083.33762395006,91895.01958100965,89342.75100296875,86112.34383704657,79518.73960726256,87056.83550428307,92202.36290490156,93393.85752491104,73809.42752661492,87934.26662355174,84734.67820763947,104162.71888362883
Dutch,59026.40601215031,80560.53493810206,105142.07209104444,85140.02433880686,101894.60180284009,89820.37596706924,89929.94414739666,96869.88813009892,103377.01787153016,80308.79486169643,0,95195.20585817062,87108.33684378689,79134.16185038493,77442.25019358679,99034.918345684,90738.18675916782,101244.13617308986,78684.19245983817,79098.35818778478,109302.06713873579,105329.73879912887,115906.03784196213,89921.11716805666,86483.6712459563,92209.02380571,74960.0790620148,82637.98232130786,93150.86706424477,116640.70815869835,89701.35723504395,99140.0506974366,96825.6788322069,90589.02343751938,86981.65552040437,93043.4563230744,99200.09607913591,95969.9353325751,83232.84154826512,95468.69651005772,88541.4494417057,110421.83812811923
English,80614.06121658203,95944.33711725252,114660.49188639954,94552.64136207868,116746.28202016265,96362.6508035914,94624.29964046633,105061.68391978463,112420.85718915075,92762.92797215871,95195.20585817062,0,93575.87800148201,88362.85141263889,94964.64636740673,108134.91857244972,96302.78749272994,107026.07132748014,93365.05937381534,86727.45244442995,114043.02915889819,117510.5739401691,127835.14698339147,99851.00580414725,92187.60999645869,102107.7156417298,87713.76600347474,92113.4073086411,104731.77352730438,129732.11033553803,99020.24346947337,104932.96955942173,105800.32072539434,100228.32596823464,99629.68101042435,104186.3716853551,109229.61812454088,105010.6450373173,95216.26125783444,105792.33927457573,95722.11940850613,113811.83844346617
French,67917.12296641213,72605.98062343488,97043.134461978,79212.54017634114,95151.90598205818,83136.89226082158,78518.95269479744,90842.57317733894,97330.61663298118,80096.40692732492,87108.33684378689,93575.87800148201,0,66839.8914246483,84417.04755413768,93274.10504069709,84617.9448464647,95764.20871606546,77486.47232100293,71995.97260710156,94583.81876244434,97111.54255543434,108124.0436468153,82878.22184186264,79029.89810737043,84410.72127804215,76201.13361473328,73711.0579233342,85483.81945802987,111597.65164042277,82128.5700018193,86539.27588744949,87820.67502531531,84069.52880858791,77688.82598717563,88073.92523684802,93780.24774057524,88022.01073444937,82862.64517364885,88282.2174594318,81945.04400795652,100714.2971512966
Galician,56607.517837644045,57751.38095966558,85415.9945606904,69345.59552256428,84350.38165640524,71035.23508642659,64498.56814972592,81082.47062451259,87766.08944006982,70683.3750799668,79134.16185038493,88362.85141263889,66839.8914246483,0,77656.31870063193,84456.26566061923,76073.2753976147,86863.56751739726,64587.94466585898,61451.21588172339,80987.57758786152,85739.4393686706,96638.79198257875,72392.23964411776,69976.25401171425,73567.2117573014,67896.69390145394,64023.257462349575,72611.99630583165,105226.09504225655,63295.439692799315,75596.4322019062,76450.76205033687,73616.21707858614,62486.69749404361,78486.54605446348,85367.63738070242,64962.057736431736,73175.72625651289,76855.28816795528,72519.11777214412,90962.79864752608
German,67047.01778887377,78624.92042488903,101276.797119947,84799.22654384446,101626.37535201713,89573.47853286107,90174.26166842163,96664.8313129835,102612.47320293706,79786.72733590312,77442.25019358679,94964.64636740673,84417.04755413768,77656.31870063193,0,97098.05398851598,89540.8340662425,100120.55212260979,79688.22845853458,77031.56715783117,105059.2504037806,102927.18471368945,112766.84624385247,89649.462020589,86184.46272262084,90006.39923309688,78119.34604114974,80281.896326499,90013.0871416849,115593.89694670156,90943.33967796773,95149.20486069404,95441.40312191965,89913.42243152422,86116.87214972057,91861.09906132196,99120.14668039285,97392.14311305751,82111.8583753116,95103.75956671579,87222.08785819919,107641.26832157328
Greek,85311.03325162744,87282.73214275435,109761.6452895818,90656.96254754423,109987.22463196427,95039.27867149416,93359.94920647099,103465.25840621725,110249.74699237508,95862.03591256299,99034.918345684,108134.91857244972,93274.10504069709,84456.26566061923,97098.05398851598,0,95195.50285558804,104296.18184851087,92667.284425459,85133.26280365385,113102.9462509771,108021.93132719201,120973.20275509903,95556.50178421677,91208.15284666208,98312.78146298607,90719.93360479682,88043.0186345236,100178.15506107679,123772.154950719,94466.83280714788,103390.78051014747,101900.99613845446,97176.12622508527,93316.95261836625,99538.39954610486,106916.58156676394,97572.64732200424,96448.93708202643,100923.14739878541,93078.60822703282,113469.27106847857
Gujarati,75258.43985074454,78733.21226084334,101010.13333520156,72407.90088291916,102826.79529163592,87471.75360819676,85657.6918433278,95080.2449264618,102965.47555472492,87887.79227527972,90738.18675916782,96302.78749272994,84617.9448464647,76073.2753976147,89540.8340662425,95195.50285558804,0,74629.3926236969,84716.85855967445,75587.08032472547,106387.62768669362,106447.05761014014,111835.16797559721,88130.50096736648,59595.99070661423,77879.33159356615,83198.46383099444,76791.14976752842,90584.85953074522,117685.9493436112,88045.41953129863,96419.05002057183,94971.86089660897,88450.9445938151,82293.6047826434,92520.70186021904,99897.22724542303,92847.03725338833,87954.10723536662,93288.14829201475,73530.55633632152,104481.46906005531
Hindi,86669.89546441875,90316.24463848062,112325.53901460746,82183.43626467166,113750.80412153435,96902.12093826749,94403.82833606168,104572.88273200514,112060.16589454164,98221.82099629808,101244.13617308986,107026.07132748014,95764.20871606546,86863.56751739726,100120.55212260979,104296.18184851087,74629.3926236969,0,95075.7242751805,87152.70722750417,115452.06097005209,118294.29430234189,124310.85564378634,98258.35059190022,76326.94574337295,89330.6293619022,93210.26627650588,87582.63644037239,101401.64363713744,126429.08536367063,98016.5503588223,103252.11367494779,106065.75487815923,99669.21794986968,93050.14948605708,102376.35090626297,109133.67329709548,101734.04721111976,96674.49300501434,104527.77584692305,72689.61076359951,116152.40354938689
Icelandic,58532.30094910793,66188.0008900715,90489.6669377694,76776.70018482725,90119.57969943194,81557.49625607026,84022.50849222144,88732.95778783699,95247.28325675154,69881.46205624111,78684.19245983817,93365.05937381534,77486.47232100293,64587.94466585898,79688.22845853458,92667.284425459,84716.85855967445,95075.7242751805,0,70988.68776126616,100390.99691519386,93038.55370927321,100645.58165612974,79068.56473267329,79368.12921550019,81254.93536366119,65423.950234020835,71455.75352944362,79752.01877806403,110222.93255973801,84468.35840384387,87628.75569263671,83153.27271343606,80149.91369996828,70424.81590888677,86037.24864831989,93968.17216570798,91847.61080682842,70187.54232125416,83809.1192583639,79912.37013019332,102015.92391018769
Irish,60665.3696254561,62564.4219245089,88984.18115629624,70897.42431986185,89624.46612575231,77803.61928807804,75974.17045364737,85288.69457783793,90761.03807961832,71899.97664708334,79098.35818778478,86727.45244442995,71995.97260710156,61451.21588172339,77031.56715783117,85133.26280365385,75587.08032472547,87152.70722750417,70988.68776126616,0,94545.37373641535,91891.67472366653,100295.83772278023,76735.96523863633,69573.51795629002,74944.95254427013,68497.6408878617,64668.023336034625,77755.04878162009,106365.98970250603,75547.05561501207,83096.716181523,81988.00791580875,78112.56248263335,68345.7136603467,80181.88804144089,87285.06147032816,82676.74467389155,74954.14016226068,81861.30518631793,73957.44335293144,91053.56234725965
Italian,91779.54337578618,96040.9384735055,118911.39043395217,101161.66236075452,116464.40637361516,100358.91617196226,89099.13000898134,109386.83452147745,116169.62471395805,102970.03343225516,109302.06713873579,114043.02915889819,94583.81876244434,80987.57758786152,105059.2504037806,113102.9462509771,106387.62768669362,115452.06097005209,100390.99691519386,94545.37373641535,0,119973.46396228229,128862.39144400522,103175.20518696532,101336.04401182872,107195.93401294068,99638.59916949099,96867.4096584281,106511.67022750551,131731.61741762664,95092.442092302,99944.93140111178,108283.01266383263,104405.03041708705,100507.79446940096,107646.05604551424,114994.49387256528,97422.86455199427,104228.2964763997,108828.16214430146,102630.93423437729,116879.77519674326
Latvian,84161.09070280721,87654.10956042762,108107.26967127828,97050.9141390498,100274.61911759466,100018.63624862832,105302.77311588525,107057.35807349671,111639.90339263475,100493.96270160549,105329.73879912887,117510.5739401691,97111.54255543434,85739.4393686706,102927.18471368945,108021.93132719201,106447.05761014014,118294.29430234189,93038.55370927321,91891.67472366653,119973.46396228229,0,109698.04473444827,95586.40430364996,101200.90563899187,101963.03063845588,93389.98622577905,90849.054256564,99530.70821023604,120802.1648545488,104418.41305233439,108482.33749591204,96168.73826678796,95677.4361871743,93576.38840396918,100107.66142564527,106615.62295777278,114541.6359749559,101187.74482666522,99398.70015205839,100554.15005996374,124388.81124348362
Lithuanian,93123.10536844467,95613.48937833728,114466.81766174232,104165.442498689,115430.64206699532,110374.66895878049,113895.30384420301,115203.29872004887,126690.98022534979,114022.95436833578,115906.03784196213,127835.14698339147,108124.0436468153,96638.79198257875,112766.84624385247,120973.20275509903,111835.16797559721,124310.85564378634,100645.58165612974,100295.83772278023,128862.39144400522,109698.04473444827,0,105239.07195982941,107890.14946681281,106657.24042109787,104666.53668727103,99332.02110449523,108344.98546222846,134500.31318754543,113664.23338787397,117870.22010345059,109122.02467217094,105451.9721327533,99301.26610528826,113054.45495795803,122424.89741694898,121872.10614089879,108081.86411868945,110143.11872909043,107332.2222480045,130259.64408956731
Macedonian,70617.25811543666,73076.44813692458,96623.55637514839,81847.68628493478,70925.1146376951,65998.54978839224,87644.58793964941,73485.974425582,88645.71032902172,84565.3025822264,89921.11716805666,99851.00580414725,82878.22184186264,72392.23964411776,89649.462020589,95556.50178421677,88130.50096736648,98258.35059190022,79068.56473267329,76735.96523863633,103175.20518696532,95586.40430364996,105239.07195982941,0,83208.74821652827,86032.01740397418,78890.04270137231,76163.67753778274,86801.02736682833,103090.15372456996,87942.91511422122,93290.87318875933,74592.63218415075,59029.44219319074,77302.16250005239,76486.17854029221,84039.31056425638,94063.93228205755,85608.1340406402,74540.44432023908,83399.52801274823,105633.29526987468
Marathi,69174.31322104583,71969.3871307586,96094.21627333947,69540.20937608041,97644.03029364733,82015.36898980198,80872.50348691575,90104.7716700654,98095.2745638032,82299.65827251451,86483.6712459563,92187.60999645869,79029.89810737043,69976.25401171425,86184.46272262084,91208.15284666208,59595.99070661423,76326.94574337295,79368.12921550019,69573.51795629002,101336.04401182872,101200.90563899187,107890.14946681281,83208.74821652827,0,75573.80466005315,77674.80183900712,72450.2989570681,85973.82879560204,113394.59181511268,82942.29392791374,90835.77210318582,88724.0945833279,83564.60599215892,75810.30093450069,87658.15485125675,94323.63576815146,87608.00783283554,83186.51047851125,88227.47696319809,72086.36895098082,99335.09140518792
Nepali,70569.7254476824,71325.17149974476,95719.93536709761,70737.79335128347,96869.02124437173,89975.09299450005,91116.05817628057,95716.13294697292,102025.73467322266,86678.59491709404,92209.02380571,102107.7156417298,84410.72127804215,73567.2117573014,90006.39923309688,98312.78146298607,77879.33159356615,89330.6293619022,81254.93536366119,74944.95254427013,107195.93401294068,101963.03063845588,106657.24042109787,86032.01740397418,75573.80466005315,0,81582.77414605847,73677.91013538718,85455.47800419596,116755.50972947819,89395.34406466261,96051.9027956184,92299.80110489296,86588.02137779251,75459.6681454999,91775.36018029354,100030.80911456724,97688.02018190073,86587.61887823023,90865.96119080976,75111.95991234772,105751.47528128179
Norwegian,58045.28670739834,69656.58581278168,93874.77495268194,77020.84335214704,88435.85832690173,80597.9980755222,80043.79691483932,86561.28123882574,93300.67903358779,63669.392252949874,74960.0790620148,87713.76600347474,76201.13361473328,67896.69390145394,78119.34604114974,90719.93360479682,83198.46383099444,93210.26627650588,65423.950234020835,68497.6408878617,99638.59916949099,93389.98622577905,104666.53668727103,78890.04270137231,77674.80183900712,81582.77414605847,0,72064.14991695488,82013.17100706509,107653.12894659092,81660.64455417916,88326.33375957987,85039.80899127758,78894.2978407186,74800.77661006071,82897.0851324856,87942.34415522264,86894.46433737829,62363.21442706563,83811.40869743728,78960.7682772059,101246.2426318491
Pashto,60673.19947117326,62192.0396131919,86398.15324438032,71466.59336874666,88225.67888505862,77998.88907525998,80567.91291209144,84230.3151959544,90730.12797851641,75788.98877966218,82637.98232130786,92113.4073086411,73711.0579233342,64023.257462349575,80281.896326499,88043.0186345236,76791.14976752842,87582.63644037239,71455.75352944362,64668.023336034625,96867.4096584281,90849.054256564,99332.02110449523,76163.67753778274,72450.2989570681,73677.91013538718,72064.14991695488,0,70519.62519393268,107146.84738703705,80081.2518190463,83967.84625989497,80365.09135974526,77542.71688768496,66979.07710667171,81687.5530757561,88190.49450852779,88907.04553393998,77653.1420637276,80862.7293996082,71067.62978115243,95995.24925279213
Persian,71448.55586386268,72043.99875473374,94885.51527671148,81732.95697299468,96756.0198325345,88894.1151852951,92559.48492253918,95117.9900352069,102539.6945534719,88174.313613587,93150.86706424477,104731.77352730438,85483.81945802987,72611.99630583165,90013.0871416849,100178.15506107679,90584.85953074522,101401.64363713744,79752.01877806403,77755.04878162009,106511.67022750551,99530.70821023604,108344.98546222846,86801.02736682833,85973.82879560204,85455.47800419596,82013.17100706509,70519.62519393268,0,116568.55228217256,92150.31948666555,94936.14011368727,90476.1473590781,86949.56265665527,77807.16879996566,92303.40071932375,100977.8234681431,99622.86435230827,88305.45110513481,91097.5993008861,82428.14110433172,107602.99213230834
Polish,101727.84239634682,106713.43676334401,126568.17097140635,109309.9611981033,107739.79795385705,104107.0121703893,117234.05051387216,107311.35507726022,109170.0979227817,113593.22288730425,116640.70815869835,129732.11033553803,111597.65164042277,105226.09504225655,115593.89694670156,123772.154950719,117685.9493436112,126429.08536367063,110222.93255973801,106365.98970250603,131731.61741762664,120802.1648545488,134500.31318754543,103090.15372456996,113394.59181511268,116755.50972947819,107653.12894659092,107146.84738703705,116568.55228217256,0,113993.26207295089,121477.96951890364,104064.79210829531,99487.64094088488,113852.07910853803,92846.97027769973,110675.98660080139,123829.96983021722,114787.04928607395,101046.13531265716,113471.34999123728,135401.70163576616
Portuguese,75480.44286826414,78286.47715299849,101179.76946246045,82094.23215921433,101487.94284856576,88906.45214579586,73382.84443063718,95967.73143242169,102610.63204707696,88083.33762395006,89701.35723504395,99020.24346947337,82128.5700018193,63295.439692799315,90943.33967796773,94466.83280714788,88045.41953129863,98016.5503588223,84468.35840384387,75547.05561501207,95092.442092302,104418.41305233439,113664.23338787397,87942.91511422122,82942.29392791374,89395.34406466261,81660.64455417916,80081.2518190463,92150.31948666555,113993.26207295089,0,92163.09700047477,95118.04084271313,88493.01763501248,84799.3829527353,90346.06622090703,99276.01291655855,74179.25717029446,88645.12194416187,92340.73465398383,85542.97277509267,106277.00540552475
Romanian,78969.74103749567,82774.23614205,106162.58752324298,89831.1697941235,105988.00047234932,92090.48990033622,88322.02031154881,100347.46183072442,106215.4343313237,91895.01958100965,99140.0506974366,104932.96955942173,86539.27588744949,75596.4322019062,95149.20486069404,103390.78051014747,96419.05002057183,103252.11367494779,87628.75569263671,83096.716181523,99944.93140111178,108482.33749591204,117870.22010345059,93290.87318875933,90835.77210318582,96051.9027956184,88326.33375957987,83967.84625989497,94936.14011368727,121477.96951890364,92163.09700047477,0,97568.88962901609,94486.44192043932,88966.08938041335,98457.43460688635,105119.6623304409,97762.59757357178,93820.68633507923,98291.46828337382,91184.41092104597,109991.77768433724
Russian,74964.42237075127,76504.2611261077,101280.48195578562,87500.10341864645,81035.03625209219,79283.556731728,93838.82709091195,83871.80694656892,91649.78563190387,89342.75100296875,96825.6788322069,105800.32072539434,87820.67502531531,76450.76205033687,95441.40312191965,101900.99613845446,94971.86089660897,106065.75487815923,83153.27271343606,81988.00791580875,108283.01266383263,96168.73826678796,109122.02467217094,74592.63218415075,88724.0945833279,92299.80110489296,85039.80899127758,80365.09135974526,90476.1473590781,104064.79210829531,95118.04084271313,97568.88962901609,0,74000.7313440951,81478.33048892411,81886.25719740492,90922.93969931021,101862.1350139081,90181.76383541018,72015.44886140348,90709.86737893586,111296.745603171
Serbian,70995.06807279917,74520.44485914645,96872.27070853415,82731.92836402293,58260.33265127023,71009.41009151764,88925.28839325887,61753.158131538556,86109.9898915015,86112.34383704657,90589.02343751938,100228.32596823464,84069.52880858791,73616.21707858614,89913.42243152422,97176.12622508527,88450.9445938151,99669.21794986968,80149.91369996828,78112.56248263335,104405.03041708705,95677.4361871743,105451.9721327533,59029.44219319074,83564.60599215892,86588.02137779251,78894.2978407186,77542.71688768496,86949.56265665527,99487.64094088488,88493.01763501248,94486.44192043932,74000.7313440951,0,79682.753571399,72978.36733979704,78860.03665078901,95838.55250629998,86294.39191346984,73152.56157875448,84386.13981490933,106405.84699877992
Sinhala,62937.67734580466,59075.30099791,89232.22361747491,73494.74403283422,89196.02364755099,80773.80128401861,84264.13800935904,89245.99676853915,96931.5824364221,79518.73960726256,86981.65552040437,99629.68101042435,77688.82598717563,62486.69749404361,86116.87214972057,93316.95261836625,82293.6047826434,93050.14948605708,70424.81590888677,68345.7136603467,100507.79446940096,93576.38840396918,99301.26610528826,77302.16250005239,75810.30093450069,75459.6681454999,74800.77661006071,66979.07710667171,77807.16879996566,113852.07910853803,84799.3829527353,88966.08938041335,81478.33048892411,79682.753571399,0,86971.65802238211,95216.67282901958,91111.34967729445,79855.5473030873,82789.13907555495,77803.12606758597,101587.35572221396
Slovak,76522.82074824169,80352.41879785438,103003.05695840709,87056.21802513365,83050.7741541827,78339.1967120664,91534.11216003005,77450.16022487023,73551.31754146102,87056.83550428307,93043.4563230744,104186.3716853551,88073.92523684802,78486.54605446348,91861.09906132196,99538.39954610486,92520.70186021904,102376.35090626297,86037.24864831989,80181.88804144089,107646.05604551424,100107.66142564527,113054.45495795803,76486.17854029221,87658.15485125675,91775.36018029354,82897.0851324856,81687.5530757561,92303.40071932375,92846.97027769973,90346.06622090703,98457.43460688635,81886.25719740492,72978.36733979704,86971.65802238211,0,83579.63052738522,98174.1984917325,89851.96561034003,78122.64838154792,88308.17878804207,110398.06352148106
Slovenian,83575.65859360491,90173.36396964917,112037.5490577721,95767.79113323736,89731.27140747038,84691.86567890992,97889.75212707135,81677.99163980912,93359.63709645264,92202.36290490156,99200.09607913591,109229.61812454088,93780.24774057524,85367.63738070242,99120.14668039285,106916.58156676394,99897.22724542303,109133.67329709548,93968.17216570798,87285.06147032816,114994.49387256528,106615.62295777278,122424.89741694898,84039.31056425638,94323.63576815146,100030.80911456724,87942.34415522264,88190.49450852779,100977.8234681431,110675.98660080139,99276.01291655855,105119.6623304409,90922.93969931021,78860.03665078901,95216.67282901958,83579.63052738522,0,105113.69231933235,97500.05749800372,90290.72695367178,95403.40421831621,117729.33906643209
Spanish,83901.00245733003,86690.84041393365,111670.24890993645,87938.67652216452,108274.35471300852,92519.67998611905,74496.68202940878,100866.42107166024,107979.45659148425,93393.85752491104,95969.9353325751,105010.6450373173,88022.01073444937,64962.057736431736,97392.14311305751,97572.64732200424,92847.03725338833,101734.04721111976,91847.61080682842,82676.74467389155,97422.86455199427,114541.6359749559,121872.10614089879,94063.93228205755,87608.00783283554,97688.02018190073,86894.46433737829,88907.04553393998,99622.86435230827,123829.96983021722,74179.25717029446,97762.59757357178,101862.1350139081,95838.55250629998,91111.34967729445,98174.1984917325,105113.69231933235,0,95872.13656162421,98883.91821734133,91798.31889320255,110323.15867067235
Swedish,64246.93219402974,75918.7511918938,97652.95109085654,82250.89783366909,97229.77648074752,86634.90279304855,86059.77218194467,93627.32492058081,101328.73201303107,73809.42752661492,83232.84154826512,95216.26125783444,82862.64517364885,73175.72625651289,82111.8583753116,96448.93708202643,87954.10723536662,96674.49300501434,70187.54232125416,74954.14016226068,104228.2964763997,101187.74482666522,108081.86411868945,85608.1340406402,83186.51047851125,86587.61887823023,62363.21442706563,77653.1420637276,88305.45110513481,114787.04928607395,88645.12194416187,93820.68633507923,90181.76383541018,86294.39191346984,79855.5473030873,89851.96561034003,97500.05749800372,95872.13656162421,0,90571.23301737176,84175.83998943595,106003.49155977948
Ukrainian,75602.41902231285,76605.95610141242,100779.17732903367,87143.7332513047,81075.270094613,80740.56006624205,93016.79190322764,82288.18784818833,88842.50806122013,87934.26662355174,95468.69651005772,105792.33927457573,88282.2174594318,76855.28816795528,95103.75956671579,100923.14739878541,93288.14829201475,104527.77584692305,83809.1192583639,81861.30518631793,108828.16214430146,99398.70015205839,110143.11872909043,74540.44432023908,88227.47696319809,90865.96119080976,83811.40869743728,80862.7293996082,91097.5993008861,101046.13531265716,92340.73465398383,98291.46828337382,72015.44886140348,73152.56157875448,82789.13907555495,78122.64838154792,90290.72695367178,98883.91821734133,90571.23301737176,0,89115.57122143636,110566.14564426945
Urdu,70892.99876924063,72943.47538244496,96042.67806891692,70065.21292353304,96589.75493110582,83942.74813887088,84714.69288648471,91153.63485952589,97955.19620425624,84734.67820763947,88541.4494417057,95722.11940850613,81945.04400795652,72519.11777214412,87222.08785819919,93078.60822703282,73530.55633632152,72689.61076359951,79912.37013019332,73957.44335293144,102630.93423437729,100554.15005996374,107332.2222480045,83399.52801274823,72086.36895098082,75111.95991234772,78960.7682772059,71067.62978115243,82428.14110433172,113471.34999123728,85542.97277509267,91184.41092104597,90709.86737893586,84386.13981490933,77803.12606758597,88308.17878804207,95403.40421831621,91798.31889320255,84175.83998943595,89115.57122143636,0,102246.60544957142
Welsh,92812.97814976031,96011.09004596062,116648.10857197667,100920.38429413502,120005.15567777447,102678.2066631826,103634.72344867534,111917.02622955457,118170.77173809432,104162.71888362883,110421.83812811923,113811.83844346617,100714.2971512966,90962.79864752608,107641.26832157328,113469.27106847857,104481.46906005531,116152.40354938689,102015.92391018769,91053.56234725965,116879.77519674326,124388.81124348362,130259.64408956731,105633.29526987468,99335.09140518792,105751.47528128179,101246.2426318491,95995.24925279213,107602.99213230834,135401.70163576616,106277.00540552475,109991.77768433724,111296.745603171,106405.84699877992,101587.35572221396,110398.06352148106,117729.33906643209,110323.15867067235,106003.49155977948,110566.14564426945,102246.60544957142,0
