,Afrikaans,Albanian,Armenian,Bengali,Bosnian,Bulgarian,Catalan,Croatian,Czech,Danish,Dutch,English,French,Galician,German,Greek,Gujarati,Hindi,Icelandic,Irish,Italian,Latvian,Lithuanian,Macedonian,Marathi,Nepali,Norwegian,Pashto,Persian,Polish,Portuguese,Romanian,Russian,Serbian,Sinhala,Slovak,Slovenian,Spanish,Swedish,Ukrainian,Urdu,Welsh
Afrikaans,0,10.045742170316435,11.979143967738231,9.92716163846012,11.49121587770985,9.884473679562221,9.778908717164184,10.184443225873766,10.322128315101963,9.19733141780208,10.12107163096699,10.187539740438254,9.416574763443501,9.36287522275022,10.180111888935766,10.084836210271924,10.44598259454589,10.624717925084022,10.358710577055998,8.874191028222151,11.599625261590857,11.429431224810022,14.167237555789528,10.353649524357982,9.82988599766463,11.105990912749728,9.146522725273583,9.680462197100127,11.414424142956532,12.156240528192248,10.061329171320688,10.262162892951014,10.772705738235985,10.2521966648996,10.52906636873101,9.847201262184047,10.336996290452396,9.981044812687651,10.075996580658103,10.735623333734887,9.829614253358828,11.89099769880149
Albanian,10.045742170316435,0,12.39444809329052,10.366794064893325,11.901108985666397,10.276367660377032,10.235644000283642,10.550318370876132,10.671748648688286,9.645797829917402,10.6990112478156,10.64391750172024,9.826532173805026,9.721779519906761,10.639638511882849,10.533264017682594,10.938172128595825,11.115014941075039,10.87318234961389,9.307102504010421,12.018447984773442,11.858300417357283,14.53995195003371,10.753992041560963,10.286627881063612,11.561197124574658,9.56704017494695,10.175436488536837,11.758076967880502,12.575628689657396,10.42541467893757,10.670381401078394,11.161665458498355,10.64517171591651,10.851563927361122,10.2248233917735,10.797832470533834,10.33107274212912,10.50735085719487,11.10649647796864,10.2211416421359,12.299612509623312
Armenian,11.979143967738231,12.39444809329052,0,12.262178089893915,13.831930247910337,12.281488737710788,12.164726988656401,12.539890523800437,12.66797292857683,11.656770164790894,12.659319407420014,12.588828260262522,11.79758599942386,11.708407240289727,12.561650099820607,12.40541260025039,12.85594131746937,12.998804539667994,12.734710808825424,11.276068449651751,13.901559921164838,13.735987617907703,16.320545009053745,12.699870413868988,12.207470641174229,13.4149679607073,11.610641853590167,12.076281980443936,13.698184936451778,14.483618658787512,12.383509299935529,12.62819395435512,13.105359538018401,12.600390904057978,12.7700669315429,12.212238874150707,12.75145356482224,12.256552137344936,12.456851475011577,13.083308441242348,12.172695510197812,14.140576862860044
Bengali,9.92716163846012,10.366794064893325,12.262178089893915,0,11.714392531168079,10.116034555304593,10.059228937340942,10.410250761494769,10.585475638662345,9.511925176604649,10.560210694287319,10.464320648637841,9.662871694521403,9.654917595149506,10.483162041404272,10.355829480909247,10.72117535059395,10.883908632450662,10.747677826006948,9.16408693657947,11.81901398430335,11.656760801310947,14.331540630642436,10.579024676884455,10.104907916689786,11.269800863665075,9.476594369959622,10.021408188149696,11.70706491862693,12.40174039182347,10.29639010742365,10.540435447672028,10.987669017148384,10.47999200244939,10.791969858381652,10.125293183959478,10.639320696158878,10.192568664916138,10.346161667756217,10.953027045591003,10.019984459427155,12.108290751766638
Bosnian,11.49121587770985,11.901108985666397,13.831930247910337,11.714392531168079,0,11.569061172285968,11.620024627604892,11.813144277849414,12.0328754144454,11.058514701517737,12.087582354700736,11.936546601974596,11.227787310136152,11.180518781027352,11.997565282601197,11.874157068870245,12.323038492168834,12.475003793507796,12.283951097434429,10.725375387286597,13.286200659620981,13.148871000489411,15.78643697936,11.918620734911554,11.693223652900075,12.87625382745599,11.001777629139783,11.623460826174936,13.212096214887522,13.818265477186639,11.8242552534132,12.025953833523921,12.338482293563732,11.772670364898525,12.322159973199925,11.601585417042289,12.126643655991284,11.724850541971337,11.883794456038487,12.265854966109682,11.564594263955623,13.572629485255131
Bulgarian,9.884473679562221,10.276367660377032,12.281488737710788,10.116034555304593,11.569061172285968,0,10.000282436550828,10.189083427552028,10.409832172301284,9.406371432846608,10.460685466677985,10.286073654892384,9.589311216145104,9.597145516368553,10.416391639258165,10.278748058836708,10.716339627779135,10.858426621181371,10.697637247659804,9.116457979658618,11.691091041938044,11.552294593711053,14.258252416839053,10.438494421734799,10.083373538160965,11.288010347647099,9.368864448331994,10.00595621264538,11.63906417168091,12.267863854635099,10.21361576065077,10.399229508008432,10.861018008216039,10.336017346679192,10.71662465347136,9.998874830250138,10.548313730669188,10.118471196138971,10.26456335791731,10.797018636497592,9.965323029175346,11.970656751783347
Catalan,9.778908717164184,10.235644000283642,12.164726988656401,10.059228937340942,11.620024627604892,10.000282436550828,0,10.310375656029212,10.46741503740743,9.368112186355857,10.406055266489094,10.352833255322889,9.528064258839608,9.478087003105799,10.3464971443276,10.20586122258377,10.615332062743352,10.80990397480702,10.60751719482905,9.011029208779592,11.69100264276798,11.551944685664767,14.269269061469883,10.492938632805455,10.001858088923958,11.238019397815412,9.326078550211363,9.88087505875046,11.595714746881159,12.296953434969161,10.131781155613147,10.371686318058918,10.900033507456298,10.383154533753714,10.697772997245766,9.99513185115538,10.490814869768382,10.029143582685615,10.1918970901383,10.855753703666524,9.960181312055605,12.0363127792275
Croatian,10.184443225873766,10.550318370876132,12.539890523800437,10.410250761494769,11.813144277849414,10.189083427552028,10.310375656029212,0,10.712455652364644,9.725052482348081,10.757687375762076,10.604029967137746,9.889403797156143,9.889314118207603,10.710892654047996,10.567311076464733,11.006917919057951,11.168228104371837,10.999812610242698,9.424549268730278,11.973253351059842,11.861970846288846,14.517330896109797,10.715336217516624,10.378729636834356,11.573230652175628,9.674927195015384,10.31665599144431,11.913408810130443,12.541389027980228,10.490619900742944,10.721537673993236,11.139033649814081,10.591782776009941,10.994166303029377,10.285821860715181,10.83762974039391,10.412645982795972,10.585232348192031,11.07125564987823,10.272242952294548,12.268048419085181
Czech,10.322128315101963,10.671748648688286,12.66797292857683,10.585475638662345,12.0328754144454,10.409832172301284,10.46741503740743,10.712455652364644,0,9.884363463505547,10.919930948749947,10.817640124663393,10.05498548727642,10.013373423483385,10.852855590854928,10.744793658756999,11.189241580135604,11.347391135319885,11.130681782583512,9.550102780995102,12.18071811391448,12.03574922777897,14.694091175444079,10.930105160091717,10.555753326844657,11.74919993167859,9.796361191101717,10.448444182491288,12.039963848756326,12.708385658534121,10.637054886040248,10.858041675246016,11.325017993316553,10.809535613906665,11.15040548787949,10.407649149681957,11.024234746118891,10.556433501393876,10.731820493152124,11.27700872371126,10.419900814262357,12.462180970580837
Danish,9.19733141780208,9.645797829917402,11.656770164790894,9.511925176604649,11.058514701517737,9.406371432846608,9.368112186355857,9.725052482348081,9.884363463505547,0,9.854389558021534,9.73597781144466,8.987426797541127,8.947586516886302,9.780366478296422,9.694074374402618,10.06644335131453,10.253547618780937,10.032116623312637,8.457245278165654,11.171467231541058,11.012005716658793,13.76071489295245,9.91236155974171,9.437186540563118,10.688597241225285,8.673712712860155,9.33798766156661,11.020672615226506,11.744791044085302,9.638786805165054,9.84844283672951,10.332744711689713,9.802267388881816,10.121915533587343,9.423117183826315,9.925690474742467,9.544347352306767,9.637476182997224,10.290069190261523,9.3905517872689,11.484123091059201
Dutch,10.12107163096699,10.6990112478156,12.659319407420014,10.560210694287319,12.087582354700736,10.460685466677985,10.406055266489094,10.757687375762076,10.919930948749947,9.854389558021534,0,10.788599871426822,10.053659241233142,10.028295028845331,10.739551022031229,10.699976927968137,11.087960338131595,11.257803985679981,11.057381926572305,9.524998090433604,12.150557012304386,12.043396359075166,14.71991169023849,10.970048245269721,10.477142504702591,11.713599224663371,9.782994270177726,10.391766764787208,12.040834179558802,12.729585002052033,10.670309163002731,10.850859348621235,11.38064232288591,10.85911140962506,11.18741696645965,10.494450128219578,10.99764165208052,10.594185210884955,10.687122225549839,11.326769735767323,10.451838858727475,12.46502382488382
English,10.187539740438254,10.64391750172024,12.588828260262522,10.464320648637841,11.936546601974596,10.286073654892384,10.352833255322889,10.604029967137746,10.817640124663393,9.73597781144466,10.788599871426822,0,9.97966679675487,9.952249450792369,10.729676192822586,10.618460868441616,11.049605209808709,11.199783244182875,10.998552802905419,9.459562922757497,12.007555680164161,11.897516723751847,14.562460447793017,10.829765676612658,10.417161695722076,11.617974395912588,9.727803920231032,10.335532096727874,11.98585290577631,12.62039669844646,10.598336182240333,10.75017795100708,11.227022781541656,10.717957651209787,11.069648744056195,10.37190869876485,10.906979025497158,10.515240304487293,10.626536942590432,11.182803217948443,10.343134332739004,12.287587879207521
French,9.416574763443501,9.826532173805026,11.79758599942386,9.662871694521403,11.227787310136152,9.589311216145104,9.528064258839608,9.889403797156143,10.05498548727642,8.987426797541127,10.053659241233142,9.97966679675487,0,9.118716807975552,9.96802277589163,9.857447513827717,10.272053121813057,10.44454454497704,10.250719168740064,8.639567352857297,11.305210221632835,11.174496780802777,13.883858862468108,10.085979594282195,9.624745175151737,10.840665106898019,8.922726267201009,9.530091159411773,11.20248341502905,11.890790970632384,9.73139058870091,10.025786004290012,10.489050948584254,9.970497832740456,10.281805537658448,9.599285694271972,10.12861066831451,9.65493664257111,9.848251921665291,10.456914487047824,9.546749594925847,11.642442785565523
Galician,9.36287522275022,9.721779519906761,11.708407240289727,9.654917595149506,11.180518781027352,9.597145516368553,9.478087003105799,9.889314118207603,10.013373423483385,8.947586516886302,10.028295028845331,9.952249450792369,9.118716807975552,0,9.934473013981696,9.84302077048484,10.234452340430868,10.452187744845334,10.173057579528319,8.584868660682492,11.306477559720834,11.176930026619225,13.86405164280261,10.048337855506128,9.607216164618116,10.869020141482517,8.883090497858223,9.460356276936983,11.112982748018224,11.903320400713882,9.666930658461714,9.986298899917772,10.466137136571824,9.934134970383857,10.218208160446405,9.553504982411695,10.090415519208381,9.543596405850122,9.787076561459202,10.417123656857035,9.51850061984359,11.623640205386
German,10.180111888935766,10.639638511882849,12.561650099820607,10.483162041404272,11.997565282601197,10.416391639258165,10.3464971443276,10.710892654047996,10.852855590854928,9.780366478296422,10.739551022031229,10.729676192822586,9.96802277589163,9.934473013981696,0,10.61971094909306,11.048651321555381,11.217581124743488,11.009933707209857,9.442556596783799,12.082708845717812,11.956835581996108,14.646428511702712,10.888045598615001,10.416974693423663,11.669817416237898,9.71962639883676,10.33260409612842,11.97968059140835,12.678413097925223,10.571375610937366,10.815744905795112,11.30137580726199,10.772515245641603,11.09479639679456,10.412835976505226,10.930350471468836,10.499202184561604,10.618556849642898,11.254141176456255,10.362160012203523,12.415188796147074
Greek,10.084836210271924,10.533264017682594,12.40541260025039,10.355829480909247,11.874157068870245,10.278748058836708,10.20586122258377,10.567311076464733,10.744793658756999,9.694074374402618,10.699976927968137,10.618460868441616,9.857447513827717,9.84302077048484,10.61971094909306,0,10.875875574964315,11.05238239016169,10.878748376517981,9.35942640576956,11.933204602525102,11.814013344258395,14.476834550755548,10.761689136193452,10.271179736588222,11.486304343558054,9.662506224604074,10.196356808751338,11.86159159083655,12.535161713696729,10.471775413118737,10.662127533036855,11.173717191140058,10.657024645436813,10.960680993977528,10.305792041851415,10.810369117821343,10.378327102468665,10.524854777507255,11.108391308015303,10.242571340196859,12.22279062305491
Gujarati,10.44598259454589,10.938172128595825,12.85594131746937,10.72117535059395,12.323038492168834,10.716339627779135,10.615332062743352,11.006917919057951,11.189241580135604,10.06644335131453,11.087960338131595,11.049605209808709,10.272053121813057,10.234452340430868,11.048651321555381,10.875875574964315,0,11.28356793716615,11.276550401296486,9.7481455049928,12.410610298966168,12.263231610889777,14.976715710603836,11.19378089506691,10.460858476079416,11.86911493687566,10.036430948221348,10.542847468634545,12.306257861839534,12.989668093579724,10.925018586135566,11.11433259827843,11.607327998346493,11.09751018622672,11.39549961945542,10.723239499817595,11.180746725313229,10.840807392485955,10.937430580235942,11.559726802956877,10.641656084428842,12.71746928393993
Hindi,10.624717925084022,11.115014941075039,12.998804539667994,10.883908632450662,12.475003793507796,10.858426621181371,10.80990397480702,11.168228104371837,11.347391135319885,10.253547618780937,11.257803985679981,11.199783244182875,10.44454454497704,10.452187744845334,11.217581124743488,11.05238239016169,11.28356793716615,0,11.453796736763122,9.94171490618756,12.550818735595104,12.430003594040722,15.09941340378079,11.354694955521243,10.713071381370874,11.999625816088866,10.23729766129794,10.73668724466607,12.44364562382131,13.123204317202605,11.120999487198823,11.259188365240437,11.774381102009231,11.25408056125676,11.530372736300633,10.885046766060281,11.36298568739034,11.036915096672741,11.112780209094792,11.7178229559081,10.78306259176398,12.836556917838049
Icelandic,10.358710577055998,10.87318234961389,12.734710808825424,10.747677826006948,12.283951097434429,10.697637247659804,10.60751719482905,10.999812610242698,11.130681782583512,10.032116623312637,11.057381926572305,10.998552802905419,10.250719168740064,10.173057579528319,11.009933707209857,10.878748376517981,11.276550401296486,11.453796736763122,0,9.712262906563232,12.376505291310037,12.223972461636562,14.88389466312308,11.15270154145336,10.638303415908524,11.893214454161214,9.98561023908963,10.511124109247518,12.19959902408143,12.938361383236398,10.882390462730774,11.073290303928422,11.5696051183719,11.056918084139667,11.315111253038076,10.670082548058076,11.177486783034233,10.774418650131688,10.893077826145339,11.532913174698246,10.635073809491814,12.6430424653312
Irish,8.874191028222151,9.307102504010421,11.276068449651751,9.16408693657947,10.725375387286597,9.116457979658618,9.011029208779592,9.424549268730278,9.550102780995102,8.457245278165654,9.524998090433604,9.459562922757497,8.639567352857297,8.584868660682492,9.442556596783799,9.35942640576956,9.7481455049928,9.94171490618756,9.712262906563232,0,10.850144244127556,10.672806603773644,13.407756284681932,9.568015020038063,9.103993622605028,10.358585259326595,8.393771120359059,8.964214390131499,10.690181588064734,11.420718344753643,9.240624637760229,9.527496990085183,9.996307399760093,9.47915487528713,9.793073997505338,9.08576393710005,9.599460808090098,9.148591075363754,9.312335609341288,9.958345733906185,9.048798221107832,11.15811386446577
Italian,11.599625261590857,12.018447984773442,13.901559921164838,11.81901398430335,13.286200659620981,11.691091041938044,11.69100264276798,11.973253351059842,12.18071811391448,11.171467231541058,12.150557012304386,12.007555680164161,11.305210221632835,11.306477559720834,12.082708845717812,11.933204602525102,12.410610298966168,12.550818735595104,12.376505291310037,10.850144244127556,0,13.281347620956746,15.885445353908851,12.191010445380362,11.790252741052585,12.944558178428306,11.145651558360282,11.73266571165363,13.315978324909603,13.967107264661488,11.938493213485062,12.092219626372785,12.596126739229167,12.082951364125703,12.432734387769354,11.764271117633738,12.29431034790934,11.82612563871513,11.983157080358364,12.53121483782827,11.704463333642474,13.587888969696973
Latvian,11.429431224810022,11.858300417357283,13.735987617907703,11.656760801310947,13.148871000489411,11.552294593711053,11.551944685664767,11.861970846288846,12.03574922777897,11.012005716658793,12.043396359075166,11.897516723751847,11.174496780802777,11.176930026619225,11.956835581996108,11.814013344258395,12.263231610889777,12.430003594040722,12.223972461636562,10.672806603773644,13.281347620956746,0,15.631626135679374,12.035012167643345,11.628951426422928,12.800839184753071,10.970358288587462,11.53348085216392,13.194331933789618,13.813527075865021,11.78719254452658,11.988170732240972,12.437879843839287,11.93952733357024,12.267146230866286,11.573776111065621,12.107551225677707,11.704088077422847,11.85820453729881,12.425800641651751,11.550690176041837,13.522716408171796
Lithuanian,14.167237555789528,14.53995195003371,16.320545009053745,14.331540630642436,15.78643697936,14.258252416839053,14.269269061469883,14.517330896109797,14.694091175444079,13.76071489295245,14.71991169023849,14.562460447793017,13.883858862468108,13.86405164280261,14.646428511702712,14.476834550755548,14.976715710603836,15.09941340378079,14.88389466312308,13.407756284681932,15.885445353908851,15.631626135679374,0,14.688656815736113,14.337169383421646,15.406488467683875,13.711179088725366,14.267284082119753,15.833749541078966,16.440958063705125,14.475101184436864,14.634541796207644,15.091953278172126,14.603634215350702,14.900628540579723,14.28504288241558,14.84246186669694,14.336678096081565,14.5241496010907,15.05995313355337,14.21193145060109,16.09137528118379
Macedonian,10.353649524357982,10.753992041560963,12.699870413868988,10.579024676884455,11.918620734911554,10.438494421734799,10.492938632805455,10.715336217516624,10.930105160091717,9.91236155974171,10.970048245269721,10.829765676612658,10.085979594282195,10.048337855506128,10.888045598615001,10.761689136193452,11.19378089506691,11.354694955521243,11.15270154145336,9.568015020038063,12.191010445380362,12.035012167643345,14.688656815736113,0,10.55095968901978,11.74993914029936,9.872249594362833,10.473204442520968,12.098991576762064,12.739833788161823,10.682180307343879,10.909749451833632,11.225374312562854,10.66040483733807,11.197544203978442,10.479911558673214,10.99973025277092,10.587774405393796,10.762054365540438,11.158357500919715,10.434696199922485,12.473772217497396
Marathi,9.82988599766463,10.286627881063612,12.207470641174229,10.104907916689786,11.693223652900075,10.083373538160965,10.001858088923958,10.378729636834356,10.555753326844657,9.437186540563118,10.477142504702591,10.417161695722076,9.624745175151737,9.607216164618116,10.416974693423663,10.271179736588222,10.460858476079416,10.713071381370874,10.638303415908524,9.103993622605028,11.790252741052585,11.628951426422928,14.337169383421646,10.55095968901978,0,11.247222397290107,9.40911070105253,9.918813999426963,11.658282538200575,12.356667189175889,10.28760378129893,10.481986326378077,10.959239692552837,10.454238741605964,10.744487601847569,10.081902211129476,10.53413330346425,10.195583797057584,10.309460751904801,10.930609690016887,9.999237302776525,12.086943852860689
Nepali,11.105990912749728,11.561197124574658,13.4149679607073,11.269800863665075,12.87625382745599,11.288010347647099,11.238019397815412,11.573230652175628,11.74919993167859,10.688597241225285,11.713599224663371,11.617974395912588,10.840665106898019,10.869020141482517,11.669817416237898,11.486304343558054,11.86911493687566,11.999625816088866,11.893214454161214,10.358585259326595,12.944558178428306,12.800839184753071,15.406488467683875,11.74993914029936,11.247222397290107,0,10.663714937106416,11.160639402407378,12.879172496625626,13.543322780076117,11.513380282477847,11.68022054467524,12.170830995114057,11.657671100853909,11.947769637346415,11.307384621579516,11.806926835745413,11.420217097987116,11.526173418061003,12.140723104827508,11.18716974765129,13.195835599296778
Norwegian,9.146522725273583,9.56704017494695,11.610641853590167,9.476594369959622,11.001777629139783,9.368864448331994,9.326078550211363,9.674927195015384,9.796361191101717,8.673712712860155,9.782994270177726,9.727803920231032,8.922726267201009,8.883090497858223,9.71962639883676,9.662506224604074,10.036430948221348,10.23729766129794,9.98561023908963,8.393771120359059,11.145651558360282,10.970358288587462,13.711179088725366,9.872249594362833,9.40911070105253,10.663714937106416,0,9.279712213913093,10.9381828641814,11.686716216231662,9.552479478699066,9.803560114958874,10.270656924753471,9.754493635461607,10.090877426171131,9.364341389695495,9.875674667982212,9.461732188415372,9.575764347752884,10.229533588210664,9.332720785342252,11.460657022718463
Pashto,9.680462197100127,10.175436488536837,12.076281980443936,10.021408188149696,11.623460826174936,10.00595621264538,9.88087505875046,10.31665599144431,10.448444182491288,9.33798766156661,10.391766764787208,10.335532096727874,9.530091159411773,9.460356276936983,10.33260409612842,10.196356808751338,10.542847468634545,10.73668724466607,10.511124109247518,8.964214390131499,11.73266571165363,11.53348085216392,14.267284082119753,10.473204442520968,9.918813999426963,11.160639402407378,9.279712213913093,0,11.525229065265693,12.284737147817571,10.1826153218245,10.38341013311146,10.894114858405812,10.370443400615082,10.598501081000823,9.967934180936025,10.424853672104181,10.093022692097353,10.208191254285847,10.86820642539626,9.912882843093437,12.005216711016073
Persian,11.414424142956532,11.758076967880502,13.698184936451778,11.70706491862693,13.212096214887522,11.63906417168091,11.595714746881159,11.913408810130443,12.039963848756326,11.020672615226506,12.040834179558802,11.98585290577631,11.20248341502905,11.112982748018224,11.97968059140835,11.86159159083655,12.306257861839534,12.44364562382131,12.19959902408143,10.690181588064734,13.315978324909603,13.194331933789618,15.833749541078966,12.098991576762064,11.658282538200575,12.879172496625626,10.9381828641814,11.525229065265693,0,13.87783523191616,11.793503328159177,12.032648071234105,12.518481430702739,11.980282995749684,12.228020841255189,11.59906328595059,12.15603837769517,11.707060517530282,11.874179434101409,12.45026696719931,11.552301075060535,13.588202830018545
Polish,12.156240528192248,12.575628689657396,14.483618658787512,12.40174039182347,13.818265477186639,12.267863854635099,12.296953434969161,12.541389027980228,12.708385658534121,11.744791044085302,12.729585002052033,12.62039669844646,11.890790970632384,11.903320400713882,12.678413097925223,12.535161713696729,12.989668093579724,13.123204317202605,12.938361383236398,11.420718344753643,13.967107264661488,13.813527075865021,16.440958063705125,12.739833788161823,12.356667189175889,13.543322780076117,11.686716216231662,12.284737147817571,13.87783523191616,0,12.50078512994658,12.709730617925755,13.124709654536467,12.618946912986445,13.015158518169999,12.270826111160199,12.837929640580626,12.429848094326143,12.576676040396489,13.080488487815664,12.265884765151648,14.231773259055505
Portuguese,10.061329171320688,10.42541467893757,12.383509299935529,10.29639010742365,11.8242552534132,10.21361576065077,10.131781155613147,10.490619900742944,10.637054886040248,9.638786805165054,10.670309163002731,10.598336182240333,9.73139058870091,9.666930658461714,10.571375610937366,10.471775413118737,10.925018586135566,11.120999487198823,10.882390462730774,9.240624637760229,11.938493213485062,11.78719254452658,14.475101184436864,10.682180307343879,10.28760378129893,11.513380282477847,9.552479478699066,10.1826153218245,11.793503328159177,12.50078512994658,0,10.616847519558803,11.101259816484145,10.578087738864692,10.892598688718772,10.197484609010866,10.77370441755304,10.145094634407185,10.43513512472532,11.054433621625355,10.1675171689549,12.260281924173324
Romanian,10.262162892951014,10.670381401078394,12.62819395435512,10.540435447672028,12.025953833523921,10.399229508008432,10.371686318058918,10.721537673993236,10.858041675246016,9.84844283672951,10.850859348621235,10.75017795100708,10.025786004290012,9.986298899917772,10.815744905795112,10.662127533036855,11.11433259827843,11.259188365240437,11.073290303928422,9.527496990085183,12.092219626372785,11.988170732240972,14.634541796207644,10.909749451833632,10.481986326378077,11.68022054467524,9.803560114958874,10.38341013311146,12.032648071234105,12.709730617925755,10.616847519558803,0,11.31574861601052,10.816916757611734,11.132695537488871,10.449626446072543,10.976838819082172,10.5345661348731,10.66706694166282,11.262265897722454,10.403195949864111,12.377393127974049
Russian,10.772705738235985,11.161665458498355,13.105359538018401,10.987669017148384,12.338482293563732,10.861018008216039,10.900033507456298,11.139033649814081,11.325017993316553,10.332744711689713,11.38064232288591,11.227022781541656,10.489050948584254,10.466137136571824,11.30137580726199,11.173717191140058,11.607327998346493,11.774381102009231,11.5696051183719,9.996307399760093,12.596126739229167,12.437879843839287,15.091953278172126,11.225374312562854,10.959239692552837,12.170830995114057,10.270656924753471,10.894114858405812,12.518481430702739,13.124709654536467,11.101259816484145,11.31574861601052,0,11.103371098512783,11.612848529952409,10.88232694864177,11.418373096523933,10.990836927518155,11.172443392735714,11.528643933425593,10.835263729171878,12.855705779378873
Serbian,10.2521966648996,10.64517171591651,12.600390904057978,10.47999200244939,11.772670364898525,10.336017346679192,10.383154533753714,10.591782776009941,10.809535613906665,9.802267388881816,10.85911140962506,10.717957651209787,9.970497832740456,9.934134970383857,10.772515245641603,10.657024645436813,11.09751018622672,11.25408056125676,11.056918084139667,9.47915487528713,12.082951364125703,11.93952733357024,14.603634215350702,10.66040483733807,10.454238741605964,11.657671100853909,9.754493635461607,10.370443400615082,11.980282995749684,12.618946912986445,10.578087738864692,10.816916757611734,11.103371098512783,0,11.090238547159014,10.361739879191653,10.876893052714118,10.48010340895955,10.64887288819933,11.05274729865949,10.324505090137063,12.379133526547912
Sinhala,10.52906636873101,10.851563927361122,12.7700669315429,10.791969858381652,12.322159973199925,10.71662465347136,10.697772997245766,10.994166303029377,11.15040548787949,10.121915533587343,11.18741696645965,11.069648744056195,10.281805537658448,10.218208160446405,11.09479639679456,10.960680993977528,11.39549961945542,11.530372736300633,11.315111253038076,9.793073997505338,12.432734387769354,12.267146230866286,14.900628540579723,11.197544203978442,10.744487601847569,11.947769637346415,10.090877426171131,10.598501081000823,12.228020841255189,13.015158518169999,10.892598688718772,11.132695537488871,11.612848529952409,11.090238547159014,0,10.668717164918407,11.257471004617212,10.783275589373616,10.982016382110947,11.56340080103547,10.64402749006605,12.66301566594188
Slovak,9.847201262184047,10.2248233917735,12.212238874150707,10.125293183959478,11.601585417042289,9.998874830250138,9.99513185115538,10.285821860715181,10.407649149681957,9.423117183826315,10.494450128219578,10.37190869876485,9.599285694271972,9.553504982411695,10.412835976505226,10.305792041851415,10.723239499817595,10.885046766060281,10.670082548058076,9.08576393710005,11.764271117633738,11.573776111065621,14.28504288241558,10.479911558673214,10.081902211129476,11.307384621579516,9.364341389695495,9.967934180936025,11.59906328595059,12.270826111160199,10.197484609010866,10.449626446072543,10.88232694864177,10.361739879191653,10.668717164918407,0,10.521652011041814,10.115883701514967,10.272822212041582,10.856364791360292,9.988383253528204,12.046031456341602
Slovenian,10.336996290452396,10.797832470533834,12.75145356482224,10.639320696158878,12.126643655991284,10.548313730669188,10.490814869768382,10.83762974039391,11.024234746118891,9.925690474742467,10.99764165208052,10.906979025497158,10.12861066831451,10.090415519208381,10.930350471468836,10.810369117821343,11.180746725313229,11.36298568739034,11.177486783034233,9.599460808090098,12.29431034790934,12.107551225677707,14.84246186669694,10.99973025277092,10.53413330346425,11.806926835745413,9.875674667982212,10.424853672104181,12.15603837769517,12.837929640580626,10.77370441755304,10.976838819082172,11.418373096523933,10.876893052714118,11.257471004617212,10.521652011041814,0,10.673771545013679,10.798038383181604,11.370375058142232,10.519136809619095,12.586854956600012
Spanish,9.981044812687651,10.33107274212912,12.256552137344936,10.192568664916138,11.724850541971337,10.118471196138971,10.029143582685615,10.412645982795972,10.556433501393876,9.544347352306767,10.594185210884955,10.515240304487293,9.65493664257111,9.543596405850122,10.499202184561604,10.378327102468665,10.840807392485955,11.036915096672741,10.774418650131688,9.148591075363754,11.82612563871513,11.704088077422847,14.336678096081565,10.587774405393796,10.195583797057584,11.420217097987116,9.461732188415372,10.093022692097353,11.707060517530282,12.429848094326143,10.145094634407185,10.5345661348731,10.990836927518155,10.48010340895955,10.783275589373616,10.115883701514967,10.673771545013679,0,10.334420690326947,10.950956725609986,10.063309958337419,12.13907049554179
Swedish,10.075996580658103,10.50735085719487,12.456851475011577,10.346161667756217,11.883794456038487,10.26456335791731,10.1918970901383,10.585232348192031,10.731820493152124,9.637476182997224,10.687122225549839,10.626536942590432,9.848251921665291,9.787076561459202,10.618556849642898,10.524854777507255,10.937430580235942,11.112780209094792,10.893077826145339,9.312335609341288,11.983157080358364,11.85820453729881,14.5241496010907,10.762054365540438,10.309460751904801,11.526173418061003,9.575764347752884,10.208191254285847,11.874179434101409,12.576676040396489,10.43513512472532,10.66706694166282,11.172443392735714,10.64887288819933,10.982016382110947,10.272822212041582,10.798038383181604,10.334420690326947,0,11.125217460106667,10.231264797692308,12.289836839008185
Ukrainian,10.735623333734887,11.10649647796864,13.083308441242348,10.953027045591003,12.265854966109682,10.797018636497592,10.855753703666524,11.07125564987823,11.27700872371126,10.290069190261523,11.326769735767323,11.182803217948443,10.456914487047824,10.417123656857035,11.254141176456255,11.108391308015303,11.559726802956877,11.7178229559081,11.532913174698246,9.958345733906185,12.53121483782827,12.425800641651751,15.05995313355337,11.158357500919715,10.930609690016887,12.140723104827508,10.229533588210664,10.86820642539626,12.45026696719931,13.080488487815664,11.054433621625355,11.262265897722454,11.528643933425593,11.05274729865949,11.56340080103547,10.856364791360292,11.370375058142232,10.950956725609986,11.125217460106667,0,10.79208073642552,12.82066815651158
Urdu,9.829614253358828,10.2211416421359,12.172695510197812,10.019984459427155,11.564594263955623,9.965323029175346,9.960181312055605,10.272242952294548,10.419900814262357,9.3905517872689,10.451838858727475,10.343134332739004,9.546749594925847,9.51850061984359,10.362160012203523,10.242571340196859,10.641656084428842,10.78306259176398,10.635073809491814,9.048798221107832,11.704463333642474,11.550690176041837,14.21193145060109,10.434696199922485,9.999237302776525,11.18716974765129,9.332720785342252,9.912882843093437,11.552301075060535,12.265884765151648,10.1675171689549,10.403195949864111,10.835263729171878,10.324505090137063,10.64402749006605,9.988383253528204,10.519136809619095,10.063309958337419,10.231264797692308,10.79208073642552,0,11.96812292456445
Welsh,11.89099769880149,12.299612509623312,14.140576862860044,12.108290751766638,13.572629485255131,11.970656751783347,12.0363127792275,12.268048419085181,12.462180970580837,11.484123091059201,12.46502382488382,12.287587879207521,11.642442785565523,11.623640205386,12.415188796147074,12.22279062305491,12.71746928393993,12.836556917838049,12.6430424653312,11.15811386446577,13.587888969696973,13.522716408171796,16.09137528118379,12.473772217497396,12.086943852860689,13.195835599296778,11.460657022718463,12.005216711016073,13.588202830018545,14.231773259055505,12.260281924173324,12.377393127974049,12.855705779378873,12.379133526547912,12.66301566594188,12.046031456341602,12.586854956600012,12.13907049554179,12.289836839008185,12.82066815651158,11.96812292456445,0
