,Afrikaans,Albanian,Armenian,Bengali,Bosnian,Bulgarian,Catalan,Croatian,Czech,Danish,Dutch,English,French,Galician,German,Greek,Gujarati,Hindi,Icelandic,Irish,Italian,Latvian,Lithuanian,Macedonian,Marathi,Nepali,Norwegian,Pashto,Persian,Polish,Portuguese,Romanian,Russian,Serbian,Sinhala,Slovak,Slovenian,Spanish,Swedish,Ukrainian,Urdu,Welsh
Afrikaans,0,615.5726960901967,695.7475051881001,755.1615773907092,724.7649485090897,800.6994183561907,845.5719092561708,841.8230142762864,870.4668420443431,768.3821438964676,631.5383451560592,867.6441908201946,790.9922873952399,657.5580835305294,725.5526220764986,935.5683879633391,823.8318684851173,911.9557523194712,627.7780314495454,735.6918330723602,803.6335184969249,792.3777291810933,619.0898123516774,733.1718650588845,787.6944085166201,670.4776897589368,699.5842157956573,704.331462378286,654.8850771651918,866.6955324181275,800.1409002155244,824.0554694236314,741.8630497302458,737.7352599938706,603.7896369286897,829.8535442429936,889.6220858987967,892.8919668164039,707.6310740431445,736.4621978892675,773.0403222336307,774.6229633181687
Albanian,615.5726960901967,0,690.6155627454583,726.9372190764168,735.257461611499,802.178708732879,851.4062276830871,856.324787887233,898.5389178007969,822.1751292307802,819.1697181765608,988.0289880419127,782.1312408823328,624.5436445607862,805.450525250987,920.1014150074581,818.1225281133738,907.5921437969835,672.9736754735695,691.0669345828769,828.0015202698829,804.0824271248902,633.5087478099584,728.2181156108952,769.3672167818913,668.3504824444512,772.5615120222641,668.9523248459424,642.8121639857953,890.8599070899278,791.1300590580526,835.3197731810099,734.4410153640109,743.1679246758653,548.7716348486167,833.8685186915692,909.1880545753248,888.7520627083522,788.0514647594391,734.2558568013526,756.4509633677222,796.7068131429963
Armenian,695.7475051881001,690.6155627454583,0,781.0316351684319,854.1231607063359,851.2238593887163,856.132590455748,876.9299455892302,920.3377252455654,844.8435683721223,872.580771358636,960.7735197686229,815.1583060718553,716.6876582701926,838.6610131281933,921.3406090505115,844.755046433692,921.7722719028561,750.0068973525936,747.0991574701812,924.051888465361,877.8070986598028,751.7570387437152,802.4058215552685,801.0890554559597,773.6515348291799,789.0107592013478,726.9129479876174,743.9047326756736,967.3126708844082,841.958423608883,874.937886320504,821.2229890822173,809.1544024792678,712.694808389879,857.0146351225593,930.230335812682,928.4980313352368,812.9866176642427,823.6054426608994,804.0964956429445,897.2674778404534
Bengali,755.1615773907092,726.9372190764168,781.0316351684319,0,841.0489736472549,876.6507436881863,900.4294232151271,938.1897242200487,936.3876518551966,940.6897734802329,884.4291247882861,990.7714532984864,867.3340372455478,768.560659197195,876.8631804404978,962.4104364149389,774.2119328808953,841.6708758992995,793.0192250586472,804.340357815313,874.2766634714815,893.9802930812867,689.1466823223516,826.1539844905882,758.7990895444667,662.8386597475951,875.6377456621547,793.7187469728871,745.0455203267146,918.5562122857947,845.7190265890578,913.6361766743121,847.159585348773,839.9558336609463,700.0077208118496,907.3789309365228,995.8620539780699,910.4886435055776,869.9254905111052,833.9004568081314,747.8353147493985,837.9518428759911
Bosnian,724.7649485090897,735.257461611499,854.1231607063359,841.0489736472549,0,744.9912262292165,912.7868378592333,646.8965722810804,834.1825547794365,871.1049192738146,897.6587744123271,1037.6848103699338,852.849983538723,755.1473814160987,895.5828121504622,978.1488903358481,911.5015716669761,991.3564651043995,793.1743494419569,805.6636879994682,946.3127831352421,851.5402082888822,766.3264186948923,622.0647591586676,867.1912614191539,825.7473746175907,800.9573639677233,783.2848893007557,795.5538333789023,858.0068572377703,895.8691323389105,925.9941367470011,693.6308942979082,514.6406846301576,752.1002911529446,728.087729291956,786.2027964172497,954.8488099422232,861.8025099601233,699.1373803483141,857.381364628611,956.0288457607137
Bulgarian,800.6994183561907,802.178708732879,851.2238593887163,876.6507436881863,744.9912262292165,0,910.4409249626736,768.1957390207194,853.9498310485835,955.8827491420096,935.5974167502935,1000.595248741796,909.4311676781108,782.4308451377942,938.6273981136926,997.8979846192916,919.5234643941532,989.4692007871957,840.978362461811,872.3910248202238,874.3879003077885,924.398386811083,734.1084668068048,675.1124679965186,889.654264898358,848.0712863345063,907.6382471392761,847.053349737805,816.3864484398301,882.3915078194599,921.7763837717777,941.0090439799599,769.3778337082009,725.5929296386333,770.9088731689194,827.0911476796012,864.7490187242207,955.5019527080556,907.0201151526079,776.0875676694968,881.7609104198024,854.2045983632735
Catalan,845.5719092561708,851.4062276830871,856.132590455748,900.4294232151271,912.7868378592333,910.4409249626736,0,968.0375123940684,988.3183717526922,1001.738097228369,941.680468593385,995.854171719794,883.5035990000295,740.7450931347829,939.8659817697966,1002.4422972247102,913.6492605543447,972.9491297392062,863.7572162397882,888.2665144344357,762.258911369663,976.4178113442547,751.2848183922097,886.656117942629,897.5873281360045,860.9163620619282,944.6739929747732,908.6493563115545,834.6865755231704,987.8600568752412,764.6461920947983,917.6800512316346,907.6394043183358,904.5226425263712,801.6611582747927,981.3719694669087,1041.4686982182172,788.8501175220662,927.8512276533494,895.5763505628961,907.795221790182,859.272748884302
Croatian,841.8230142762864,856.324787887233,876.9299455892302,938.1897242200487,646.8965722810804,768.1957390207194,968.0375123940684,0,846.2529135743875,976.2870350577512,977.0981564575065,1067.428671806506,960.8161224689649,855.4888388700714,981.8578137385841,1059.7047738693457,972.8861996118505,1050.262671260922,886.2365901374383,911.9325821241274,946.7394225136654,987.2332969409548,762.1346799674216,723.0704800549555,941.814377689772,887.4487263747576,935.8978336550194,882.1619519101336,858.931337875098,906.4239135534654,973.7009365562699,996.9078926559442,801.3167359523188,625.2529346313551,835.1931360012675,792.5042749402866,820.8585101187439,1012.2385342899483,955.6229407136472,783.9841305762312,938.8298725514595,926.837663717969
Czech,870.4668420443431,898.5389178007969,920.3377252455654,936.3876518551966,834.1825547794365,853.9498310485835,988.3183717526922,846.2529135743875,0,966.7649875691665,987.2384962633582,1079.3193095311574,981.7762725080344,883.9309339985725,1005.9195742689516,1079.1690398326186,1000.3637690346013,1071.6717059037546,918.1816296615409,922.7517884135952,984.9845606481346,995.4022648217808,831.980691541818,835.425390901511,965.2487391556112,909.5049525635039,948.6764506728351,907.4555524247219,889.8216772443952,910.8885406616408,987.40014645036,1017.4304641176436,848.3690913534357,815.7582241860111,858.762549026646,743.9809082828073,885.3333282956575,1026.618348738015,976.9286502014543,810.3503378951885,952.7188580908892,956.1780817845708
Danish,768.3821438964676,822.1751292307802,844.8435683721223,940.6897734802329,871.1049192738146,955.8827491420096,1001.738097228369,976.2870350577512,966.7649875691665,0,881.4604437645609,1020.2639248972736,958.1786638599157,844.6281968519719,882.2275134422229,1073.625205459343,979.8264761966673,1050.75856950098,756.9607256544209,903.1681002648555,904.3543194786488,949.4042224116666,756.2358462772506,892.1127325059716,967.3368249628305,835.488637394479,828.8184716857605,904.9774048502617,810.5979094491425,969.9095236743885,948.6456961026533,985.0216392432375,896.9940049636577,908.9553001421951,777.4803600270762,973.8158043501415,1021.2408537356914,1015.249256144502,834.2045038733648,877.0182652586446,941.7136461312214,868.7511109567834
Dutch,631.5383451560592,819.1697181765608,872.580771358636,884.4291247882861,897.6587744123271,935.5974167502935,941.680468593385,977.0981564575065,987.2384962633582,881.4604437645609,0,975.7583914034218,935.2573645537143,845.2072335774373,799.4195702793385,1023.8861516279493,934.8787361650482,1014.5374216307792,798.331355982407,865.7901596688365,934.7330006186187,965.5366783526654,762.2085658101919,886.2274872102336,914.6344309200668,858.6354249143589,823.6964689564587,883.8301223754468,830.3892133500831,978.2090098063298,904.8804762684263,993.487940479133,918.1712454475819,898.5644782411258,807.3658159826904,951.7106004517409,1001.672158584684,967.2291564353761,863.3301567617224,905.7182949990496,912.9758762768712,911.4922049105083
English,867.6441908201946,988.0289880419127,960.7735197686229,990.7714532984864,1037.6848103699338,1000.595248741796,995.854171719794,1067.428671806506,1079.3193095311574,1020.2639248972736,975.7583914034218,0,1004.2332335290047,943.9609160494086,967.813335795191,1123.382002063105,1001.6835957283697,1069.4387973153334,956.7730286011049,950.545764389943,982.7775109400003,1092.8735242367497,858.5155088984806,994.9766627823336,975.5319951250701,955.0085107860997,968.2231347560079,980.3617590729353,938.3065235795657,1098.674382348412,1005.8322483047372,1053.3206624208995,1014.8216166902772,1001.5841749807156,934.1045824424237,1075.6934399763406,1120.0245573421607,1074.8177540866511,1005.771142983047,1009.9031523124542,992.7410768357228,950.4130000309002
French,790.9922873952399,782.1312408823328,815.1583060718553,867.3340372455478,852.849983538723,909.4311676781108,883.5035990000295,960.8161224689649,981.7762725080344,958.1786638599157,935.2573645537143,1004.2332335290047,0,780.1968145981908,913.7194027672851,1014.7972011597644,921.5600299350459,1008.7425324697222,819.8059844916705,866.7965056688537,826.7741130999949,912.1360531479171,720.7434096623481,853.6380764880291,892.3849341180513,803.4625183509403,911.215885487032,841.4036970147004,783.8060272686284,955.965963651612,878.5497939826249,898.5929818093265,867.0579340413404,873.2251102003535,745.3509936214591,964.4831551005765,989.6464020185678,934.0443670173424,898.2154785068404,856.1737864466996,887.2242161135721,844.0342292263272
Galician,657.5580835305294,624.5436445607862,716.6876582701926,768.560659197195,755.1473814160987,782.4308451377942,740.7450931347829,855.4888388700714,883.9309339985725,844.6281968519719,845.2072335774373,943.9609160494086,780.1968145981908,0,836.3196972846955,928.6793889265166,829.998582687253,914.5871665983843,687.4767041407056,737.7807780575491,705.9931790537254,806.7657588417283,645.0965457342004,749.7975459732676,797.0363007720276,703.3825649090626,817.5405736089904,741.7747904968636,674.2046096610419,902.6046428738902,673.6704361778436,794.633874079651,757.110351933475,763.0121954272197,602.1851757633297,862.5581373651384,910.8325915484162,708.020807477859,798.1510849616319,751.7629019121748,789.8171761170078,762.2881206051778
German,725.5526220764986,805.450525250987,838.6610131281933,876.8631804404978,895.5828121504622,938.6273981136926,939.8659817697966,981.8578137385841,1005.9195742689516,882.2275134422229,799.4195702793385,967.813335795191,913.7194027672851,836.3196972846955,0,1009.5625474546842,927.1280342136979,1007.8097357566332,813.466656092242,847.4378173170768,909.4911933217196,953.4493757379917,744.3545260211635,890.8534112454854,913.6112949727462,839.2701484044384,856.466257020827,858.7720585470316,811.4155749414117,982.0393188987872,928.6082908319675,955.1340555498741,911.9354321679675,898.3400686960923,803.6115396004584,953.6545217637209,995.7313159087482,977.8948569875055,848.0709876431777,901.7953489124045,894.4593005395433,888.9291194823179
Greek,935.5683879633391,920.1014150074581,921.3406090505115,962.4104364149389,978.1488903358481,997.8979846192916,1002.4422972247102,1059.7047738693457,1079.1690398326186,1073.625205459343,1023.8861516279493,1123.382002063105,1014.7972011597644,928.6793889265166,1009.5625474546842,0,1005.2886431730574,1057.1007609893866,958.2310761921352,954.9605815466823,987.0086653020196,1006.3480746412234,805.4956834086062,961.2580654786325,981.3720565746228,924.4860160526453,1015.5233743299578,955.6070545094375,906.9944272231778,1049.1476756415602,978.0179666437216,1053.2932834918684,988.1219283823904,979.5309017220908,887.8025655067948,1050.7976829624488,1100.1206867038734,1013.2315446684993,1015.3790056480234,972.737842585369,970.6120118991116,948.1237838305344
Gujarati,823.8318684851173,818.1225281133738,844.755046433692,774.2119328808953,911.5015716669761,919.5234643941532,913.6492605543447,972.8861996118505,1000.3637690346013,979.8264761966673,934.8787361650482,1001.6835957283697,921.5600299350459,829.998582687253,927.1280342136979,1005.2886431730574,0,758.4886445325593,869.4052735966983,849.3302364389286,916.9942757508225,984.4885142544938,739.0863651538857,880.4435373656828,648.4837467345892,735.616421422828,928.7102977677497,837.3901534995573,819.7922631482728,991.8687031682474,904.5721983346954,974.4338300038013,912.5736930304902,895.19092532543,777.7952144928641,966.1834936102249,1026.852466438819,952.8724806611317,922.7169616860764,891.6431726730348,782.3014101758457,870.0204265912791
Hindi,911.9557523194712,907.5921437969835,921.7722719028561,841.6708758992995,991.3564651043995,989.4692007871957,972.9491297392062,1050.262671260922,1071.6717059037546,1050.75856950098,1014.5374216307792,1069.4387973153334,1008.7425324697222,914.5871665983843,1007.8097357566332,1057.1007609893866,758.4886445325593,0,938.2976956736865,937.3474933677613,983.6022234851847,1071.0275389923738,811.910082470259,955.6137522999063,789.2544247279815,818.5338911582205,1003.3756375154845,924.1086287257626,906.4785837669199,1061.854855420794,988.1670938479475,1017.5532055312533,988.7585193929631,989.8920173439983,868.4995248678864,1041.9812600450225,1084.1971081663041,1007.8772516315918,979.8611787613144,979.6983358244593,742.2886630264452,948.3406069028234
Icelandic,627.7780314495454,672.9736754735695,750.0068973525936,793.0192250586472,793.1743494419569,840.978362461811,863.7572162397882,886.2365901374383,918.1816296615409,756.9607256544209,798.331355982407,956.7730286011049,819.8059844916705,687.4767041407056,813.466656092242,958.2310761921352,869.4052735966983,938.2976956736865,0,767.8544929632517,867.688836228427,857.0747418957479,671.0315060057966,779.6806679632894,825.468897513146,753.8327997898778,711.0318837585298,752.9969973749519,707.6558298555091,927.4176594333208,847.2288489921291,870.3828129616758,793.5706894449065,793.7595966970423,647.3236497334325,879.4983613043244,931.4494587563098,923.1873962040684,723.0207245371013,789.6515548654789,812.3572653107966,846.5645549434972
Irish,735.6918330723602,691.0669345828769,747.0991574701812,804.340357815313,805.6636879994682,872.3910248202238,888.2665144344357,911.9325821241274,922.7517884135952,903.1681002648555,865.7901596688365,950.545764389943,866.7965056688537,737.7807780575491,847.4378173170768,954.9605815466823,849.3302364389286,937.3474933677613,767.8544929632517,0,826.5950036916161,866.2435931798616,661.4460439712321,804.2440682370787,817.2226407025377,721.5388654646258,864.2869115780437,774.958064407046,717.8846593824849,909.3842207250037,819.6366932174278,886.1014591328577,823.6999321157751,820.5490799228484,666.7377828289008,898.5104401490529,960.5831839517907,897.6392726957057,837.0258523300164,811.8345881134769,825.5922864179482,757.2672555728717
Italian,803.6335184969249,828.0015202698829,924.051888465361,874.2766634714815,946.3127831352421,874.3879003077885,762.258911369663,946.7394225136654,984.9845606481346,904.3543194786488,934.7330006186187,982.7775109400003,826.7741130999949,705.9931790537254,909.4911933217196,987.0086653020196,916.9942757508225,983.6022234851847,867.688836228427,826.5950036916161,0,993.5603242112549,843.9662465169746,879.7660567162595,881.2192169386198,892.395743258845,876.6906048063187,849.1642113102461,872.1230340773099,1045.6830643223957,809.5501835195819,854.6230845012966,907.8857664429983,898.4141818927455,832.8494029729347,935.3085568465923,982.6656522077999,832.9290327235268,899.4038732705867,910.7599330039718,888.2484574597798,908.5021393857196
Latvian,792.3777291810933,804.0824271248902,877.8070986598028,893.9802930812867,851.5402082888822,924.398386811083,976.4178113442547,987.2332969409548,995.4022648217808,949.4042224116666,965.5366783526654,1092.8735242367497,912.1360531479171,806.7657588417283,953.4493757379917,1006.3480746412234,984.4885142544938,1071.0275389923738,857.0747418957479,866.2435931798616,993.5603242112549,0,733.3431908152827,867.3848996789925,943.5747272328326,887.692803198693,887.5170962978478,850.5494732103664,843.7892440661421,985.2613180457731,962.7012662772893,984.1216200163101,853.7961125716214,876.2825711030839,815.9819483125603,927.5933961045823,972.6174550161138,1048.8899371462603,940.849349746549,877.6430323651996,929.8957173782345,1006.9603393953588
Lithuanian,619.0898123516774,633.5087478099584,751.7570387437152,689.1466823223516,766.3264186948923,734.1084668068048,751.2848183922097,762.1346799674216,831.980691541818,756.2358462772506,762.2085658101919,858.5155088984806,720.7434096623481,645.0965457342004,744.3545260211635,805.4956834086062,739.0863651538857,811.910082470259,671.0315060057966,661.4460439712321,843.9662465169746,733.3431908152827,0,700.8213258317884,713.0554647752074,701.2815518627251,695.9578421318242,661.051981985957,708.7052043897535,877.552340481212,746.5313455063566,785.955375697734,727.3790584213385,699.5138934632133,655.0886500987712,743.0940147853668,812.0558281097041,802.3832658557043,719.7049131344119,728.2114395453872,712.4872793680523,854.6932087873639
Macedonian,733.1718650588845,728.2181156108952,802.4058215552685,826.1539844905882,622.0647591586676,675.1124679965186,886.656117942629,723.0704800549555,835.425390901511,892.1127325059716,886.2274872102336,994.9766627823336,853.6380764880291,749.7975459732676,890.8534112454854,961.2580654786325,880.4435373656828,955.6137522999063,779.6806679632894,804.2440682370787,879.7660567162595,867.3848996789925,700.8213258317884,0,848.0610094170581,786.2633886292145,833.4191920538076,787.095581745836,768.3262409562985,858.5915934941669,867.2969329379863,913.2201336912221,699.1972733195385,579.2485538095102,708.895429693926,762.0217588499592,827.6741560661278,927.0608673189711,854.2059035394172,696.072077904013,838.334970497538,869.843876896017
Marathi,787.6944085166201,769.3672167818913,801.0890554559597,758.7990895444667,867.1912614191539,889.654264898358,897.5873281360045,941.814377689772,965.2487391556112,967.3368249628305,914.6344309200668,975.5319951250701,892.3849341180513,797.0363007720276,913.6112949727462,981.3720565746228,648.4837467345892,789.2544247279815,825.468897513146,817.2226407025377,881.2192169386198,943.5747272328326,713.0554647752074,848.0610094170581,0,716.668550864902,911.8667909121144,821.0163077173873,779.0619428350874,962.9371391465985,873.3201149223285,943.9014518519857,863.4050457434415,859.4847804666043,722.0831700146138,941.472850114975,1006.3957994825222,921.1917756203077,900.68230322358,855.3978842309641,778.4595295178289,828.6063579353957
Nepali,670.4776897589368,668.3504824444512,773.6515348291799,662.8386597475951,825.7473746175907,848.0712863345063,860.9163620619282,887.4487263747576,909.5049525635039,835.488637394479,858.6354249143589,955.0085107860997,803.4625183509403,703.3825649090626,839.2701484044384,924.4860160526453,735.616421422828,818.5338911582205,753.8327997898778,721.5388654646258,892.395743258845,887.692803198693,701.2815518627251,786.2633886292145,716.668550864902,0,784.237516764871,702.0384043320906,726.2570955534259,943.6713518084737,829.3760268069759,884.9680053161236,820.8610661756692,798.4509548065115,660.5703319649505,856.6954819641643,923.7731403332731,907.6476969506961,815.092808836452,810.4744027707309,706.116026396451,852.4449805969599
Norwegian,699.5842157956573,772.5615120222641,789.0107592013478,875.6377456621547,800.9573639677233,907.6382471392761,944.6739929747732,935.8978336550194,948.6764506728351,828.8184716857605,823.6964689564587,968.2231347560079,911.215885487032,817.5405736089904,856.466257020827,1015.5233743299578,928.7102977677497,1003.3756375154845,711.0318837585298,864.2869115780437,876.6906048063187,887.5170962978478,695.9578421318242,833.4191920538076,911.8667909121144,784.237516764871,0,860.8632087207452,758.959624350343,918.3233203711021,884.5133197102556,945.8252263844852,848.7914106070509,836.8885005519367,728.3119464625299,928.6035867640863,979.5013496951693,947.1069068541502,703.7427047519533,834.6998763189731,881.9345642243784,848.9620979454227
Pashto,704.331462378286,668.9523248459424,726.9129479876174,793.7187469728871,783.2848893007557,847.053349737805,908.6493563115545,882.1619519101336,907.4555524247219,904.9774048502617,883.8301223754468,980.3617590729353,841.4036970147004,741.7747904968636,858.7720585470316,955.6070545094375,837.3901534995573,924.1086287257626,752.9969973749519,774.958064407046,849.1642113102461,850.5494732103664,661.051981985957,787.095581745836,821.0163077173873,702.0384043320906,860.8632087207452,0,646.0798812411036,912.8719185235161,850.803187112575,874.0945085455874,787.8670674487263,802.743384165549,644.4586360161247,883.4466507807133,934.2671085197013,941.7863519517881,843.516857603964,787.7759038440953,780.7381532061872,804.6014249462515
Persian,654.8850771651918,642.8121639857953,743.9047326756736,745.0455203267146,795.5538333789023,816.3864484398301,834.6865755231704,858.931337875098,889.8216772443952,810.5979094491425,830.3892133500831,938.3065235795657,783.8060272686284,674.2046096610419,811.4155749414117,906.9944272231778,819.7922631482728,906.4785837669199,707.6558298555091,717.8846593824849,872.1230340773099,843.7892440661421,708.7052043897535,768.3262409562985,779.0619428350874,726.2570955534259,758.959624350343,646.0798812411036,0,927.9764888723316,814.5343609236655,843.7715608415288,780.2909365245987,776.1906854290702,669.2798741167735,831.4282725483995,898.8086164133008,881.0412484358094,788.7198097092912,783.4392587785514,746.7554878723579,840.9504572077095
Polish,866.6955324181275,890.8599070899278,967.3126708844082,918.5562122857947,858.0068572377703,882.3915078194599,987.8600568752412,906.4239135534654,910.8885406616408,969.9095236743885,978.2090098063298,1098.674382348412,955.965963651612,902.6046428738902,982.0393188987872,1049.1476756415602,991.8687031682474,1061.854855420794,927.4176594333208,909.3842207250037,1045.6830643223957,985.2613180457731,877.552340481212,858.5915934941669,962.9371391465985,943.6713518084737,918.3233203711021,912.8719185235161,927.9764888723316,0,958.9446614884554,1023.307017615065,860.3884289454757,831.7739597359721,913.3433266138528,777.7889442319196,922.5280742296352,1031.291461582307,964.2912725997064,829.2066825160224,961.4558512130747,1038.0850291340325
Portuguese,800.1409002155244,791.1300590580526,841.958423608883,845.7190265890578,895.8691323389105,921.7763837717777,764.6461920947983,973.7009365562699,987.40014645036,948.6456961026533,904.8804762684263,1005.8322483047372,878.5497939826249,673.6704361778436,928.6082908319675,978.0179666437216,904.5721983346954,988.1670938479475,847.2288489921291,819.6366932174278,809.5501835195819,962.7012662772893,746.5313455063566,867.2969329379863,873.3201149223285,829.3760268069759,884.5133197102556,850.803187112575,814.5343609236655,958.9446614884554,0,919.7705959801643,899.182802919336,880.0460884447555,787.7251435810176,934.0295173038835,994.2823562834633,746.7094675054949,905.0204822622107,868.7044450095989,876.2057551524449,878.2220959908523
Romanian,824.0554694236314,835.3197731810099,874.937886320504,913.6361766743121,925.9941367470011,941.0090439799599,917.6800512316346,996.9078926559442,1017.4304641176436,985.0216392432375,993.487940479133,1053.3206624208995,898.5929818093265,794.633874079651,955.1340555498741,1053.2932834918684,974.4338300038013,1017.5532055312533,870.3828129616758,886.1014591328577,854.6230845012966,984.1216200163101,785.955375697734,913.2201336912221,943.9014518519857,884.9680053161236,945.8252263844852,874.0945085455874,843.7715608415288,1023.307017615065,919.7705959801643,0,917.2454857979806,929.4624726477314,813.3489553945152,999.6140982062117,1046.2302477614596,983.3222322214262,954.7030517849668,924.0745296009875,924.624095045247,912.0506685838891
Russian,741.8630497302458,734.4410153640109,821.2229890822173,847.159585348773,693.6308942979082,769.3778337082009,907.6394043183358,801.3167359523188,848.3690913534357,896.9940049636577,918.1712454475819,1014.8216166902772,867.0579340413404,757.110351933475,911.9354321679675,988.1219283823904,912.5736930304902,988.7585193929631,793.5706894449065,823.6999321157751,907.8857664429983,853.7961125716214,727.3790584213385,699.1972733195385,863.4050457434415,820.8610661756692,848.7914106070509,787.8670674487263,780.2909365245987,860.3884289454757,899.182802919336,917.2454857979806,0,698.6101239183588,723.6293123543533,788.0715877081376,861.4295348106826,964.9963243346486,866.2774649669469,660.0010552771995,872.2719155979777,905.8138120573806
Serbian,737.7352599938706,743.1679246758653,809.1544024792678,839.9558336609463,514.6406846301576,725.5929296386333,904.5226425263712,625.2529346313551,815.7582241860111,908.9553001421951,898.5644782411258,1001.5841749807156,873.2251102003535,763.0121954272197,898.3400686960923,979.5309017220908,895.19092532543,989.8920173439983,793.7595966970423,820.5490799228484,898.4141818927455,876.2825711030839,699.5138934632133,579.2485538095102,859.4847804666043,798.4509548065115,836.8885005519367,802.743384165549,776.1906854290702,831.7739597359721,880.0460884447555,929.4624726477314,698.6101239183588,0,738.1419270317359,735.454759189677,788.7931249316968,944.6066435968593,868.8092414725727,692.2175736162029,857.0181775012501,880.76859380348
Sinhala,603.7896369286897,548.7716348486167,712.694808389879,700.0077208118496,752.1002911529446,770.9088731689194,801.6611582747927,835.1931360012675,858.762549026646,777.4803600270762,807.3658159826904,934.1045824424237,745.3509936214591,602.1851757633297,803.6115396004584,887.8025655067948,777.7952144928641,868.4995248678864,647.3236497334325,666.7377828289008,832.8494029729347,815.9819483125603,655.0886500987712,708.895429693926,722.0831700146138,660.5703319649505,728.3119464625299,644.4586360161247,669.2798741167735,913.3433266138528,787.7251435810176,813.3489553945152,723.6293123543533,738.1419270317359,0,814.2229164872987,880.0345916580669,845.1377709943405,747.6964979265226,735.8667254307824,739.4174980514194,808.9224176647667
Slovak,829.8535442429936,833.8685186915692,857.0146351225593,907.3789309365228,728.087729291956,827.0911476796012,981.3719694669087,792.5042749402866,743.9809082828073,973.8158043501415,951.7106004517409,1075.6934399763406,964.4831551005765,862.5581373651384,953.6545217637209,1050.7976829624488,966.1834936102249,1041.9812600450225,879.4983613043244,898.5104401490529,935.3085568465923,927.5933961045823,743.0940147853668,762.0217588499592,941.472850114975,856.6954819641643,928.6035867640863,883.4466507807133,831.4282725483995,777.7889442319196,934.0295173038835,999.6140982062117,788.0715877081376,735.454759189677,814.2229164872987,0,859.2173925479609,1007.2826845418144,940.5399819439451,746.2637009013964,922.1585167906666,913.1273537027938
Slovenian,889.6220858987967,909.1880545753248,930.230335812682,995.8620539780699,786.2027964172497,864.7490187242207,1041.4686982182172,820.8585101187439,885.3333282956575,1021.2408537356914,1001.672158584684,1120.0245573421607,989.6464020185678,910.8325915484162,995.7313159087482,1100.1206867038734,1026.852466438819,1084.1971081663041,931.4494587563098,960.5831839517907,982.6656522077999,972.6174550161138,812.0558281097041,827.6741560661278,1006.3957994825222,923.7731403332731,979.5013496951693,934.2671085197013,898.8086164133008,922.5280742296352,994.2823562834633,1046.2302477614596,861.4295348106826,788.7931249316968,880.0345916580669,859.2173925479609,0,1058.212783016428,1012.4273219384094,858.2375991961287,983.8163788788273,965.2609791481115
Spanish,892.8919668164039,888.7520627083522,928.4980313352368,910.4886435055776,954.8488099422232,955.5019527080556,788.8501175220662,1012.2385342899483,1026.618348738015,1015.249256144502,967.2291564353761,1074.8177540866511,934.0443670173424,708.020807477859,977.8948569875055,1013.2315446684993,952.8724806611317,1007.8772516315918,923.1873962040684,897.6392726957057,832.9290327235268,1048.8899371462603,802.3832658557043,927.0608673189711,921.1917756203077,907.6476969506961,947.1069068541502,941.7863519517881,881.0412484358094,1031.291461582307,746.7094675054949,983.3222322214262,964.9963243346486,944.6066435968593,845.1377709943405,1007.2826845418144,1058.212783016428,0,990.5206527621733,934.9004956390895,943.5112365583396,912.2517925381719
Swedish,707.6310740431445,788.0514647594391,812.9866176642427,869.9254905111052,861.8025099601233,907.0201151526079,927.8512276533494,955.6229407136472,976.9286502014543,834.2045038733648,863.3301567617224,1005.771142983047,898.2154785068404,798.1510849616319,848.0709876431777,1015.3790056480234,922.7169616860764,979.8611787613144,723.0207245371013,837.0258523300164,899.4038732705867,940.849349746549,719.7049131344119,854.2059035394172,900.68230322358,815.092808836452,703.7427047519533,843.516857603964,788.7198097092912,964.2912725997064,905.0204822622107,954.7030517849668,866.2774649669469,868.8092414725727,747.6964979265226,940.5399819439451,1012.4273219384094,990.5206527621733,0,872.2292578182926,883.440845556374,881.984145200506
Ukrainian,736.4621978892675,734.2558568013526,823.6054426608994,833.9004568081314,699.1373803483141,776.0875676694968,895.5763505628961,783.9841305762312,810.3503378951885,877.0182652586446,905.7182949990496,1009.9031523124542,856.1737864466996,751.7629019121748,901.7953489124045,972.737842585369,891.6431726730348,979.6983358244593,789.6515548654789,811.8345881134769,910.7599330039718,877.6430323651996,728.2114395453872,696.072077904013,855.3978842309641,810.4744027707309,834.6998763189731,787.7759038440953,783.4392587785514,829.2066825160224,868.7044450095989,924.0745296009875,660.0010552771995,692.2175736162029,735.8667254307824,746.2637009013964,858.2375991961287,934.9004956390895,872.2292578182926,0,853.5748481584825,892.1985173524947
Urdu,773.0403222336307,756.4509633677222,804.0964956429445,747.8353147493985,857.381364628611,881.7609104198024,907.795221790182,938.8298725514595,952.7188580908892,941.7136461312214,912.9758762768712,992.7410768357228,887.2242161135721,789.8171761170078,894.4593005395433,970.6120118991116,782.3014101758457,742.2886630264452,812.3572653107966,825.5922864179482,888.2484574597798,929.8957173782345,712.4872793680523,838.334970497538,778.4595295178289,706.116026396451,881.9345642243784,780.7381532061872,746.7554878723579,961.4558512130747,876.2057551524449,924.624095045247,872.2719155979777,857.0181775012501,739.4174980514194,922.1585167906666,983.8163788788273,943.5112365583396,883.440845556374,853.5748481584825,0,854.7813779674293
Welsh,774.6229633181687,796.7068131429963,897.2674778404534,837.9518428759911,956.0288457607137,854.2045983632735,859.272748884302,926.837663717969,956.1780817845708,868.7511109567834,911.4922049105083,950.4130000309002,844.0342292263272,762.2881206051778,888.9291194823179,948.1237838305344,870.0204265912791,948.3406069028234,846.5645549434972,757.2672555728717,908.5021393857196,1006.9603393953588,854.6932087873639,869.843876896017,828.6063579353957,852.4449805969599,848.9620979454227,804.6014249462515,840.9504572077095,1038.0850291340325,878.2220959908523,912.0506685838891,905.8138120573806,880.76859380348,808.9224176647667,913.1273537027938,965.2609791481115,912.2517925381719,881.984145200506,892.1985173524947,854.7813779674293,0
