,Afrikaans,Albanian,Armenian,Bengali,Bosnian,Bulgarian,Catalan,Croatian,Czech,Danish,Dutch,English,French,Galician,German,Greek,Gujarati,Hindi,Icelandic,Irish,Italian,Latvian,Lithuanian,Macedonian,Marathi,Nepali,Norwegian,Pashto,Persian,Polish,Portuguese,Romanian,Russian,Serbian,Sinhala,Slovak,Slovenian,Spanish,Swedish,Ukrainian,Urdu,Welsh
Afrikaans,0,8.130501872593989,9.003427528453498,8.18475220036631,8.434849973798658,7.984084373670885,8.020137610933434,7.84600516342795,8.261538891110703,6.610597006835355,5.686471654565617,7.247258490438556,7.729037547465477,7.380187079708555,7.2236708683553195,8.343191473348035,8.352768914657561,8.506108876409252,7.098064612282407,7.541690806046494,9.095834824859578,8.724325595471313,10.31310423642146,7.846624201433297,7.927072403854601,8.310509767365174,6.655020525258442,7.570046711410293,8.656812266494061,9.357302316320071,7.869440920527111,8.270611550278309,8.092339222429366,7.719857157122645,8.19557995608717,7.975316188178979,7.9820757188771205,8.21681554183364,7.079515267480116,8.12425125989971,8.130749533349277,9.221878983530369
Albanian,8.130501872593989,0,9.181464546351396,8.183639467159944,8.908864658539995,8.342667649780418,8.384949165512639,8.122145132813728,8.754606421459536,8.298924427763883,8.637859850454852,9.160228046779489,7.889912241251726,7.606228006352179,8.975837204002179,8.498911057555464,8.477277230213144,8.414303619779812,8.591727213738725,8.059134480634174,9.261627718205126,9.347095267982963,10.458035465064285,8.164323495992981,7.96165985668075,8.05674609736058,8.33675719504291,7.76487735724414,8.935567163876463,9.778115607420371,8.34943916653881,8.373632515538608,8.415727112365998,8.142520495423227,7.5658087030921495,8.343917171835837,8.566556371558885,8.42414363308826,8.548700028127408,8.289157362915654,8.089323673827147,9.581706872717678
Armenian,9.003427528453498,9.181464546351396,0,9.369251449919021,9.499144954782077,9.260092306996203,9.333117797673294,8.913970102616734,9.51727287777051,9.347339920936545,9.479604103452516,9.79094659873681,9.240005193570978,8.827460858758611,9.374459630967957,9.023407855744226,9.563309031442053,9.620948016845684,8.963110190022169,8.980364998042038,9.839790427845868,9.76659258556099,10.627812361234076,9.109607648245579,9.302109670154323,9.408108274270884,9.265944305098817,8.853805698316647,9.306147768866841,10.346679436697736,9.260373453993303,9.164545112307795,9.33931777961853,9.103119916296919,9.074332714122818,9.227556053292359,9.461324769046236,9.359121311025856,9.27054030570784,9.261511810320696,9.324197706765187,9.714213914576316
Bengali,8.18475220036631,8.183639467159944,9.369251449919021,0,8.867638774439055,8.190813547290324,8.272059248022382,8.178371888758551,8.76208559412638,8.333513397699267,8.619003296636556,8.900620913929771,8.063570040944784,7.80877110016869,8.93154210771125,8.34850239664683,6.865697206633184,6.798515914209488,8.631506492649471,8.063920498747223,9.136562779108223,9.333572691965221,10.435713178570865,8.133205785103526,6.84949305627397,6.863513321943296,8.348759225447823,7.785926871873583,8.946094310470153,9.519375468950381,8.32923129206328,8.453209196799627,8.506509907779156,8.12380399690372,7.827820038844257,8.436445480662684,8.397847831770274,8.224107219271016,8.461292559716552,8.413356700583963,6.994630448563275,9.5704125364441
Bosnian,8.434849973798658,8.908864658539995,9.499144954782077,8.867638774439055,0,6.81372324340845,8.862844767397043,5.259039454706902,7.582608869917044,8.757482525512462,9.005537335769784,9.460205368560365,8.665848725024079,8.350727399340533,9.161735166404783,8.852326234209619,9.203068530928798,9.192362213559047,8.588501276679818,8.889912121245043,9.148084939214804,8.891705870790435,9.895014263184853,6.017817426123249,8.91471971295764,9.078205156015093,8.571334198439873,8.733604051671351,9.24306523558956,7.900563547496481,8.770477335995784,8.566486446279065,6.8606800406606725,4.576386277004602,8.851033835942337,6.93385262611316,6.938694672648379,8.755845543719044,8.793088754617662,6.7542684691722386,8.88401872137107,9.785891769219491
Bulgarian,7.984084373670885,8.342667649780418,9.260092306996203,8.190813547290324,6.81372324340845,0,8.008530300472712,5.881487912515968,7.240452805808776,8.002812217248783,8.38068207242766,8.686398361176806,7.942661201640778,7.6323404490770494,8.642677012231722,8.11295684064135,8.459605198275888,8.374161961255599,8.376721002377007,8.053894984802476,8.476964464853241,9.05673487957923,9.911629581214987,5.885763338217421,8.117152046240479,8.452674187657282,8.120820182716734,8.059404712875807,8.864375118337682,8.094793746042729,8.113216301964973,8.101425127542964,7.062613890391258,6.2819606409672115,8.248871629258598,6.876994321572581,6.9139305251615015,7.853065387818803,8.27236398556702,6.965294169909089,8.161019745953517,8.911531379388125
Catalan,8.020137610933434,8.384949165512639,9.333117797673294,8.272059248022382,8.862844767397043,8.008530300472712,0,7.906873970515867,8.781778669810612,8.062358710055396,8.386172999451906,8.468648031758203,7.2029318931078405,6.22495793496383,8.691506285954107,8.092877066953173,8.448044884890875,8.472053987559152,8.509082148204426,7.848490183400424,7.6581822905295125,9.51383866070298,10.528198661508414,8.230068962518565,8.072065818163292,8.545343789055504,8.062924362542775,8.112603705720066,9.09072421702851,9.542206928423596,6.845744135643005,7.479372561802148,8.5962178217354,8.206104716637398,8.390532990984545,8.245939605278906,8.186563193241263,6.27522700646446,8.239006099111599,8.421835469250217,8.411528486509212,9.173469265574083
Croatian,7.84600516342795,8.122145132813728,8.913970102616734,8.178371888758551,5.259039454706902,5.881487912515968,7.906873970515867,0,6.869683054132192,7.873759122694546,8.309896577557321,8.657333847718164,7.784860498873505,7.504239672461851,8.50245419377429,8.016228308449506,8.390737955203182,8.320666059292302,8.178586484157135,7.963641911053822,8.278429924452727,8.866842479319638,9.591416898491714,6.007924812791295,8.03091564209874,8.314265050930748,8.011012431505536,7.8140822194605155,8.601908843176428,7.683109133231116,8.117129070801933,7.790256316196755,6.761192382129367,4.819273560326322,8.013184289596039,6.401910612495679,6.178411256447162,7.896372457348492,8.178538864035003,6.561816595816199,8.170501569582768,8.88829029772052
Czech,8.261538891110703,8.754606421459536,9.51727287777051,8.76208559412638,7.582608869917044,7.240452805808776,8.781778669810612,6.869683054132192,0,8.268302928464566,8.741791902953016,9.081758307106272,8.329235964863305,8.241078263568152,9.071759818207145,8.859385245051069,9.086875080277736,9.087937235465487,8.656118455005576,8.409838477698713,9.313515315920023,9.090210879228344,10.312684697960773,7.424187944228443,8.736091565112538,8.91546839579687,8.456013601239677,8.49275432691614,9.277705994079733,7.817017773066909,8.606467145117072,8.652179500154702,7.2774598919062665,7.013209137409904,8.76622528947911,5.689479403943288,7.59331444144292,8.639223717389795,8.8423836648297,7.171214849706341,8.626035164993928,9.501620107236926
Danish,6.610597006835355,8.298924427763883,9.347339920936545,8.333513397699267,8.757482525512462,8.002812217248783,8.062358710055396,7.873759122694546,8.268302928464566,0,7.4271987261420085,7.367133308164784,7.572574497423684,7.501224942560852,7.231571837278892,8.328691574284745,8.43673564191381,8.548388470615695,6.9017645607297675,7.355651570727532,8.945193070819792,9.189529682252456,10.664444146823895,8.164429784677464,8.033087869480683,8.267757394083567,5.935439302248146,7.72775579838394,8.808232676157907,9.545380255799424,8.1250912198404,8.196343511272994,8.368022266241423,8.087434958055347,8.259329113929743,8.002352253771766,7.9470551098522595,8.260594621426627,6.617913064070119,8.329619707217677,8.181625510707551,9.046048206701041
Dutch,5.686471654565617,8.637859850454852,9.479604103452516,8.619003296636556,9.005537335769784,8.38068207242766,8.386172999451906,8.309896577557321,8.741791902953016,7.4271987261420085,0,7.604375364647306,8.19637766831184,8.123126768181145,7.033143759563816,8.548851573674549,8.65731367829838,8.768631403058896,7.77196998143039,8.096849335702945,9.333173676932962,9.302125681358508,10.71973261516528,8.428101817105786,8.343976537960607,8.827245251195006,7.351948860022846,8.276381367522925,9.065375891772634,9.692761602859234,8.284511709336016,8.71915662351891,8.773456448698534,8.42650751305863,8.766163837686094,8.595407722317326,8.535314938991887,8.5336398501037,7.613238428404728,8.768159737158731,8.529833027322566,9.451123277144848
English,7.247258490438556,9.160228046779489,9.79094659873681,8.900620913929771,9.460205368560365,8.686398361176806,8.468648031758203,8.657333847718164,9.081758307106272,7.367133308164784,7.604375364647306,0,8.447296405256953,8.410376308837725,8.011862288547105,9.026186655070548,8.938027891480226,9.255856145441939,8.280768614790746,8.113926629613209,9.469219056543983,9.75686081446238,11.10145589242886,8.979116842049173,8.721769548152462,9.072980650085396,7.6762078263789135,8.803869037502515,9.532551941814969,10.046688295602069,8.593510155553963,8.987536479849886,9.173449118983529,8.862922609956085,9.353759707156208,8.822534611062105,8.798536531799476,8.76071589941381,7.8999787449836925,9.130075294106868,8.858934490207325,9.355302902366004
French,7.729037547465477,7.889912241251726,9.240005193570978,8.063570040944784,8.665848725024079,7.942661201640778,7.2029318931078405,7.784860498873505,8.329235964863305,7.572574497423684,8.19637766831184,8.447296405256953,0,6.847525132048203,8.416785871401105,8.095637357960333,8.369763817510577,8.403515462316113,8.252420000674634,7.52582805566919,8.025148422686186,9.122458260822254,10.428301922686618,8.075101717260004,7.89480789627607,8.256152708487907,7.850463485266528,7.668049537994924,8.741283628892413,9.380535589955224,7.371407482415192,7.707994538963197,8.323638906118031,7.973829625204723,8.194092546484917,8.044057016629322,8.074450051020206,7.486476465786281,8.226661096631002,8.21044008913289,8.08704066647042,9.053525387991122
Galician,7.380187079708555,7.606228006352179,8.827460858758611,7.80877110016869,8.350727399340533,7.6323404490770494,6.22495793496383,7.504239672461851,8.241078263568152,7.501224942560852,8.123126768181145,8.410376308837725,6.847525132048203,0,8.392520016945106,7.954833201642641,8.118235714978251,8.229633249089833,7.793076838450176,7.3839611858673395,7.4763184210973215,8.892232924961121,10.146168189745937,7.638042747343674,7.652653050168131,7.89199904877309,7.51840031432533,7.4873644314678405,8.483103233696264,9.276704277311625,5.957986406020174,7.265348829381374,8.005053144520021,7.63677912088564,7.560092408034951,7.780196968381566,7.857465977950468,5.343190843719007,7.792170281624674,7.920356566866724,7.901792224164862,8.883695859856164
German,7.2236708683553195,8.975837204002179,9.374459630967957,8.93154210771125,9.161735166404783,8.642677012231722,8.691506285954107,8.50245419377429,9.071759818207145,7.231571837278892,7.033143759563816,8.011862288547105,8.416785871401105,8.392520016945106,0,8.518619454421065,8.980650381440322,9.05669547993014,7.939206448667405,8.263572925197053,9.133913513300975,9.618852025672993,10.8256232566463,8.828321445500348,8.75009830630275,8.959616464716177,7.83429298213959,8.626909255714004,9.190210323472153,9.910119970222523,8.781202717104485,8.711813198295204,9.160472926291344,8.74612921386685,9.11384152783709,8.794599004975053,8.73870281570194,8.729586011772378,7.635565678751037,8.997544683663172,8.89831681334575,9.40789011845264
Greek,8.343191473348035,8.498911057555464,9.023407855744226,8.34850239664683,8.852326234209619,8.11295684064135,8.092877066953173,8.016228308449506,8.859385245051069,8.328691574284745,8.548851573674549,9.026186655070548,8.095637357960333,7.954833201642641,8.518619454421065,0,8.491646399540674,8.492048370137931,8.345003380845355,8.22269658908746,8.613751331872637,9.124899933844821,10.008291684955344,8.354629341842037,8.364039177715304,8.394703107954495,8.525564980267477,8.203340957664961,9.001409921869433,9.527049563436192,8.342436139135165,8.088696729867825,8.49995105419109,8.374454773199023,8.507537071782854,8.459928044305656,8.474329369267574,8.052462987824713,8.5902507119883,8.303093258623326,8.471023355117543,9.07701675792579
Gujarati,8.352768914657561,8.477277230213144,9.563309031442053,6.865697206633184,9.203068530928798,8.459605198275888,8.448044884890875,8.390737955203182,9.086875080277736,8.43673564191381,8.65731367829838,8.938027891480226,8.369763817510577,8.118235714978251,8.980650381440322,8.491646399540674,0,6.382579133839465,8.813895315690033,8.224923995578587,9.430448180299035,9.808894068344769,10.642780532166329,8.478899855723117,5.846720279184354,7.08995807651337,8.499192977910122,7.90360608446604,9.178406701421904,9.941088438370064,8.725460644240314,8.746840996643316,8.985306605635767,8.54554381551258,8.272351417259065,8.699982928733828,8.730893259839108,8.425932162880729,8.548340245812634,8.769084564753406,7.065492287853379,9.691714193735933
Hindi,8.506108876409252,8.414303619779812,9.620948016845684,6.798515914209488,9.192362213559047,8.374161961255599,8.472053987559152,8.320666059292302,9.087937235465487,8.548388470615695,8.768631403058896,9.255856145441939,8.403515462316113,8.229633249089833,9.05669547993014,8.492048370137931,6.382579133839465,0,8.865456507858735,8.262141073554854,9.378201713863257,9.88646291795544,10.672359447061433,8.34684509431555,6.589979360744726,7.008518309097123,8.580294530400858,7.8189922592005585,8.993551327166074,9.771772104109544,8.623260591945218,8.539066079763543,8.94155739979328,8.489182401897962,8.06826780133327,8.65990825907467,8.803633870750415,8.398943610964016,8.565072694550494,8.650541044187296,5.9098392935531265,9.753471517231665
Icelandic,7.098064612282407,8.591727213738725,8.963110190022169,8.631506492649471,8.588501276679818,8.376721002377007,8.509082148204426,8.178586484157135,8.656118455005576,6.9017645607297675,7.77196998143039,8.280768614790746,8.252420000674634,7.793076838450176,7.939206448667405,8.345003380845355,8.813895315690033,8.865456507858735,0,8.12219947626107,9.162612993878554,8.737908314466175,9.97062364860175,8.218849861700956,8.48347187393023,8.790519190944634,6.898223380363003,8.275039919054507,8.80298880062929,9.526594761806528,8.42779935355398,8.426431943767728,8.304034342414923,8.097501468992819,8.421038434097543,8.41186872477297,8.512331933434307,8.529430455908948,7.090694319136816,8.281705476867367,8.608887556857558,9.404504478641298
Irish,7.541690806046494,8.059134480634174,8.980364998042038,8.063920498747223,8.889912121245043,8.053894984802476,7.848490183400424,7.963641911053822,8.409838477698713,7.355651570727532,8.096849335702945,8.113926629613209,7.52582805566919,7.3839611858673395,8.263572925197053,8.22269658908746,8.224923995578587,8.262141073554854,8.12219947626107,0,9.040208271183035,9.346938800918492,10.779983292999736,8.064214211040937,7.712721931176555,8.20725572617616,7.7963009791997475,7.425580780809711,8.785981806800804,9.561807499981777,7.685992266454909,8.148071760279855,8.388583594063194,8.224536432755833,8.10082332119052,8.032736142516683,8.142663519696393,7.7939719337242845,8.032013833598421,8.385904549583847,7.950882510708746,8.74318651864558
Italian,9.095834824859578,9.261627718205126,9.839790427845868,9.136562779108223,9.148084939214804,8.476964464853241,7.6581822905295125,8.278429924452727,9.313515315920023,8.945193070819792,9.333173676932962,9.469219056543983,8.025148422686186,7.4763184210973215,9.133913513300975,8.613751331872637,9.430448180299035,9.378201713863257,9.162612993878554,9.040208271183035,0,10.117025882214996,10.698677399776225,8.852314904373753,9.161564726985672,9.209523022471137,9.1167357791737,9.142636890455027,9.587774395805319,9.679398417664721,8.019351450178462,7.714559623734664,9.043218835520923,8.718934200443007,9.383076783485018,8.822874046273585,8.896179955094594,7.428822762825206,9.06262194390857,8.880733771508275,9.415109754234576,9.213878230273416
Latvian,8.724325595471313,9.347095267982963,9.76659258556099,9.333572691965221,8.891705870790435,9.05673487957923,9.51383866070298,8.866842479319638,9.090210879228344,9.189529682252456,9.302125681358508,9.75686081446238,9.122458260822254,8.892232924961121,9.618852025672993,9.124899933844821,9.808894068344769,9.88646291795544,8.737908314466175,9.346938800918492,10.117025882214996,0,9.124445862683269,8.764098702778078,9.415346272391986,9.767757511899424,8.95208191286146,9.231196463689985,9.922633906620165,9.652878749778909,9.073106777577252,9.392658621064365,8.546700541476275,8.534889371458219,9.593649069584256,8.7424702243007,8.93616554372314,9.68728696332178,9.192635180606676,8.853632256781921,9.393941991529145,10.329706611441953
Lithuanian,10.31310423642146,10.458035465064285,10.627812361234076,10.435713178570865,9.895014263184853,9.911629581214987,10.528198661508414,9.591416898491714,10.312684697960773,10.664444146823895,10.71973261516528,11.10145589242886,10.428301922686618,10.146168189745937,10.8256232566463,10.008291684955344,10.642780532166329,10.672359447061433,9.97062364860175,10.779983292999736,10.698677399776225,9.124445862683269,0,9.77344110896567,10.559334542606175,10.4461698051694,10.395636180299958,10.35502499770961,10.706640701315512,10.777873206021177,10.675338230932628,10.258532558165092,9.78932352442763,9.55460247418312,10.241420591019947,10.205034015523358,10.253050258730669,10.480961804926377,10.32399256673214,9.708589847885658,10.556109941607218,11.034465996677094
Macedonian,7.846624201433297,8.164323495992981,9.109607648245579,8.133205785103526,6.017817426123249,5.885763338217421,8.230068962518565,6.007924812791295,7.424187944228443,8.164429784677464,8.428101817105786,8.979116842049173,8.075101717260004,7.638042747343674,8.828321445500348,8.354629341842037,8.478899855723117,8.34684509431555,8.218849861700956,8.064214211040937,8.852314904373753,8.764098702778078,9.77344110896567,0,8.148282898124428,8.373413978609191,8.090849637298364,7.882492834093156,8.814474502584604,8.088491242158124,8.23455791144263,8.165991993058846,6.720396998821187,5.284536237088909,8.106422084849099,6.876702336413452,6.95950183752836,8.18028439633353,8.322287304121646,6.620035313427627,8.1198061885548,9.488542822930574
Marathi,7.927072403854601,7.96165985668075,9.302109670154323,6.84949305627397,8.91471971295764,8.117152046240479,8.072065818163292,8.03091564209874,8.736091565112538,8.033087869480683,8.343976537960607,8.721769548152462,7.89480789627607,7.652653050168131,8.75009830630275,8.364039177715304,5.846720279184354,6.589979360744726,8.48347187393023,7.712721931176555,9.161564726985672,9.415346272391986,10.559334542606175,8.148282898124428,0,7.146803913626569,8.08941248678497,7.504111169950596,9.034124453560874,9.604616628203955,8.201532340586787,8.38138701150801,8.480516019077646,8.140243930945257,7.8230738470097485,8.264169663405031,8.328635683572783,8.033391859408553,8.22363351793184,8.42097665119734,7.019393666730997,9.363256777656058
Nepali,8.310509767365174,8.05674609736058,9.408108274270884,6.863513321943296,9.078205156015093,8.452674187657282,8.545343789055504,8.314265050930748,8.91546839579687,8.267757394083567,8.827245251195006,9.072980650085396,8.256152708487907,7.89199904877309,8.959616464716177,8.394703107954495,7.08995807651337,7.008518309097123,8.790519190944634,8.20725572617616,9.209523022471137,9.767757511899424,10.4461698051694,8.373413978609191,7.146803913626569,0,8.554519942186985,7.637319145663558,8.924998132210755,9.87403891675452,8.605743964649491,8.559948872898506,8.816711892737782,8.489322356748982,7.675177532123604,8.534192579941127,8.645205340578892,8.441056472102586,8.52948655053142,8.617040006493365,7.116973062473018,9.41916505482978
Norwegian,6.655020525258442,8.33675719504291,9.265944305098817,8.348759225447823,8.571334198439873,8.120820182716734,8.062924362542775,8.011012431505536,8.456013601239677,5.935439302248146,7.351948860022846,7.6762078263789135,7.850463485266528,7.51840031432533,7.83429298213959,8.525564980267477,8.499192977910122,8.580294530400858,6.898223380363003,7.7963009791997475,9.1167357791737,8.95208191286146,10.395636180299958,8.090849637298364,8.08941248678497,8.554519942186985,0,8.012192797281083,8.920465083938453,9.45780061746724,8.1111971543915,8.304879279941552,8.345898446186386,7.943128216743245,8.307500943610822,8.101065198962978,8.01190102255771,8.19677169704105,5.843260018408007,8.255751224314926,8.130046085156128,9.48858739484228
Pashto,7.570046711410293,7.76487735724414,8.853805698316647,7.785926871873583,8.733604051671351,8.059404712875807,8.112603705720066,7.8140822194605155,8.49275432691614,7.72775579838394,8.276381367522925,8.803869037502515,7.668049537994924,7.4873644314678405,8.626909255714004,8.203340957664961,7.90360608446604,7.8189922592005585,8.275039919054507,7.425580780809711,9.142636890455027,9.231196463689985,10.35502499770961,7.882492834093156,7.504111169950596,7.637319145663558,8.012192797281083,0,7.868131102014475,9.699273416667932,8.08203838889762,8.209555256230487,8.318273992504068,7.923912079036351,7.504865910442247,8.230995477121308,8.092727521215963,8.160788455259706,8.216804239345116,8.20432867745277,7.298630597578319,9.260659583755864
Persian,8.656812266494061,8.935567163876463,9.306147768866841,8.946094310470153,9.24306523558956,8.864375118337682,9.09072421702851,8.601908843176428,9.277705994079733,8.808232676157907,9.065375891772634,9.532551941814969,8.741283628892413,8.483103233696264,9.190210323472153,9.001409921869433,9.178406701421904,8.993551327166074,8.80298880062929,8.785981806800804,9.587774395805319,9.922633906620165,10.706640701315512,8.814474502584604,9.034124453560874,8.924998132210755,8.920465083938453,7.868131102014475,0,10.122936905724613,9.066312612744724,8.884349700257928,9.16384495077726,8.72968494660158,8.764805651597651,8.982764904628416,9.027385292812125,9.095310086886828,8.952542992678964,8.89486502619276,8.411044511374424,9.760052884504468
Polish,9.357302316320071,9.778115607420371,10.346679436697736,9.519375468950381,7.900563547496481,8.094793746042729,9.542206928423596,7.683109133231116,7.817017773066909,9.545380255799424,9.692761602859234,10.046688295602069,9.380535589955224,9.276704277311625,9.910119970222523,9.527049563436192,9.941088438370064,9.771772104109544,9.526594761806528,9.561807499981777,9.679398417664721,9.652878749778909,10.777873206021177,8.088491242158124,9.604616628203955,9.87403891675452,9.45780061746724,9.699273416667932,10.122936905724613,0,9.293012004936633,9.284907615846913,7.849828509614993,7.702266034495795,9.860441830269242,7.012245183901717,8.236619193475754,9.471122325037923,9.562108397180433,7.647034097456932,9.660917201087019,10.254737719478198
Portuguese,7.869440920527111,8.34943916653881,9.260373453993303,8.32923129206328,8.770477335995784,8.113216301964973,6.845744135643005,8.117129070801933,8.606467145117072,8.1250912198404,8.284511709336016,8.593510155553963,7.371407482415192,5.957986406020174,8.781202717104485,8.342436139135165,8.725460644240314,8.623260591945218,8.42779935355398,7.685992266454909,8.019351450178462,9.073106777577252,10.675338230932628,8.23455791144263,8.201532340586787,8.605743964649491,8.1111971543915,8.08203838889762,9.066312612744724,9.293012004936633,0,7.831583891942928,8.421374482545843,8.206292386105078,8.470344886988059,8.156133209176971,8.384748026265992,6.527669656431285,8.40437485759705,8.472588585859464,8.365534938741146,9.201041097561447
Romanian,8.270611550278309,8.373632515538608,9.164545112307795,8.453209196799627,8.566486446279065,8.101425127542964,7.479372561802148,7.790256316196755,8.652179500154702,8.196343511272994,8.71915662351891,8.987536479849886,7.707994538963197,7.265348829381374,8.711813198295204,8.088696729867825,8.746840996643316,8.539066079763543,8.426431943767728,8.148071760279855,7.714559623734664,9.392658621064365,10.258532558165092,8.165991993058846,8.38138701150801,8.559948872898506,8.304879279941552,8.209555256230487,8.884349700257928,9.284907615846913,7.831583891942928,0,8.432994824523922,8.060441577465841,8.50108420264884,8.268370537727058,8.31859777546466,7.618839059621023,8.420461475614866,8.198450686614708,8.5118753407275,9.184867985238176
Russian,8.092339222429366,8.415727112365998,9.33931777961853,8.506509907779156,6.8606800406606725,7.062613890391258,8.5962178217354,6.761192382129367,7.2774598919062665,8.368022266241423,8.773456448698534,9.173449118983529,8.323638906118031,8.005053144520021,9.160472926291344,8.49995105419109,8.985306605635767,8.94155739979328,8.304034342414923,8.388583594063194,9.043218835520923,8.546700541476275,9.78932352442763,6.720396998821187,8.480516019077646,8.816711892737782,8.345898446186386,8.318273992504068,9.16384495077726,7.849828509614993,8.421374482545843,8.432994824523922,0,6.4384058636569295,8.406166153250343,6.696041806975037,7.354080258081085,8.54174139955977,8.573110997407884,6.10213731411147,8.645944558271879,9.6097688494231
Serbian,7.719857157122645,8.142520495423227,9.103119916296919,8.12380399690372,4.576386277004602,6.2819606409672115,8.206104716637398,4.819273560326322,7.013209137409904,8.087434958055347,8.42650751305863,8.862922609956085,7.973829625204723,7.63677912088564,8.74612921386685,8.374454773199023,8.54554381551258,8.489182401897962,8.097501468992819,8.224536432755833,8.718934200443007,8.534889371458219,9.55460247418312,5.284536237088909,8.140243930945257,8.489322356748982,7.943128216743245,7.923912079036351,8.72968494660158,7.702266034495795,8.206292386105078,8.060441577465841,6.4384058636569295,0,8.158819334666202,6.392964708925852,6.2021088199517616,8.219588355373393,8.250657941440194,6.289793518589292,8.222347977079659,9.400956241740444
Sinhala,8.19557995608717,7.5658087030921495,9.074332714122818,7.827820038844257,8.851033835942337,8.248871629258598,8.390532990984545,8.013184289596039,8.76622528947911,8.259329113929743,8.766163837686094,9.353759707156208,8.194092546484917,7.560092408034951,9.11384152783709,8.507537071782854,8.272351417259065,8.06826780133327,8.421038434097543,8.10082332119052,9.383076783485018,9.593649069584256,10.241420591019947,8.106422084849099,7.8230738470097485,7.675177532123604,8.307500943610822,7.504865910442247,8.764805651597651,9.860441830269242,8.470344886988059,8.50108420264884,8.406166153250343,8.158819334666202,0,8.431560040786518,8.731579362196147,8.29905424698752,8.389966767693481,8.314380360894239,7.819264417390541,9.53440272159112
Slovak,7.975316188178979,8.343917171835837,9.227556053292359,8.436445480662684,6.93385262611316,6.876994321572581,8.245939605278906,6.401910612495679,5.689479403943288,8.002352253771766,8.595407722317326,8.822534611062105,8.044057016629322,7.780196968381566,8.794599004975053,8.459928044305656,8.699982928733828,8.65990825907467,8.41186872477297,8.032736142516683,8.822874046273585,8.7424702243007,10.205034015523358,6.876702336413452,8.264169663405031,8.534192579941127,8.101065198962978,8.230995477121308,8.982764904628416,7.012245183901717,8.156133209176971,8.268370537727058,6.696041806975037,6.392964708925852,8.431560040786518,0,6.916905710316493,8.247861308994237,8.372989188555364,6.751940729692099,8.362326300967146,9.290048384970426
Slovenian,7.9820757188771205,8.566556371558885,9.461324769046236,8.397847831770274,6.938694672648379,6.9139305251615015,8.186563193241263,6.178411256447162,7.59331444144292,7.9470551098522595,8.535314938991887,8.798536531799476,8.074450051020206,7.857465977950468,8.73870281570194,8.474329369267574,8.730893259839108,8.803633870750415,8.512331933434307,8.142663519696393,8.896179955094594,8.93616554372314,10.253050258730669,6.95950183752836,8.328635683572783,8.645205340578892,8.01190102255771,8.092727521215963,9.027385292812125,8.236619193475754,8.384748026265992,8.31859777546466,7.354080258081085,6.2021088199517616,8.731579362196147,6.916905710316493,0,8.360979759141149,8.353094265032242,7.198624090828702,8.482596738516152,9.408738603050747
Spanish,8.21681554183364,8.42414363308826,9.359121311025856,8.224107219271016,8.755845543719044,7.853065387818803,6.27522700646446,7.896372457348492,8.639223717389795,8.260594621426627,8.5336398501037,8.76071589941381,7.486476465786281,5.343190843719007,8.729586011772378,8.052462987824713,8.425932162880729,8.398943610964016,8.529430455908948,7.7939719337242845,7.428822762825206,9.68728696332178,10.480961804926377,8.18028439633353,8.033391859408553,8.441056472102586,8.19677169704105,8.160788455259706,9.095310086886828,9.471122325037923,6.527669656431285,7.618839059621023,8.54174139955977,8.219588355373393,8.29905424698752,8.247861308994237,8.360979759141149,0,8.387946647705881,8.30410801152961,8.378873539144609,9.072325208135965
Swedish,7.079515267480116,8.548700028127408,9.27054030570784,8.461292559716552,8.793088754617662,8.27236398556702,8.239006099111599,8.178538864035003,8.8423836648297,6.617913064070119,7.613238428404728,7.8999787449836925,8.226661096631002,7.792170281624674,7.635565678751037,8.5902507119883,8.548340245812634,8.565072694550494,7.090694319136816,8.032013833598421,9.06262194390857,9.192635180606676,10.32399256673214,8.322287304121646,8.22363351793184,8.52948655053142,5.843260018408007,8.216804239345116,8.952542992678964,9.562108397180433,8.40437485759705,8.420461475614866,8.573110997407884,8.250657941440194,8.389966767693481,8.372989188555364,8.353094265032242,8.387946647705881,0,8.445937709047987,8.329499561313355,9.268640592412558
Ukrainian,8.12425125989971,8.289157362915654,9.261511810320696,8.413356700583963,6.7542684691722386,6.965294169909089,8.421835469250217,6.561816595816199,7.171214849706341,8.329619707217677,8.768159737158731,9.130075294106868,8.21044008913289,7.920356566866724,8.997544683663172,8.303093258623326,8.769084564753406,8.650541044187296,8.281705476867367,8.385904549583847,8.880733771508275,8.853632256781921,9.708589847885658,6.620035313427627,8.42097665119734,8.617040006493365,8.255751224314926,8.20432867745277,8.89486502619276,7.647034097456932,8.472588585859464,8.198450686614708,6.10213731411147,6.289793518589292,8.314380360894239,6.751940729692099,7.198624090828702,8.30410801152961,8.445937709047987,0,8.467181433740018,9.347026629525292
Urdu,8.130749533349277,8.089323673827147,9.324197706765187,6.994630448563275,8.88401872137107,8.161019745953517,8.411528486509212,8.170501569582768,8.626035164993928,8.181625510707551,8.529833027322566,8.858934490207325,8.08704066647042,7.901792224164862,8.89831681334575,8.471023355117543,7.065492287853379,5.9098392935531265,8.608887556857558,7.950882510708746,9.415109754234576,9.393941991529145,10.556109941607218,8.1198061885548,7.019393666730997,7.116973062473018,8.130046085156128,7.298630597578319,8.411044511374424,9.660917201087019,8.365534938741146,8.5118753407275,8.645944558271879,8.222347977079659,7.819264417390541,8.362326300967146,8.482596738516152,8.378873539144609,8.329499561313355,8.467181433740018,0,9.450599194535952
Welsh,9.221878983530369,9.581706872717678,9.714213914576316,9.5704125364441,9.785891769219491,8.911531379388125,9.173469265574083,8.88829029772052,9.501620107236926,9.046048206701041,9.451123277144848,9.355302902366004,9.053525387991122,8.883695859856164,9.40789011845264,9.07701675792579,9.691714193735933,9.753471517231665,9.404504478641298,8.74318651864558,9.213878230273416,10.329706611441953,11.034465996677094,9.488542822930574,9.363256777656058,9.41916505482978,9.48858739484228,9.260659583755864,9.760052884504468,10.254737719478198,9.201041097561447,9.184867985238176,9.6097688494231,9.400956241740444,9.53440272159112,9.290048384970426,9.408738603050747,9.072325208135965,9.268640592412558,9.347026629525292,9.450599194535952,0
