,Afrikaans,Albanian,Armenian,Bengali,Bosnian,Bulgarian,Catalan,Croatian,Czech,Danish,Dutch,English,French,Galician,German,Greek,Gujarati,Hindi,Icelandic,Irish,Italian,Latvian,Lithuanian,Macedonian,Marathi,Nepali,Norwegian,Pashto,Persian,Polish,Portuguese,Romanian,Russian,Serbian,Sinhala,Slovak,Slovenian,Spanish,Swedish,Ukrainian,Urdu,Welsh
Afrikaans,0,38.091338916564666,35.807760275634685,42.147109295341906,36.903222172514724,40.28826494471913,41.27109664504201,39.042529708711264,38.89519967884782,34.950598326591326,28.647011066443046,35.82042978055499,39.45962950363086,38.06484806702135,37.16121130543258,41.4191967331286,42.59931111934796,42.93245526641583,35.710341427116376,38.51156507706436,38.559271519894196,39.79182697715774,37.755128907062634,39.51945911129059,41.642930153839686,35.86519014057333,36.31374396417917,38.22275819150295,37.640118976735835,39.801116294755026,39.12750587480537,40.57877935512974,38.84103107241471,38.996405093373944,35.37986735545243,39.24575352448203,40.31846754401771,39.78696902122204,36.23159259294784,37.979816058970854,40.18868538431795,36.2169134967595
Albanian,38.091338916564666,0,36.64635771480301,40.803860961357486,38.438202223769395,40.0212454682639,40.61426564445845,38.8994575942786,40.937042679186646,38.633756385745315,39.89961678642884,42.07248528661883,37.81279585107986,36.641984912609416,42.23204099155917,40.37426572604032,42.71483932021547,42.083051432979275,40.01172203437138,36.44742119729334,37.61999415136848,42.28237770761171,39.00309139670924,39.69519139242508,40.201390404720975,36.193424096941584,40.99354165893337,37.113213320969564,38.235909164362866,41.602802112960376,38.57462902049048,40.118391058770435,39.84179072756063,39.93615565518652,33.479657716124294,40.46562663877708,40.597841890640645,38.60556256700909,41.17356848601094,38.62964859276197,39.38585824531525,36.60260651769947
Armenian,35.807760275634685,36.64635771480301,0,39.28290580026139,40.86112695543924,38.94213696160579,39.20320273878168,38.405755055767635,39.76989431026185,36.47396738197366,38.80510684739305,40.52016631195224,36.89258851871938,35.70539452663857,39.54847932500063,38.5523334173762,41.2055235915878,41.48281262119167,37.41952400016726,34.923335127912715,41.12514732740988,42.33020723150526,41.34113866915012,39.49299208832542,38.788420864206046,38.473368673498435,37.602739112460924,35.44935905766662,37.77486954027548,43.33681452819383,38.6405500826502,39.65739132893675,39.88846408518376,39.53992019156427,36.19706889842111,38.31171251020045,40.38608674045012,39.40072606621321,38.71398835587542,39.53793994420462,38.963541610995996,39.58938611760123
Bengali,42.147109295341906,40.803860961357486,39.28290580026139,0,41.30259370059621,42.026969293517105,42.89035801625843,41.5690088391319,42.06939518901919,42.70143068413033,42.98695088360581,44.0973103537315,41.80447388181828,40.482073101726016,44.18206182581966,42.36088388990141,37.27387668373961,36.30265690059233,43.26494903677598,41.21724468407226,40.07713883244383,44.67043334461358,40.40894174743781,41.81978567065249,37.21841269164683,32.11098823362184,44.338138171316814,40.47580177043249,40.713130940076894,42.40107919462321,41.79639938219489,43.137669427352485,42.66524953967623,42.345889048319066,36.72524300326553,42.34614682076759,42.917045024260844,41.11589269664089,43.347708183385734,41.18258439980272,36.34580917861271,39.431438364878716
Bosnian,36.903222172514724,38.438202223769395,40.86112695543924,41.30259370059621,0,32.55606401774327,41.0954603926393,25.87901029229701,33.83628506995865,38.15619967864473,40.72898985859031,43.36509638248182,38.98651917535653,37.49113055479051,42.194521530401886,41.598111439930484,42.83334579279789,43.774180272362244,39.080960816795695,38.13778434627377,41.49655860654037,40.561610117965785,39.121994253226454,28.949968863227422,41.20318248184237,40.61991670226216,38.94533031226416,38.0380824815848,39.91540966399169,35.659066629893495,40.193624640828446,41.01888794015024,32.044940549477154,21.944070186984753,38.026695665025684,31.58710529464045,33.27229761592463,40.35691910865302,40.50671475367941,31.19962270686712,41.193474930624824,42.11368101740168
Bulgarian,40.28826494471913,40.0212454682639,38.94213696160579,42.026969293517105,32.55606401774327,0,40.89221063442218,31.516565400162744,36.086242926488445,41.207526903521185,42.15070484113413,42.89845721350426,40.98878281421085,38.700797728788395,43.88321562917947,41.520404311331234,43.07026803942384,42.80811365786674,41.82079659977216,40.2308922462575,38.370893122489576,42.77764530461452,37.758312743021136,31.314657040678668,41.9534605017448,38.2181654177181,42.78672658452675,40.41843736210559,40.23786709063673,36.78517752605105,40.84831451816328,41.48799145145063,35.902878859429066,33.32648542281907,36.77766886024996,35.49026779503185,36.030602321358046,39.13919760516947,42.01359361529759,35.32095964243101,40.59320585403578,37.831093835778105
Catalan,41.27109664504201,40.61426564445845,39.20320273878168,42.89035801625843,41.0954603926393,40.89221063442218,0,40.46282787246834,41.69593273816188,42.053341803231774,41.925979921038866,42.17364370190102,37.99776218966005,32.80304284477649,44.152573041883045,41.664606767396954,43.3600477028587,43.04596759041579,42.04277446989543,40.93652923042817,33.881707727419546,44.65983618993095,39.71786977458514,41.76993435059494,42.24600078160773,38.648233975407344,43.06776973228809,41.44953599842817,40.54408194833164,42.11724381532155,34.68342811300546,38.882763841680585,42.368874927100855,42.22814126379709,37.62433568838205,42.10195190139537,42.90551455929283,32.90178704432981,42.135846559068945,41.11382183037542,41.912766459357066,38.79327043525115
Croatian,39.042529708711264,38.8994575942786,38.405755055767635,41.5690088391319,25.87901029229701,31.516565400162744,40.46282787246834,0,33.87339742772275,39.479615730475246,41.05616097239615,42.55882267256381,39.99263687272624,37.95230894228644,42.95628141593137,40.89046246128148,42.40590748699234,43.05321743999895,40.894114040691086,38.64723814179954,38.097801038849894,41.860462198458855,36.29218542876148,31.898553218735504,40.9131272348294,37.54849464025406,41.39753777400942,38.54676584945567,39.10937140942097,35.43934307768093,40.627163678816814,40.512467075451966,34.69553935487581,26.169847568836126,36.26437920109189,33.077968484104716,32.11269267461571,38.85290563534368,41.348355588478896,32.77956127358135,40.4240155029427,37.92304624791729
Czech,38.89519967884782,40.937042679186646,39.76989431026185,42.06939518901919,33.83628506995865,36.086242926488445,41.69593273816188,33.87339742772275,0,39.75941516393821,42.04117703918,42.19935922902378,40.80312517110268,39.106809223290206,44.82567465803712,42.88929938208345,43.35379173307295,44.10721675537447,41.32121564292759,39.224663002499604,41.33027843737081,41.35758993477265,39.1575135180018,36.367984731250985,42.010643114792906,38.93520696175812,41.39302012835959,39.658661911792976,40.95952923263271,35.693124882109245,42.13112298936077,42.10827600588915,34.958294566175034,34.035452797555386,37.103980726200206,29.408992833366913,36.13375682763427,40.47978240982924,41.933022978969674,33.79350681601101,41.02557378348967,39.19049974380647
Danish,34.950598326591326,38.633756385745315,36.47396738197366,42.70143068413033,38.15619967864473,41.207526903521185,42.053341803231774,39.479615730475246,39.75941516393821,0,36.9569585470095,36.188482153025774,39.79231451447919,38.020445571936605,37.172012013135245,41.40475572319383,42.93529317079312,42.77510398499993,34.61336724666042,37.65772496418088,37.9880589867567,41.67014078531272,38.345969849817976,40.593720398226175,42.10100102431422,35.56086668225214,34.671126960089424,39.105738695673715,37.72010586160772,40.32074246087534,39.04520058269143,41.129406903774345,40.088076791386364,40.44385941000837,35.112775097085866,40.34531503095888,40.94576053133978,39.0936650880161,34.325344792174114,39.1815828436294,40.174457616136195,35.36390174347798
Dutch,28.647011066443046,39.89961678642884,38.80510684739305,42.98695088360581,40.72898985859031,42.15070484113413,41.925979921038866,41.05616097239615,42.04117703918,36.9569585470095,0,37.2424625054438,40.94877787394922,39.82990441552745,36.11253076075637,41.782813251526974,43.319638117812914,43.17100658411263,38.74107385575979,39.49526534422508,40.926551515269665,42.895509015594186,40.30252330335309,41.99614585050319,42.26780027725378,38.77082331589372,38.00669973123838,40.07190284605179,39.903039984321914,42.79134382173422,40.79542132193435,42.78120198393688,42.125732675637366,41.893141120613315,38.19717699515764,41.94453267827385,41.76489256887578,40.94299731836897,37.59456004150808,41.44070502229766,41.325779248643705,38.75602560143078
English,35.82042978055499,42.07248528661883,40.52016631195224,44.0973103537315,43.36509638248182,42.89845721350426,42.17364370190102,42.55882267256381,42.19935922902378,36.188482153025774,37.2424625054438,0,40.93081926243042,40.38968307100058,39.99512253809708,44.55374187764826,43.871660392128796,44.68979637471637,40.83117824948472,38.45461096924825,41.36738747947261,45.82093829530859,41.60199266401835,43.96777803592047,42.58987089083271,39.528311304707024,39.16869886022903,41.262135522276886,41.78202318908523,43.91783279842934,40.51354450711759,44.07936580102367,43.59066254166927,43.74216555137684,40.20526736471576,42.64607675301898,43.80230666934846,41.99553526137222,40.15131183813798,43.51218394729101,42.38821911462969,38.91738281412218
French,39.45962950363086,37.81279585107986,36.89258851871938,41.80447388181828,38.98651917535653,40.98878281421085,37.99776218966005,39.99263687272624,40.80312517110268,39.79231451447919,40.94877787394922,40.93081926243042,0,36.125696831454974,42.75462824215378,41.17166280179044,43.13794960562122,43.196637187152376,40.626001591831205,38.95167384349272,35.25910811402616,41.71512524395856,38.44212256390992,40.7755441952828,41.179818665183966,36.36338559639975,42.37536374221676,38.74430798339437,38.740241031251145,41.199932438077944,37.022858573686484,39.13579411297039,40.654149004136734,40.76297473965923,36.09840479236786,41.23721305454276,40.63066019783604,36.952378516194486,41.631020429655386,39.20045976818688,40.3590796607993,36.33485907182509
Galician,38.06484806702135,36.641984912609416,35.70539452663857,40.482073101726016,37.49113055479051,38.700797728788395,32.80304284477649,37.95230894228644,39.106809223290206,38.020445571936605,39.82990441552745,40.38968307100058,36.125696831454974,0,41.894772254443524,39.50900296455664,41.756262653476156,41.569503700264576,38.27224672675295,37.26466281241762,31.252507829457098,41.61939877167959,37.71038686662357,38.96607317074248,40.239086688599755,34.65030951051675,40.667382455836005,38.09612052951703,37.34685866230108,40.44666050757918,30.122970327852126,37.075797562650976,39.5391107937996,39.20621566497543,33.5308968985872,39.444134208009366,40.073718771370174,26.17515237549378,39.42690459689875,38.163835276726914,39.28603995004384,34.807002478083234
German,37.16121130543258,42.23204099155917,39.54847932500063,44.18206182581966,42.194521530401886,43.88321562917947,44.152573041883045,42.95628141593137,44.82567465803712,37.172012013135245,36.11253076075637,39.99512253809708,42.75462824215378,41.894772254443524,0,43.29724472680568,45.68241894802127,45.71749516966001,40.30516648844431,41.36404465733746,41.57569624448762,44.43519239290844,40.82146615509528,44.25720132254036,44.561657719167485,40.60950991426664,40.74082308694418,42.26993621974975,41.10834416536751,44.88857892205915,44.53996344794812,43.591595406332225,44.48411797286276,43.643915533439696,40.70152518862936,44.04427493370595,43.2496591049666,43.40350597328504,38.907251987696334,43.38262237486943,43.3795151385945,39.93903296901488
Greek,41.4191967331286,40.37426572604032,38.5523334173762,42.36088388990141,41.598111439930484,41.520404311331234,41.664606767396954,40.89046246128148,42.88929938208345,41.40475572319383,41.782813251526974,44.55374187764826,41.17166280179044,39.50900296455664,43.29724472680568,0,43.401179243909795,42.70957343428709,41.94956528462637,40.04016297259877,39.14057236629354,43.3619112575043,38.06362097899536,42.27753763206911,42.21918883800491,37.60871517043937,43.52049207149271,39.71531734012131,39.89332389024458,43.04494516235226,41.145576181181916,42.266303043379324,42.58415658486054,42.59624273292866,37.131648767410894,43.06874118842874,42.774294926818634,39.67055598257472,42.8280128632483,41.20480500070206,41.45116933997451,38.07325417713431
Gujarati,42.59931111934796,42.71483932021547,41.2055235915878,37.27387668373961,42.83334579279789,43.07026803942384,43.3600477028587,42.40590748699234,43.35379173307295,42.93529317079312,43.319638117812914,43.871660392128796,43.13794960562122,41.756262653476156,45.68241894802127,43.401179243909795,0,33.35055296331428,45.10246012964375,42.23787678877396,41.220041409675396,47.20301615604563,41.34356776036908,43.32825040472859,31.61715287091241,33.96511259257063,44.78736778250901,40.96371322671904,41.90365539196234,44.50299658241808,43.66357634501751,44.75170290349404,44.662116404827756,43.982696227453914,38.61763164317844,44.00731598497487,44.002947311659604,41.35828869188917,44.41982391833641,43.24743304366355,37.15172620768472,40.45393067771953
Hindi,42.93245526641583,42.083051432979275,41.48281262119167,36.30265690059233,43.774180272362244,42.80811365786674,43.04596759041579,43.05321743999895,44.10721675537447,42.77510398499993,43.17100658411263,44.68979637471637,43.196637187152376,41.569503700264576,45.71749516966001,42.70957343428709,33.35055296331428,0,44.27673732043839,41.707620950677935,41.663267035432,47.775794478004244,42.019590500849915,42.86143518661118,34.273836627727626,33.41056023488659,44.31896657248658,40.41229047149287,41.52287811391634,45.102070405171375,43.668668306350526,44.314282610863344,44.91502247707194,44.90057916369408,38.27114356234335,44.463034096041504,44.30637261884002,40.93032187391711,43.82337834488732,43.41073931423001,31.083754351056438,40.788595561098106
Icelandic,35.710341427116376,40.01172203437138,37.41952400016726,43.26494903677598,39.080960816795695,41.82079659977216,42.04277446989543,40.894114040691086,41.32121564292759,34.61336724666042,38.74107385575979,40.83117824948472,40.626001591831205,38.27224672675295,40.30516648844431,41.94956528462637,45.10246012964375,44.27673732043839,0,39.36717984420169,40.77015681223454,41.32837360976236,37.958545126514174,40.917678281689305,43.14635895240043,39.660928793862595,35.393536265700774,40.27346092262664,38.88757365162194,42.5337685701541,41.324028110552135,41.96235895169056,40.60436786793879,40.46388454169563,37.111418031389,41.53413419873738,42.07601145751744,41.6705710698155,35.5505089056671,39.44259605880407,41.96438931690257,39.36840221743711
Irish,38.51156507706436,36.44742119729334,34.923335127912715,41.21724468407226,38.13778434627377,40.2308922462575,40.93652923042817,38.64723814179954,39.224663002499604,37.65772496418088,39.49526534422508,38.45461096924825,38.95167384349272,37.26466281241762,41.36404465733746,40.04016297259877,42.23787678877396,41.707620950677935,39.36717984420169,0,37.1169621089322,41.01648568838225,37.62934317027752,39.73553967760402,40.203180884316126,33.96394329637143,42.18503894422899,36.83521190915133,36.9160960639126,39.818039032474644,37.7178687672325,40.26055713853386,39.709479033583754,40.68607230992577,33.56847009129668,39.57609315184744,40.08522695213555,37.32913084672497,39.52868980959846,38.49740448084189,38.76500630555261,32.86147424975971
Italian,38.559271519894196,37.61999415136848,41.12514732740988,40.07713883244383,41.49655860654037,38.370893122489576,33.881707727419546,38.097801038849894,41.33027843737081,37.9880589867567,40.926551515269665,41.36738747947261,35.25910811402616,31.252507829457098,41.57569624448762,39.14057236629354,41.220041409675396,41.663267035432,40.77015681223454,37.1169621089322,0,45.079881729733295,42.009100798944964,40.07626476519665,39.220471266584056,37.84083408810472,39.74677111817824,37.84117767216196,41.1195710304763,44.25567636667733,35.46699709351724,35.68767884005134,41.514201810111686,40.218243579397736,37.05129174897727,39.80535043161236,40.025887858984504,32.66993221912278,40.04493485108001,40.10323511039913,39.96717898848692,38.73572751035034
Latvian,39.79182697715774,42.28237770761171,42.33020723150526,44.67043334461358,40.561610117965785,42.77764530461452,44.65983618993095,41.860462198458855,41.35758993477265,41.67014078531272,42.895509015594186,45.82093829530859,41.71512524395856,41.61939877167959,44.43519239290844,43.3619112575043,47.20301615604563,47.775794478004244,41.32837360976236,41.01648568838225,45.079881729733295,0,35.79929114506292,42.00714960605048,45.13408597444581,44.342075066601126,42.384703359236156,42.05379968101482,43.6257426513625,42.68087198734898,42.774975996699574,44.65393500135165,40.54498950488936,40.668663877366,42.17069721925546,40.66305700140638,42.39510165677486,45.217790351171864,43.58622695490228,41.279134618648335,44.685104628111496,44.47312016474859
Lithuanian,37.755128907062634,39.00309139670924,41.34113866915012,40.40894174743781,39.121994253226454,37.758312743021136,39.71786977458514,36.29218542876148,39.1575135180018,38.345969849817976,40.30252330335309,41.60199266401835,38.44212256390992,37.71038686662357,40.82146615509528,38.06362097899536,41.34356776036908,42.019590500849915,37.958545126514174,37.62934317027752,42.009100798944964,35.79929114506292,0,38.57462797707675,40.79244896184031,40.57834161111592,38.29954461502974,38.02553208833088,40.61290037662698,42.78514756244641,40.211273937573985,39.89714552956062,38.64858376467131,36.655994781768406,38.90751572274055,38.07966275439412,38.58890795175863,39.85941039369341,39.47416652092135,37.60613339648417,40.51462322069041,43.09767030625211
Macedonian,39.51945911129059,39.69519139242508,39.49299208832542,41.81978567065249,28.949968863227422,31.314657040678668,41.76993435059494,31.898553218735504,36.367984731250985,40.593720398226175,41.99614585050319,43.96777803592047,40.7755441952828,38.96607317074248,44.25720132254036,42.27753763206911,43.32825040472859,42.86143518661118,40.917678281689305,39.73553967760402,40.07626476519665,42.00714960605048,38.57462797707675,0,42.003327617968665,39.14289898300953,41.800343329319844,39.57713684542065,40.37828047218594,37.01898722867106,41.13098725544523,41.87182950405045,34.08489674263599,28.530168245105603,37.36133003632743,34.68319417560182,36.520315826978454,40.34174669308201,41.79782680724655,33.29626393951257,41.04029962772562,40.44743718361504
Marathi,41.642930153839686,40.201390404720975,38.788420864206046,37.21841269164683,41.20318248184237,41.9534605017448,42.24600078160773,40.9131272348294,42.010643114792906,42.10100102431422,42.26780027725378,42.58987089083271,41.179818665183966,40.239086688599755,44.561657719167485,42.21918883800491,31.61715287091241,34.273836627727626,43.14635895240043,40.203180884316126,39.220471266584056,45.13408597444581,40.79244896184031,42.003327617968665,0,33.24045511122765,44.29607511613633,39.60433522050682,40.19581871947849,42.932328234335216,41.3702205029303,43.082517256414285,42.42762193941368,42.779602909768585,36.1682370999031,42.578285401519665,42.94089986983286,39.65525074540168,43.51239242835805,41.479356279136745,36.66643969061275,37.83765846132101
Nepali,35.86519014057333,36.193424096941584,38.473368673498435,32.11098823362184,40.61991670226216,38.2181654177181,38.648233975407344,37.54849464025406,38.93520696175812,35.56086668225214,38.77082331589372,39.528311304707024,36.36338559639975,34.65030951051675,40.60950991426664,37.60871517043937,33.96511259257063,33.41056023488659,39.660928793862595,33.96394329637143,37.84083408810472,44.342075066601126,40.57834161111592,39.14289898300953,33.24045511122765,0,38.32972054747343,33.94410362647736,37.913547215224,42.78057569007512,38.17950962309708,39.78176838618373,40.590516442775666,40.0264442684316,32.57586948806479,38.556432946761376,38.94819851489061,36.40229846923472,39.146007162956316,39.4545225443586,32.3432862583955,37.10375339455234
Norwegian,36.31374396417917,40.99354165893337,37.602739112460924,44.338138171316814,38.94533031226416,42.78672658452675,43.06776973228809,41.39753777400942,41.39302012835959,34.671126960089424,38.00669973123838,39.16869886022903,42.37536374221676,40.667382455836005,40.74082308694418,43.52049207149271,44.78736778250901,44.31896657248658,35.393536265700774,42.18503894422899,39.74677111817824,42.384703359236156,38.29954461502974,41.800343329319844,44.29607511613633,38.32972054747343,0,42.18402280114215,39.69717593060572,40.65765780296657,40.927692815956235,42.77023983211949,41.488622110326226,41.42391228159436,37.66098917437808,42.06158691057136,42.44960328207765,40.83635969136068,31.41064322292581,40.347714483460145,42.26900995135767,38.56208864878783
Pashto,38.22275819150295,37.113213320969564,35.44935905766662,40.47580177043249,38.0380824815848,40.41843736210559,41.44953599842817,38.54676584945567,39.658661911792976,39.105738695673715,40.07190284605179,41.262135522276886,38.74430798339437,38.09612052951703,42.26993621974975,39.71531734012131,40.96371322671904,40.41229047149287,40.27346092262664,36.83521190915133,37.84117767216196,42.05379968101482,38.02553208833088,39.57713684542065,39.60433522050682,33.94410362647736,42.18402280114215,0,34.39961874248657,41.07224306640522,39.29700842923612,40.351183107715435,39.67888794360412,39.869172051580584,33.394016152577976,40.348509405665396,40.09302767301706,38.40640008115935,41.118029167496026,38.8378152050708,37.0276556205579,35.616237908319704
Persian,37.640118976735835,38.235909164362866,37.77486954027548,40.713130940076894,39.91540966399169,40.23786709063673,40.54408194833164,39.10937140942097,40.95952923263271,37.72010586160772,39.903039984321914,41.78202318908523,38.740241031251145,37.34685866230108,41.10834416536751,39.89332389024458,41.90365539196234,41.52287811391634,38.88757365162194,36.9160960639126,41.1195710304763,43.6257426513625,40.61290037662698,40.37828047218594,40.19581871947849,37.913547215224,39.69717593060572,34.39961874248657,0,43.43082335503571,40.2347662283417,40.345304022368474,41.19336348947045,40.02331933765307,36.98195600907606,39.67019912224158,40.70912873231726,39.795378360988835,39.64373326582868,39.4399973465865,37.705718632232674,39.349910225227205
Polish,39.801116294755026,41.602802112960376,43.33681452819383,42.40107919462321,35.659066629893495,36.78517752605105,42.11724381532155,35.43934307768093,35.693124882109245,40.32074246087534,42.79134382173422,43.91783279842934,41.199932438077944,40.44666050757918,44.88857892205915,43.04494516235226,44.50299658241808,45.102070405171375,42.5337685701541,39.818039032474644,44.25567636667733,42.68087198734898,42.78514756244641,37.01898722867106,42.932328234335216,42.78057569007512,40.65765780296657,41.07224306640522,43.43082335503571,0,41.41559589598469,42.8514558587841,35.96647665364801,35.17571764852669,41.12468307581547,31.41826107133789,37.284682057066334,41.9935801411517,41.91550190203365,34.68836065911188,43.13066089250566,43.63798745861463
Portuguese,39.12750587480537,38.57462902049048,38.6405500826502,41.79639938219489,40.193624640828446,40.84831451816328,34.68342811300546,40.627163678816814,42.13112298936077,39.04520058269143,40.79542132193435,40.51354450711759,37.022858573686484,30.122970327852126,44.53996344794812,41.145576181181916,43.66357634501751,43.668668306350526,41.324028110552135,37.7178687672325,35.46699709351724,42.774975996699574,40.211273937573985,41.13098725544523,41.3702205029303,38.17950962309708,40.927692815956235,39.29700842923612,40.2347662283417,41.41559589598469,0,39.29496252598147,40.82095993426778,41.40340920445469,37.28987005374745,40.77342207650762,41.174561078212115,31.914492514403985,40.769810744541694,40.238376400296026,40.711252164964634,38.10448951281606
Romanian,40.57877935512974,40.118391058770435,39.65739132893675,43.137669427352485,41.01888794015024,41.48799145145063,38.882763841680585,40.512467075451966,42.10827600588915,41.129406903774345,42.78120198393688,44.07936580102367,39.13579411297039,37.075797562650976,43.591595406332225,42.266303043379324,44.75170290349404,44.314282610863344,41.96235895169056,40.26055713853386,35.68767884005134,44.65393500135165,39.89714552956062,41.87182950405045,43.082517256414285,39.78176838618373,42.77023983211949,40.351183107715435,40.345304022368474,42.8514558587841,39.29496252598147,0,42.369221078643605,41.93284036545559,38.713842750196214,42.23304170162239,42.59393652714105,39.03075389946054,42.78616278770029,41.19989905127802,42.75445653961566,39.51272133581385
Russian,38.84103107241471,39.84179072756063,39.88846408518376,42.66524953967623,32.044940549477154,35.902878859429066,42.368874927100855,34.69553935487581,34.958294566175034,40.088076791386364,42.125732675637366,43.59066254166927,40.654149004136734,39.5391107937996,44.48411797286276,42.58415658486054,44.662116404827756,44.91502247707194,40.60436786793879,39.709479033583754,41.514201810111686,40.54498950488936,38.64858376467131,34.08489674263599,42.42762193941368,40.590516442775666,41.488622110326226,39.67888794360412,41.19336348947045,35.96647665364801,40.82095993426778,42.369221078643605,0,32.468508600324625,37.92373831286843,33.003556000086505,37.3169808284063,41.55489957704556,42.0472195397083,30.195935856948743,42.60215057492453,41.206156571987314
Serbian,38.996405093373944,39.93615565518652,39.53992019156427,42.345889048319066,21.944070186984753,33.32648542281907,42.22814126379709,26.169847568836126,34.035452797555386,40.44385941000837,41.893141120613315,43.74216555137684,40.76297473965923,39.20621566497543,43.643915533439696,42.59624273292866,43.982696227453914,44.90057916369408,40.46388454169563,40.68607230992577,40.218243579397736,40.668663877366,36.655994781768406,28.530168245105603,42.779602909768585,40.0264442684316,41.42391228159436,39.869172051580584,40.02331933765307,35.17571764852669,41.40340920445469,41.93284036545559,32.468508600324625,0,38.089711780129285,32.72273037078469,33.10755832721335,40.94440751586802,41.841331765817,31.140341208572117,42.24701779950822,40.60587034441665
Sinhala,35.37986735545243,33.479657716124294,36.19706889842111,36.72524300326553,38.026695665025684,36.77766886024996,37.62433568838205,36.26437920109189,37.103980726200206,35.112775097085866,38.19717699515764,40.20526736471576,36.09840479236786,33.5308968985872,40.70152518862936,37.131648767410894,38.61763164317844,38.27114356234335,37.111418031389,33.56847009129668,37.05129174897727,42.17069721925546,38.90751572274055,37.36133003632743,36.1682370999031,32.57586948806479,37.66098917437808,33.394016152577976,36.98195600907606,41.12468307581547,37.28987005374745,38.713842750196214,37.92373831286843,38.089711780129285,0,37.312531946085386,38.27830944191303,35.74366045552968,38.06576179202477,36.906866097913145,36.05356064677553,35.879773202272204
Slovak,39.24575352448203,40.46562663877708,38.31171251020045,42.34614682076759,31.58710529464045,35.49026779503185,42.10195190139537,33.077968484104716,29.408992833366913,40.34531503095888,41.94453267827385,42.64607675301898,41.23721305454276,39.444134208009366,44.04427493370595,43.06874118842874,44.00731598497487,44.463034096041504,41.53413419873738,39.57609315184744,39.80535043161236,40.66305700140638,38.07966275439412,34.68319417560182,42.578285401519665,38.556432946761376,42.06158691057136,40.348509405665396,39.67019912224158,31.41826107133789,40.77342207650762,42.23304170162239,33.003556000086505,32.72273037078469,37.312531946085386,0,35.85417121231384,40.55015752718733,41.695034986401225,32.85907921854916,41.651946352474255,38.30359433085642
Slovenian,40.31846754401771,40.597841890640645,40.38608674045012,42.917045024260844,33.27229761592463,36.030602321358046,42.90551455929283,32.11269267461571,36.13375682763427,40.94576053133978,41.76489256887578,43.80230666934846,40.63066019783604,40.073718771370174,43.2496591049666,42.774294926818634,44.002947311659604,44.30637261884002,42.07601145751744,40.08522695213555,40.025887858984504,42.39510165677486,38.58890795175863,36.520315826978454,42.94089986983286,38.94819851489061,42.44960328207765,40.09302767301706,40.70912873231726,37.284682057066334,41.174561078212115,42.59393652714105,37.3169808284063,33.10755832721335,38.27830944191303,35.85417121231384,0,40.45065472061804,42.683347479786185,36.494763014493174,41.89647210632138,39.37269603716127
Spanish,39.78696902122204,38.60556256700909,39.40072606621321,41.11589269664089,40.35691910865302,39.13919760516947,32.90178704432981,38.85290563534368,40.47978240982924,39.0936650880161,40.94299731836897,41.99553526137222,36.952378516194486,26.17515237549378,43.40350597328504,39.67055598257472,41.35828869188917,40.93032187391711,41.6705710698155,37.32913084672497,32.66993221912278,45.217790351171864,39.85941039369341,40.34174669308201,39.65525074540168,36.40229846923472,40.83635969136068,38.40640008115935,39.795378360988835,41.9935801411517,31.914492514403985,39.03075389946054,41.55489957704556,40.94440751586802,35.74366045552968,40.55015752718733,40.45065472061804,0,41.045402816598376,40.038141461728955,39.75463240025269,37.46601648097619
Swedish,36.23159259294784,41.17356848601094,38.71398835587542,43.347708183385734,40.50671475367941,42.01359361529759,42.135846559068945,41.348355588478896,41.933022978969674,34.325344792174114,37.59456004150808,40.15131183813798,41.631020429655386,39.42690459689875,38.907251987696334,42.8280128632483,44.41982391833641,43.82337834488732,35.5505089056671,39.52868980959846,40.04493485108001,43.58622695490228,39.47416652092135,41.79782680724655,43.51239242835805,39.146007162956316,31.41064322292581,41.118029167496026,39.64373326582868,41.91550190203365,40.769810744541694,42.78616278770029,42.0472195397083,41.841331765817,38.06576179202477,41.695034986401225,42.683347479786185,41.045402816598376,0,40.86982510396426,41.82543470137196,39.01025749026204
Ukrainian,37.979816058970854,38.62964859276197,39.53793994420462,41.18258439980272,31.19962270686712,35.32095964243101,41.11382183037542,32.77956127358135,33.79350681601101,39.1815828436294,41.44070502229766,43.51218394729101,39.20045976818688,38.163835276726914,43.38262237486943,41.20480500070206,43.24743304366355,43.41073931423001,39.44259605880407,38.49740448084189,40.10323511039913,41.279134618648335,37.60613339648417,33.29626393951257,41.479356279136745,39.4545225443586,40.347714483460145,38.8378152050708,39.4399973465865,34.68836065911188,40.238376400296026,41.19989905127802,30.195935856948743,31.140341208572117,36.906866097913145,32.85907921854916,36.494763014493174,40.038141461728955,40.86982510396426,0,41.441570952981984,39.665691324844005
Urdu,40.18868538431795,39.38585824531525,38.963541610995996,36.34580917861271,41.193474930624824,40.59320585403578,41.912766459357066,40.4240155029427,41.02557378348967,40.174457616136195,41.325779248643705,42.38821911462969,40.3590796607993,39.28603995004384,43.3795151385945,41.45116933997451,37.15172620768472,31.083754351056438,41.96438931690257,38.76500630555261,39.96717898848692,44.685104628111496,40.51462322069041,41.04029962772562,36.66643969061275,32.3432862583955,42.26900995135767,37.0276556205579,37.705718632232674,43.13066089250566,40.711252164964634,42.75445653961566,42.60215057492453,42.24701779950822,36.05356064677553,41.651946352474255,41.89647210632138,39.75463240025269,41.82543470137196,41.441570952981984,0,38.20444080015249
Welsh,36.2169134967595,36.60260651769947,39.58938611760123,39.431438364878716,42.11368101740168,37.831093835778105,38.79327043525115,37.92304624791729,39.19049974380647,35.36390174347798,38.75602560143078,38.91738281412218,36.33485907182509,34.807002478083234,39.93903296901488,38.07325417713431,40.45393067771953,40.788595561098106,39.36840221743711,32.86147424975971,38.73572751035034,44.47312016474859,43.09767030625211,40.44743718361504,37.83765846132101,37.10375339455234,38.56208864878783,35.616237908319704,39.349910225227205,43.63798745861463,38.10448951281606,39.51272133581385,41.206156571987314,40.60587034441665,35.879773202272204,38.30359433085642,39.37269603716127,37.46601648097619,39.01025749026204,39.665691324844005,38.20444080015249,0
