,Afrikaans,Albanian,Armenian,Bengali,Bosnian,Bulgarian,Catalan,Croatian,Czech,Danish,Dutch,English,French,Galician,German,Greek,Gujarati,Hindi,Icelandic,Irish,Italian,Latvian,Lithuanian,Macedonian,Marathi,Nepali,Norwegian,Pashto,Persian,Polish,Portuguese,Romanian,Russian,Serbian,Sinhala,Slovak,Slovenian,Spanish,Swedish,Ukrainian,Urdu,Welsh
Afrikaans,0,2.28803387771091,2.08590392659605,2.4839111775321747,2.188573953816167,2.3572076749409367,2.5603638087590626,2.311812042382889,2.3779359000730254,2.3231339142594623,1.7080821361010408,2.0987812259013277,2.4755392604166944,2.309220956742638,2.1411538397860848,2.507422742262358,2.5472902958172114,2.5816438408293183,2.055015788664113,2.5255908465425323,2.2306090577258386,2.3715203322285965,2.1596255777221716,2.28931258514161,2.5531100716966804,2.148692625280369,2.286889404674371,2.310885249641313,2.1729452506475746,2.3063908850391255,2.2982981417987864,2.414712795323146,2.2619354629213286,2.292089507990752,2.1293389829971465,2.4199542187152283,2.4893225124797627,2.328368547498889,2.1213259464006673,2.2632387309762705,2.3955849515176926,2.0831141973532006
Albanian,2.28803387771091,0,2.0461405976528226,2.2984636485411687,2.169833175795498,2.3101203818892584,2.4443765129277812,2.253203977418282,2.3659148871505864,2.5512841610734367,2.3134189918037227,2.407308150281922,2.3706904602153265,2.186315417204279,2.3936032924549564,2.376052713139862,2.4269608641542497,2.47390450298192,2.240682137958119,2.4351880289596184,2.1757263552530564,2.3245695024947453,2.056788435379763,2.2134235565909886,2.3779471726733874,2.029994421746785,2.5319534592988346,2.2058043508533003,2.0969733836455884,2.2571835391937536,2.2293743841265377,2.3265000488141627,2.213010381257671,2.250178444713977,1.8581656445065942,2.3477704020233188,2.4364177557365423,2.243162192345982,2.297831938062772,2.1772449723945875,2.2402555889403377,2.1002472634026588
Armenian,2.08590392659605,2.0461405976528226,0,2.137892560290183,1.9141131406453435,2.0929037156879087,2.2363445922795777,1.999436702695547,2.147981978240152,2.3087621047026134,2.1143268727431623,2.1227928624467047,2.1947235797385813,2.095181951242528,2.1181167734206996,2.06036656444631,2.2578894230456386,2.2419100203357316,1.9279674410714078,2.2321498424943793,1.9256010657353173,2.0348934722642706,1.842706847615353,2.0239313648269475,2.235135053317273,1.9427078727414133,2.2297843041139385,2.044317589347539,1.893683377014222,2.0258964938485433,2.061052389222236,2.0725829542978835,2.00577554801624,2.02630107834391,1.8496473689437618,2.1317088196115415,2.214079240046713,2.071627903077605,2.0741319825598596,1.9855346242938503,2.094996459343072,1.8054626312681883
Bengali,2.4839111775321747,2.2984636485411687,2.137892560290183,0,2.1878268368394487,2.293520170881586,2.473830868801878,2.2587845332182432,2.365428626617938,2.607487521395668,2.38550925657325,2.3419592915160115,2.4828128951705866,2.367759166798506,2.4350508687204924,2.377444299063914,2.0396288147092947,2.035971937718419,2.351536125396458,2.591618915060886,2.1565429422567948,2.3749862272566746,2.1264061504867855,2.2238927010986753,2.1160222425123076,1.741401101465072,2.615258722587038,2.342987604355008,2.2239935560302313,2.2225065351438866,2.2946611071100915,2.3564862830359745,2.289719165879656,2.268626444480876,2.057812142933286,2.376837195906316,2.4362372616268093,2.2417532755650518,2.3338593441515942,2.2189491753231283,1.9512600099363022,2.114306500884796
Bosnian,2.188573953816167,2.169833175795498,1.9141131406453435,2.1878268368394487,0,1.7143299365801208,2.328973921226705,1.3081983712926528,1.8007485786674216,2.3437103487944597,2.1582608153606,2.2161357621714797,2.2562195895844366,2.205320594227351,2.179155351523663,2.2080688509620994,2.310601554914268,2.2981321390738016,2.0670963074151874,2.432509173779831,1.9289743112166828,1.947695883435155,1.7470012459455977,1.4781509301724578,2.341047857859827,1.9338841005789382,2.310375860901791,2.2153356883530226,2.0335117029467598,1.6340899215062927,2.1054043559261335,2.104417289866451,1.5680520737624029,1.1076013526475146,2.0041093408379878,1.6867473286446006,1.7776147997364515,2.1072841942602705,2.1589320382456267,1.5497122291810845,2.152742587982003,1.9232663398069751
Bulgarian,2.3572076749409367,2.3101203818892584,2.0929037156879087,2.293520170881586,1.7143299365801208,0,2.379606996938519,1.6345887405471895,1.960919312881055,2.479271972844806,2.2441346965037345,2.2818702090445098,2.3794408989551514,2.260020530400946,2.3329276586505374,2.2962731052605156,2.4013714559071135,2.3863727834499833,2.2144034304998326,2.491875408644932,1.9926131573361598,2.2872555869434024,1.9838982288209228,1.5726381910047462,2.412139202806043,2.111680566856506,2.5166089217999246,2.3310175209114306,2.192673100676284,1.8841995964143916,2.193740845097719,2.24807515197094,1.8303243369753208,1.7029068722895175,2.0924791527536533,1.9478490151714574,2.028843241393369,2.12976258390937,2.284024316806524,1.8098959110426884,2.223014185443396,1.9498147290648118
Catalan,2.5603638087590626,2.4443765129277812,2.2363445922795777,2.473830868801878,2.328973921226705,2.379606996938519,0,2.316788514328735,2.4694386604103027,2.6264667742639554,2.4010241987714807,2.3666742415495152,2.298460986633244,1.9743219061539385,2.498201191768075,2.4403506876469017,2.5850610442587003,2.5923260500677126,2.3991618266330077,2.5993683839430908,1.9046328741474103,2.5518667127720103,2.2016919212840533,2.3378633602311196,2.5455090221103744,2.270105432850376,2.5740310323948203,2.520526691938385,2.334268261113408,2.328487885652227,1.9438866531026853,2.177067462401929,2.3841308761057327,2.3910753331805967,2.268393079295411,2.444577370238693,2.529214077905212,1.8071677450811807,2.3871931914536524,2.299288985490875,2.44013109444633,2.1424417574729464
Croatian,2.311812042382889,2.253203977418282,1.999436702695547,2.2587845332182432,1.3081983712926528,1.6345887405471895,2.316788514328735,0,1.8137011214018108,2.395861159476417,2.2218231087521048,2.260057966880565,2.308827137525597,2.214673578562105,2.272348087561052,2.2255719872090243,2.3587419331469732,2.3527913488172576,2.1610364559243953,2.4440162529035723,1.9489237539975937,2.232140268260827,1.868210271753314,1.59776383059223,2.3503077202353713,2.043585341902988,2.4393598837784154,2.240965788669892,2.099621510137005,1.773357710871657,2.169891461927444,2.1684163738647033,1.7610956646217486,1.2821323163873883,2.0045125217137927,1.7624601698903606,1.7346518083942464,2.077829408913033,2.2112593095695647,1.6597566602457008,2.1918853594816037,1.9155536216885651
Czech,2.3779359000730254,2.3659148871505864,2.147981978240152,2.365428626617938,1.8007485786674216,1.960919312881055,2.4694386604103027,1.8137011214018108,0,2.4385157403438162,2.27022282802036,2.324348059932719,2.401452945438667,2.366693415995888,2.3807825476565334,2.400844416186898,2.4912318264154876,2.4995053497430977,2.2545658183384587,2.531014668414463,2.1368929546995696,2.2384012196187055,2.020925764075233,1.9290220366089628,2.5180044550501437,2.12087082535912,2.507136383864184,2.34498531975034,2.2030446890320303,1.7935570886920944,2.2450754933649817,2.3358252585624677,1.8534642304150186,1.828947151749265,2.197391629637077,1.574593652477669,2.0499304514248147,2.2099154677716037,2.3259979605362804,1.7855030889158123,2.2829365677867286,2.006162900101605
Danish,2.3231339142594623,2.5512841610734367,2.3087621047026134,2.607487521395668,2.3437103487944597,2.479271972844806,2.6264667742639554,2.395861159476417,2.4385157403438162,0,2.240420091499391,2.1780826598193044,2.4958837782597127,2.470946263461843,2.1957240026484515,2.541015561189093,2.666250424104901,2.6346642247985392,2.0958058591409094,2.6040776148400524,2.250659925088899,2.5999788389989638,2.317130753419661,2.4497070754551618,2.670726207015899,2.2279909745140185,2.1143566219044403,2.5046745283870924,2.377471418019602,2.384781283948809,2.3798553674144953,2.4721878478862904,2.4279155960306413,2.4605430386744587,2.3143472392637303,2.4750523666556976,2.5318031963415395,2.372731169941886,2.0566485159611436,2.3652814055556477,2.4658109093757217,2.0965608983082507
Dutch,1.7080821361010408,2.3134189918037227,2.1143268727431623,2.38550925657325,2.1582608153606,2.2441346965037345,2.4010241987714807,2.2218231087521048,2.27022282802036,2.240420091499391,0,1.9840978733413697,2.391082834731997,2.3269643302836496,1.9014075692747614,2.342040456257799,2.432926124514348,2.4639192723111774,2.0589226767826596,2.4614609075230915,2.1259097064233856,2.3125956816280797,2.1070695333744642,2.2017983423190572,2.4476329866990096,2.123037145975704,2.221510796032743,2.342980272810154,2.162371632155183,2.2362460745577337,2.1697900794110776,2.3202581065562873,2.2444795860183415,2.236327906279337,2.1692829872455257,2.331727203687859,2.3520637226967818,2.183699744714524,2.0487845533399645,2.2039079880461476,2.2884503884863028,2.004796478546725
English,2.0987812259013277,2.407308150281922,2.1227928624467047,2.3419592915160115,2.2161357621714797,2.2818702090445098,2.3666742415495152,2.260057966880565,2.324348059932719,2.1780826598193044,1.9840978733413697,0,2.369750788306237,2.331729313774796,2.0768154196340998,2.3906968064755953,2.3935983915445704,2.4442232202026215,2.100490378582802,2.4354717203137155,2.0897400503360073,2.3354919573794444,2.1204816136284936,2.273426630653856,2.4298894191487346,2.1105687222096288,2.192795610545143,2.3971754933002853,2.2143340327344654,2.2340220519576746,2.221938495482275,2.307632287099828,2.2683853591515244,2.288283719937481,2.215814331308037,2.351463876633167,2.422666364402531,2.2115065452350087,2.067680746793926,2.2264180130585243,2.272637233808391,1.9609201103441243
French,2.4755392604166944,2.3706904602153265,2.1947235797385813,2.4828128951705866,2.2562195895844366,2.3794408989551514,2.298460986633244,2.308827137525597,2.401452945438667,2.4958837782597127,2.391082834731997,2.369750788306237,0,2.2143651822408486,2.451424324291056,2.4072071855771133,2.6100697127695542,2.578762665108931,2.364994968557724,2.5481983969737096,1.991136040082033,2.452891903003093,2.2176560119264384,2.3418055566098728,2.5485356864344895,2.1765484586174573,2.5906546881328842,2.3888834150615064,2.3013986447716346,2.3223983342973815,2.1437666452333937,2.2825969121076333,2.335780288659287,2.360736759208375,2.211056079561817,2.431948956203227,2.473782832111296,2.1085947132471086,2.4361500184730427,2.2760885448410537,2.3808777794122897,2.0466298812623807
Galician,2.309220956742638,2.186315417204279,2.095181951242528,2.367759166798506,2.205320594227351,2.260020530400946,1.9743219061539385,2.214673578562105,2.366693415995888,2.470946263461843,2.3269643302836496,2.331729313774796,2.2143651822408486,0,2.4062150795437587,2.3834116649611925,2.48363093306146,2.5031925759806866,2.1848723565550925,2.4374604105880255,1.8575060241803225,2.4306256881992576,2.1527934611118633,2.2157441612679554,2.436638589057424,2.107236250125517,2.5137289655052366,2.2887206477392925,2.136361759198059,2.291060802966792,1.6997196678951965,2.1516109044053926,2.252626107342526,2.2617383907972535,2.004918226701535,2.374827074971691,2.4618833839919305,1.5510016404248486,2.2490526558532813,2.1979314646032413,2.3285538386588556,2.0362428669750057
German,2.1411538397860848,2.3936032924549564,2.1181167734206996,2.4350508687204924,2.179155351523663,2.3329276586505374,2.498201191768075,2.272348087561052,2.3807825476565334,2.1957240026484515,1.9014075692747614,2.0768154196340998,2.451424324291056,2.4062150795437587,0,2.360463001739796,2.5006509570380264,2.492091085611872,2.1033952186478175,2.5126420152066995,2.118225486597121,2.359667350855255,2.1360620311404097,2.2982550946043276,2.5091220417990394,2.1549288468600554,2.3427843858160333,2.4260305757001865,2.224230162392197,2.2815606223325333,2.3393367389066473,2.329964737695495,2.3245877082823885,2.3068179783258334,2.240005637411883,2.414587999228726,2.4359536111045865,2.281993096915476,2.099528287239328,2.2643842571308306,2.355584428788385,2.0218187375521444
Greek,2.507422742262358,2.376052713139862,2.06036656444631,2.377444299063914,2.2080688509620994,2.2962731052605156,2.4403506876469017,2.2255719872090243,2.400844416186898,2.541015561189093,2.342040456257799,2.3906968064755953,2.4072071855771133,2.3834116649611925,2.360463001739796,0,2.5175777505858794,2.442488524346896,2.2801264697189185,2.564305436071865,2.0457056135439418,2.3352602274097016,2.091232432634747,2.2920599798771604,2.50857477977379,2.092335778782959,2.6099175892338558,2.390166666211027,2.2697077730887676,2.2860204421272527,2.2856808797847386,2.2727830780119604,2.2990921922055443,2.3186529211595324,2.1187931864961427,2.407071341174614,2.453456018050031,2.1438412053850304,2.3899793517401093,2.1982485335107276,2.319177262223027,1.986954721008807
Gujarati,2.5472902958172114,2.4269608641542497,2.2578894230456386,2.0396288147092947,2.310601554914268,2.4013714559071135,2.5850610442587003,2.3587419331469732,2.4912318264154876,2.666250424104901,2.432926124514348,2.3935983915445704,2.6100697127695542,2.48363093306146,2.5006509570380264,2.5175777505858794,0,1.8728730823000843,2.4395322090739295,2.6988110774959067,2.271880029751837,2.5195765232202962,2.190468510330439,2.337848749121512,1.7959213950709625,1.894527433510802,2.6847227588675007,2.4094880183884486,2.3081909207900715,2.3488531887529507,2.4714182476939097,2.467704414410139,2.4166810418446354,2.4019559124066427,2.1773259285360793,2.526137962419784,2.5896260520593306,2.3479070249310134,2.429055859210004,2.3372331087429816,2.0333498406695605,2.213609193915087
Hindi,2.5816438408293183,2.47390450298192,2.2419100203357316,2.035971937718419,2.2981321390738016,2.3863727834499833,2.5923260500677126,2.3527913488172576,2.4995053497430977,2.6346642247985392,2.4639192723111774,2.4442232202026215,2.578762665108931,2.5031925759806866,2.492091085611872,2.442488524346896,1.8728730823000843,0,2.4330647962798975,2.6946751400985534,2.2287363034895775,2.5159820905608408,2.2098342985481234,2.329210659792269,1.9888861601405268,1.8391031852680635,2.6542900191480605,2.3586502737099266,2.28823196274216,2.3349010729417046,2.476649797874827,2.3745066765455807,2.413293593342069,2.4109903874077943,2.17627709545156,2.5139033759428315,2.600839003335387,2.342547216334047,2.408828592066473,2.3248199097787787,1.681400395712563,2.184870946508091
Icelandic,2.055015788664113,2.240682137958119,1.9279674410714078,2.351536125396458,2.0670963074151874,2.2144034304998326,2.3991618266330077,2.1610364559243953,2.2545658183384587,2.0958058591409094,2.0589226767826596,2.100490378582802,2.364994968557724,2.1848723565550925,2.1033952186478175,2.2801264697189185,2.4395322090739295,2.4330647962798975,0,2.4354321556247323,2.053351593419968,2.189002944190351,1.9562432087131743,2.1465328025782053,2.428864668072501,2.097736852416672,2.076862581402386,2.2506066525595454,2.057231658009403,2.169638347291324,2.193710264401487,2.2500295106366974,2.109812496305621,2.1418361914774233,2.007488110844723,2.2897040390425913,2.3765218877441163,2.1797619017946785,1.9040121714153257,2.0691925487487137,2.2618273561082827,1.96292841246536
Irish,2.5255908465425323,2.4351880289596184,2.2321498424943793,2.591618915060886,2.432509173779831,2.491875408644932,2.5993683839430908,2.4440162529035723,2.531014668414463,2.6040776148400524,2.4614609075230915,2.4354717203137155,2.5481983969737096,2.4374604105880255,2.5126420152066995,2.564305436071865,2.6988110774959067,2.6946751400985534,2.4354321556247323,0,2.359028484712985,2.655560787316518,2.3432172214277203,2.4296470579228506,2.6194113592843706,2.2892979130499316,2.7330612179376383,2.412714733322048,2.351687642938106,2.4803569534195087,2.3302291218725313,2.533766454831595,2.48357786769273,2.5281370690304508,2.212990511756374,2.548748180103007,2.6210667065154443,2.27899471685781,2.4453131018533427,2.4238143515976596,2.4725884211514924,2.086971055449661
Italian,2.2306090577258386,2.1757263552530564,1.9256010657353173,2.1565429422567948,1.9289743112166828,1.9926131573361598,1.9046328741474103,1.9489237539975937,2.1368929546995696,2.250659925088899,2.1259097064233856,2.0897400503360073,1.991136040082033,1.8575060241803225,2.118225486597121,2.0457056135439418,2.271880029751837,2.2287363034895775,2.053351593419968,2.359028484712985,0,2.1801987758739974,1.9212622057974318,2.00604968131448,2.254408226573929,1.9061338274872042,2.2883904340576677,2.1681012599468,2.0338983908846155,1.9945621947183967,1.852831524380387,1.7605551827171586,2.0013998486690094,2.023360880963593,1.9983228269581181,2.123322590040308,2.1578030289227006,1.7125560863613074,2.1068461678301666,1.9536476542527035,2.1434182176636885,1.7514942696535616
Latvian,2.3715203322285965,2.3245695024947453,2.0348934722642706,2.3749862272566746,1.947695883435155,2.2872555869434024,2.5518667127720103,2.232140268260827,2.2384012196187055,2.5999788389989638,2.3125956816280797,2.3354919573794444,2.452891903003093,2.4306256881992576,2.359667350855255,2.3352602274097016,2.5195765232202962,2.5159820905608408,2.189002944190351,2.655560787316518,2.1801987758739974,0,1.6334092935370126,2.172453495574513,2.544006955618912,2.1936186611745967,2.478925945720936,2.4391672433965876,2.232492115991873,2.0220362193609427,2.3280383943280203,2.3474444560942667,2.019125178186665,2.1003534899065395,2.2168063138722234,2.2350812095725914,2.348473765435697,2.418647002968734,2.348047344967445,2.0977917898320873,2.327528401128224,2.0926956951688798
Lithuanian,2.1596255777221716,2.056788435379763,1.842706847615353,2.1264061504867855,1.7470012459455977,1.9838982288209228,2.2016919212840533,1.868210271753314,2.020925764075233,2.317130753419661,2.1070695333744642,2.1204816136284936,2.2176560119264384,2.1527934611118633,2.1360620311404097,2.091232432634747,2.190468510330439,2.2098342985481234,1.9562432087131743,2.3432172214277203,1.9212622057974318,1.6334092935370126,0,1.9151497554011196,2.2400310014501574,1.96169496604806,2.1786932667288093,2.150978511430208,1.9429950546315622,1.843554284847316,2.112482111299367,2.0498094142309067,1.8522026543854386,1.837963513630026,1.922857990332258,2.0414012309659713,2.064661318548839,2.0699692963128964,2.054451714177162,1.8246004097898925,2.093321030805552,1.902623833464985
Macedonian,2.28931258514161,2.2134235565909886,2.0239313648269475,2.2238927010986753,1.4781509301724578,1.5726381910047462,2.3378633602311196,1.59776383059223,1.9290220366089628,2.4497070754551618,2.2017983423190572,2.273426630653856,2.3418055566098728,2.2157441612679554,2.2982550946043276,2.2920599798771604,2.337848749121512,2.329210659792269,2.1465328025782053,2.4296470579228506,2.00604968131448,2.172453495574513,1.9151497554011196,0,2.347119452333407,2.02709989482468,2.4574545530400953,2.220659497471384,2.1129584758877527,1.8189211626568538,2.1515029040961022,2.213338740056679,1.708364683060387,1.4228280750007722,2.0223595237334164,1.8636340966619185,1.993305192552523,2.1109227483946302,2.215253465556646,1.6629160794150024,2.168847749435456,1.9831000974737838
Marathi,2.5531100716966804,2.3779471726733874,2.235135053317273,2.1160222425123076,2.341047857859827,2.412139202806043,2.5455090221103744,2.3503077202353713,2.5180044550501437,2.670726207015899,2.4476329866990096,2.4298894191487346,2.5485356864344895,2.436638589057424,2.5091220417990394,2.50857477977379,1.7959213950709625,1.9888861601405268,2.428864668072501,2.6194113592843706,2.254408226573929,2.544006955618912,2.2400310014501574,2.347119452333407,0,1.9784529342048394,2.689612892810631,2.3755739977373005,2.3354673624569307,2.37432295678831,2.4098402777319823,2.4548550068299573,2.3991493677072873,2.4187292344417495,2.13398509702563,2.4910233999798037,2.5787840502515613,2.298478436696238,2.422482734577814,2.3503740177348917,2.092438061719704,2.179552317891614
Nepali,2.148692625280369,2.029994421746785,1.9427078727414133,1.741401101465072,1.9338841005789382,2.111680566856506,2.270105432850376,2.043585341902988,2.12087082535912,2.2279909745140185,2.123037145975704,2.1105687222096288,2.1765484586174573,2.107236250125517,2.1549288468600554,2.092335778782959,1.894527433510802,1.8391031852680635,2.097736852416672,2.2892979130499316,1.9061338274872042,2.1936186611745967,1.96169496604806,2.02709989482468,1.9784529342048394,0,2.3011842461713066,2.009279762054499,1.9939527686250729,2.0573017819361645,2.0890809550645275,2.087296672245099,2.0819657213566325,2.0624549912787007,1.804439213300985,2.1081333895048973,2.1985244583246555,2.0284765086088967,2.064104768254315,2.014164951264695,1.7416067927381784,1.8595636845989914
Norwegian,2.286889404674371,2.5319534592988346,2.2297843041139385,2.615258722587038,2.310375860901791,2.5166089217999246,2.5740310323948203,2.4393598837784154,2.507136383864184,2.1143566219044403,2.221510796032743,2.192795610545143,2.5906546881328842,2.5137289655052366,2.3427843858160333,2.6099175892338558,2.6847227588675007,2.6542900191480605,2.076862581402386,2.7330612179376383,2.2883904340576677,2.478925945720936,2.1786932667288093,2.4574545530400953,2.689612892810631,2.3011842461713066,0,2.613841193914593,2.3913490026989144,2.3647156793632487,2.405857695693917,2.481720868101908,2.442839876381018,2.4548383272115135,2.328095520760246,2.5241196347052117,2.562103250685734,2.4007029058637666,1.7721848407178937,2.400868216938008,2.465075562315005,2.23037857582402
Pashto,2.310885249641313,2.2058043508533003,2.044317589347539,2.342987604355008,2.2153356883530226,2.3310175209114306,2.520526691938385,2.240965788669892,2.34498531975034,2.5046745283870924,2.342980272810154,2.3971754933002853,2.3888834150615064,2.2887206477392925,2.4260305757001865,2.390166666211027,2.4094880183884486,2.3586502737099266,2.2506066525595454,2.412714733322048,2.1681012599468,2.4391672433965876,2.150978511430208,2.220659497471384,2.3755739977373005,2.009279762054499,2.613841193914593,0,1.9902915966992,2.2919329164054427,2.2684143975896585,2.345361061984909,2.2632559625460402,2.283598364252381,1.9591444915207339,2.409818040276089,2.4385675563653795,2.218845253263433,2.3417649739046027,2.2077868227490125,2.146832600343129,2.0568557069721383
Persian,2.1729452506475746,2.0969733836455884,1.893683377014222,2.2239935560302313,2.0335117029467598,2.192673100676284,2.334268261113408,2.099621510137005,2.2030446890320303,2.377471418019602,2.162371632155183,2.2143340327344654,2.3013986447716346,2.136361759198059,2.224230162392197,2.2697077730887676,2.3081909207900715,2.28823196274216,2.057231658009403,2.351687642938106,2.0338983908846155,2.232492115991873,1.9429950546315622,2.1129584758877527,2.3354673624569307,1.9939527686250729,2.3913490026989144,1.9902915966992,0,2.1129560500652045,2.16130068508395,2.1789088085870505,2.123513428040526,2.119423651372661,1.9611146701685713,2.244138475029105,2.2987272600908115,2.1384962612819756,2.1494926648696384,2.041453180017985,2.0532886975646463,1.9516963109711731
Polish,2.3063908850391255,2.2571835391937536,2.0258964938485433,2.2225065351438866,1.6340899215062927,1.8841995964143916,2.328487885652227,1.773357710871657,1.7935570886920944,2.384781283948809,2.2362460745577337,2.2340220519576746,2.3223983342973815,2.291060802966792,2.2815606223325333,2.2860204421272527,2.3488531887529507,2.3349010729417046,2.169638347291324,2.4803569534195087,1.9945621947183967,2.0220362193609427,1.843554284847316,1.8189211626568538,2.37432295678831,2.0573017819361645,2.3647156793632487,2.2919329164054427,2.1129560500652045,0,2.1321328777796196,2.166298620706606,1.7111703173350223,1.7243799959654211,2.101207624029509,1.6412348110494013,1.953141622995726,2.1597100843815453,2.2150189852895688,1.6676384110141786,2.2038827167050847,1.9598876645619372
Portuguese,2.2982981417987864,2.2293743841265377,2.061052389222236,2.2946611071100915,2.1054043559261335,2.193740845097719,1.9438866531026853,2.169891461927444,2.2450754933649817,2.3798553674144953,2.1697900794110776,2.221938495482275,2.1437666452333937,1.6997196678951965,2.3393367389066473,2.2856808797847386,2.4714182476939097,2.476649797874827,2.193710264401487,2.3302291218725313,1.852831524380387,2.3280383943280203,2.112482111299367,2.1515029040961022,2.4098402777319823,2.0890809550645275,2.405857695693917,2.2684143975896585,2.16130068508395,2.1321328777796196,0,2.1159900010625012,2.1762352728802714,2.1772496808174417,2.103114643563247,2.2190408354732805,2.2929070910618283,1.612715537833592,2.214255654027941,2.123654444567355,2.2455634776077606,1.9651510032600439
Romanian,2.414712795323146,2.3265000488141627,2.0725829542978835,2.3564862830359745,2.104417289866451,2.24807515197094,2.177067462401929,2.1684163738647033,2.3358252585624677,2.4721878478862904,2.3202581065562873,2.307632287099828,2.2825969121076333,2.1516109044053926,2.329964737695495,2.2727830780119604,2.467704414410139,2.3745066765455807,2.2500295106366974,2.533766454831595,1.7605551827171586,2.3474444560942667,2.0498094142309067,2.213338740056679,2.4548550068299573,2.087296672245099,2.481720868101908,2.345361061984909,2.1789088085870505,2.166298620706606,2.1159900010625012,0,2.2151925925230374,2.2296043416847975,2.1420516225282826,2.337295839772177,2.3872818002595277,2.038821945715113,2.261549046284402,2.1484275946767224,2.297306893027063,1.9826495464032807
Russian,2.2619354629213286,2.213010381257671,2.00577554801624,2.289719165879656,1.5680520737624029,1.8303243369753208,2.3841308761057327,1.7610956646217486,1.8534642304150186,2.4279155960306413,2.2444795860183415,2.2683853591515244,2.335780288659287,2.252626107342526,2.3245877082823885,2.2990921922055443,2.4166810418446354,2.413293593342069,2.109812496305621,2.48357786769273,2.0013998486690094,2.019125178186665,1.8522026543854386,1.708364683060387,2.3991493677072873,2.0819657213566325,2.442839876381018,2.2632559625460402,2.123513428040526,1.7111703173350223,2.1762352728802714,2.2151925925230374,0,1.616356657968815,2.043154880013944,1.7898474631381889,2.037308432862692,2.1733774223142204,2.2398712352744212,1.4869536692497873,2.2634704943355004,1.9903740982690548
Serbian,2.292089507990752,2.250178444713977,2.02630107834391,2.268626444480876,1.1076013526475146,1.7029068722895175,2.3910753331805967,1.2821323163873883,1.828947151749265,2.4605430386744587,2.236327906279337,2.288283719937481,2.360736759208375,2.2617383907972535,2.3068179783258334,2.3186529211595324,2.4019559124066427,2.4109903874077943,2.1418361914774233,2.5281370690304508,2.023360880963593,2.1003534899065395,1.837963513630026,1.4228280750007722,2.4187292344417495,2.0624549912787007,2.4548383272115135,2.283598364252381,2.119423651372661,1.7243799959654211,2.1772496808174417,2.2296043416847975,1.616356657968815,0,2.059006880296375,1.740729724662679,1.7836866702416971,2.16269488065487,2.233056285953168,1.5693683523962951,2.2333520221859455,1.9995867273216796
Sinhala,2.1293389829971465,1.8581656445065942,1.8496473689437618,2.057812142933286,2.0041093408379878,2.0924791527536533,2.268393079295411,2.0045125217137927,2.197391629637077,2.3143472392637303,2.1692829872455257,2.215814331308037,2.211056079561817,2.004918226701535,2.240005637411883,2.1187931864961427,2.1773259285360793,2.17627709545156,2.007488110844723,2.212990511756374,1.9983228269581181,2.2168063138722234,1.922857990332258,2.0223595237334164,2.13398509702563,1.804439213300985,2.328095520760246,1.9591444915207339,1.9611146701685713,2.101207624029509,2.103114643563247,2.1420516225282826,2.043154880013944,2.059006880296375,0,2.1777885058727358,2.2723687334412555,2.0061349404866164,2.068634716680609,1.998172490314681,2.014085319843571,1.910339678086736
Slovak,2.4199542187152283,2.3477704020233188,2.1317088196115415,2.376837195906316,1.6867473286446006,1.9478490151714574,2.444577370238693,1.7624601698903606,1.574593652477669,2.4750523666556976,2.331727203687859,2.351463876633167,2.431948956203227,2.374827074971691,2.414587999228726,2.407071341174614,2.526137962419784,2.5139033759428315,2.2897040390425913,2.548748180103007,2.123322590040308,2.2350812095725914,2.0414012309659713,1.8636340966619185,2.4910233999798037,2.1081333895048973,2.5241196347052117,2.409818040276089,2.244138475029105,1.6412348110494013,2.2190408354732805,2.337295839772177,1.7898474631381889,1.740729724662679,2.1777885058727358,0,1.9892376827022022,2.2085582887517856,2.333776308808432,1.7463195676756698,2.311296976947949,2.0149833495426015
Slovenian,2.4893225124797627,2.4364177557365423,2.214079240046713,2.4362372616268093,1.7776147997364515,2.028843241393369,2.529214077905212,1.7346518083942464,2.0499304514248147,2.5318031963415395,2.3520637226967818,2.422666364402531,2.473782832111296,2.4618833839919305,2.4359536111045865,2.453456018050031,2.5896260520593306,2.600839003335387,2.3765218877441163,2.6210667065154443,2.1578030289227006,2.348473765435697,2.064661318548839,1.993305192552523,2.5787840502515613,2.1985244583246555,2.562103250685734,2.4385675563653795,2.2987272600908115,1.953141622995726,2.2929070910618283,2.3872818002595277,2.037308432862692,1.7836866702416971,2.2723687334412555,1.9892376827022022,0,2.269254819578713,2.394980979636352,1.9606224923439977,2.3813641258812503,2.096028047027897
Spanish,2.328368547498889,2.243162192345982,2.071627903077605,2.2417532755650518,2.1072841942602705,2.12976258390937,1.8071677450811807,2.077829408913033,2.2099154677716037,2.372731169941886,2.183699744714524,2.2115065452350087,2.1085947132471086,1.5510016404248486,2.281993096915476,2.1438412053850304,2.3479070249310134,2.342547216334047,2.1797619017946785,2.27899471685781,1.7125560863613074,2.418647002968734,2.0699692963128964,2.1109227483946302,2.298478436696238,2.0284765086088967,2.4007029058637666,2.218845253263433,2.1384962612819756,2.1597100843815453,1.612715537833592,2.038821945715113,2.1733774223142204,2.16269488065487,2.0061349404866164,2.2085582887517856,2.269254819578713,0,2.2021800572503323,2.0676613095945235,2.2010179510950976,1.9247709964319784
Swedish,2.1213259464006673,2.297831938062772,2.0741319825598596,2.3338593441515942,2.1589320382456267,2.284024316806524,2.3871931914536524,2.2112593095695647,2.3259979605362804,2.0566485159611436,2.0487845533399645,2.067680746793926,2.4361500184730427,2.2490526558532813,2.099528287239328,2.3899793517401093,2.429055859210004,2.408828592066473,1.9040121714153257,2.4453131018533427,2.1068461678301666,2.348047344967445,2.054451714177162,2.215253465556646,2.422482734577814,2.064104768254315,1.7721848407178937,2.3417649739046027,2.1494926648696384,2.2150189852895688,2.214255654027941,2.261549046284402,2.2398712352744212,2.233056285953168,2.068634716680609,2.333776308808432,2.394980979636352,2.2021800572503323,0,2.1870228513161774,2.2311099317077296,2.0052323263183807
Ukrainian,2.2632387309762705,2.1772449723945875,1.9855346242938503,2.2189491753231283,1.5497122291810845,1.8098959110426884,2.299288985490875,1.6597566602457008,1.7855030889158123,2.3652814055556477,2.2039079880461476,2.2264180130585243,2.2760885448410537,2.1979314646032413,2.2643842571308306,2.1982485335107276,2.3372331087429816,2.3248199097787787,2.0691925487487137,2.4238143515976596,1.9536476542527035,2.0977917898320873,1.8246004097898925,1.6629160794150024,2.3503740177348917,2.014164951264695,2.400868216938008,2.2077868227490125,2.041453180017985,1.6676384110141786,2.123654444567355,2.1484275946767224,1.4869536692497873,1.5693683523962951,1.998172490314681,1.7463195676756698,1.9606224923439977,2.0676613095945235,2.1870228513161774,0,2.1934629223453985,1.91309159198936
Urdu,2.3955849515176926,2.2402555889403377,2.094996459343072,1.9512600099363022,2.152742587982003,2.223014185443396,2.44013109444633,2.1918853594816037,2.2829365677867286,2.4658109093757217,2.2884503884863028,2.272637233808391,2.3808777794122897,2.3285538386588556,2.355584428788385,2.319177262223027,2.0333498406695605,1.681400395712563,2.2618273561082827,2.4725884211514924,2.1434182176636885,2.327528401128224,2.093321030805552,2.168847749435456,2.092438061719704,1.7416067927381784,2.465075562315005,2.146832600343129,2.0532886975646463,2.2038827167050847,2.2455634776077606,2.297306893027063,2.2634704943355004,2.2333520221859455,2.014085319843571,2.311296976947949,2.3813641258812503,2.2010179510950976,2.2311099317077296,2.1934629223453985,0,2.0175394202867496
Welsh,2.0831141973532006,2.1002472634026588,1.8054626312681883,2.114306500884796,1.9232663398069751,1.9498147290648118,2.1424417574729464,1.9155536216885651,2.006162900101605,2.0965608983082507,2.004796478546725,1.9609201103441243,2.0466298812623807,2.0362428669750057,2.0218187375521444,1.986954721008807,2.213609193915087,2.184870946508091,1.96292841246536,2.086971055449661,1.7514942696535616,2.0926956951688798,1.902623833464985,1.9831000974737838,2.179552317891614,1.8595636845989914,2.23037857582402,2.0568557069721383,1.9516963109711731,1.9598876645619372,1.9651510032600439,1.9826495464032807,1.9903740982690548,1.9995867273216796,1.910339678086736,2.0149833495426015,2.096028047027897,1.9247709964319784,2.0052323263183807,1.91309159198936,2.0175394202867496,0
