,Afrikaans,Albanian,Armenian,Bengali,Bosnian,Bulgarian,Catalan,Croatian,Czech,Danish,Dutch,English,French,Galician,German,Greek,Gujarati,Hindi,Icelandic,Irish,Italian,Latvian,Lithuanian,Macedonian,Marathi,Nepali,Norwegian,Pashto,Persian,Polish,Portuguese,Romanian,Russian,Serbian,Sinhala,Slovak,Slovenian,Spanish,Swedish,Ukrainian,Urdu,Welsh
Afrikaans,0,47.60079263488938,43.449691783546044,51.17759327712208,46.06294896980712,48.885952478915264,51.36004369441165,48.2348776199541,50.187464828462765,47.12304264020881,37.33270114286054,46.28211189434351,49.05606045769333,46.43825568737394,45.28518356866871,52.09435980062932,52.99986119759753,53.291467097078005,43.067823926147305,49.272932027631505,46.80162768770829,48.762551174313735,43.8729293414144,47.48058986043162,52.13307437844606,45.82191949890304,46.1557861710602,46.799519852332885,45.16630619577975,47.94537245925173,48.20722264095991,50.00460876925376,47.3424316589755,47.3975482622499,44.0150123532913,49.77094843260723,50.17975144922983,49.22423869372115,45.35334943463363,46.78161073717838,49.67370922556443,44.47614448202067
Albanian,47.60079263488938,0,46.012683904940374,51.01816147670333,50.14607786269319,52.00708171236729,51.868727381336264,50.979890618895624,54.17376233289391,52.78524782415644,51.52310829902834,55.49420959721339,50.43405287538091,46.585818045471896,52.93004079377049,53.119543694124545,54.15997513856,55.30148982036915,50.04363870683844,48.78381741899008,50.30538074469773,51.89468365188591,45.62141982754303,50.003544400024325,51.9585195247127,47.79998545743454,52.59689803398564,47.27002308379012,47.390428676772004,51.26805166808625,49.69153341301158,52.62367179994784,50.677260204232475,50.7452969349302,41.94511874042855,51.96780129690148,52.97285526832906,51.04342539683657,51.980059611803505,50.25152356338341,50.42248852776756,48.45370437921374
Armenian,43.449691783546044,46.012683904940374,0,47.698369034829824,49.51613255640527,47.513753156870095,47.46575900919594,46.48194628209724,50.3478925793655,46.89093301462284,48.255255116847536,50.596239868985904,45.61645975437327,43.961168610927984,48.30244221809817,46.44729046507257,51.004418694977794,50.93041515519485,44.29148231446111,44.25892206384682,49.29026576086403,50.06388464609367,48.169717965951655,47.61626737429062,47.86536323115545,48.23890324308613,45.41120449233631,43.068610321691374,46.12312263316583,51.21466182856396,46.90925068627163,47.95966449281695,47.877965747291945,47.56336394376964,43.650214308959875,47.457098525360294,49.31828019951955,48.338657057192385,47.32686692407473,47.84145840723921,47.45304960676681,47.77999166901077
Bengali,51.17759327712208,51.01816147670333,47.698369034829824,0,49.265672795197425,51.003272045608945,52.01428704443859,50.80815442272057,51.83306597537491,53.18788294606334,52.26610485464321,53.55626315152469,51.14833102344162,49.87604074277228,52.178339789444365,51.95050770850914,46.72910076130537,45.838925018861104,51.80004132122723,51.175620571332004,48.686278972847084,51.555248319803546,46.0479588145506,49.90563789470547,46.704750699115635,40.824951717213615,53.08605001140678,50.29333302849148,49.27925861293001,49.33517419409288,49.85108100798485,51.486678368486785,50.958028996422605,50.370776344025906,46.23537345292561,51.292151549427984,52.34956144316893,50.505547340671,52.075680975503836,49.50889369006325,43.90694174364938,47.78296541990609
Bosnian,46.06294896980712,50.14607786269319,49.51613255640527,49.265672795197425,0,40.61183312629364,50.054369204163145,33.535229830379194,42.90716734368011,47.44518174087292,49.406018795965565,52.950467777840714,46.860867071196154,46.8622200435696,49.34244727212681,50.15236183497447,52.80701648847114,52.72944981082221,48.52749172794557,48.09712772348078,48.42453533693465,47.752846223555146,45.706274107244944,36.171253895616104,50.888663306907304,48.19522797871569,47.1918212729365,47.741541169043394,50.67359539912052,42.685058864095936,47.768335230290845,49.11279854901411,39.189756833827126,29.230011433856834,48.778241285930704,38.83584009406227,40.526612240585955,48.99032443182703,49.80827130002178,39.33481307394031,48.895915655293265,49.97454632251651
Bulgarian,48.885952478915264,52.00708171236729,47.513753156870095,51.003272045608945,40.61183312629364,0,50.24972004659522,39.41417094987652,44.50958146303329,51.31142235082476,50.1382223263207,52.36418745597604,49.52753525342179,47.9777072186351,51.62397915518844,50.95697677516841,54.14487286022431,53.81303197472589,49.60355696484973,50.21286971636587,45.757574033281166,50.50336361159785,44.16229639360769,38.04017206714132,52.96035469481233,49.87847758886566,51.3092756668633,49.87056232966874,49.76827143488306,43.573822243552215,48.70532505247377,50.553881833501556,42.91550586657368,40.490199879829134,47.88518748403395,43.71850658256295,44.43563890001412,48.59505670315662,51.31709496603966,42.752107840052794,49.75724470134019,45.56649743655697
Catalan,51.36004369441165,51.868727381336264,47.46575900919594,52.01428704443859,50.054369204163145,50.24972004659522,0,49.38304679421421,51.78139370461345,52.57644285611531,50.883673526410895,51.68744157530858,47.0159216142885,42.41676760016113,52.2293437156741,51.28487708991764,53.79905852398481,53.661010821386526,50.61364836255237,50.82482318438721,41.89019094064957,53.51328456794764,46.235567399819864,49.632390631294136,52.50492455487559,49.89237383769715,51.75878888705632,51.71077013223099,49.86317042846492,50.08380356986922,42.4708615071071,46.85925402955141,50.792539509034654,50.45626383127148,47.81988878455923,51.36481474847369,52.513436322432874,41.28045374573034,51.11673039551399,49.05472404684328,51.467267478721176,46.85161416390418
Croatian,48.2348776199541,50.979890618895624,46.48194628209724,50.80815442272057,33.535229830379194,39.41417094987652,49.38304679421421,0,42.81122693721313,49.64352538619308,50.1909751894101,52.23548025218495,48.62339635746875,47.361699376948515,51.33758691247008,50.54041874742645,53.45192721473679,53.76047865732921,49.40531317056512,49.0756462174005,46.470291940426634,51.19361967352601,42.95800432594559,38.449091401319016,51.21942688802408,48.80666470210143,50.45521180922906,48.11829399475264,49.275993529570506,43.03518528176237,49.07551005146727,49.80154185618839,42.14599904657953,33.101956018703824,46.95545060739053,40.72564071656302,39.126512144133464,48.057327623211435,50.82693062568088,40.51700085954307,50.0076427071413,45.83520204644673
Czech,50.187464828462765,54.17376233289391,50.3478925793655,51.83306597537491,42.90716734368011,44.50958146303329,51.78139370461345,42.81122693721313,0,50.098414519735975,51.227829027209594,53.287661176942805,50.369984712674785,50.62572219353935,53.03572851803691,53.515971463592514,56.02408294358245,56.369598854418875,51.41729430605604,51.257375624308494,49.43794502366045,51.18280144436414,47.35954690816849,44.8602566004899,54.64339936681835,50.26128859120639,51.44881411157512,50.5769466712285,51.006087120010065,43.47685597715015,50.352545120928575,52.21629139698286,43.64223169599884,42.47124058729053,50.31575445717527,37.71705379658265,44.540797431946366,50.70925156563471,52.39338378117107,41.974300600181856,50.8526199483842,47.75158293619959
Danish,47.12304264020881,52.78524782415644,46.89093301462284,53.18788294606334,47.44518174087292,51.31142235082476,52.57644285611531,49.64352538619308,50.098414519735975,0,46.136532579274046,47.76586803660974,50.12212600330936,50.2829517809779,45.81924824727128,52.06668320706476,54.28930512421203,53.590695379369905,44.33409710046501,51.43165992675919,45.81818645575379,51.143644496557656,45.544122334706564,49.87973263112809,53.72689556452784,46.70438847123777,44.65658253159962,51.19575276133717,49.085189139349275,48.40790209478558,49.20117283441697,50.763680968694516,49.34223172863899,50.1790926455435,47.99148563567238,50.63872419887769,50.900111731346904,49.86336550109395,44.46107228338213,48.356107185013876,50.50996846668788,43.82467604310968
Dutch,37.33270114286054,51.52310829902834,48.255255116847536,52.26610485464321,49.406018795965565,50.1382223263207,50.883673526410895,50.1909751894101,51.227829027209594,46.136532579274046,0,47.23120575708487,49.97852404325557,49.43021875161258,43.159597869787234,51.65141400213671,53.89738279704412,54.65956635502307,46.794352964954726,49.769392933197295,48.396554129011214,51.35668156541872,46.84519407107289,49.486374740858224,52.84140096992775,49.45767645538231,45.94264144025554,50.34447094672276,49.27774275540649,50.70426824387687,48.83300205161389,51.53501343274557,50.44053631119969,50.05901085356282,49.158617021203376,50.74149170875198,50.344534617834896,49.671079185833904,46.87957767178303,49.75139743257944,50.657675944193855,46.85992856792178
English,46.28211189434351,55.49420959721339,50.596239868985904,53.55626315152469,52.950467777840714,52.36418745597604,51.68744157530858,52.23548025218495,53.287661176942805,47.76586803660974,47.23120575708487,0,51.04006570176255,50.865987041110884,48.45481872421477,54.106887369260896,54.16044816751969,54.87678588795756,49.93650312022806,50.216826540326664,49.675875926375575,54.02505557936876,48.52894462994092,52.5426735398514,53.01290602057508,50.73827734226848,47.913647143408234,52.25616008351788,52.231624031892295,52.187416339273966,50.68566861454144,52.91724752868606,52.79411926335728,52.65699428987369,51.658608475874374,52.747226249916665,53.67365964118159,51.79848825431104,50.30818907438179,52.24823464068208,52.220374134595076,47.927219222368166
French,49.05606045769333,50.43405287538091,45.61645975437327,51.14833102344162,46.860867071196154,49.52753525342179,47.0159216142885,48.62339635746875,50.369984712674785,50.12212600330936,49.97852404325557,51.04006570176255,0,46.44126500802743,50.66358550777823,50.775880242075445,54.135441970145145,54.13180989536532,49.476179963686164,50.18785240150855,41.84321453973074,49.555839893739254,44.64224396654756,48.583465432665605,52.06643696483332,47.245102558901706,51.26508851695658,49.19569790729686,48.25789276960157,48.50838414023091,46.07341419798483,47.5341405747886,48.46244802703238,48.759912225590526,46.48967309433235,50.73426372133821,49.85585960834755,45.90747401842805,51.33509840944961,47.200140334033534,49.657177176743545,43.94410998846529
Galician,46.43825568737394,46.585818045471896,43.961168610927984,49.87604074277228,46.8622200435696,47.9777072186351,42.41676760016113,47.361699376948515,50.62572219353935,50.2829517809779,49.43021875161258,50.865987041110884,46.44126500802743,0,50.70329483210109,50.670596522640295,52.35626349049099,52.62436437261233,46.10159095230393,47.76878145532571,40.73565269986096,50.742089025555515,44.31322886990763,47.111463952942174,50.885384456387435,46.08944810327888,50.99127266675411,47.09737319968061,45.02905687078516,48.84700827730895,38.332524936101564,46.59774562081349,47.702793436508024,47.52299514080557,42.23581017296179,49.893782716818805,50.53448430988388,35.56020847459276,48.481898456847325,46.576779956427536,49.41519544409965,44.00900994752991
German,45.28518356866871,52.93004079377049,48.30244221809817,52.178339789444365,49.34244727212681,51.62397915518844,52.2293437156741,51.33758691247008,53.03572851803691,45.81924824727128,43.159597869787234,48.45481872421477,50.66358550777823,50.70329483210109,0,51.951730179774074,55.11753325657422,54.994363139148334,48.05585467600183,50.24625826628864,48.58921217492965,52.04564832645722,46.73331335056684,51.02637870648185,53.92715797629944,49.450585543148115,47.974058942985046,51.02183921148746,50.13585293980727,51.20520968720509,51.71011162052455,51.75591974943156,51.461302597521524,50.860507607015435,50.54733112301491,52.05703074318769,51.28573672632788,51.264886395880204,47.251043853823916,50.365476382013284,51.1467040676502,46.94905852536959
Greek,52.09435980062932,53.119543694124545,46.44729046507257,51.95050770850914,50.15236183497447,50.95697677516841,51.28487708991764,50.54041874742645,53.515971463592514,52.06668320706476,51.65141400213671,54.106887369260896,50.775880242075445,50.670596522640295,51.951730179774074,0,54.73891479877017,52.98577570241245,51.02562333446701,51.29311134529675,47.35110679816017,52.01101409420989,45.928061596647304,50.96014300324178,53.12289148924597,48.63653897460583,52.421335821336534,50.43480102502908,50.66433811237814,50.90888392309433,50.83108575007383,50.17127835768104,51.401826342757964,51.46101070773867,47.8432334255596,52.3699450085963,52.716445558080004,49.02307819982494,52.698664657279004,49.892180777637265,50.80201502590634,46.03907197131739
Gujarati,52.99986119759753,54.15997513856,51.004418694977794,46.72910076130537,52.80701648847114,54.14487286022431,53.79905852398481,53.45192721473679,56.02408294358245,54.28930512421203,53.89738279704412,54.16044816751969,54.135441970145145,52.35626349049099,55.11753325657422,54.73891479877017,0,42.17787524120499,54.75600794306224,53.83363179580318,51.49106166008582,56.16451596629738,48.349515948779334,52.847495283155176,40.08976841684964,44.85669671698754,54.877515019510746,51.40424858249719,52.48119081909614,53.40790403115058,54.26004118864073,54.09621052575062,54.51444073445845,53.529897062638994,49.32876811556028,55.15804500557514,54.54602585221748,52.928015067766104,53.97964492487996,52.84324166763243,46.60096569699498,50.45306630966206
Hindi,53.291467097078005,55.30148982036915,50.93041515519485,45.838925018861104,52.72944981082221,53.81303197472589,53.661010821386526,53.76047865732921,56.369598854418875,53.590695379369905,54.65956635502307,54.87678588795756,54.13180989536532,52.62436437261233,54.994363139148334,52.98577570241245,42.17787524120499,0,54.01451681675918,53.47986811165104,51.01110094836483,56.32933967686137,49.215155410309386,52.585911592953025,43.5889528753849,43.920610367745724,54.04472487003424,51.074639022756294,52.549657403781254,53.90237189717938,54.818658749387275,52.101607778716186,54.28836080553437,54.33961866730559,49.6122265741902,54.8668978244605,54.79000796059631,52.7203277866711,53.471296559847545,53.328056356428505,39.50822957992343,50.21524250927081
Icelandic,43.067823926147305,50.04363870683844,44.29148231446111,51.80004132122723,48.52749172794557,49.60355696484973,50.61364836255237,49.40531317056512,51.41729430605604,44.33409710046501,46.794352964954726,49.93650312022806,49.476179963686164,46.10159095230393,48.05585467600183,51.02562333446701,54.75600794306224,54.01451681675918,0,48.881558220600034,48.40027221264168,49.90619758547064,44.883050520071286,48.63789294012217,52.60016298954996,49.45262675237171,43.366581906521276,47.764917700992726,46.69532446404978,50.433622253742044,49.19756130159761,50.7312552021318,48.49391107196501,48.74137132402614,44.826015266874116,50.74876832109516,51.33860587098398,50.36385007397466,43.60444973592792,47.6462350416795,50.15964996260713,46.70249206852278
Irish,49.272932027631505,48.78381741899008,44.25892206384682,51.175620571332004,48.09712772348078,50.21286971636587,50.82482318438721,49.0756462174005,51.257375624308494,51.43165992675919,49.769392933197295,50.216826540326664,50.18785240150855,47.76878145532571,50.24625826628864,51.29311134529675,53.83363179580318,53.47986811165104,48.881558220600034,0,46.896170604398506,50.828926551357966,44.61768077632093,48.402509155964715,51.95247234986054,46.69863103420339,52.766752602126104,48.1017876247648,46.608686203893846,48.86388728957749,47.16410601613499,50.456513888370026,49.4440794436677,49.73122157790509,44.13876979450006,50.926138510586746,51.041859182050864,46.66004327923428,49.482056104874076,47.94463782305583,49.15817293899531,42.4738603372002
Italian,46.80162768770829,50.30538074469773,49.29026576086403,48.686278972847084,48.42453533693465,45.757574033281166,41.89019094064957,46.470291940426634,49.43794502366045,45.81818645575379,48.396554129011214,49.675875926375575,41.84321453973074,40.73565269986096,48.58921217492965,47.35110679816017,51.49106166008582,51.01110094836483,48.40027221264168,46.896170604398506,0,52.63342496520034,49.636412950843635,46.878812720759036,49.225276222480204,48.29157651694109,46.4839475500048,47.02710432389676,50.93661183751019,50.89685413076319,42.93487072887437,42.295203801408846,48.129955203163554,47.41435618167098,48.39812031169037,47.407182435504616,48.40159630065292,41.36002355146988,48.856554489353165,47.25869665630033,48.49241027807257,45.45879567941329
Latvian,48.762551174313735,51.89468365188591,50.06388464609367,51.555248319803546,47.752846223555146,50.50336361159785,53.51328456794764,51.19361967352601,51.18280144436414,51.143644496557656,51.35668156541872,54.02505557936876,49.555839893739254,50.742089025555515,52.04564832645722,52.01101409420989,56.16451596629738,56.32933967686137,49.90619758547064,50.828926551357966,52.63342496520034,0,40.71423851796732,49.84066395803251,54.32775740620155,51.859668072729704,49.12583704543601,51.32815799072574,52.49250899476093,48.67120223880852,51.611958003422984,52.622775977578684,47.67751233483821,48.59497262754405,51.16939318648914,48.48295864621234,50.736267112744294,54.76713117727093,52.80143076971104,49.513825046972876,51.36124096186067,51.96005976909369
Lithuanian,43.8729293414144,45.62141982754303,48.169717965951655,46.0479588145506,45.706274107244944,44.16229639360769,46.235567399819864,42.95800432594559,47.35954690816849,45.544122334706564,46.84519407107289,48.52894462994092,44.64224396654756,44.31322886990763,46.73331335056684,45.928061596647304,48.349515948779334,49.215155410309386,44.883050520071286,44.61768077632093,49.636412950843635,40.71423851796732,0,44.36299399246164,47.09306863447215,47.40702752967981,43.241003334130525,44.532978205783095,48.347167401744905,47.75405843904785,46.45152503309059,46.61942850690535,44.48809784578086,42.63480784156472,45.46128029627143,44.225613227963706,44.94014995251494,46.738564675365595,45.67780107269625,44.377124921270585,45.85214035672348,50.443374844496255
Macedonian,47.48058986043162,50.003544400024325,47.61626737429062,49.90563789470547,36.171253895616104,38.04017206714132,49.632390631294136,38.449091401319016,44.8602566004899,49.87973263112809,49.486374740858224,52.5426735398514,48.583465432665605,47.111463952942174,51.02637870648185,50.96014300324178,52.847495283155176,52.585911592953025,48.63789294012217,48.402509155964715,46.878812720759036,49.84066395803251,44.36299399246164,0,51.22254835915164,48.32406985204248,49.977817605130305,48.07691766961072,49.20882531884426,44.04044475428197,47.93608825564696,50.24556908628274,39.98022957061467,34.025183833367784,46.69823281144416,42.27217971052237,44.06473191949422,48.058097196948665,49.9212611920765,39.12021580780979,49.11089153948709,47.37114757322758
Marathi,52.13307437844606,51.9585195247127,47.86536323115545,46.704750699115635,50.888663306907304,52.96035469481233,52.50492455487559,51.21942688802408,54.64339936681835,53.72689556452784,52.84140096992775,53.01290602057508,52.06643696483332,50.885384456387435,53.92715797629944,53.12289148924597,40.08976841684964,43.5889528753849,52.60016298954996,51.95247234986054,49.225276222480204,54.32775740620155,47.09306863447215,51.22254835915164,0,44.83630493297967,54.17097243206536,50.08240870089075,50.655656033570786,51.8325779074502,51.991872304600996,52.49177175770106,51.8910823684022,51.84838050797023,46.79386574597916,53.161374009394216,53.60081642268272,50.47649886276795,53.255023896288904,50.92727101008347,46.22609970894539,47.65936203791322
Nepali,45.82191949890304,47.79998545743454,48.23890324308613,40.824951717213615,48.19522797871569,49.87847758886566,49.89237383769715,48.80666470210143,50.26128859120639,46.70438847123777,49.45767645538231,50.73827734226848,47.245102558901706,46.08944810327888,49.450585543148115,48.63653897460583,44.85669671698754,43.920610367745724,49.45262675237171,46.69863103420339,48.29157651694109,51.859668072729704,47.40702752967981,48.32406985204248,44.83630493297967,0,48.237042527902226,44.7885419674852,48.830673136301044,50.49929455627512,48.16792448505538,48.83711636741566,49.94142337787777,48.72828130343615,44.33029291681733,48.003979745064505,49.523459218576235,48.73523154532639,49.27682754797786,49.02411189473319,41.31673374847707,47.150728094689924
Norwegian,46.1557861710602,52.59689803398564,45.41120449233631,53.08605001140678,47.1918212729365,51.3092756668633,51.75878888705632,50.45521180922906,51.44881411157512,44.65658253159962,45.94264144025554,47.913647143408234,51.26508851695658,50.99127266675411,47.974058942985046,52.421335821336534,54.877515019510746,54.04472487003424,43.366581906521276,52.766752602126104,46.4839475500048,49.12583704543601,43.241003334130525,49.977817605130305,54.17097243206536,48.237042527902226,0,52.96096911003253,49.13385464721632,47.89427300324014,49.71797335504258,50.78487778218012,49.46092515050482,50.064761901666536,47.63978244340917,51.098322582512985,51.749740370304416,49.67688137222402,39.0046448673272,48.97837206695324,50.52863107690278,45.912464474262194
Pashto,46.799519852332885,47.27002308379012,43.068610321691374,50.29333302849148,47.741541169043394,49.87056232966874,51.71077013223099,48.11829399475264,50.5769466712285,51.19575276133717,50.34447094672276,52.25616008351788,49.19569790729686,47.09737319968061,51.02183921148746,50.43480102502908,51.40424858249719,51.074639022756294,47.764917700992726,48.1017876247648,47.02710432389676,51.32815799072574,44.532978205783095,48.07691766961072,50.08240870089075,44.7885419674852,52.96096911003253,0,42.68331924034784,49.43703823251075,48.789822810259594,49.80934778050489,48.298039405764456,48.699980216311516,42.55132981917741,50.78908383200659,50.39690743613256,48.572163439578176,50.41879265971955,47.541496358541174,47.24051227478016,44.74854751037784
Persian,45.16630619577975,47.390428676772004,46.12312263316583,49.27925861293001,50.67359539912052,49.76827143488306,49.86317042846492,49.275993529570506,51.006087120010065,49.085189139349275,49.27774275540649,52.231624031892295,48.25789276960157,45.02905687078516,50.13585293980727,50.66433811237814,52.48119081909614,52.549657403781254,46.69532446404978,46.608686203893846,50.93661183751019,52.49250899476093,48.347167401744905,49.20882531884426,50.655656033570786,48.830673136301044,49.13385464721632,42.68331924034784,0,52.08393877421097,48.524690335734775,50.54651699086493,49.73314517252846,49.67800063000999,46.24069756142904,49.617769638601985,51.02539160111823,49.628878704151205,48.82452281497397,48.397841233940234,46.8890243335934,48.94566471938547
Polish,47.94537245925173,51.26805166808625,51.21466182856396,49.33517419409288,42.685058864095936,43.573822243552215,50.08380356986922,43.03518528176237,43.47685597715015,48.40790209478558,50.70426824387687,52.187416339273966,48.50838414023091,48.84700827730895,51.20520968720509,50.90888392309433,53.40790403115058,53.90237189717938,50.433622253742044,48.86388728957749,50.89685413076319,48.67120223880852,47.75405843904785,44.04044475428197,51.8325779074502,50.49929455627512,47.89427300324014,49.43703823251075,52.08393877421097,0,48.446174042895784,50.62989006519916,43.105914531405396,41.85169563674446,50.228800619091885,38.314934376774524,43.67849924582294,50.437541630426196,50.25383086664808,42.28782946101011,49.769551702300674,50.6317024802789
Portuguese,48.20722264095991,49.69153341301158,46.90925068627163,49.85108100798485,47.768335230290845,48.70532505247377,42.4708615071071,49.07551005146727,50.352545120928575,49.20117283441697,48.83300205161389,50.68566861454144,46.07341419798483,38.332524936101564,51.71011162052455,50.83108575007383,54.26004118864073,54.818658749387275,49.19756130159761,47.16410601613499,42.93487072887437,51.611958003422984,46.45152503309059,47.93608825564696,51.991872304600996,48.16792448505538,49.71797335504258,48.789822810259594,48.524690335734775,48.446174042895784,0,47.85459859784701,48.557449231925744,48.37294072849104,47.40490562262952,48.56816196372655,49.026855095123494,37.89098812369877,49.76972249280071,47.2600480628819,49.28135362519546,45.825262754370854
Romanian,50.00460876925376,52.62367179994784,47.95966449281695,51.486678368486785,49.11279854901411,50.553881833501556,46.85925402955141,49.80154185618839,52.21629139698286,50.763680968694516,51.53501343274557,52.91724752868606,47.5341405747886,46.59774562081349,51.75591974943156,50.17127835768104,54.09621052575062,52.101607778716186,50.7312552021318,50.456513888370026,42.295203801408846,52.622775977578684,46.61942850690535,50.24556908628274,52.49177175770106,48.83711636741566,50.78487778218012,49.80934778050489,50.54651699086493,50.62989006519916,47.85459859784701,0,50.47104911095121,50.515666285200545,48.61234756804141,50.768786321255654,51.63521690819586,47.70639695533915,51.30563148330103,49.87687734182339,50.873212586498155,46.525075984742564
Russian,47.3424316589755,50.677260204232475,47.877965747291945,50.958028996422605,39.189756833827126,42.91550586657368,50.792539509034654,42.14599904657953,43.64223169599884,49.34223172863899,50.44053631119969,52.79411926335728,48.46244802703238,47.702793436508024,51.461302597521524,51.401826342757964,54.51444073445845,54.28836080553437,48.49391107196501,49.4440794436677,48.129955203163554,47.67751233483821,44.48809784578086,39.98022957061467,51.8910823684022,49.94142337787777,49.46092515050482,48.298039405764456,49.73314517252846,43.105914531405396,48.557449231925744,50.47104911095121,0,38.53821002749795,47.682792022555006,41.03233892277763,45.263176647007434,49.98933032754058,50.580785948643886,36.61889713605486,50.86558317533916,48.68033628865456
Serbian,47.3975482622499,50.7452969349302,47.56336394376964,50.370776344025906,29.230011433856834,40.490199879829134,50.45626383127148,33.101956018703824,42.47124058729053,50.1790926455435,50.05901085356282,52.65699428987369,48.759912225590526,47.52299514080557,50.860507607015435,51.46101070773867,53.529897062638994,54.33961866730559,48.74137132402614,49.73122157790509,47.41435618167098,48.59497262754405,42.63480784156472,34.025183833367784,51.84838050797023,48.72828130343615,50.064761901666536,48.699980216311516,49.67800063000999,41.85169563674446,48.37294072849104,50.515666285200545,38.53821002749795,0,48.07300203769621,39.940058191514204,40.42287023164099,48.86032577631421,50.75335453070064,38.070980857761896,50.21991431050342,47.60024808009029
Sinhala,44.0150123532913,41.94511874042855,43.650214308959875,46.23537345292561,48.778241285930704,47.88518748403395,47.81988878455923,46.95545060739053,50.31575445717527,47.99148563567238,49.158617021203376,51.658608475874374,46.48967309433235,42.23581017296179,50.54733112301491,47.8432334255596,49.32876811556028,49.6122265741902,44.826015266874116,44.13876979450006,48.39812031169037,51.16939318648914,45.46128029627143,46.69823281144416,46.79386574597916,44.33029291681733,47.63978244340917,42.55132981917741,46.24069756142904,50.228800619091885,47.40490562262952,48.61234756804141,47.682792022555006,48.07300203769621,0,48.37780804465121,50.2941506161855,46.41761734677863,47.03013435753273,46.923762254391164,46.093721028828426,46.46088599391758
Slovak,49.77094843260723,51.96780129690148,47.457098525360294,51.292151549427984,38.83584009406227,43.71850658256295,51.36481474847369,40.72564071656302,37.71705379658265,50.63872419887769,50.74149170875198,52.747226249916665,50.73426372133821,49.893782716818805,52.05703074318769,52.3699450085963,55.15804500557514,54.8668978244605,50.74876832109516,50.926138510586746,47.407182435504616,48.48295864621234,44.225613227963706,42.27217971052237,53.161374009394216,48.003979745064505,51.098322582512985,50.78908383200659,49.617769638601985,38.314934376774524,48.56816196372655,50.768786321255654,41.03233892277763,39.940058191514204,48.37780804465121,0,42.742486417404756,49.571901805396315,51.688900887371574,40.42044886731642,50.201382918055245,45.98123597736351
Slovenian,50.17975144922983,52.97285526832906,49.31828019951955,52.34956144316893,40.526612240585955,44.43563890001412,52.513436322432874,39.126512144133464,44.540797431946366,50.900111731346904,50.344534617834896,53.67365964118159,49.85585960834755,50.53448430988388,51.28573672632788,52.716445558080004,54.54602585221748,54.79000796059631,51.33860587098398,51.041859182050864,48.40159630065292,50.736267112744294,44.94014995251494,44.06473191949422,53.60081642268272,49.523459218576235,51.749740370304416,50.39690743613256,51.02539160111823,43.67849924582294,49.026855095123494,51.63521690819586,45.263176647007434,40.42287023164099,50.2941506161855,42.742486417404756,0,49.592535841192635,52.625117328261204,44.68123305723959,51.367428654664536,47.77423923188864
Spanish,49.22423869372115,51.04342539683657,48.338657057192385,50.505547340671,48.99032443182703,48.59505670315662,41.28045374573034,48.057327623211435,50.70925156563471,49.86336550109395,49.671079185833904,51.79848825431104,45.90747401842805,35.56020847459276,51.264886395880204,49.02307819982494,52.928015067766104,52.7203277866711,50.36385007397466,46.66004327923428,41.36002355146988,54.76713117727093,46.738564675365595,48.058097196948665,50.47649886276795,48.73523154532639,49.67688137222402,48.572163439578176,49.628878704151205,50.437541630426196,37.89098812369877,47.70639695533915,49.98933032754058,48.86032577631421,46.41761734677863,49.571901805396315,49.592535841192635,0,50.97285155210445,47.76658747557369,49.79340645672806,46.17000842095553
Swedish,45.35334943463363,51.980059611803505,47.32686692407473,52.075680975503836,49.80827130002178,51.31709496603966,51.11673039551399,50.82693062568088,52.39338378117107,44.46107228338213,46.87957767178303,50.30818907438179,51.33509840944961,48.481898456847325,47.251043853823916,52.698664657279004,53.97964492487996,53.471296559847545,43.60444973592792,49.482056104874076,48.856554489353165,52.80143076971104,45.67780107269625,49.9212611920765,53.255023896288904,49.27682754797786,39.0046448673272,50.41879265971955,48.82452281497397,50.25383086664808,49.76972249280071,51.30563148330103,50.580785948643886,50.75335453070064,47.03013435753273,51.688900887371574,52.625117328261204,50.97285155210445,0,50.074447941059816,50.563185565905464,47.19714519429592
Ukrainian,46.78161073717838,50.25152356338341,47.84145840723921,49.50889369006325,39.33481307394031,42.752107840052794,49.05472404684328,40.51700085954307,41.974300600181856,48.356107185013876,49.75139743257944,52.24823464068208,47.200140334033534,46.576779956427536,50.365476382013284,49.892180777637265,52.84324166763243,53.328056356428505,47.6462350416795,47.94463782305583,47.25869665630033,49.513825046972876,44.377124921270585,39.12021580780979,50.92727101008347,49.02411189473319,48.97837206695324,47.541496358541174,48.397841233940234,42.28782946101011,47.2600480628819,49.87687734182339,36.61889713605486,38.070980857761896,46.923762254391164,40.42044886731642,44.68123305723959,47.76658747557369,50.074447941059816,0,49.76774614065558,47.1303935794058
Urdu,49.67370922556443,50.42248852776756,47.45304960676681,43.90694174364938,48.895915655293265,49.75724470134019,51.467267478721176,50.0076427071413,50.8526199483842,50.50996846668788,50.657675944193855,52.220374134595076,49.657177176743545,49.41519544409965,51.1467040676502,50.80201502590634,46.60096569699498,39.50822957992343,50.15964996260713,49.15817293899531,48.49241027807257,51.36124096186067,45.85214035672348,49.11089153948709,46.22609970894539,41.31673374847707,50.52863107690278,47.24051227478016,46.8890243335934,49.769551702300674,49.28135362519546,50.873212586498155,50.86558317533916,50.21991431050342,46.093721028828426,50.201382918055245,51.367428654664536,49.79340645672806,50.563185565905464,49.76774614065558,0,46.33999269341599
Welsh,44.47614448202067,48.45370437921374,47.77999166901077,47.78296541990609,49.97454632251651,45.56649743655697,46.85161416390418,45.83520204644673,47.75158293619959,43.82467604310968,46.85992856792178,47.927219222368166,43.94410998846529,44.00900994752991,46.94905852536959,46.03907197131739,50.45306630966206,50.21524250927081,46.70249206852278,42.4738603372002,45.45879567941329,51.96005976909369,50.443374844496255,47.37114757322758,47.65936203791322,47.150728094689924,45.912464474262194,44.74854751037784,48.94566471938547,50.6317024802789,45.825262754370854,46.525075984742564,48.68033628865456,47.60024808009029,46.46088599391758,45.98123597736351,47.77423923188864,46.17000842095553,47.19714519429592,47.1303935794058,46.33999269341599,0
