,Afrikaans,Albanian,Armenian,Bengali,Bosnian,Bulgarian,Catalan,Croatian,Czech,Danish,Dutch,English,French,Galician,German,Greek,Gujarati,Hindi,Icelandic,Irish,Italian,Latvian,Lithuanian,Macedonian,Marathi,Nepali,Norwegian,Pashto,Persian,Polish,Portuguese,Romanian,Russian,Serbian,Sinhala,Slovak,Slovenian,Spanish,Swedish,Ukrainian,Urdu,Welsh
Afrikaans,0,4674.177692603603,5366.447337052523,4809.808503606846,5386.488035780185,4750.175934558557,4713.777797100792,4938.751782493584,5256.153698418696,4133.103231286982,3633.507063980187,4547.773560344949,4469.143360684061,4157.709964145948,4376.683463867561,4981.983385197614,5001.268451026371,5312.6420927140025,4153.04690585022,4171.291946163794,5641.815764274501,5472.528779884903,6972.8768674974535,4807.540630571188,4737.613993061553,5084.461845842041,4009.413180905372,4224.836604943979,5179.714729120821,5850.4403665466125,4695.96778062047,5022.230747407189,5026.922002710705,4783.209315531779,4839.644389638229,4738.6648016103745,4861.668154608159,4847.044720835822,4279.246568867259,5060.658083837953,4831.714910444023,5688.68447298345
Albanian,4674.177692603603,0,5788.003278190183,5111.301842356839,5992.58345611174,5253.817568246849,5197.489456142835,5325.292137642985,5758.51092053608,5107.6353719218605,5309.899262186995,5742.998395126701,4907.40744926116,4501.831046497818,5425.641402098417,5252.869718034609,5484.408092155057,5760.7200917347855,5164.62328176556,4688.0306265958125,6074.860501055449,6003.105284420014,7268.516048520223,5271.565928881016,5104.991862791643,5396.827028563912,4981.594847761584,4618.971465247589,5528.674196169573,6350.896065884636,5120.0879483842,5417.70513566527,5521.9875941985365,5313.901141795129,4662.858748968021,5205.128981688793,5492.981048230527,5186.783295441039,5198.951679698396,5479.360435375289,5122.955198921371,6249.868192798472
Armenian,5366.447337052523,5788.003278190183,0,5981.516154549391,6471.138563372183,6077.693638719811,6005.5363515804365,6040.564268434506,6593.339795170797,5961.70830350252,6105.6303265933975,6433.333204673476,5712.428066163462,5451.53521795587,6133.2869042732145,5847.675447843532,6414.6984505377895,6587.325857556684,5545.5988009547955,5502.745910959876,6718.263007282051,6461.654866663018,7760.410210648128,6047.908301110525,6062.58083518245,6358.700305681689,5661.56966544025,5352.04522736024,6126.616162212778,7043.037532904759,5935.243012877423,6080.480483000992,6198.328402906997,5969.614115914479,5690.8197583441715,6022.800220877176,6264.507094146422,6118.019778139435,5933.144462372706,6200.0535069653715,6001.472837319135,6705.257013172115
Bengali,4809.808503606846,5111.301842356839,5981.516154549391,0,5825.4726077701225,5030.265761912584,4931.717667933424,5206.6135546846735,5521.898946098687,4901.893542066918,5190.222777490009,5333.359296192175,4858.393742599861,4688.914765362218,5239.742568572849,5078.482256392814,4451.200288833308,4596.241746034124,5221.1652707088615,4695.5889532725205,5797.485475909593,5877.4820494269,7196.523558252584,5133.546914515306,4368.666255001172,4481.407007899572,4934.011420242285,4670.0023864924415,5621.795031272643,5991.685308064534,5014.660189842731,5210.10913511501,5481.08659440738,5158.512342633306,5049.11000544817,5063.20505276066,5247.649630412495,5049.563716467786,5043.877237561283,5401.041056027541,4240.1829618718,5989.938434146169
Bosnian,5386.488035780185,5992.58345611174,6471.138563372183,5825.4726077701225,0,4833.585261178253,5889.248160424269,4121.903131660125,5278.899915259399,5560.191632417161,5895.90027734479,6241.218943489152,5487.154887159715,5498.281757665522,5937.201322488146,5926.993200635329,6227.145423658988,6345.448899342241,5756.763286223643,5650.907277815496,6304.049670222869,5976.251144484991,7267.070253494385,4289.376775759481,5974.458223148766,5961.631130060213,5432.81245759389,5635.217973973118,6455.412182161122,5565.762750578126,5678.483169039396,5843.1679434553735,4736.176281054916,3381.491853818685,6089.857674926805,4591.057842911764,4826.5728645748695,5857.771671868916,5804.073552888587,4728.382994687606,5788.576506623574,6646.801516623266
Bulgarian,4750.175934558557,5253.817568246849,6077.693638719811,5030.265761912584,4833.585261178253,0,4826.166019974099,3811.8613893250917,4567.322323072404,4644.42015252285,4990.403972499188,5170.215724750548,4706.959091232788,4571.935066305673,5191.8741977091495,5005.804743936039,5336.1364111981,5486.3428955648305,5077.998051413348,4701.942340436267,5425.872367381206,5869.689231498699,6997.1976574019345,3850.9859127816294,5039.5778369163445,5553.102633326687,4777.394618140949,4788.9881343004545,5672.756179256563,5296.415142395642,4848.823969557918,5106.478385793768,4636.147408689776,4119.6317234407115,5290.718875674677,4219.8666964873855,4491.113016849613,4846.504714285248,4965.135418011697,4566.5953851330005,4911.001978356125,5605.24958328861
Catalan,4713.777797100792,5197.489456142835,6005.5363515804365,4931.717667933424,5889.248160424269,4826.166019974099,0,4976.626354396881,5468.283838645048,4644.953268536929,4955.967825533804,5061.164941712871,4293.198114551796,3814.0114331941973,5150.0831867700335,4954.108715652321,5101.62689413447,5320.948832285373,5094.781541328507,4451.655222541194,5019.638976512375,5985.775428340441,7159.047512067162,5048.19092815238,4791.917933272561,5518.180381665959,4569.508708971568,4738.547191340094,5719.558781770444,6024.0784192202555,4145.611191647596,4662.461433442037,5446.653825608707,5125.967372106354,5313.852743011161,4902.008495029102,5107.75023403426,3964.815386497779,4835.935521508345,5310.568872722158,4967.44122026722,5831.749672499758
Croatian,4938.751782493584,5325.292137642985,6040.564268434506,5206.6135546846735,4121.903131660125,3811.8613893250917,4976.626354396881,0,4508.369945942408,4736.5467332387925,5227.731204991481,5385.602748146694,4773.570856716591,4722.573704283968,5376.578701844971,5145.510312850548,5508.884375981884,5677.787552698719,5246.564392549697,4871.229919438949,5601.96938305413,6013.167918637192,6906.764040609522,4127.201215962104,5139.863099659997,5669.377035935025,4874.114306491452,4884.712169608573,5770.107661925809,5312.19101329545,5032.198395917555,5214.144847257295,4715.968281639996,3499.1397506514068,5343.05124310898,4125.23348910396,4108.525836890873,4997.413688601984,5115.87778782789,4447.9424344943445,5092.075183417046,5783.897925584144
Czech,5256.153698418696,5758.51092053608,6593.339795170797,5521.898946098687,5278.899915259399,4567.322323072404,5468.283838645048,4508.369945942408,0,4945.221180289341,5497.067813574161,5747.259280542158,5077.285534741301,5143.452455557516,5632.632244749333,5625.5678339439555,5952.507993984161,6139.958210806165,5579.415396798829,5216.581011396745,6072.667025507378,6176.534681050771,7675.724745594184,4881.9144054044755,5703.193183352575,5892.16384867627,5181.543712986813,5265.579749082181,6149.576808226601,5364.398910694333,5327.61298857148,5607.381159329649,4860.167522651792,4614.659858055905,5968.588778009368,3755.0503143423152,4886.44593989949,5483.958531729048,5467.922715282737,4714.2047496652895,5399.668375482115,6141.010840308232
Danish,4133.103231286982,5107.6353719218605,5961.70830350252,4901.893542066918,5560.191632417161,4644.42015252285,4644.953268536929,4736.5467332387925,4945.221180289341,0,4351.477340238425,4497.045636814932,4323.566221495179,4401.927569150107,4301.265093134733,4838.755062248556,5072.171960305865,5239.036698003208,4329.667943151802,4276.368573786269,5381.236928295527,5772.317645074723,7215.041524692288,4955.708582736134,4769.699183866326,5074.7848953247085,3584.8573286014857,4509.6150726789965,5605.537598876456,5838.555571960941,4737.913204416265,4873.868094307326,5175.162750237841,4961.010215881008,5248.520802915011,4590.486342145839,4763.354384849176,4832.06308754766,4005.381862197135,5090.910944467227,4769.487756499435,5430.724240036731
Dutch,3633.507063980187,5309.899262186995,6105.6303265933975,5190.222777490009,5895.90027734479,4990.403972499188,4955.967825533804,5227.731204991481,5497.067813574161,4351.477340238425,0,4819.292940633887,4819.661473288115,4781.594471576845,4276.539373917581,5134.062320173764,5327.287699734132,5580.353707144412,4754.2460702761855,4677.609848489127,5813.178808034187,5947.308882741024,7390.616520220063,5178.599655774806,5071.310366171135,5544.69370254665,4376.519199039341,4875.889650250897,5748.3565577913,6179.989740166467,4930.4413215317345,5289.227779244939,5533.530523311603,5229.919687080288,5522.079624946517,5050.128673858981,5149.102635992447,5038.263768325838,4636.188736618597,5472.956619571645,5130.992575073611,5938.832399895273
English,4547.773560344949,5742.998395126701,6433.333204673476,5333.359296192175,6241.218943489152,5170.215724750548,5061.164941712871,5385.602748146694,5747.259280542158,4497.045636814932,4819.292940633887,0,5036.25298842583,5004.038595180388,4944.851212355176,5454.069952574185,5450.33940096966,5799.85988611484,5113.225900046143,4807.194635051897,5991.508193063426,6158.990185264882,7590.897207014151,5502.025379177005,5237.34308752863,5735.438045516581,4563.531314920327,5192.535734190902,6135.398774431569,6411.826269312779,5239.954505285885,5481.46319000569,5771.88127906817,5493.465835491359,5865.015214004003,5270.7095458530775,5470.590615344631,5340.45063140922,4865.2020887721,5721.683464918273,5306.722115183511,5944.447420371648
French,4469.143360684061,4907.40744926116,5712.428066163462,4858.393742599861,5487.154887159715,4706.959091232788,4293.198114551796,4773.570856716591,5077.285534741301,4323.566221495179,4819.661473288115,5036.25298842583,0,4094.0396067998527,4885.167097675305,4775.649873169257,5134.337269854386,5318.169646077041,4884.501118095058,4310.158330060539,4997.251197918751,5603.674081364629,7015.919572302757,4905.997529674536,4745.429968855742,5191.69026020734,4399.33262496598,4469.033505493386,5481.996286931155,5826.132675717374,4382.484600423025,4662.605526630821,5120.643516329603,4867.054847357839,5040.481415568211,4671.971742607655,4883.788580880134,4406.548751448704,4815.0552823502385,5053.202724315721,4762.218230220812,5577.0419107024745
Galician,4157.709964145948,4501.831046497818,5451.53521795587,4688.914765362218,5498.281757665522,4571.935066305673,3814.0114331941973,4722.573704283968,5143.452455557516,4401.927569150107,4781.594471576845,5004.038595180388,4094.0396067998527,0,4871.102322293107,4804.700749053599,4935.997272273292,5203.928859607221,4493.647211544242,4075.6126296253765,4906.3503163461655,5697.358728437425,6969.679732803038,4715.473589701457,4587.198042375594,5094.7166514597075,4389.327729110795,4196.931852666198,5044.474655611083,5842.085512130344,3644.7064636309537,4573.460100591535,5020.195362961446,4737.322407028704,4569.290256291998,4644.190975463108,4898.0443331442975,3335.0712000408193,4533.073289715149,4922.931206887909,4708.880261902621,5590.261206840823
German,4376.683463867561,5425.641402098417,6133.2869042732145,5239.742568572849,5937.201322488146,5191.8741977091495,5150.0831867700335,5376.578701844971,5632.632244749333,4301.265093134733,4276.539373917581,4944.851212355176,4885.167097675305,4871.102322293107,0,5145.007212130114,5461.409264258577,5645.538530216024,4900.534520369479,4710.589127133934,5818.518690856666,5976.684514518487,7383.589182951387,5359.156367200583,5206.820182613243,5526.668842326058,4566.688260973615,4969.433640731048,5794.434248017945,6304.531857904242,5209.139527488919,5293.217635007182,5655.638322769642,5332.156130703645,5630.212692825365,5159.5832929140415,5301.927562341507,5238.2106089107565,4674.543750728373,5605.679031337688,5185.774631351115,5997.161180499997
Greek,4981.983385197614,5252.869718034609,5847.675447843532,5078.482256392814,5926.993200635329,5005.804743936039,4954.108715652321,5145.510312850548,5625.5678339439555,4838.755062248556,5134.062320173764,5454.069952574185,4775.649873169257,4804.700749053599,5145.007212130114,0,5356.168809010321,5381.849003509732,5129.113194959306,4756.659370468487,5618.776985090087,5779.062852458657,7109.047456687468,5255.0135139480235,5066.209528269556,5384.638326280285,4866.799552206598,4825.372393779493,5837.266789144821,6184.038670264799,5029.338679304511,5064.136320854361,5501.099787905944,5304.698276706422,5210.884293009411,5074.372235457014,5357.792201567578,4864.094098960655,5135.782869761631,5387.310321905615,5028.65805399592,5793.820789518589
Gujarati,5001.268451026371,5484.408092155057,6414.6984505377895,4451.200288833308,6227.145423658988,5336.1364111981,5101.62689413447,5508.884375981884,5952.507993984161,5072.171960305865,5327.287699734132,5450.33940096966,5134.337269854386,4935.997272273292,5461.409264258577,5356.168809010321,0,4183.941794392093,5501.407160509421,4911.346908675218,6196.624147054943,6321.727965599071,7536.28747169273,5438.207505625683,3599.1319248012096,4971.1165135112915,5114.483529987357,4846.6603160348295,6032.472756993783,6447.604097905169,5409.764494769071,5474.712220013324,5876.991745112702,5490.7702637667,5441.701059133761,5386.622722704421,5511.678394557151,5246.97521403129,5275.6774660342235,5750.887583425539,4487.577523605548,6368.494487952694
Hindi,5312.6420927140025,5760.7200917347855,6587.325857556684,4596.241746034124,6345.448899342241,5486.3428955648305,5320.948832285373,5677.787552698719,6139.958210806165,5239.036698003208,5580.353707144412,5799.85988611484,5318.169646077041,5203.928859607221,5645.538530216024,5381.849003509732,4183.941794392093,0,5737.310805255383,5144.04613010831,6293.111020786426,6509.799653246388,7770.245955871682,5612.551520469494,4250.46128845442,4996.142237561606,5253.249718850995,5016.355870480056,6164.805062308807,6553.131055027986,5631.792828494901,5431.816636798214,6084.632050869082,5702.692907335038,5539.587856092116,5538.129314747847,5743.874847207935,5466.381196502202,5412.897537367646,5921.748301936516,3990.4574379026185,6536.111446077659
Icelandic,4153.04690585022,5164.62328176556,5545.5988009547955,5221.1652707088615,5756.763286223643,5077.998051413348,5094.781541328507,5246.564392549697,5579.415396798829,4329.667943151802,4754.2460702761855,5113.225900046143,4884.501118095058,4493.647211544242,4900.534520369479,5129.113194959306,5501.407160509421,5737.310805255383,0,4660.800536168096,5878.660901871195,5704.863194908842,7026.305473082379,5109.7330460514695,5223.614350387695,5611.6580686296975,4217.832442003887,4709.057666376554,5436.44590088565,6223.145225694067,5082.090553609029,5300.408788063546,5275.983208540074,5101.082148133263,5095.90848636806,5123.6707260843295,5367.144599739715,5207.937613106354,4387.742410961213,5261.706333852254,5194.293037727373,5930.620507887033
Irish,4171.291946163794,4688.0306265958125,5502.745910959876,4695.5889532725205,5650.907277815496,4701.942340436267,4451.655222541194,4871.229919438949,5216.581011396745,4276.368573786269,4677.609848489127,4807.194635051897,4310.158330060539,4075.6126296253765,4710.589127133934,4756.659370468487,4911.346908675218,5144.04613010831,4660.800536168096,0,5597.8534382157295,5714.382673896815,7055.992944779511,4799.255393103091,4536.415372869945,5118.7264922448385,4344.554052820823,4133.568308870816,5277.872464961003,5915.035775764986,4470.212387759425,4868.7973532702,5134.2193643115,4919.221679006459,4761.322395189566,4643.983101781828,4838.337320157105,4454.165179471742,4525.384637393958,5062.253713409012,4614.750008942551,5420.211423739397
Italian,5641.815764274501,6074.860501055449,6718.263007282051,5797.485475909593,6304.049670222869,5425.872367381206,5019.638976512375,5601.96938305413,6072.667025507378,5381.236928295527,5813.178808034187,5991.508193063426,4997.251197918751,4906.3503163461655,5818.518690856666,5618.776985090087,6196.624147054943,6293.111020786426,5878.660901871195,5597.8534382157295,0,6740.243103454704,7911.522908557352,5754.258840367675,5861.144728282089,6014.75105227297,5549.100398947194,5627.177627420461,6489.099781295465,6661.440472138411,5211.169327438942,5115.074288714829,6037.11765759096,5755.48482505772,6162.126127545374,5637.879858451757,5848.07125262815,5013.492468711714,5767.359030678358,5938.723925839791,5826.917870473185,6027.891361436422
Latvian,5472.528779884903,6003.105284420014,6461.654866663018,5877.4820494269,5976.251144484991,5869.689231498699,5985.775428340441,6013.167918637192,6176.534681050771,5772.317645074723,5947.308882741024,6158.990185264882,5603.674081364629,5697.358728437425,5976.684514518487,5779.062852458657,6321.727965599071,6509.799653246388,5704.863194908842,5714.382673896815,6740.243103454704,0,6363.347806802354,5813.771566941847,6053.189151959802,6299.067471830442,5498.714934041094,5760.654592159611,6648.41325912413,6312.072199903044,5926.780985252868,6056.3824735018825,5665.201233622453,5619.486795908593,6185.060838900954,5524.486917995672,5904.323182875438,6286.8808690337,5924.691464331853,5940.355320838833,5882.002428646347,6832.620579420031
Lithuanian,6972.8768674974535,7268.516048520223,7760.410210648128,7196.523558252584,7267.070253494385,6997.1976574019345,7159.047512067162,6906.764040609522,7675.724745594184,7215.041524692288,7390.616520220063,7590.897207014151,7015.919572302757,6969.679732803038,7383.589182951387,7109.047456687468,7536.28747169273,7770.245955871682,7026.305473082379,7055.992944779511,7911.522908557352,6363.347806802354,0,6995.696627387735,7323.6301535604925,7536.883029001635,6847.57483474548,6994.752163530014,7796.865332935004,7668.502112117664,7414.086450076109,7266.57098917705,7057.756715996843,6726.52716705207,7200.419874474922,7019.9680606332395,7121.95077115419,7335.747340029936,7077.986506850384,7065.786389106481,7199.40454007764,8083.992064360861
Macedonian,4807.540630571188,5271.565928881016,6047.908301110525,5133.546914515306,4289.376775759481,3850.9859127816294,5048.19092815238,4127.201215962104,4881.9144054044755,4955.708582736134,5178.599655774806,5502.025379177005,4905.997529674536,4715.473589701457,5359.156367200583,5255.0135139480235,5438.207505625683,5612.551520469494,5109.7330460514695,4799.255393103091,5754.258840367675,5813.771566941847,6995.696627387735,0,5157.973297031789,5582.796235898283,4935.279088825939,4831.529729646516,5780.0753475638885,5385.390762428034,4992.327734315347,5307.7651376719405,4361.674541693067,3505.3470114171387,5350.50305812177,4320.7426762320765,4629.29275810118,5045.072598082778,5101.157641509742,4267.462328158476,5065.6786437043575,6035.624198392444
Marathi,4737.613993061553,5104.991862791643,6062.58083518245,4368.666255001172,5974.458223148766,5039.5778369163445,4791.917933272561,5139.863099659997,5703.193183352575,4769.699183866326,5071.310366171135,5237.34308752863,4745.429968855742,4587.198042375594,5206.820182613243,5066.209528269556,3599.1319248012096,4250.46128845442,5223.614350387695,4536.415372869945,5861.144728282089,6053.189151959802,7323.6301535604925,5157.973297031789,0,4930.385845433257,4774.1884465041885,4543.341855914638,5803.4164253122235,6192.6738605036435,5048.312777430997,5170.827630236566,5501.127833200765,5214.346173047228,5106.007026075295,5033.086661481228,5196.289677779361,4864.427255215328,4997.96002899227,5428.556083909102,4387.372882556511,6028.9038170763915
Nepali,5084.461845842041,5396.827028563912,6358.700305681689,4481.407007899572,5961.631130060213,5553.102633326687,5518.180381665959,5669.377035935025,5892.16384867627,5074.7848953247085,5544.69370254665,5735.438045516581,5191.69026020734,5094.7166514597075,5526.668842326058,5384.638326280285,4971.1165135112915,4996.142237561606,5611.6580686296975,5118.7264922448385,6014.75105227297,6299.067471830442,7536.883029001635,5582.796235898283,4930.385845433257,0,5290.469254910033,4899.985394167958,6045.8333969986425,6504.179344385498,5490.69172334477,5479.265559668398,5925.24353635936,5580.676486321628,5327.854510597135,5341.3300301179415,5630.671765139603,5547.218126893754,5377.475107608057,5853.604978017652,4590.233531464365,6166.442924062073
Norwegian,4009.413180905372,4981.594847761584,5661.56966544025,4934.011420242285,5432.81245759389,4777.394618140949,4569.508708971568,4874.114306491452,5181.543712986813,3584.8573286014857,4376.519199039341,4563.531314920327,4399.33262496598,4389.327729110795,4566.688260973615,4866.799552206598,5114.483529987357,5253.249718850995,4217.832442003887,4344.554052820823,5549.100398947194,5498.714934041094,6847.57483474548,4935.279088825939,4774.1884465041885,5290.469254910033,0,4680.043872167796,5534.817852651138,5803.899591943215,4699.578507861875,4874.918563131085,5156.635189787481,4890.790408761164,5124.089677615614,4672.322871815266,4793.195486789141,4730.106061260706,3591.9807720150147,5114.653895101111,4758.266252480723,5865.8576243739435
Pashto,4224.836604943979,4618.971465247589,5352.04522736024,4670.0023864924415,5635.217973973118,4788.9881343004545,4738.547191340094,4884.712169608573,5265.579749082181,4509.6150726789965,4875.889650250897,5192.535734190902,4469.033505493386,4196.931852666198,4969.433640731048,4825.372393779493,4846.6603160348295,5016.355870480056,4709.057666376554,4133.568308870816,5627.177627420461,5760.654592159611,6994.752163530014,4831.529729646516,4543.341855914638,4899.985394167958,4680.043872167796,0,4805.354932543137,5981.84091713869,4748.487848154044,4972.238286458705,5127.653313122676,4884.396418157609,4586.830922829895,4815.386736018455,4933.534210320563,4757.3531340849695,4765.11519420298,5076.18609938548,4456.776876724343,5668.525037025406
Persian,5179.714729120821,5528.674196169573,6126.616162212778,5621.795031272643,6455.412182161122,5672.756179256563,5719.558781770444,5770.107661925809,6149.576808226601,5605.537598876456,5748.3565577913,6135.398774431569,5481.996286931155,5044.474655611083,5794.434248017945,5837.266789144821,6032.472756993783,6164.805062308807,5436.44590088565,5277.872464961003,6489.099781295465,6648.41325912413,7796.865332935004,5780.0753475638885,5803.4164253122235,6045.8333969986425,5534.817852651138,4805.354932543137,0,6814.21354857964,5699.167533019544,5906.41142215426,6047.097271429827,5758.972091647217,5627.916423140001,5734.079954719528,5966.882027096786,5787.820839012793,5598.256731017035,5859.243178031564,5409.076428770096,6568.588859388628
Polish,5850.4403665466125,6350.896065884636,7043.037532904759,5991.685308064534,5565.762750578126,5296.415142395642,6024.0784192202555,5312.19101329545,5364.398910694333,5838.555571960941,6179.989740166467,6411.826269312779,5826.132675717374,5842.085512130344,6304.531857904242,6184.038670264799,6447.604097905169,6553.131055027986,6223.145225694067,5915.035775764986,6661.440472138411,6312.072199903044,7668.502112117664,5385.390762428034,6192.6738605036435,6504.179344385498,5803.899591943215,5981.84091713869,6814.21354857964,0,5867.180346257421,6157.657203797068,5351.9281250338645,5121.722310297331,6499.4804244561465,4603.668415776393,5429.938364348207,6109.910988661906,6057.253561604652,5304.067819074672,6020.384170875943,6887.647459616261
Portuguese,4695.96778062047,5120.0879483842,5935.243012877423,5014.660189842731,5678.483169039396,4848.823969557918,4145.611191647596,5032.198395917555,5327.61298857148,4737.913204416265,4930.4413215317345,5239.954505285885,4382.484600423025,3644.7064636309537,5209.139527488919,5029.338679304511,5409.764494769071,5631.792828494901,5082.090553609029,4470.212387759425,5211.169327438942,5926.780985252868,7414.086450076109,4992.327734315347,5048.312777430997,5490.69172334477,4699.578507861875,4748.487848154044,5699.167533019544,5867.180346257421,0,4923.248545298112,5290.282747530429,5000.122212810383,5331.595841649361,4769.439337488901,5077.686429353822,3772.349231009373,4969.72946718249,5211.432133472057,4999.729001567133,5854.94482760905
Romanian,5022.230747407189,5417.70513566527,6080.480483000992,5210.10913511501,5843.1679434553735,5106.478385793768,4662.461433442037,5214.144847257295,5607.381159329649,4873.868094307326,5289.227779244939,5481.46319000569,4662.605526630821,4573.460100591535,5293.217635007182,5064.136320854361,5474.712220013324,5431.816636798214,5300.408788063546,4868.7973532702,5115.074288714829,6056.3824735018825,7266.57098917705,5307.7651376719405,5170.827630236566,5479.265559668398,4874.918563131085,4972.238286458705,5906.41142215426,6157.657203797068,4923.248545298112,0,5576.065760540033,5303.941155363548,5458.532384531477,5118.617310430155,5388.360387434232,4863.388063394214,5084.7444064208275,5481.7771111363745,5162.144524231296,5913.178742125972
Russian,5026.922002710705,5521.9875941985365,6198.328402906997,5481.08659440738,4736.176281054916,4636.147408689776,5446.653825608707,4715.968281639996,4860.167522651792,5175.162750237841,5533.530523311603,5771.88127906817,5120.643516329603,5020.195362961446,5655.638322769642,5501.099787905944,5876.991745112702,6084.632050869082,5275.983208540074,5134.2193643115,6037.11765759096,5665.201233622453,7057.756715996843,4361.674541693067,5501.127833200765,5925.24353635936,5156.635189787481,5127.653313122676,6047.097271429827,5351.9281250338645,5290.282747530429,5576.065760540033,0,4194.671644669516,5627.993674642339,4359.605866086635,5008.112450188955,5469.528029570732,5395.706567670707,4085.5297414945026,5495.526877064267,6318.073113023975
Serbian,4783.209315531779,5313.901141795129,5969.614115914479,5158.512342633306,3381.491853818685,4119.6317234407115,5125.967372106354,3499.1397506514068,4614.659858055905,4961.010215881008,5229.919687080288,5493.465835491359,4867.054847357839,4737.322407028704,5332.156130703645,5304.698276706422,5490.7702637667,5702.692907335038,5101.082148133263,4919.221679006459,5755.48482505772,5619.486795908593,6726.52716705207,3505.3470114171387,5214.346173047228,5580.676486321628,4890.790408761164,4884.396418157609,5758.972091647217,5121.722310297331,5000.122212810383,5303.941155363548,4194.671644669516,0,5414.600479203593,4060.0898311214055,4167.559243201513,5118.910544702695,5129.904137285886,4109.088627042212,5136.213292518102,6042.310470859435
Sinhala,4839.644389638229,4662.858748968021,5690.8197583441715,5049.11000544817,6089.857674926805,5290.718875674677,5313.852743011161,5343.05124310898,5968.588778009368,5248.520802915011,5522.079624946517,5865.015214004003,5040.481415568211,4569.290256291998,5630.212692825365,5210.884293009411,5441.701059133761,5539.587856092116,5095.90848636806,4761.322395189566,6162.126127545374,6185.060838900954,7200.419874474922,5350.50305812177,5106.007026075295,5327.854510597135,5124.089677615614,4586.830922829895,5627.916423140001,6499.4804244561465,5331.595841649361,5458.532384531477,5627.993674642339,5414.600479203593,0,5398.050504069362,5757.507174970843,5204.193974075943,5205.118457499322,5538.635415866752,5040.5598239592055,6313.355428007832
Slovak,4738.6648016103745,5205.128981688793,6022.800220877176,5063.20505276066,4591.057842911764,4219.8666964873855,4902.008495029102,4125.23348910396,3755.0503143423152,4590.486342145839,5050.128673858981,5270.7095458530775,4671.971742607655,4644.190975463108,5159.5832929140415,5074.372235457014,5386.622722704421,5538.129314747847,5123.6707260843295,4643.983101781828,5637.879858451757,5524.486917995672,7019.9680606332395,4320.7426762320765,5033.086661481228,5341.3300301179415,4672.322871815266,4815.386736018455,5734.079954719528,4603.668415776393,4769.439337488901,5118.617310430155,4359.605866086635,4060.0898311214055,5398.050504069362,0,4308.585618585164,4953.790950221439,4977.237154255063,4344.181648726841,4958.0938848329315,5763.0372000023945
Slovenian,4861.668154608159,5492.981048230527,6264.507094146422,5247.649630412495,4826.5728645748695,4491.113016849613,5107.75023403426,4108.525836890873,4886.44593989949,4763.354384849176,5149.102635992447,5470.590615344631,4883.788580880134,4898.0443331442975,5301.927562341507,5357.792201567578,5511.678394557151,5743.874847207935,5367.144599739715,4838.337320157105,5848.07125262815,5904.323182875438,7121.95077115419,4629.29275810118,5196.289677779361,5630.671765139603,4793.195486789141,4933.534210320563,5966.882027096786,5429.938364348207,5077.686429353822,5388.360387434232,5008.112450188955,4167.559243201513,5757.507174970843,4308.585618585164,0,5142.888336052326,5193.144496338243,4903.548715380781,5209.343088677542,6048.398877454664
Spanish,4847.044720835822,5186.783295441039,6118.019778139435,5049.563716467786,5857.771671868916,4846.504714285248,3964.815386497779,4997.413688601984,5483.958531729048,4832.06308754766,5038.263768325838,5340.45063140922,4406.548751448704,3335.0712000408193,5238.2106089107565,4864.094098960655,5246.97521403129,5466.381196502202,5207.937613106354,4454.165179471742,5013.492468711714,6286.8808690337,7335.747340029936,5045.072598082778,4864.427255215328,5547.218126893754,4730.106061260706,4757.3531340849695,5787.820839012793,6109.910988661906,3772.349231009373,4863.388063394214,5469.528029570732,5118.910544702695,5204.193974075943,4953.790950221439,5142.888336052326,0,5027.052737768652,5244.886469028374,5022.819012752192,5927.041861905786
Swedish,4279.246568867259,5198.951679698396,5933.144462372706,5043.877237561283,5804.073552888587,4965.135418011697,4835.935521508345,5115.87778782789,5467.922715282737,4005.381862197135,4636.188736618597,4865.2020887721,4815.0552823502385,4533.073289715149,4674.543750728373,5135.782869761631,5275.6774660342235,5412.897537367646,4387.742410961213,4525.384637393958,5767.359030678358,5924.691464331853,7077.986506850384,5101.157641509742,4997.96002899227,5377.475107608057,3591.9807720150147,4765.11519420298,5598.256731017035,6057.253561604652,4969.72946718249,5084.7444064208275,5395.706567670707,5129.904137285886,5205.118457499322,4977.237154255063,5193.144496338243,5027.052737768652,0,5333.653998032421,4951.912782939223,5824.442732995922
Ukrainian,5060.658083837953,5479.360435375289,6200.0535069653715,5401.041056027541,4728.382994687606,4566.5953851330005,5310.568872722158,4447.9424344943445,4714.2047496652895,5090.910944467227,5472.956619571645,5721.683464918273,5053.202724315721,4922.931206887909,5605.679031337688,5387.310321905615,5750.887583425539,5921.748301936516,5261.706333852254,5062.253713409012,5938.723925839791,5940.355320838833,7065.786389106481,4267.462328158476,5428.556083909102,5853.604978017652,5114.653895101111,5076.18609938548,5859.243178031564,5304.067819074672,5211.432133472057,5481.7771111363745,4085.5297414945026,4109.088627042212,5538.635415866752,4344.181648726841,4903.548715380781,5244.886469028374,5333.653998032421,0,5397.221728899121,6143.570933531808
Urdu,4831.714910444023,5122.955198921371,6001.472837319135,4240.1829618718,5788.576506623574,4911.001978356125,4967.44122026722,5092.075183417046,5399.668375482115,4769.487756499435,5130.992575073611,5306.722115183511,4762.218230220812,4708.880261902621,5185.774631351115,5028.65805399592,4487.577523605548,3990.4574379026185,5194.293037727373,4614.750008942551,5826.917870473185,5882.002428646347,7199.40454007764,5065.6786437043575,4387.372882556511,4590.233531464365,4758.266252480723,4456.776876724343,5409.076428770096,6020.384170875943,4999.729001567133,5162.144524231296,5495.526877064267,5136.213292518102,5040.5598239592055,4958.0938848329315,5209.343088677542,5022.819012752192,4951.912782939223,5397.221728899121,0,5867.009137926487
Welsh,5688.68447298345,6249.868192798472,6705.257013172115,5989.938434146169,6646.801516623266,5605.24958328861,5831.749672499758,5783.897925584144,6141.010840308232,5430.724240036731,5938.832399895273,5944.447420371648,5577.0419107024745,5590.261206840823,5997.161180499997,5793.820789518589,6368.494487952694,6536.111446077659,5930.620507887033,5420.211423739397,6027.891361436422,6832.620579420031,8083.992064360861,6035.624198392444,6028.9038170763915,6166.442924062073,5865.8576243739435,5668.525037025406,6568.588859388628,6887.647459616261,5854.94482760905,5913.178742125972,6318.073113023975,6042.310470859435,6313.355428007832,5763.0372000023945,6048.398877454664,5927.041861905786,5824.442732995922,6143.570933531808,5867.009137926487,0
