,Afrikaans,Albanian,Armenian,Bengali,Bosnian,Bulgarian,Catalan,Croatian,Czech,Danish,Dutch,English,French,Galician,German,Greek,Gujarati,Hindi,Icelandic,Irish,Italian,Latvian,Lithuanian,Macedonian,Marathi,Nepali,Norwegian,Pashto,Persian,Polish,Portuguese,Romanian,Russian,Serbian,Sinhala,Slovak,Slovenian,Spanish,Swedish,Ukrainian,Urdu,Welsh
Afrikaans,0,0.1098678108387489,0.1010503622281136,0.11099327806556805,0.10396136146353323,0.10960428383114897,0.11205868251500642,0.10941408528046244,0.10713060440268639,0.1132851692603026,0.11380676215440924,0.1105963835339789,0.11062555623352248,0.11063691919391308,0.11287501767483078,0.11198673595654235,0.11568375678811123,0.11321830650413514,0.11179817789618123,0.11041495455378571,0.10281357939686818,0.10765002990088635,0.09449504364925888,0.10863713494464591,0.11375043592906446,0.10673655205253363,0.11230838867815665,0.113008533893529,0.10546638225658517,0.10599850782265423,0.11017036249650422,0.10926886515643448,0.10745102801355662,0.1076812920962531,0.10265640308923095,0.10971181149269758,0.11266977709012832,0.10764569791384335,0.11285927777914348,0.10604649150304109,0.10836165973471841,0.09977788704833804
Albanian,0.1098678108387489,0,0.1034189257827713,0.10883949862235412,0.10609175764200333,0.10782323142987885,0.10924350332186876,0.10803382572394869,0.1069977484100947,0.10745133309745242,0.11027894336576727,0.10972389137600413,0.10703790721898405,0.10607930477077766,0.1103142922884371,0.11141371564915746,0.11456413494267338,0.11286012309109696,0.11119461297410728,0.10436029873392787,0.10432911221342707,0.10940742097653063,0.0969681863424006,0.10819647198758958,0.11096543018601304,0.10923612661878039,0.10683360139170477,0.11010775894089261,0.10616129432672414,0.10779098613681702,0.10749710110189646,0.10909087547932259,0.108474287995856,0.10715697566359936,0.10194936463951355,0.1087838242456115,0.1111081910025465,0.10636895409814542,0.11049193855887132,0.10781709381917338,0.10661670784172936,0.10226942910016365
Armenian,0.1010503622281136,0.1034189257827713,0,0.10264294226721302,0.11113488002274048,0.10258666336466661,0.10150108961261467,0.10508357089578135,0.10383282739638211,0.09860160986392005,0.10553497712080605,0.1058197669831385,0.09911014939224759,0.09883818145197397,0.10465821864232741,0.10377206448202858,0.1077262929210601,0.10674273085277113,0.10614381640273449,0.09554501692625028,0.10835047929403004,0.1113466949888588,0.10695941943581398,0.10551707983806345,0.10228234628938379,0.10872454894878393,0.0982158453617133,0.10213367896607614,0.10751050276067929,0.11164945914142616,0.10347992254227971,0.10468331358155135,0.10666761919075346,0.10536005842909181,0.10288068055293297,0.10228437220849086,0.10621981770668505,0.10178606947754193,0.10438055859350381,0.10727668606006055,0.10223930490291669,0.10876195836159001
Bengali,0.11099327806556805,0.10883949862235412,0.10264294226721302,0,0.1044122497692252,0.10715210625193625,0.10939926954127555,0.10754619931715877,0.10452174415811909,0.10832476026810213,0.11054123638285027,0.11029976601642313,0.10661390747673669,0.10723543726246956,0.10895930982564347,0.1098752289179383,0.11550562351999843,0.11214407887260025,0.11130399485713272,0.1049803210824695,0.10275513015970406,0.10748382927519036,0.09542655032226735,0.10708420919217422,0.11191620887277279,0.10695978322236874,0.10811557475730436,0.11126475760223012,0.10620408185857949,0.10597610047569532,0.10736253203055568,0.10815567218168755,0.10647218297050441,0.10650827853323734,0.10291364411363105,0.10700396278630109,0.11150194800508745,0.10591073969831397,0.11034626035737628,0.10507693534123727,0.10775901110370552,0.1004636643263069
Bosnian,0.10396136146353323,0.10609175764200333,0.11113488002274048,0.1044122497692252,0,0.10379811729712547,0.10398845716254163,0.10645190459097066,0.10453661234896562,0.10071913373091951,0.10753103506456052,0.10638423806189186,0.10103987436729564,0.10118351449002026,0.10676019674131522,0.10586780214025811,0.10991527400392175,0.10953685388189821,0.10912313840065185,0.09777282265769943,0.10846197057499427,0.11126826705563846,0.10472592650296868,0.10566025687908077,0.10510205766573184,0.11034558264200205,0.10021449792829465,0.10456708302295352,0.10899156353227951,0.11191366793187721,0.1053805466617559,0.10645172351228484,0.10697697003870475,0.105488150541234,0.1050533369057622,0.10383437789257037,0.10781921468143807,0.10386256406744897,0.10655155895445866,0.10699671217184435,0.10356366066208732,0.10825606197300786
Bulgarian,0.10960428383114897,0.10782323142987885,0.10258666336466661,0.10715210625193625,0.10379811729712547,0,0.10746917261174163,0.10782178744493,0.1057303189436875,0.1071988159625685,0.11023246300013338,0.10683417441986383,0.10542498996286676,0.10616762281861858,0.10982995567464997,0.10855756921002763,0.11327605104689008,0.11169369172300425,0.11073037747756453,0.10395631499855071,0.10238047240906215,0.10675336528445901,0.09493679491593182,0.10877536635910166,0.11039236580525322,0.1068618481781517,0.10653404470393565,0.10920838232252872,0.10630377453788833,0.10623586813926744,0.10773357185537291,0.10755174156008693,0.1069545306215214,0.10737150116213694,0.10228957416785132,0.10845555897418199,0.11020266969930491,0.1050981433798852,0.10853133877165003,0.10597591675394966,0.10529520754026389,0.0997807747527605
Catalan,0.11205868251500642,0.10924350332186876,0.10150108961261467,0.10939926954127555,0.10398845716254163,0.10746917261174163,0,0.10741331943373168,0.1047788161362959,0.11151627185090243,0.11090656769295099,0.10972079378153139,0.10895212519033393,0.11074711609680302,0.10963137315020366,0.11015905477516853,0.11404207177237569,0.11214855799093514,0.11047863727284953,0.10688692935127955,0.10226123496474751,0.10752434005880965,0.09484651463594905,0.10701368418573717,0.1121376908402236,0.10694333295651196,0.1116897634148017,0.11213419680776723,0.10552160882829559,0.10541553849469415,0.10876253776614031,0.11008543843885917,0.10618150315961727,0.10664975225332084,0.10222347524741733,0.10828863486296499,0.11297128866580801,0.10793790591562423,0.11075095088138584,0.10555180429232924,0.10752028773179798,0.10029801690504384
Croatian,0.10941408528046244,0.10803382572394869,0.10508357089578135,0.10754619931715877,0.10645190459097066,0.10782178744493,0.10741331943373168,0,0.10676523169761287,0.10617892956352387,0.11025978879958118,0.10796188666348523,0.10545773097943754,0.10559839873871057,0.11045367422077658,0.10903936122886464,0.11365798762758056,0.11306967236120151,0.1112809810107161,0.10305974084092878,0.10432875545771172,0.1093373186414488,0.09669303126483332,0.10829425855731467,0.10974664902538474,0.10817930616253411,0.10574407819586104,0.10934368584134878,0.10777454374381094,0.10841175485394547,0.10854850902295496,0.10792842482637881,0.10830142165755366,0.11003960814701552,0.10361218061217194,0.10869698347847702,0.11125424717135625,0.1054858764409798,0.10927729413405451,0.10714754916224316,0.10658181606493822,0.10218270995533867
Czech,0.10713060440268639,0.1069977484100947,0.10383282739638211,0.10452174415811909,0.10453661234896562,0.1057303189436875,0.1047788161362959,0.10676523169761287,0,0.10439548521547462,0.1084961494552077,0.10523105549159707,0.10403655892125908,0.10398454851937512,0.10955454398065655,0.10758740707700751,0.11137204417678523,0.11087452419493109,0.1097535815384669,0.10123417001325993,0.10458474617572003,0.10793134075105032,0.09749892834555872,0.10661700853543714,0.10727221162604451,0.10664876994327323,0.10334514009736931,0.10721028143474615,0.10669603116779214,0.10910136207068892,0.1064679587342465,0.10605214088182202,0.10707889507605756,0.10548105062980134,0.10103395144675825,0.10914063734841811,0.10725803835938211,0.10365197419178268,0.10638489150220075,0.10557885529427972,0.10340200732265956,0.10207916886712082
Danish,0.1132851692603026,0.10745133309745242,0.09860160986392005,0.10832476026810213,0.10071913373091951,0.1071988159625685,0.11151627185090243,0.10617892956352387,0.10439548521547462,0,0.11030461908797387,0.10742975644755849,0.10953842298508988,0.10905118672523471,0.11014468975260835,0.10931689336863211,0.11354503842264492,0.11123549068777473,0.11017997986157767,0.1086824002877673,0.09940470434311181,0.1043185775139574,0.09192280304541373,0.1056428015085655,0.11222259882280604,0.10390856201642655,0.11531530145678763,0.11278909538045229,0.10326060855348983,0.10299267154546615,0.10721605269562846,0.10766223548105203,0.10490070574098495,0.10504418795543492,0.10015500219842859,0.10814688604866227,0.11199097830114285,0.10501492731011068,0.11064327399644294,0.10376348379269344,0.10574527590607552,0.09672217984955903
Dutch,0.11380676215440924,0.11027894336576727,0.10553497712080605,0.11054123638285027,0.10753103506456052,0.11023246300013338,0.11090656769295099,0.11025978879958118,0.1084961494552077,0.11030461908797387,0,0.11169910367471071,0.10942934752657493,0.10938309055908065,0.11398858425753355,0.11186754810306693,0.11580727635879569,0.1143411735426334,0.11387341352606464,0.10726717605677616,0.10576156666676598,0.11044135246857976,0.09809287458192585,0.1099689812586801,0.11289272330954499,0.11028752752787521,0.10962739102503946,0.11281334816513004,0.10903879805243809,0.10951311201719229,0.11120164912121368,0.11057262160440222,0.1093515962291065,0.1090952287695518,0.10569930703977141,0.11021182383448537,0.11231481511247182,0.1086668004671553,0.11230603796618292,0.10846734924191821,0.10887732692172387,0.1037175359491375
English,0.1105963835339789,0.10972389137600413,0.1058197669831385,0.11029976601642313,0.10638423806189186,0.10683417441986383,0.10972079378153139,0.10796188666348523,0.10523105549159707,0.10742975644755849,0.11169910367471071,0,0.10723843599821717,0.10707151318450153,0.11013960958594926,0.11062424838056323,0.11533265273479702,0.11232634739411229,0.11283380365515622,0.10425333584440187,0.10399612125288774,0.1107073520452482,0.09757383201192234,0.10810697160736883,0.11097547298405654,0.10936917215487076,0.10801361880684679,0.11056726500449571,0.10762608027039429,0.10759354513660176,0.1082732481500833,0.10887287292539016,0.10771207259381242,0.10742512657746374,0.10429212435141155,0.10767992802282829,0.1123338394170402,0.10800293581722603,0.11277608442847793,0.10714051204889431,0.10781599399858872,0.10290298985777274
French,0.11062555623352248,0.10703790721898405,0.09911014939224759,0.10661390747673669,0.10103987436729564,0.10542498996286676,0.10895212519033393,0.10545773097943754,0.10403655892125908,0.10953842298508988,0.10942934752657493,0.10723843599821717,0,0.1077751986567954,0.10904074397338988,0.10843337404620729,0.11239607759593132,0.11090962805689107,0.10896519965259027,0.10636462809177592,0.09981869638475845,0.10500767323822263,0.09233849240543755,0.10463095292527441,0.10999921035318494,0.10384068808416255,0.10863426448525,0.11033715831607059,0.10346721048460007,0.10306554030900368,0.1068368956310932,0.10607659979637311,0.10392930204264564,0.10416979263543584,0.09970739829031199,0.10727300009250594,0.10882575340102885,0.10383021143032929,0.10797644806417589,0.10235294641393007,0.10415126093918671,0.09754464642877662
Galician,0.11063691919391308,0.10607930477077766,0.09883818145197397,0.10723543726246956,0.10118351449002026,0.10616762281861858,0.11074711609680302,0.10559839873871057,0.10398454851937512,0.10905118672523471,0.10938309055908065,0.10707151318450153,0.1077751986567954,0,0.1083719441462955,0.10922217648628496,0.112620570178224,0.11067312177214247,0.10880792206359681,0.10559407595693383,0.09993128119730846,0.10587827224934547,0.09244115896135281,0.10499571272948888,0.1106566734590266,0.10446620461072437,0.1088525086819011,0.11037012050965082,0.1029567055826398,0.10391655788511507,0.10772519835477538,0.10752711525004438,0.1045573089967336,0.1038747594620287,0.09886976177442636,0.10707807782619694,0.10977481227997532,0.1050826855134561,0.10825989218776551,0.10363474731508344,0.10452674107695802,0.09752434859542498
German,0.11287501767483078,0.1103142922884371,0.10465821864232741,0.10895930982564347,0.10676019674131522,0.10982995567464997,0.10963137315020366,0.11045367422077658,0.10955454398065655,0.11014468975260835,0.11398858425753355,0.11013960958594926,0.10904074397338988,0.1083719441462955,0,0.11088593329629667,0.11530460749192613,0.11403001932023211,0.11372024901331661,0.10637345849766258,0.1056108144493403,0.11078030840179798,0.09729468212748947,0.10943309506618425,0.11208961548468864,0.1097921922123192,0.10904015643402808,0.11157795775004811,0.10899073412956223,0.10943357034094715,0.11040521516093141,0.11012270785852038,0.10884563386121165,0.10858977509541802,0.1050410626098777,0.11075262402110615,0.11151431716853343,0.10711997610178751,0.11116016479489374,0.10770001009823715,0.10753826128403361,0.1029926534649332
Greek,0.11198673595654235,0.11141371564915746,0.10377206448202858,0.1098752289179383,0.10586780214025811,0.10855756921002763,0.11015905477516853,0.10903936122886464,0.10758740707700751,0.10931689336863211,0.11186754810306693,0.11062424838056323,0.10843337404620729,0.10922217648628496,0.11088593329629667,0,0.11502311230615106,0.11222984889583186,0.11279389778290115,0.10643639941501513,0.10443805527542731,0.11011274500280564,0.0965338192508993,0.10879512828864364,0.11145306229279144,0.10843417611275849,0.10926485231923432,0.11122642603447237,0.10727477292108006,0.10748304468724826,0.1098130376053073,0.10896813737197601,0.10866556730818393,0.10793234978190382,0.10400902658870469,0.11031738841748054,0.11232220143290714,0.10790133624189607,0.11137135990566961,0.10764081695819343,0.10728211456789156,0.10187388698640759
Gujarati,0.11568375678811123,0.11456413494267338,0.1077262929210601,0.11550562351999843,0.10991527400392175,0.11327605104689008,0.11404207177237569,0.11365798762758056,0.11137204417678523,0.11354503842264492,0.11580727635879569,0.11533265273479702,0.11239607759593132,0.112620570178224,0.11530460749192613,0.11502311230615106,0,0.11676493453112703,0.11663932260886783,0.11083148831568582,0.10788363272819657,0.11349813014463349,0.09955252931168893,0.11274385815993326,0.11675504240223548,0.1133725372052498,0.11327896262300996,0.1158744774190044,0.11185883711294034,0.11114008833279233,0.11354475800045041,0.11355346728553355,0.11229463660398366,0.11259541980621232,0.10841458373729145,0.11386630145768588,0.11592776682593865,0.11206822217683429,0.11569109193173621,0.11140162595809898,0.11417205776345535,0.10601927877474701
Hindi,0.11321830650413514,0.11286012309109696,0.10674273085277113,0.11214407887260025,0.10953685388189821,0.11169369172300425,0.11214855799093514,0.11306967236120151,0.11087452419493109,0.11123549068777473,0.1143411735426334,0.11232634739411229,0.11090962805689107,0.11067312177214247,0.11403001932023211,0.11222984889583186,0.11676493453112703,0,0.11405655553972603,0.10854399502957776,0.10773573710090109,0.11258308584820628,0.09925179004257281,0.11138589262508442,0.11356921946320829,0.11154881349832498,0.11141628492656873,0.1144214510278174,0.11183922190480404,0.11161657896018165,0.11343064388181155,0.1118678428687101,0.11080651113599212,0.11236544988819896,0.10801453725389942,0.112555933977941,0.11419163712019023,0.11029687071951452,0.11389031421599347,0.11065086638562761,0.11257960888958943,0.1048363400820692
Icelandic,0.11179817789618123,0.11119461297410728,0.10614381640273449,0.11130399485713272,0.10912313840065185,0.11073037747756453,0.11047863727284953,0.1112809810107161,0.1097535815384669,0.11017997986157767,0.11387341352606464,0.11283380365515622,0.10896519965259027,0.10880792206359681,0.11372024901331661,0.11279389778290115,0.11663932260886783,0.11405655553972603,0,0.10670808092789365,0.10763523603233442,0.11235220530988418,0.09935221277552553,0.11097293243161284,0.11231125957500855,0.11146410872412255,0.1098861456583225,0.11133402621828094,0.10880773828969813,0.11096269809570856,0.11134291140070833,0.11114019468556818,0.11105125975456057,0.1103800297381765,0.10540337332334399,0.11102388719258885,0.11232318883397428,0.10953888640888186,0.11333877283938303,0.10957288385096821,0.1092060014740151,0.10512756067112847
Irish,0.11041495455378571,0.10436029873392787,0.09554501692625028,0.1049803210824695,0.09777282265769943,0.10395631499855071,0.10688692935127955,0.10305974084092878,0.10123417001325993,0.1086824002877673,0.10726717605677616,0.10425333584440187,0.10636462809177592,0.10559407595693383,0.10637345849766258,0.10643639941501513,0.11083148831568582,0.10854399502957776,0.10670808092789365,0,0.0963356828014987,0.10123883798731229,0.08925170855924058,0.10225625179775856,0.1088575589186414,0.10060502438316622,0.10831956899127426,0.10921690638843079,0.10011042437052127,0.10011691187402394,0.10387775283027685,0.10398217990593511,0.10169844130230968,0.10139352435651007,0.0969382994276033,0.10508527025735596,0.10753421223141302,0.1007761855646678,0.10580706511906025,0.09991773315674521,0.10221269643172759,0.09376627560562069
Italian,0.10281357939686818,0.10432911221342707,0.10835047929403004,0.10275513015970406,0.10846197057499427,0.10238047240906215,0.10226123496474751,0.10432875545771172,0.10458474617572003,0.09940470434311181,0.10576156666676598,0.10399612125288774,0.09981869638475845,0.09993128119730846,0.1056108144493403,0.10443805527542731,0.10788363272819657,0.10773573710090109,0.10763523603233442,0.0963356828014987,0,0.10963456802129888,0.10427293085071505,0.10470953569165171,0.10350285999849963,0.1084484186905446,0.09918323121749541,0.10332438814784352,0.10920245560264746,0.11168409689226445,0.10416987382212174,0.10459738106162367,0.10638533434880262,0.10462125567739745,0.10353269960567762,0.1032492966503581,0.10604629202818626,0.10330329111485699,0.10457327527452208,0.10554625608707167,0.10192934706563311,0.106124289683335
Latvian,0.10765002990088635,0.10940742097653063,0.1113466949888588,0.10748382927519036,0.11126826705563846,0.10675336528445901,0.10752434005880965,0.1093373186414488,0.10793134075105032,0.1043185775139574,0.11044135246857976,0.1107073520452482,0.10500767323822263,0.10587827224934547,0.11078030840179798,0.11011274500280564,0.11349813014463349,0.11258308584820628,0.11235220530988418,0.10123883798731229,0.10963456802129888,0,0.10371482481128545,0.10902427032512264,0.10901124599924823,0.11162982937470178,0.10443439991806867,0.10813950861641776,0.11068420095366316,0.11276896308071223,0.10911061274225105,0.10949810189702347,0.11023720154063046,0.10903831595582664,0.10671852844421131,0.1077868969384364,0.11101985702206403,0.1075441533923176,0.11042004882033521,0.11003943195980255,0.10710397924827326,0.10885812060469867
Lithuanian,0.09449504364925888,0.0969681863424006,0.10695941943581398,0.09542655032226735,0.10472592650296868,0.09493679491593182,0.09484651463594905,0.09669303126483332,0.09749892834555872,0.09192280304541373,0.09809287458192585,0.09757383201192234,0.09233849240543755,0.09244115896135281,0.09729468212748947,0.0965338192508993,0.09955252931168893,0.09925179004257281,0.09935221277552553,0.08925170855924058,0.10427293085071505,0.10371482481128545,0,0.09787098574910516,0.09554130370462749,0.1018538403597318,0.09172848644093513,0.0949476113921772,0.10358967062283794,0.10789929396393791,0.09620264969113031,0.09749557065337267,0.10023669199937704,0.0971479876644921,0.09830920080059108,0.09492861539860378,0.09896772338878987,0.09562699876443408,0.09701960563589776,0.09978173656284713,0.09492149888138515,0.10574479476211912
Macedonian,0.10863713494464591,0.10819647198758958,0.10551707983806345,0.10708420919217422,0.10566025687908077,0.10877536635910166,0.10701368418573717,0.10829425855731467,0.10661700853543714,0.1056428015085655,0.1099689812586801,0.10810697160736883,0.10463095292527441,0.10499571272948888,0.10943309506618425,0.10879512828864364,0.11274385815993326,0.11138589262508442,0.11097293243161284,0.10225625179775856,0.10470953569165171,0.10902427032512264,0.09787098574910516,0,0.10909660233003474,0.10830276502728653,0.10533861156276096,0.10920462938759608,0.107433135714837,0.10882558062182146,0.10718877861661898,0.1081110534366986,0.10707209449990832,0.10703435158813714,0.10344219069439675,0.10771352443050099,0.11040641266104581,0.10524125191215686,0.10852744243181815,0.10626707563089936,0.10581619343740056,0.10301312964073918
Marathi,0.11375043592906446,0.11096543018601304,0.10228234628938379,0.11191620887277279,0.10510205766573184,0.11039236580525322,0.1121376908402236,0.10974664902538474,0.10727221162604451,0.11222259882280604,0.11289272330954499,0.11097547298405654,0.10999921035318494,0.1106566734590266,0.11208961548468864,0.11145306229279144,0.11675504240223548,0.11356921946320829,0.11231125957500855,0.1088575589186414,0.10350285999849963,0.10901124599924823,0.09554130370462749,0.10909660233003474,0,0.10846840228807901,0.1120792936352142,0.11363281281178582,0.10716189026818744,0.10694168683857495,0.11028269501508006,0.11041735354275116,0.10796313569405633,0.10862054407321639,0.10374908859770457,0.11087865884082267,0.11389476840535148,0.10835823317501399,0.11314167633235914,0.10723766149537234,0.10983024134778023,0.10111782626884726
Nepali,0.10673655205253363,0.10923612661878039,0.10872454894878393,0.10695978322236874,0.11034558264200205,0.1068618481781517,0.10694333295651196,0.10817930616253411,0.10664876994327323,0.10390856201642655,0.11028752752787521,0.10936917215487076,0.10384068808416255,0.10446620461072437,0.1097921922123192,0.10843417611275849,0.1133725372052498,0.11154881349832498,0.11146410872412255,0.10060502438316622,0.1084484186905446,0.11162982937470178,0.1018538403597318,0.10830276502728653,0.10846840228807901,0,0.10366278513815949,0.10747998108097088,0.11019791750512355,0.11116400805593533,0.1082533086428496,0.10835852482737998,0.10897624095783863,0.1081855942631438,0.10573894121521378,0.10691569172431609,0.10996461847272684,0.10678054612013294,0.10960118464906633,0.10891923863537424,0.1065113286212067,0.10668612714156728
Norwegian,0.11230838867815665,0.10683360139170477,0.0982158453617133,0.10811557475730436,0.10021449792829465,0.10653404470393565,0.1116897634148017,0.10574407819586104,0.10334514009736931,0.11531530145678763,0.10962739102503946,0.10801361880684679,0.10863426448525,0.1088525086819011,0.10904015643402808,0.10926485231923432,0.11327896262300996,0.11141628492656873,0.1098861456583225,0.10831956899127426,0.09918323121749541,0.10443439991806867,0.09172848644093513,0.10533861156276096,0.1120792936352142,0.10366278513815949,0,0.1120836883957165,0.10277665713603543,0.10250833208672518,0.10650863105665583,0.10726249599987404,0.10378999993956228,0.10450016190553915,0.09975172730499406,0.10729563593158038,0.11177925962663027,0.1040927204142248,0.11040215165216274,0.102932968533198,0.10540291942129247,0.0967816082628611
Pashto,0.113008533893529,0.11010775894089261,0.10213367896607614,0.11126475760223012,0.10456708302295352,0.10920838232252872,0.11213419680776723,0.10934368584134878,0.10721028143474615,0.11278909538045229,0.11281334816513004,0.11056726500449571,0.11033715831607059,0.11037012050965082,0.11157795775004811,0.11122642603447237,0.1158744774190044,0.1144214510278174,0.11133402621828094,0.10921690638843079,0.10332438814784352,0.10813950861641776,0.0949476113921772,0.10920462938759608,0.11363281281178582,0.10747998108097088,0.1120836883957165,0,0.10657156844118856,0.10662788636433733,0.11009692906436518,0.10966303517152695,0.10757922880892863,0.10833750194394165,0.10305731802525651,0.1104134942149282,0.11277181994504475,0.10782133082500006,0.11209864197054356,0.10713797911051173,0.10975560690723045,0.10061372646157074
Persian,0.10546638225658517,0.10616129432672414,0.10751050276067929,0.10620408185857949,0.10899156353227951,0.10630377453788833,0.10552160882829559,0.10777454374381094,0.10669603116779214,0.10326060855348983,0.10903879805243809,0.10762608027039429,0.10346721048460007,0.1029567055826398,0.10899073412956223,0.10727477292108006,0.11185883711294034,0.11183922190480404,0.10880773828969813,0.10011042437052127,0.10920245560264746,0.11068420095366316,0.10358967062283794,0.107433135714837,0.10716189026818744,0.11019791750512355,0.10277665713603543,0.10657156844118856,0,0.11208665013566635,0.10624330496969521,0.10771407969092392,0.10803928097889842,0.1071762338558824,0.10534501352850502,0.10603452973419619,0.1091646562703094,0.10473439359449623,0.10698889764355696,0.10737090167348019,0.1052392488633223,0.10641447285287496
Polish,0.10599850782265423,0.10779098613681702,0.11164945914142616,0.10597610047569532,0.11191366793187721,0.10623586813926744,0.10541553849469415,0.10841175485394547,0.10910136207068892,0.10299267154546615,0.10951311201719229,0.10759354513660176,0.10306554030900368,0.10391655788511507,0.10943357034094715,0.10748304468724826,0.11114008833279233,0.11161657896018165,0.11096269809570856,0.10011691187402394,0.11168409689226445,0.11276896308071223,0.10789929396393791,0.10882558062182146,0.10694168683857495,0.11116400805593533,0.10250833208672518,0.10662788636433733,0.11208665013566635,0,0.10763476589972498,0.10839614468321125,0.11078467090340657,0.10805706366179833,0.10630159797960864,0.10663240178580041,0.10951322625249532,0.10617827801662405,0.10811567991184719,0.10950162615263105,0.10549376455268801,0.10968453772001789
Portuguese,0.11017036249650422,0.10749710110189646,0.10347992254227971,0.10736253203055568,0.1053805466617559,0.10773357185537291,0.10876253776614031,0.10854850902295496,0.1064679587342465,0.10721605269562846,0.11120164912121368,0.1082732481500833,0.1068368956310932,0.10772519835477538,0.11040521516093141,0.1098130376053073,0.11354475800045041,0.11343064388181155,0.11134291140070833,0.10387775283027685,0.10416987382212174,0.10911061274225105,0.09620264969113031,0.10718877861661898,0.11028269501508006,0.1082533086428496,0.10650863105665583,0.11009692906436518,0.10624330496969521,0.10763476589972498,0,0.1083436418369233,0.10645403015590209,0.1067989677198319,0.10288555067227162,0.10806276998321074,0.10986966547002981,0.10533478386884658,0.10857997360343644,0.10565242240168084,0.10537542313380507,0.10225125195850444
Romanian,0.10926886515643448,0.10909087547932259,0.10468331358155135,0.10815567218168755,0.10645172351228484,0.10755174156008693,0.11008543843885917,0.10792842482637881,0.10605214088182202,0.10766223548105203,0.11057262160440222,0.10887287292539016,0.10607659979637311,0.10752711525004438,0.11012270785852038,0.10896813737197601,0.11355346728553355,0.1118678428687101,0.11114019468556818,0.10398217990593511,0.10459738106162367,0.10949810189702347,0.09749557065337267,0.1081110534366986,0.11041735354275116,0.10835852482737998,0.10726249599987404,0.10966303517152695,0.10771407969092392,0.10839614468321125,0.1083436418369233,0,0.10765182795247757,0.10764149392350797,0.10328667393935528,0.1078037642522651,0.11147235168784946,0.10749348177729942,0.11046121501922151,0.10761533929412562,0.10682393499896205,0.10240077793029007
Russian,0.10745102801355662,0.108474287995856,0.10666761919075346,0.10647218297050441,0.10697697003870475,0.1069545306215214,0.10618150315961727,0.10830142165755366,0.10707889507605756,0.10490070574098495,0.1093515962291065,0.10771207259381242,0.10392930204264564,0.1045573089967336,0.10884563386121165,0.10866556730818393,0.11229463660398366,0.11080651113599212,0.11105125975456057,0.10169844130230968,0.10638533434880262,0.11023720154063046,0.10023669199937704,0.10707209449990832,0.10796313569405633,0.10897624095783863,0.10378999993956228,0.10757922880892863,0.10803928097889842,0.11078467090340657,0.10645403015590209,0.10765182795247757,0,0.10655800967054868,0.10363737007752491,0.10729194701913831,0.10959239347994379,0.10519893543978066,0.10844368521432429,0.10795835008345084,0.10486557440965723,0.10469902088894535
Serbian,0.1076812920962531,0.10715697566359936,0.10536005842909181,0.10650827853323734,0.105488150541234,0.10737150116213694,0.10664975225332084,0.11003960814701552,0.10548105062980134,0.10504418795543492,0.1090952287695518,0.10742512657746374,0.10416979263543584,0.1038747594620287,0.10858977509541802,0.10793234978190382,0.11259541980621232,0.11236544988819896,0.1103800297381765,0.10139352435651007,0.10462125567739745,0.10903831595582664,0.0971479876644921,0.10703435158813714,0.10862054407321639,0.1081855942631438,0.10450016190553915,0.10833750194394165,0.1071762338558824,0.10805706366179833,0.1067989677198319,0.10764149392350797,0.10655800967054868,0,0.10358042915907462,0.10752219913532263,0.11122478508926989,0.10405656528157373,0.1083523866943364,0.1063015254320987,0.105357080656022,0.10275645436367636
Sinhala,0.10265640308923095,0.10194936463951355,0.10288068055293297,0.10291364411363105,0.1050533369057622,0.10228957416785132,0.10222347524741733,0.10361218061217194,0.10103395144675825,0.10015500219842859,0.10569930703977141,0.10429212435141155,0.09970739829031199,0.09886976177442636,0.1050410626098777,0.10400902658870469,0.10841458373729145,0.10801453725389942,0.10540337332334399,0.0969382994276033,0.10353269960567762,0.10671852844421131,0.09830920080059108,0.10344219069439675,0.10374908859770457,0.10573894121521378,0.09975172730499406,0.10305731802525651,0.10534501352850502,0.10630159797960864,0.10288555067227162,0.10328667393935528,0.10363737007752491,0.10358042915907462,0,0.10156561325653914,0.10552346979068675,0.10058343388389288,0.10437808776624595,0.10355685479058481,0.10173394306584353,0.10112060777642982
Slovak,0.10971181149269758,0.1087838242456115,0.10228437220849086,0.10700396278630109,0.10383437789257037,0.10845555897418199,0.10828863486296499,0.10869698347847702,0.10914063734841811,0.10814688604866227,0.11021182383448537,0.10767992802282829,0.10727300009250594,0.10707807782619694,0.11075262402110615,0.11031738841748054,0.11386630145768588,0.112555933977941,0.11102388719258885,0.10508527025735596,0.1032492966503581,0.1077868969384364,0.09492861539860378,0.10771352443050099,0.11087865884082267,0.10691569172431609,0.10729563593158038,0.1104134942149282,0.10603452973419619,0.10663240178580041,0.10806276998321074,0.1078037642522651,0.10729194701913831,0.10752219913532263,0.10156561325653914,0,0.110607994718065,0.10542315025069707,0.10938400808817197,0.1065826674919379,0.10562627533247271,0.1004506106532516
Slovenian,0.11266977709012832,0.1111081910025465,0.10621981770668505,0.11150194800508745,0.10781921468143807,0.11020266969930491,0.11297128866580801,0.11125424717135625,0.10725803835938211,0.11199097830114285,0.11231481511247182,0.1123338394170402,0.10882575340102885,0.10977481227997532,0.11151431716853343,0.11232220143290714,0.11592776682593865,0.11419163712019023,0.11232318883397428,0.10753421223141302,0.10604629202818626,0.11101985702206403,0.09896772338878987,0.11040641266104581,0.11389476840535148,0.10996461847272684,0.11177925962663027,0.11277181994504475,0.1091646562703094,0.10951322625249532,0.10986966547002981,0.11147235168784946,0.10959239347994379,0.11122478508926989,0.10552346979068675,0.110607994718065,0,0.10807882439940762,0.11349484169676487,0.10998278181434766,0.10978606258329725,0.10391408479792955
Spanish,0.10764569791384335,0.10636895409814542,0.10178606947754193,0.10591073969831397,0.10386256406744897,0.1050981433798852,0.10793790591562423,0.1054858764409798,0.10365197419178268,0.10501492731011068,0.1086668004671553,0.10800293581722603,0.10383021143032929,0.1050826855134561,0.10711997610178751,0.10790133624189607,0.11206822217683429,0.11029687071951452,0.10953888640888186,0.1007761855646678,0.10330329111485699,0.1075441533923176,0.09562699876443408,0.10524125191215686,0.10835823317501399,0.10678054612013294,0.1040927204142248,0.10782133082500006,0.10473439359449623,0.10617827801662405,0.10533478386884658,0.10749348177729942,0.10519893543978066,0.10405656528157373,0.10058343388389288,0.10542315025069707,0.10807882439940762,0,0.10756563907926361,0.10443834229296577,0.1038357284759675,0.10087600776994578
Swedish,0.11285927777914348,0.11049193855887132,0.10438055859350381,0.11034626035737628,0.10655155895445866,0.10853133877165003,0.11075095088138584,0.10927729413405451,0.10638489150220075,0.11064327399644294,0.11230603796618292,0.11277608442847793,0.10797644806417589,0.10825989218776551,0.11116016479489374,0.11137135990566961,0.11569109193173621,0.11389031421599347,0.11333877283938303,0.10580706511906025,0.10457327527452208,0.11042004882033521,0.09701960563589776,0.10852744243181815,0.11314167633235914,0.10960118464906633,0.11040215165216274,0.11209864197054356,0.10698889764355696,0.10811567991184719,0.10857997360343644,0.11046121501922151,0.10844368521432429,0.1083523866943364,0.10437808776624595,0.10938400808817197,0.11349484169676487,0.10756563907926361,0,0.10814833914528676,0.1086104751551116,0.10251877299322815
Ukrainian,0.10604649150304109,0.10781709381917338,0.10727668606006055,0.10507693534123727,0.10699671217184435,0.10597591675394966,0.10555180429232924,0.10714754916224316,0.10557885529427972,0.10376348379269344,0.10846734924191821,0.10714051204889431,0.10235294641393007,0.10363474731508344,0.10770001009823715,0.10764081695819343,0.11140162595809898,0.11065086638562761,0.10957288385096821,0.09991773315674521,0.10554625608707167,0.11003943195980255,0.09978173656284713,0.10626707563089936,0.10723766149537234,0.10891923863537424,0.102932968533198,0.10713797911051173,0.10737090167348019,0.10950162615263105,0.10565242240168084,0.10761533929412562,0.10795835008345084,0.1063015254320987,0.10355685479058481,0.1065826674919379,0.10998278181434766,0.10443834229296577,0.10814833914528676,0,0.10433041433046468,0.10382656300780349
Urdu,0.10836165973471841,0.10661670784172936,0.10223930490291669,0.10775901110370552,0.10356366066208732,0.10529520754026389,0.10752028773179798,0.10658181606493822,0.10340200732265956,0.10574527590607552,0.10887732692172387,0.10781599399858872,0.10415126093918671,0.10452674107695802,0.10753826128403361,0.10728211456789156,0.11417205776345535,0.11257960888958943,0.1092060014740151,0.10221269643172759,0.10192934706563311,0.10710397924827326,0.09492149888138515,0.10581619343740056,0.10983024134778023,0.1065113286212067,0.10540291942129247,0.10975560690723045,0.1052392488633223,0.10549376455268801,0.10537542313380507,0.10682393499896205,0.10486557440965723,0.105357080656022,0.10173394306584353,0.10562627533247271,0.10978606258329725,0.1038357284759675,0.1086104751551116,0.10433041433046468,0,0.09989661803491724
Welsh,0.09977788704833804,0.10226942910016365,0.10876195836159001,0.1004636643263069,0.10825606197300786,0.0997807747527605,0.10029801690504384,0.10218270995533867,0.10207916886712082,0.09672217984955903,0.1037175359491375,0.10290298985777274,0.09754464642877662,0.09752434859542498,0.1029926534649332,0.10187388698640759,0.10601927877474701,0.1048363400820692,0.10512756067112847,0.09376627560562069,0.106124289683335,0.10885812060469867,0.10574479476211912,0.10301312964073918,0.10111782626884726,0.10668612714156728,0.0967816082628611,0.10061372646157074,0.10641447285287496,0.10968453772001789,0.10225125195850444,0.10240077793029007,0.10469902088894535,0.10275645436367636,0.10112060777642982,0.1004506106532516,0.10391408479792955,0.10087600776994578,0.10251877299322815,0.10382656300780349,0.09989661803491724,0
