,Afrikaans,Albanian,Armenian,Bengali,Bosnian,Bulgarian,Catalan,Croatian,Czech,Danish,Dutch,English,French,Galician,German,Greek,Gujarati,Hindi,Icelandic,Irish,Italian,Latvian,Lithuanian,Macedonian,Marathi,Nepali,Norwegian,Pashto,Persian,Polish,Portuguese,Romanian,Russian,Serbian,Sinhala,Slovak,Slovenian,Spanish,Swedish,Ukrainian,Urdu,Welsh
Afrikaans,0,111.0838724091483,139.8089302949228,119.94367379310755,136.28423601211733,116.54719457435125,118.53389848049568,120.48514398833271,126.53755549043184,101.84229585940847,91.14487281027978,117.21297672841291,111.73516016356947,103.55745464970504,108.31040654145795,126.51641657355647,125.18879380316119,133.41872516045075,105.95562840533772,106.18428820791131,143.06742030128268,134.70455116505454,170.85875496038759,120.5800573397018,119.2201025373444,128.55489425538437,100.07131103259145,107.52586449499373,128.75046122909845,146.80363613892496,116.4481535974102,126.34853040686106,126.95338215327018,119.979924243112,120.69170305685513,117.82595205356105,122.7626170889864,123.50985297828156,107.1575581400382,126.61687993013834,119.56917260589711,143.93378445028642
Albanian,111.0838724091483,0,141.98375618109316,123.85424099437928,143.69146612352407,126.8947284295521,124.93093728657557,128.0294327411238,137.9751657209393,121.73652040158152,129.8120691854497,141.50090038748627,119.0059608143816,109.5483977226108,130.94515482461463,129.83733299776077,132.04007966846046,138.39791645208726,125.22449973526304,112.5526572590086,147.23444947028284,142.6186085256437,175.24386668087124,127.59373404067085,123.40713306045706,129.95703362159088,120.86645888252393,112.04687259279517,135.3171481894872,154.9067742383985,123.85050242893466,130.98658226987226,134.2063825453586,129.37024878598797,115.74991776070512,125.22567193697539,132.42860687461823,128.9287440112454,127.45761134558013,132.9351466342934,124.24518136591274,149.65115444076616
Armenian,139.8089302949228,141.98375618109316,0,153.60625756438375,170.87359876157055,155.43435551147365,154.47749549195206,153.66682910709133,166.249843624258,153.2368168002876,158.59576644861292,168.40787617128376,149.65620627127967,140.3708336304424,157.79152447930795,155.5633446235502,163.31790661322992,170.2473955594184,146.24381651908936,143.03233076578292,177.76102600634317,164.3885248777364,194.2607180219781,156.48794788865843,155.22924762408834,165.5405693372647,147.05586312521618,139.9127508985719,157.01909572246194,181.47146677492665,152.92022273227676,160.22161249226573,161.82640986866318,156.03578710950808,147.45636506963342,154.94430681098535,162.20491998158502,160.89262749222962,154.28001957494538,161.56489847516704,155.18983619295986,175.08985236421648
Bengali,119.94367379310755,123.85424099437928,153.60625756438375,0,148.2582865088892,128.98339525190028,127.80599382000197,133.5692943205218,137.9866086509572,126.11017950137521,132.99276822087208,139.11938260242053,125.01817972362579,118.66882088239268,132.86706577682335,132.67462119166123,114.3723788979145,118.87249140833475,131.94595794959736,119.97444114207919,151.10354055073378,145.2254005725466,178.88644040653602,131.7727055532722,113.0158969057945,117.56811934162174,122.74913891834095,121.01485906960923,140.90043648405967,153.54403059034144,127.90380953634629,134.5052918747276,140.41069799325092,132.59400868916325,128.7534656645038,129.51507521755437,134.98489595486578,132.40470693864376,130.16877917865588,138.88390517872404,109.33241993103972,156.61068293006258
Bosnian,136.28423601211733,143.69146612352407,170.87359876157055,148.2582865088892,0,122.62758633604439,151.08158355893903,102.14900403989081,131.07989388382168,142.83155919508965,150.1375693789064,165.135468482547,143.29631701608304,138.41771239674918,149.68509011545805,156.58873218084906,157.23563472695756,164.1055870608949,147.05281902231886,144.55933308559318,163.85075963823064,146.93154540732752,178.5299578162603,110.87301365823943,152.26716453569742,156.72059385359367,138.47158080699427,145.0887361966526,161.31960837682854,141.99349450914877,145.75858355023354,151.74865392884718,122.27646480506417,88.51933893658546,155.4511127477491,116.74487160486747,124.02510720531718,153.54549107047202,149.2252864176602,122.73346572546184,148.45641719453405,175.10776971120703
Bulgarian,116.54719457435125,126.8947284295521,155.43435551147365,128.98339525190028,122.62758633604439,0,125.19992708806778,103.76999719054902,116.60117232138599,122.55897027105435,128.73056629459077,139.13310929065264,122.47355910634865,114.11396515141612,130.07330496283473,132.46071199169214,134.7036419728107,141.0611245880603,127.80264455482843,119.85848971959611,143.51399743062697,142.75226521895988,172.53243633250324,99.70100525587941,128.5335711476988,144.1456750888169,120.17734220715116,122.99959782911145,141.3656560242284,136.12003546224835,124.63728154542376,132.57584296874643,118.26763117772583,106.23793774774563,134.4965366641407,108.97393413846463,116.24437641646449,128.42403999576914,129.31586007337555,119.54513858501649,127.24320127902213,151.6283877139082
Catalan,118.53389848049568,124.93093728657557,154.47749549195206,127.80599382000197,151.08158355893903,125.19992708806778,0,129.92286098593164,138.48990376031205,121.03244333409583,129.53952536844744,134.03450697289352,112.51270339985305,96.19053159840364,131.59733023946166,129.39334945817308,132.00171225850175,137.15160641803223,129.80426617093758,116.0655758365192,131.2880856265964,148.5121247656127,180.31948135595113,131.47393888291077,124.909699112383,143.34904118774608,115.22358018687909,122.02880014046144,143.221457023363,157.283158426278,108.89965292260169,121.48449399380979,140.8408678048508,132.73055529654758,132.46704269899575,127.36240331542707,133.12453516710553,106.0110203993771,125.32054708514343,137.9779985691527,128.10072172929208,155.5017788204133
Croatian,120.48514398833271,128.0294327411238,153.66682910709133,133.5692943205218,102.14900403989081,103.76999719054902,129.92286098593164,0,118.49838712670793,125.74074907726366,135.0883552982712,143.35160915752456,126.19806157627613,119.13202547268452,136.3615173094308,137.9065845433365,137.91412837797253,144.96847484580542,132.69576119094194,124.3425785141138,148.6314919476672,144.97758105184826,168.19232538630365,105.85068321702657,130.90400221199928,145.95807848875126,124.65469936896532,124.52544372904966,143.84127086920364,136.13208884623262,130.93888837837568,136.56666769716128,118.74629191432115,88.45252244835972,135.41495884668907,107.70928308096435,106.69182206264068,133.65560994199623,133.5570021307552,116.7726164363748,132.52802895338536,155.88995573274553
Czech,126.53755549043184,137.9751657209393,166.249843624258,137.9866086509572,131.07989388382168,116.60117232138599,138.48990376031205,118.49838712670793,0,128.89435026205746,139.88530170953442,149.26773145273032,131.26988461387512,127.02919480497347,139.41807239528512,146.294421100995,146.70314353036855,152.92436989249586,136.99644114429245,131.6335099557796,155.5049857862967,144.80119146973155,181.49146942397672,123.6136364118654,141.69746112310332,150.63801101044746,129.12515774875087,132.16844111951005,149.23440296907145,133.86691889944674,137.64649392350321,142.8252067853362,122.5612915859658,116.2130314628028,147.84829726911846,96.75142629062321,125.02215203701991,142.7691504259796,139.60575716511525,121.36674203996517,136.9837304067393,160.6195311589906
Danish,101.84229585940847,121.73652040158152,153.2368168002876,126.11017950137521,142.83155919508965,122.55897027105435,121.03244333409583,125.74074907726366,128.89435026205746,0,113.52347312551447,120.93911845900715,114.035247716637,110.90407590583995,111.01673220623066,130.15350740245563,128.1119659909327,135.86030005144585,110.25081162201076,109.3136857010892,144.64060515584336,141.84183330406182,179.30583558485202,127.63149373206353,121.16579646408279,133.55281806055777,92.7160089770224,115.4494861398724,140.1178620349332,151.88274115735362,121.87264406480008,129.29250981440083,132.51471746171072,127.9247032387536,131.83670110834393,120.50909642841613,124.09124030626975,127.27568458557313,105.93480175664367,132.5968950353367,123.18199087536838,147.815121193141
Dutch,91.14487281027978,129.8120691854497,158.59576644861292,132.99276822087208,150.1375693789064,128.73056629459077,129.53952536844744,135.0883552982712,139.88530170953442,113.52347312551447,0,126.19482406951451,124.69981346546629,121.241326512731,110.05109961174793,135.83051471234026,136.71445852538145,143.98203947536618,122.77656369603113,120.94303781752284,152.5965949663628,145.57903440080025,183.78305656062705,134.35634433182494,131.10194053226033,143.99587287204696,110.52148402565062,125.46292139194236,144.87546011851552,159.31601517510828,128.51095576992748,137.73654017506527,141.94295321984075,135.20826273236273,140.3825177712425,131.04775964005444,134.84829002444715,135.1536427135815,120.44806447789064,142.40994525234018,131.33853812539522,156.744578559252
English,117.21297672841291,141.50090038748627,168.40787617128376,139.11938260242053,165.135468482547,139.13310929065264,134.03450697289352,143.35160915752456,149.26773145273032,120.93911845900715,126.19482406951451,0,132.05126476067386,128.4177021036388,130.53038387498805,146.8304376115475,139.87115907728653,151.73395444859415,135.10792349791973,124.7683774326603,162.6198991795526,157.98527518860757,195.20067900680016,144.89568685208664,135.85172730434536,150.98520622130138,119.74068854166384,135.13039095163379,157.84116040147853,169.398232644076,135.7795236644829,146.655023717771,152.29499019586407,144.7723339403455,150.34851520155863,140.1753845708899,143.95107305562448,140.83017938248798,130.73642900934905,151.3236778426056,138.69288477024315,162.9581568118961
French,111.73516016356947,119.0059608143816,149.65620627127967,125.01817972362579,143.29631701608304,122.47355910634865,112.51270339985305,126.19806157627613,131.26988461387512,114.035247716637,124.69981346546629,132.05126476067386,0,104.69742038791864,125.3710083510894,129.73840259300223,132.09796974212463,139.62065153841428,125.73886535181902,110.76621176602852,133.12861721747683,139.159149482153,175.27892990742012,127.99101564506033,122.56863150041293,137.0219921413834,113.86763965752546,116.45117424149906,138.12415318166188,151.82199455047578,115.00539097310087,125.61531176212122,133.47420274480103,127.21190933081442,130.43167694552002,123.16067499751475,127.77524340626842,119.25380221169645,126.12907318931777,133.11191838452928,124.38044879536344,148.0185060061297
Galician,103.55745464970504,109.5483977226108,140.3708336304424,118.66882088239268,138.41771239674918,114.11396515141612,96.19053159840364,119.13202547268452,127.02919480497347,110.90407590583995,121.241326512731,128.4177021036388,104.69742038791864,0,122.47053342504844,122.97213120932552,124.38088462502014,130.8605529367797,113.98752443083912,104.05892542897378,122.61107554775842,139.41266084720718,171.14848263537755,120.16415547728664,116.41143188883613,128.87768914361163,110.41425530705722,107.40096032959678,126.6643668978477,148.68998522334823,91.36988747019124,116.47893456459029,127.51018646552659,120.86989253421334,116.20732811839997,117.37974084601754,123.61646328317038,85.6147114873225,116.52470307056473,125.7976905827672,119.58643330216267,141.43113788784012
German,108.31040654145795,130.94515482461463,157.79152447930795,132.86706577682335,149.68509011545805,130.07330496283473,131.59733023946166,136.3615173094308,139.41807239528512,111.01673220623066,110.05109961174793,130.53038387498805,125.3710083510894,122.47053342504844,0,136.35910769324514,138.9087416453302,145.53067983488862,124.05549670498546,121.54405516593023,151.23869786758195,145.60496424112557,183.50941747119805,135.96571262830042,133.22492501204547,143.2855764841441,114.86239259379465,127.36953203572004,143.7582195288572,158.73319058724567,132.95045425623525,137.22462913365317,143.04936587396023,135.42198498061808,143.3175621086518,130.7762066669583,136.33451697536444,138.40642253263093,119.6145036466342,142.90891100916326,132.41780967000764,156.69953793873657
Greek,126.51641657355647,129.83733299776077,155.5633446235502,132.67462119166123,156.58873218084906,132.46071199169214,129.39334945817308,137.9065845433365,146.294421100995,130.15350740245563,135.83051471234026,146.8304376115475,129.73840259300223,122.97213120932552,136.35910769324514,0,137.58078230925085,143.92296820404152,134.4872252863625,124.26548713571562,155.5360380660451,147.21334196556631,177.89168558800642,138.35923554686624,132.68924136619063,145.61691767052392,125.59337805443982,127.63543327530942,149.20623045139286,163.3546286577056,133.74902595502564,138.0923828754352,145.10326554760755,140.19712135520507,136.71311823133811,135.24581785645609,141.0869338050463,133.2604806942182,134.72923045806382,143.89675699945238,133.49450244269732,158.8003971783876
Gujarati,125.18879380316119,132.04007966846046,163.31790661322992,114.3723788979145,157.23563472695756,134.7036419728107,132.00171225850175,137.91412837797253,146.70314353036855,128.1119659909327,136.71445852538145,139.87115907728653,132.09796974212463,124.38088462502014,138.9087416453302,137.58078230925085,0,109.63602791198241,139.02500205211734,125.827239711396,158.7947661849487,157.4369325352123,188.1791040563353,138.41599724700288,96.39352351031538,125.7491252107683,127.18683006661215,124.17121473971764,150.22265591760925,165.52510810828366,138.1165587544142,140.54288131810998,149.3760363827813,139.3373995219469,136.8536076621479,136.00603767089905,139.86777737287105,136.4363253707729,134.2485995763569,145.80359235959764,115.2490932946772,163.09910958195582
Hindi,133.41872516045075,138.39791645208726,170.2473955594184,118.87249140833475,164.1055870608949,141.0611245880603,137.15160641803223,144.96847484580542,152.92436989249586,135.86030005144585,143.98203947536618,151.73395444859415,139.62065153841428,130.8605529367797,145.53067983488862,143.92296820404152,109.63602791198241,0,145.29432840497287,131.73063219179312,166.14311729536973,164.1679483774056,193.85293788414856,143.77840094974252,112.48430076590753,130.67233372145674,132.7331879953555,130.01947332636834,152.92479249578415,171.47023111799066,143.46054937986935,144.37944638518425,157.00638590682232,146.7633693048847,140.50919306816348,143.12646521747848,147.95555267728471,143.12638210343036,139.14417295219693,152.80228574905942,103.56874935304984,172.0311110521613
Icelandic,105.95562840533772,125.22449973526304,146.24381651908936,131.94595794959736,147.05281902231886,127.80264455482843,129.80426617093758,132.69576119094194,136.99644114429245,110.25081162201076,122.77656369603113,135.10792349791973,125.73886535181902,113.98752443083912,124.05549670498546,134.4872252863625,139.02500205211734,145.29432840497287,0,120.41050847915297,151.93998996074993,141.70921415882952,173.90336105096395,130.72767496394547,132.55992617262032,144.2900601386858,105.53461205057512,121.82064504055927,137.199347989137,157.50552846901522,128.49988091317744,136.34605157777065,135.15252314195808,130.6703713856111,129.83381804037538,129.65742452322053,137.3006704901554,135.782764505579,111.84733046831529,135.18863529884922,131.36781209716284,155.99722741621295
Irish,106.18428820791131,112.5526572590086,143.03233076578292,119.97444114207919,144.55933308559318,119.85848971959611,116.0655758365192,124.3425785141138,131.6335099557796,109.3136857010892,120.94303781752284,124.7683774326603,110.76621176602852,104.05892542897378,121.54405516593023,124.26548713571562,125.827239711396,131.73063219179312,120.41050847915297,0,144.33191786947506,141.0521399495928,176.89285523401583,124.3530195176583,116.49886788719365,132.0498585520149,110.14272180900758,107.3809315023803,132.97438360817807,151.66578752578312,115.561933725241,125.6734661795551,132.02145160068227,127.6838793775436,120.31093784526296,120.44000601085652,124.967291715686,118.45333699496676,117.88248896328868,131.42725701237256,118.39376346581655,139.74588082308148
Italian,143.06742030128268,147.23444947028284,177.76102600634317,151.10354055073378,163.85075963823064,143.51399743062697,131.2880856265964,148.6314919476672,155.5049857862967,144.64060515584336,152.5965949663628,162.6198991795526,133.12861721747683,122.61107554775842,151.23869786758195,155.5360380660451,158.7947661849487,166.14311729536973,151.93998996074993,144.33191786947506,0,168.39729584537417,195.65204666870986,149.52479206574668,151.69224329606377,162.22308341521605,142.46448486760946,147.15526652296666,164.24597406254432,173.46098641482578,134.05769257244714,139.8005448878396,157.2673024372566,149.5798336726393,158.95457789393421,148.0195966050344,154.79632454659452,133.07621553718937,151.4057880546157,156.17037044700209,152.29441870959235,168.17119814334612
Latvian,134.70455116505454,142.6186085256437,164.3885248777364,145.2254005725466,146.93154540732752,142.75226521895988,148.5121247656127,144.97758105184826,144.80119146973155,141.84183330406182,145.57903440080025,157.98527518860757,139.159149482153,139.41266084720718,145.60496424112557,147.21334196556631,157.4369325352123,164.1679483774056,141.70921415882952,141.0521399495928,168.39729584537417,0,157.37999742144729,143.1716537514876,151.15021880269836,158.02470185455468,135.48409827358003,144.1117044106224,160.58842836027816,156.39533854514713,142.89003051378353,151.5595946287729,141.39540990012694,138.2733386594997,156.02130576796546,134.00603072867924,143.85855406299507,156.8722073071823,147.46557929224883,146.46316242176778,145.2937913174698,173.41466819366715
Lithuanian,170.85875496038759,175.24386668087124,194.2607180219781,178.88644040653602,178.5299578162603,172.53243633250324,180.31948135595113,168.19232538630365,181.49146942397672,179.30583558485202,183.78305656062705,195.20067900680016,175.27892990742012,171.14848263537755,183.50941747119805,177.89168558800642,188.1791040563353,193.85293788414856,173.90336105096395,176.89285523401583,195.65204666870986,157.37999742144729,0,172.65322362708034,184.9431846119322,189.83790890615035,168.94927340547093,175.2921528216313,189.66648237369253,190.6543495100993,180.60751737870478,180.3776466843878,174.20877127084572,166.14700276781954,179.68647473347602,171.2239269768252,175.39535036188963,184.34995357752607,178.1189051674494,173.77979760933266,178.95395795462758,203.3754627268467
Macedonian,120.5800573397018,127.59373404067085,156.48794788865843,131.7727055532722,110.87301365823943,99.70100525587941,131.47393888291077,105.85068321702657,123.6136364118654,127.63149373206353,134.35634433182494,144.89568685208664,127.99101564506033,120.16415547728664,135.96571262830042,138.35923554686624,138.41599724700288,143.77840094974252,130.72767496394547,124.3530195176583,149.52479206574668,143.1716537514876,172.65322362708034,0,132.46064341696638,144.22134894971094,124.75961187529009,124.76086399716264,145.37463328435624,139.6113894615399,130.32367433088734,136.87269192298936,114.02240842181617,93.56240396313078,136.47498141867374,111.67292314810916,119.93320858966608,133.91292507082923,132.9717562081531,113.26775647245645,130.92314562132054,159.1927461848812
Marathi,119.2201025373444,123.40713306045706,155.22924762408834,113.0158969057945,152.26716453569742,128.5335711476988,124.909699112383,130.90400221199928,141.69746112310332,121.16579646408279,131.10194053226033,135.85172730434536,122.56863150041293,116.41143188883613,133.22492501204547,132.68924136619063,96.39352351031538,112.48430076590753,132.55992617262032,116.49886788719365,151.69224329606377,151.15021880269836,184.9431846119322,132.46064341696638,0,126.18267539628228,120.43054851892084,117.25751001130358,145.2554447127301,160.2510753239787,129.11523502144692,134.48340391435167,141.30180979029478,133.48050731861915,129.13317544915273,128.735251455279,132.95090291054547,128.03616551141675,128.8093573294126,139.25282922214552,113.84256234701684,155.51124851378543
Nepali,128.55489425538437,129.95703362159088,165.5405693372647,117.56811934162174,156.72059385359367,144.1456750888169,143.34904118774608,145.95807848875126,150.63801101044746,133.55281806055777,143.99587287204696,150.98520622130138,137.0219921413834,128.87768914361163,143.2855764841441,145.61691767052392,125.7491252107683,130.67233372145674,144.2900601386858,132.0498585520149,162.22308341521605,158.02470185455468,189.83790890615035,144.22134894971094,126.18267539628228,0,135.06183149429992,127.99973308340829,151.78666950740947,169.22311009131127,140.6836405813202,146.2298634188304,153.85221102885757,145.30910637783026,136.381011613026,140.50602779663697,147.53057394413932,146.42136357785614,141.1903241737951,151.97985731282486,120.43043087291997,164.90422274349518
Norwegian,100.07131103259145,120.86645888252393,147.05586312521618,122.74913891834095,138.47158080699427,120.17734220715116,115.22358018687909,124.65469936896532,129.12515774875087,92.7160089770224,110.52148402565062,119.74068854166384,113.86763965752546,110.41425530705722,114.86239259379465,125.59337805443982,127.18683006661215,132.7331879953555,105.53461205057512,110.14272180900758,142.46448486760946,135.48409827358003,168.94927340547093,124.75961187529009,120.43054851892084,135.06183149429992,0,117.50317199124055,137.66651497542568,147.34700950416067,119.04639965113807,125.74445596013426,131.52230476940557,124.17205595099193,129.2128490573625,118.25517915462166,121.65250557606477,122.32013636228221,90.52661209114366,130.75917009785817,119.2858399631324,150.39497837936136
Pashto,107.52586449499373,112.04687259279517,139.9127508985719,121.01485906960923,145.0887361966526,122.99959782911145,122.02880014046144,124.52544372904966,132.16844111951005,115.4494861398724,125.46292139194236,135.13039095163379,116.45117424149906,107.40096032959678,127.36953203572004,127.63543327530942,124.17121473971764,130.01947332636834,121.82064504055927,107.3809315023803,147.15526652296666,144.1117044106224,175.2921528216313,124.76086399716264,117.25751001130358,127.99973308340829,117.50317199124055,0,122.66236108799171,154.0215283040343,121.15317388085721,128.9210078488856,132.93607000797545,126.31597628180734,118.02441712171215,124.12046851863245,127.3174590771927,125.2801322513486,123.43614052573307,132.08714093999365,115.33984884259317,147.53316025930732
Persian,128.75046122909845,135.3171481894872,157.01909572246194,140.90043648405967,161.31960837682854,141.3656560242284,143.221457023363,143.84127086920364,149.23440296907145,140.1178620349332,144.87546011851552,157.84116040147853,138.12415318166188,126.6643668978477,143.7582195288572,149.20623045139286,150.22265591760925,152.92479249578415,137.199347989137,132.97438360817807,164.24597406254432,160.58842836027816,189.66648237369253,145.37463328435624,145.2554447127301,151.78666950740947,137.66651497542568,122.66236108799171,0,170.08194283165653,142.05019540139455,148.0667579201814,151.76574163676128,145.6095093599119,141.33682124121708,142.09871619074298,149.65615277840342,148.61654484722078,142.3187329896551,147.8748319425814,135.50242959004348,167.20295370657837
Polish,146.80363613892496,154.9067742383985,181.47146677492665,153.54403059034144,141.99349450914877,136.12003546224835,157.283158426278,136.13208884623262,133.86691889944674,151.88274115735362,159.31601517510828,169.398232644076,151.82199455047578,148.68998522334823,158.73319058724567,163.3546286577056,165.52510810828366,171.47023111799066,157.50552846901522,151.66578752578312,173.46098641482578,156.39533854514713,190.6543495100993,139.6113894615399,160.2510753239787,169.22311009131127,147.34700950416067,154.0215283040343,170.08194283165653,0,152.09082795753775,159.86258955351212,138.52381084336807,132.41212492880905,166.85065273846675,118.26427009555661,139.44588482729014,162.8271201860451,156.65231612700856,137.2590109795392,156.45383288217428,181.82576493219204
Portuguese,116.4481535974102,123.85050242893466,152.92022273227676,127.90380953634629,145.75858355023354,124.63728154542376,108.89965292260169,130.93888837837568,137.64649392350321,121.87264406480008,128.51095576992748,135.7795236644829,115.00539097310087,91.36988747019124,132.95045425623525,133.74902595502564,138.1165587544142,143.46054937986935,128.49988091317744,115.561933725241,134.05769257244714,142.89003051378353,180.60751737870478,130.32367433088734,129.11523502144692,140.6836405813202,119.04639965113807,121.15317388085721,142.05019540139455,152.09082795753775,0,127.97798180926239,136.89180794338847,130.6146010099855,134.94175567065827,125.54563406059043,132.2860979895481,104.05720204957139,128.48685042793534,136.51537771474588,128.78206709329024,152.85444394013254
Romanian,126.34853040686106,130.98658226987226,160.22161249226573,134.5052918747276,151.74865392884718,132.57584296874643,121.48449399380979,136.56666769716128,142.8252067853362,129.29250981440083,137.73654017506527,146.655023717771,125.61531176212122,116.47893456459029,137.22462913365317,138.0923828754352,140.54288131810998,144.37944638518425,136.34605157777065,125.6734661795551,139.8005448878396,151.5595946287729,180.3776466843878,136.87269192298936,134.48340391435167,146.2298634188304,125.74445596013426,128.9210078488856,148.0667579201814,159.86258955351212,127.97798180926239,0,144.1243719739952,137.1467164871984,141.58189224415756,132.9902299439279,138.6778094428673,129.56047211967575,134.48459792555246,142.7664623772356,134.9327558714571,158.8316571358191
Russian,126.95338215327018,134.2063825453586,161.82640986866318,140.41069799325092,122.27646480506417,118.26763117772583,140.8408678048508,118.74629191432115,122.5612915859658,132.51471746171072,141.94295321984075,152.29499019586407,133.47420274480103,127.51018646552659,143.04936587396023,145.10326554760755,149.3760363827813,157.00638590682232,135.15252314195808,132.02145160068227,157.2673024372566,141.39540990012694,174.20877127084572,114.02240842181617,141.30180979029478,153.85221102885757,131.52230476940557,132.93607000797545,151.76574163676128,138.52381084336807,136.89180794338847,144.1243719739952,0,109.42781334519418,144.33524035877966,112.36977892510512,127.54132469514916,144.05919469840325,139.57808379840762,106.93529508957499,142.0964953838253,165.6158103678171
Serbian,119.979924243112,129.37024878598797,156.03578710950808,132.59400868916325,88.51933893658546,106.23793774774563,132.73055529654758,88.45252244835972,116.2130314628028,127.9247032387536,135.20826273236273,144.7723339403455,127.21190933081442,120.86989253421334,135.42198498061808,140.19712135520507,139.3373995219469,146.7633693048847,130.6703713856111,127.6838793775436,149.5798336726393,138.2733386594997,166.14700276781954,93.56240396313078,133.48050731861915,145.30910637783026,124.17205595099193,126.31597628180734,145.6095093599119,132.41212492880905,130.6146010099855,137.1467164871984,109.42781334519418,0,139.2035481551699,104.58616739537021,108.1601259461501,136.40137065958203,133.23717841780896,108.50300769399101,133.31489445792536,160.1171670983627
Sinhala,120.69170305685513,115.74991776070512,147.45636506963342,128.7534656645038,155.4511127477491,134.4965366641407,132.46704269899575,135.41495884668907,147.84829726911846,131.83670110834393,140.3825177712425,150.34851520155863,130.43167694552002,116.20732811839997,143.3175621086518,136.71311823133811,136.8536076621479,140.50919306816348,129.83381804037538,120.31093784526296,158.95457789393421,156.02130576796546,179.68647473347602,136.47498141867374,129.13317544915273,136.381011613026,129.2128490573625,118.02441712171215,141.33682124121708,166.85065273846675,134.94175567065827,141.58189224415756,144.33524035877966,139.2035481551699,0,136.6021642166889,145.04570892244723,135.36779700292203,133.21294899405592,141.603199489684,129.371711687009,159.9004419719494
Slovak,117.82595205356105,125.22567193697539,154.94430681098535,129.51507521755437,116.74487160486747,108.97393413846463,127.36240331542707,107.70928308096435,96.75142629062321,120.50909642841613,131.04775964005444,140.1753845708899,123.16067499751475,117.37974084601754,130.7762066669583,135.24581785645609,136.00603767089905,143.12646521747848,129.65742452322053,120.44000601085652,148.0195966050344,134.00603072867924,171.2239269768252,111.67292314810916,128.735251455279,140.50602779663697,118.25517915462166,124.12046851863245,142.09871619074298,118.26427009555661,125.54563406059043,132.9902299439279,112.36977892510512,104.58616739537021,136.6021642166889,0,112.13950198541323,133.0313844529158,128.56849136884043,113.29454911100618,128.75983711830625,153.94881063129807
Slovenian,122.7626170889864,132.42860687461823,162.20491998158502,134.98489595486578,124.02510720531718,116.24437641646449,133.12453516710553,106.69182206264068,125.02215203701991,124.09124030626975,134.84829002444715,143.95107305562448,127.77524340626842,123.61646328317038,136.33451697536444,141.0869338050463,139.86777737287105,147.95555267728471,137.3006704901554,124.967291715686,154.79632454659452,143.85855406299507,175.39535036188963,119.93320858966608,132.95090291054547,147.53057394413932,121.65250557606477,127.3174590771927,149.65615277840342,139.44588482729014,132.2860979895481,138.6778094428673,127.54132469514916,108.1601259461501,145.04570892244723,112.13950198541323,0,136.37092356348148,134.22330871244935,126.95296850957538,134.1427989688585,162.13781637587073
Spanish,123.50985297828156,128.9287440112454,160.89262749222962,132.40470693864376,153.54549107047202,128.42403999576914,106.0110203993771,133.65560994199623,142.7691504259796,127.27568458557313,135.1536427135815,140.83017938248798,119.25380221169645,85.6147114873225,138.40642253263093,133.2604806942182,136.4363253707729,143.12638210343036,135.782764505579,118.45333699496676,133.07621553718937,156.8722073071823,184.34995357752607,133.91292507082923,128.03616551141675,146.42136357785614,122.32013636228221,125.2801322513486,148.61654484722078,162.8271201860451,104.05720204957139,129.56047211967575,144.05919469840325,136.40137065958203,135.36779700292203,133.0313844529158,136.37092356348148,0,133.77392837731202,140.6879150909872,132.6712442448243,157.73902876407402
Swedish,107.1575581400382,127.45761134558013,154.28001957494538,130.16877917865588,149.2252864176602,129.31586007337555,125.32054708514343,133.5570021307552,139.60575716511525,105.93480175664367,120.44806447789064,130.73642900934905,126.12907318931777,116.52470307056473,119.6145036466342,134.72923045806382,134.2485995763569,139.14417295219693,111.84733046831529,117.88248896328868,151.4057880546157,147.46557929224883,178.1189051674494,132.9717562081531,128.8093573294126,141.1903241737951,90.52661209114366,123.43614052573307,142.3187329896551,156.65231612700856,128.48685042793534,134.48459792555246,139.57808379840762,133.23717841780896,133.21294899405592,128.56849136884043,134.22330871244935,133.77392837731202,0,138.24225645356515,128.5597547661757,155.58204025715915
Ukrainian,126.61687993013834,132.9351466342934,161.56489847516704,138.88390517872404,122.73346572546184,119.54513858501649,137.9779985691527,116.7726164363748,121.36674203996517,132.5968950353367,142.40994525234018,151.3236778426056,133.11191838452928,125.7976905827672,142.90891100916326,143.89675699945238,145.80359235959764,152.80228574905942,135.18863529884922,131.42725701237256,156.17037044700209,146.46316242176778,173.77979760933266,113.26775647245645,139.25282922214552,151.97985731282486,130.75917009785817,132.08714093999365,147.8748319425814,137.2590109795392,136.51537771474588,142.7664623772356,106.93529508957499,108.50300769399101,141.603199489684,113.29454911100618,126.95296850957538,140.6879150909872,138.24225645356515,0,140.49661927228522,163.17036172596573
Urdu,119.56917260589711,124.24518136591274,155.18983619295986,109.33241993103972,148.45641719453405,127.24320127902213,128.10072172929208,132.52802895338536,136.9837304067393,123.18199087536838,131.33853812539522,138.69288477024315,124.38044879536344,119.58643330216267,132.41780967000764,133.49450244269732,115.2490932946772,103.56874935304984,131.36781209716284,118.39376346581655,152.29441870959235,145.2937913174698,178.95395795462758,130.92314562132054,113.84256234701684,120.43043087291997,119.2858399631324,115.33984884259317,135.50242959004348,156.45383288217428,128.78206709329024,134.9327558714571,142.0964953838253,133.31489445792536,129.371711687009,128.75983711830625,134.1427989688585,132.6712442448243,128.5597547661757,140.49661927228522,0,154.6556430907384
Welsh,143.93378445028642,149.65115444076616,175.08985236421648,156.61068293006258,175.10776971120703,151.6283877139082,155.5017788204133,155.88995573274553,160.6195311589906,147.815121193141,156.744578559252,162.9581568118961,148.0185060061297,141.43113788784012,156.69953793873657,158.8003971783876,163.09910958195582,172.0311110521613,155.99722741621295,139.74588082308148,168.17119814334612,173.41466819366715,203.3754627268467,159.1927461848812,155.51124851378543,164.90422274349518,150.39497837936136,147.53316025930732,167.20295370657837,181.82576493219204,152.85444394013254,158.8316571358191,165.6158103678171,160.1171670983627,159.9004419719494,153.94881063129807,162.13781637587073,157.73902876407402,155.58204025715915,163.17036172596573,154.6556430907384,0
