,Afrikaans,Albanian,Armenian,Bengali,Bosnian,Bulgarian,Catalan,Croatian,Czech,Danish,Dutch,English,French,Galician,German,Greek,Gujarati,Hindi,Icelandic,Irish,Italian,Latvian,Lithuanian,Macedonian,Marathi,Nepali,Norwegian,Pashto,Persian,Polish,Portuguese,Romanian,Russian,Serbian,Sinhala,Slovak,Slovenian,Spanish,Swedish,Ukrainian,Urdu,Welsh
Afrikaans,0,4.077326766301231,3.385596682294229,4.395126064098371,3.640460404841397,4.234464797144871,4.502862081796219,4.178786767047104,4.200999101896827,4.158928042073141,3.059363619737403,3.733776590648764,4.378458786983706,4.120972193724906,3.823105476065536,4.468009873637571,4.493718910854226,4.526750435626086,3.6130631694246254,4.433169375767578,3.7272414469268824,3.9974637652503104,3.243076023528938,4.005828185397606,4.52118263065968,3.6538318134087726,4.082198789977935,4.08649922584635,3.6726621953388956,3.8195990400864095,4.106547350634124,4.224919411697537,3.888838380367556,4.002176823836312,3.676064144140089,4.2621174177444106,4.287355321091757,4.136788935504437,3.7972434725957314,3.8976393890927157,4.231718198163517,3.4278103538895874
Albanian,4.077326766301231,0,3.5142097401414647,4.1534570656375935,3.8121743519207127,4.214996618241016,4.343688167731782,4.132272050201464,4.298094927422454,4.487106667739287,4.159725100753633,4.404234119363022,4.181768441138913,3.880142180393914,4.3086006647587265,4.335072265620661,4.393097227481256,4.464233547602879,4.0515015347249905,4.212769646116504,3.7937191213121286,4.1344562973186765,3.272250830941396,3.9955175718953826,4.259129650448485,3.668987718768985,4.451833259661481,3.933045528599966,3.6906185207280093,3.9134346264461963,4.000890978087241,4.205429173759884,3.9726196484527856,4.048543029781991,3.289557413934605,4.25508846672988,4.307435614733228,4.064262511062708,4.168700640626867,3.9353452376670273,4.040535847147338,3.652153169045717
Armenian,3.385596682294229,3.5142097401414647,0,3.630264964198775,3.51911074407145,3.598895517650567,3.6775045224175105,3.5610399757961266,3.7504443437378905,3.68798551332695,3.6059243491624096,3.7219288129779398,3.5580567638630463,3.4259027647285847,3.5973427247877066,3.508843982123079,3.8476095327704214,3.8331831767434235,3.3198855590698013,3.485038526230949,3.4811830250598192,3.6881245171858383,3.2521610007959647,3.546112155055569,3.6927299942091114,3.48566268809043,3.5661257774603867,3.369653047833216,3.3399789526431,3.6494100677171497,3.543273213322892,3.571501399614323,3.528379363253351,3.5628986918063275,3.2739799107842567,3.5828735244363696,3.7201840132970028,3.58672975839801,3.541889377106551,3.547789754806745,3.598902571265131,3.3454915926720536
Bengali,4.395126064098371,4.1534570656375935,3.630264964198775,0,3.7900109144618424,4.159485614764137,4.370708974862428,4.144767128119925,4.18640394571014,4.576993165782454,4.267302567205453,4.2961966893164565,4.355616607544177,4.19516230194127,4.326985366010994,4.28264911546302,3.695726636274789,3.629738028690763,4.219444865291307,4.4570013667694655,3.7259534556262044,4.15040249616511,3.319720128621429,3.975998664236167,3.784192267820053,3.085079609729755,4.617016977096744,4.1701834763525465,3.8824717234650636,3.801158446190273,4.1252782362993115,4.211984704547087,4.047778317431895,4.057425533843045,3.6638805531928726,4.196616207797697,4.28656812886089,4.059015630816528,4.222831632304031,3.9167277616952347,3.556470802769038,3.6083186854012697
Bosnian,3.640460404841397,3.8121743519207127,3.51911074407145,3.7900109144618424,0,3.021205348507823,3.920210606775895,2.419591341491374,3.1775321120367814,3.8244848583342037,3.767115340919826,3.945799761327456,3.7397385153878213,3.6925617559694768,3.795762508231017,3.830781080777123,4.020510395784701,4.027731910618524,3.6490912160261844,3.9002940475639054,3.5113390947409235,3.5512525943893496,3.0256642074385005,2.639353308017078,3.9548407658977918,3.534669217259863,3.793376829557698,3.725462691260905,3.633060186528167,2.9612513014802824,3.6850443940068596,3.7123071152076577,2.818541470985732,1.9898114193956713,3.6107926591809716,2.9059745286665692,3.0401060167956744,3.7206185683141637,3.7807114187227095,2.830607885605625,3.770328356478217,3.545671522957133
Bulgarian,4.234464797144871,4.214996618241016,3.598895517650567,4.159485614764137,3.021205348507823,0,4.214486500581906,3.018149695692983,3.5329903786114913,4.361333679065408,4.0868887537692276,4.145031684912521,4.2074706432007245,4.06984721376893,4.268476490010032,4.141100658202248,4.3759124065900314,4.34423081640062,4.040263549135973,4.359149705952219,3.4743704273708667,4.061163978376218,3.138401258716106,2.916775167871391,4.368636407002883,3.7911665401141037,4.472025825349427,4.178934081667288,3.8850701021116127,3.2707131422558997,4.0025276669566585,4.074274821457835,3.3238531642926548,3.1446623044577766,3.767870335520591,3.5315692477716856,3.5983648718396366,3.886894102581062,4.141061292793787,3.2808361572163403,4.0383280331270965,3.3374411955884464
Catalan,4.502862081796219,4.343688167731782,3.6775045224175105,4.370708974862428,3.920210606775895,4.214486500581906,0,4.121844249864018,4.277140264462079,4.633594928890134,4.227081974059529,4.208934585058973,4.035700054525735,3.5748272107117716,4.374677405053565,4.325837942750026,4.532473874219714,4.530226595388697,4.18566041505717,4.481200224227941,3.202598327367169,4.363437520383238,3.3498546020162276,4.070332951265533,4.477128869778803,3.9096932036234313,4.610457955477757,4.440844411454631,3.9682235119020954,3.8737010832339425,3.4837144496596055,3.8665937171853715,4.099199628102138,4.1738980792301215,3.9212230728882864,4.282461918735564,4.413381158372082,3.2770428260206925,4.248132740428924,3.971617079418793,4.322143702333901,3.556664605482832
Croatian,4.178786767047104,4.132272050201464,3.5610399757961266,4.144767128119925,2.419591341491374,3.018149695692983,4.121844249864018,0,3.284579983507919,4.1728611013386425,4.06797994743469,4.161927781380273,4.086969907387194,3.987007888832335,4.202360035682604,4.046348403377589,4.349947382878697,4.358516454215307,3.991150839033133,4.256468937443273,3.4845345887389887,4.087369196255943,3.0522397454546772,2.9762760469376595,4.256663863573965,3.7499964582411893,4.3058406103167375,4.045923835256006,3.7980172527376546,3.1716885044153686,4.0039212524287695,3.9580655918907373,3.2591773168889393,2.47084574347944,3.6660556877315935,3.225128927015051,3.143532370858244,3.8108529041436503,4.0474203602396255,3.056582258383217,4.046268323637414,3.378119819948553
Czech,4.200999101896827,4.298094927422454,3.7504443437378905,4.18640394571014,3.1775321120367814,3.5329903786114913,4.277140264462079,3.284579983507919,0,4.189420639880554,4.078147991146311,4.137285151708359,4.186521283783916,4.194310567902466,4.356857244600614,4.287976633137561,4.467402781026435,4.508983087133174,4.096648243996881,4.339164385545278,3.7802285018452766,4.012148876303366,3.2959096759658824,3.489556240081446,4.4374854899028,3.8034649783205245,4.331333665832479,4.155918852610147,3.929900288308792,3.2024772786878994,4.061896099386654,4.177976373031519,3.3373441284506256,3.297922551276756,3.896681914829861,2.9002042212597128,3.5506566061832,3.9747809767642304,4.135122926662955,3.1985926544120216,4.073747616736937,3.5021371503235694
Danish,4.158928042073141,4.487106667739287,3.68798551332695,4.576993165782454,3.8244848583342037,4.361333679065408,4.633594928890134,4.1728611013386425,4.189420639880554,0,3.914525004282891,3.8037721062167407,4.423857181200702,4.420997418373624,3.87994931881713,4.42369086745117,4.667865818440052,4.56958887668002,3.6641344403236826,4.5842206699539885,3.6602628238175443,4.297973381846018,3.405238727789851,4.226826217951271,4.7306280253260695,3.7368863120656077,3.940870044238518,4.45620050945414,3.9516186369115416,3.855128031366788,4.173969440654137,4.300062634801878,4.137077847424623,4.249570851226397,3.9380831799043894,4.320314281434582,4.3957221661752435,4.169369280077303,3.6479720449784288,4.019094378257108,4.314037393223112,3.329535960670164
Dutch,3.059363619737403,4.159725100753633,3.6059243491624096,4.267302567205453,3.767115340919826,4.0868887537692276,4.227081974059529,4.06797994743469,4.078147991146311,3.914525004282891,0,3.6019931157670375,4.207037365973818,4.127832716426739,3.483749168023631,4.205399517383435,4.361559612098534,4.416510795323675,3.7231570491518924,4.251247275972974,3.6909189252049486,4.066981695881451,3.3312905699492945,3.944083310563854,4.353270543730102,3.776441115583854,3.907507421009697,4.165819476713091,3.796749598554123,3.8752687139859723,3.942854667990914,4.161151167087809,3.9734899984075596,4.004219889110493,3.862342438229217,4.14417716248265,4.085538586019696,3.9493666016695896,3.695955061943025,3.9174299998375828,4.1039835018469715,3.4449190904921063
English,3.733776590648764,4.404234119363022,3.7219288129779398,4.2961966893164565,3.945799761327456,4.145031684912521,4.208934585058973,4.161927781380273,4.137285151708359,3.8037721062167407,3.6019931157670375,0,4.190072478108205,4.160141124848475,3.770120786652498,4.353692845546399,4.368455891618596,4.406320001942049,3.845261567069304,4.1762185712245685,3.6709670308515934,4.2415875221783725,3.405985987383735,4.125666210250319,4.355377576048742,3.8161805315179578,3.920220472046355,4.269436607717805,3.9235216186134325,3.882113354312672,4.025905267756702,4.195585440587301,4.078409369854015,4.164405517148248,4.00628337247068,4.184000537334076,4.325911474564818,4.085937502228067,3.828900705735908,4.036982587279842,4.159627271547239,3.4225493906040536
French,4.378458786983706,4.181768441138913,3.5580567638630463,4.355616607544177,3.7397385153878213,4.2074706432007245,4.035700054525735,4.086969907387194,4.186521283783916,4.423857181200702,4.207037365973818,4.190072478108205,0,3.943171493882001,4.334341856734334,4.233029996338987,4.587965687242613,4.536849447934974,4.129588978318461,4.474198247439994,3.299639188016743,4.129732784548139,3.3349168599555807,4.050619225133549,4.485938640753253,3.713742764581268,4.5691471018138055,4.213686369164396,3.87513625294885,3.826790172964667,3.7901423695640672,3.950441292546245,3.987844538424612,4.094552826140632,3.7824669304158958,4.291638265472341,4.227490483244333,3.6971796748109713,4.274356334024549,3.8604829377894143,4.159288902429312,3.364653201391595
Galician,4.120972193724906,3.880142180393914,3.4259027647285847,4.19516230194127,3.6925617559694768,4.06984721376893,3.5748272107117716,3.987007888832335,4.194310567902466,4.420997418373624,4.127832716426739,4.160141124848475,3.943171493882001,0,4.249078568023434,4.252111897488359,4.386941768816498,4.39837880029642,3.847851405219062,4.273446814509701,3.120102477178062,4.156273793182779,3.2600605462698815,3.8804038382833066,4.32952824957521,3.6199363157717266,4.482559549468257,4.074811162754785,3.63428228116967,3.8295876301064253,3.0857370680094385,3.8231316981632246,3.8972181219711555,3.9507096615711954,3.4432666361710487,4.236241010964562,4.289766396692934,2.8062944611662024,4.005447400868183,3.8175584975628087,4.1140416415921495,3.387777115117163
German,3.823105476065536,4.3086006647587265,3.5973427247877066,4.326985366010994,3.795762508231017,4.268476490010032,4.374677405053565,4.202360035682604,4.356857244600614,3.87994931881713,3.483749168023631,3.770120786652498,4.334341856734334,4.249078568023434,0,4.226962433661238,4.482027482281894,4.474299872613343,3.811728030062298,4.333746327102174,3.6973253755596747,4.176524416031628,3.3733543199969245,4.128820750518203,4.4676835802079085,3.83794650702447,4.111630044350775,4.280636983428245,3.9091473697541916,3.9678091194720158,4.243521147909402,4.169766093861061,4.114614301888056,4.14011286528754,3.9836508026567556,4.354477380261324,4.225354706572589,4.088714232123752,3.7833082407617673,4.018816291676065,4.1996294011665976,3.4911911681181436
Greek,4.468009873637571,4.335072265620661,3.508843982123079,4.28264911546302,3.830781080777123,4.141100658202248,4.325837942750026,4.046348403377589,4.287976633137561,4.42369086745117,4.205399517383435,4.353692845546399,4.233029996338987,4.252111897488359,4.226962433661238,0,4.537733780374587,4.352727339518552,4.118829417448389,4.427122764347664,3.5503732929802374,4.141389697817495,3.282972210592364,4.101907228491741,4.4582000123306065,3.716285553031875,4.591277596941005,4.2259322208377545,3.9560880422856517,3.909241251810586,4.128168482023551,4.045734361275378,4.0803354771275755,4.137889103116178,3.770314831484387,4.3128696363013095,4.311243708384109,3.888097741812403,4.312493171213291,3.9081058331206546,4.152758411591431,3.4059784877631962
Gujarati,4.493718910854226,4.393097227481256,3.8476095327704214,3.695726636274789,4.020510395784701,4.3759124065900314,4.532473874219714,4.349947382878697,4.467402781026435,4.667865818440052,4.361559612098534,4.368455891618596,4.587965687242613,4.386941768816498,4.482027482281894,4.537733780374587,0,3.358800335083687,4.391819601805339,4.646848810427879,3.9327206319190333,4.428365388621898,3.4304144537566343,4.177665863307361,3.2368412927539665,3.3875246116817452,4.714819516324126,4.275952470510033,4.044333632269046,4.033458484239948,4.444943452110031,4.400238929223823,4.287722075445169,4.310189861084513,3.8797129089644717,4.515493449317878,4.515377117514185,4.241021801395693,4.377559610488658,4.166937988047283,3.710278149765733,3.811575766408679
Hindi,4.526750435626086,4.464233547602879,3.8331831767434235,3.629738028690763,4.027731910618524,4.34423081640062,4.530226595388697,4.358516454215307,4.508983087133174,4.56958887668002,4.416510795323675,4.406320001942049,4.536849447934974,4.39837880029642,4.474299872613343,4.352727339518552,3.358800335083687,0,4.334273831271051,4.612362317276097,3.8963100018169166,4.444065721596471,3.483720310531958,4.161334147785163,3.5221487037167236,3.271036690054534,4.642523731877354,4.187260737674084,4.053967399451597,4.079078314363417,4.4920257857174395,4.236247651902381,4.268684944422841,4.370232198865827,3.907308386621324,4.493224711861091,4.523383195807217,4.217786598287701,4.326689607666341,4.16114751444199,3.059131805758001,3.76199649478676
Icelandic,3.6130631694246254,4.0515015347249905,3.3198855590698013,4.219444865291307,3.6490912160261844,4.040263549135973,4.18566041505717,3.991150839033133,4.096648243996881,3.6641344403236826,3.7231570491518924,3.845261567069304,4.129588978318461,3.847851405219062,3.811728030062298,4.118829417448389,4.391819601805339,4.334273831271051,0,4.14515368528972,3.624713298963628,3.8936701872451156,3.1197979652929533,3.873201462088791,4.29385255988752,3.764096744700082,3.6422275792608123,3.9566660550959205,3.6105088963656513,3.8020308466276704,3.978316891549445,4.03889378729606,3.7825274949810175,3.867832241324142,3.5734883695781052,4.09967481262157,4.118135288995195,3.9606435500517385,3.4537419338155435,3.707712238902899,4.062872228762954,3.433284529900283
Irish,4.433169375767578,4.212769646116504,3.485038526230949,4.4570013667694655,3.9002940475639054,4.359149705952219,4.481200224227941,4.256468937443273,4.339164385545278,4.5842206699539885,4.251247275972974,4.1762185712245685,4.474198247439994,4.273446814509701,4.333746327102174,4.427122764347664,4.646848810427879,4.612362317276097,4.14515368528972,0,3.771148471906738,4.297020008563132,3.3761472301106226,4.12028858302526,4.551016145439952,3.7574224620657826,4.821313588042191,4.216347021875319,3.836991040457989,3.957548894364727,4.04556283658442,4.305117958227911,4.144743151855293,4.274076235675006,3.6891051492390763,4.414793964701411,4.427068909955746,3.921700924979193,4.202883453100363,4.038846416108948,4.240377343443637,3.2933233190837545
Italian,3.7272414469268824,3.7937191213121286,3.4811830250598192,3.7259534556262044,3.5113390947409235,3.4743704273708667,3.202598327367169,3.4845345887389887,3.7802285018452766,3.6602628238175443,3.6909189252049486,3.6709670308515934,3.299639188016743,3.120102477178062,3.6973253755596747,3.5503732929802374,3.9327206319190333,3.8963100018169166,3.624713298963628,3.771148471906738,0,3.9369073225410163,3.3376455794468227,3.5443467532857555,3.8090609420052965,3.4567580279903214,3.7573550965815277,3.645051313689566,3.666749414895233,3.634680273982932,3.2391872938843607,3.0894034180642023,3.564702470561208,3.6015060859715717,3.5720070186356194,3.638866896161788,3.670306314471016,3.0330412838433864,3.663182375326928,3.496134949283533,3.7281862275594815,3.189944529268185
Latvian,3.9974637652503104,4.1344562973186765,3.6881245171858383,4.15040249616511,3.5512525943893496,4.061163978376218,4.363437520383238,4.087369196255943,4.012148876303366,4.297973381846018,4.066981695881451,4.2415875221783725,4.129732784548139,4.156273793182779,4.176524416031628,4.141389697817495,4.428365388621898,4.444065721596471,3.8936701872451156,4.297020008563132,3.9369073225410163,0,2.7700199832724928,3.883458171721756,4.373959292042262,3.9751361857297645,4.145495052696016,4.160440348061607,3.975449639282371,3.6287642274207594,4.147796267756143,4.175125058636354,3.621227618157609,3.7730935224540705,3.9946195078713482,3.893840500810987,4.045586942217507,4.337712526182637,4.177621488141051,3.802961450755012,4.12739747863345,3.8025819584352196
Lithuanian,3.243076023528938,3.272250830941396,3.2521610007959647,3.319720128621429,3.0256642074385005,3.138401258716106,3.3498546020162276,3.0522397454546772,3.2959096759658824,3.405238727789851,3.3312905699492945,3.405985987383735,3.3349168599555807,3.2600605462698815,3.3733543199969245,3.282972210592364,3.4304144537566343,3.483720310531958,3.1197979652929533,3.3761472301106226,3.3376455794468227,2.7700199832724928,0,3.0985771206875383,3.41121053099608,3.285871987081855,3.23268643798742,3.2627259601252647,3.2671375604394073,3.2117430164428726,3.354086574417259,3.289214740541671,3.057698745720332,2.9719521231690518,3.202327415467713,3.159193658785947,3.2054914307088107,3.326409553140801,3.2478696582427595,3.027795630466011,3.308607566050885,3.380399045891686
Macedonian,4.005828185397606,3.9955175718953826,3.546112155055569,3.975998664236167,2.639353308017078,2.916775167871391,4.070332951265533,2.9762760469376595,3.489556240081446,4.226826217951271,3.944083310563854,4.125666210250319,4.050619225133549,3.8804038382833066,4.128820750518203,4.101907228491741,4.177665863307361,4.161334147785163,3.873201462088791,4.12028858302526,3.5443467532857555,3.883458171721756,3.0985771206875383,0,4.140177661841906,3.650150243745251,4.257631020609906,3.919408458868703,3.7375488428532218,3.207189235386594,3.8666626512998263,3.983305454217269,3.075179389314799,2.59526726268948,3.619872406020168,3.3263620808841505,3.5018063171093643,3.8041484910515457,3.9652506564019845,3.019693567648191,3.897980942565247,3.4938731290497245
Marathi,4.52118263065968,4.259129650448485,3.6927299942091114,3.784192267820053,3.9548407658977918,4.368636407002883,4.477128869778803,4.256663863573965,4.4374854899028,4.7306280253260695,4.353270543730102,4.355377576048742,4.485938640753253,4.32952824957521,4.4676835802079085,4.4582000123306065,3.2368412927539665,3.5221487037167236,4.29385255988752,4.551016145439952,3.8090609420052965,4.373959292042262,3.41121053099608,4.140177661841906,0,3.447592099057318,4.775749037280168,4.2240873646813775,3.9939509985620876,3.975966392929513,4.298337157254305,4.337049109612924,4.16918412038426,4.2683068096430015,3.721572034564695,4.431342010292661,4.517300823479887,4.108733630402249,4.3598418065253535,4.100966759593125,3.7600463404252755,3.647324896438666
Nepali,3.6538318134087726,3.668987718768985,3.48566268809043,3.085079609729755,3.534669217259863,3.7911665401141037,3.9096932036234313,3.7499964582411893,3.8034649783205245,3.7368863120656077,3.776441115583854,3.8161805315179578,3.713742764581268,3.6199363157717266,3.83794650702447,3.716285553031875,3.3875246116817452,3.271036690054534,3.764096744700082,3.7574224620657826,3.4567580279903214,3.9751361857297645,3.285871987081855,3.650150243745251,3.447592099057318,0,3.898660895799447,3.4666597308509397,3.5850344189495393,3.685805714484734,3.745878556737918,3.732659950814725,3.7443247854102157,3.7306635014703433,3.2808514209644515,3.6933403433891105,3.820890678327354,3.6643904173641597,3.695883732735997,3.667566366736081,3.125114104602647,3.3645969915845972
Norwegian,4.082198789977935,4.451833259661481,3.5661257774603867,4.617016977096744,3.793376829557698,4.472025825349427,4.610457955477757,4.3058406103167375,4.331333665832479,3.940870044238518,3.907507421009697,3.920220472046355,4.5691471018138055,4.482559549468257,4.111630044350775,4.591277596941005,4.714819516324126,4.642523731877354,3.6422275792608123,4.821313588042191,3.7573550965815277,4.145495052696016,3.23268643798742,4.257631020609906,4.775749037280168,3.898660895799447,0,4.644743298851004,3.9986324424123647,3.839474087869427,4.213771760078162,4.337750085087999,4.144847620362068,4.247897732879719,3.963282063728295,4.432768143057935,4.498258408144618,4.202296060223833,3.1749207737850074,4.089816499066609,4.341906475487481,3.626420070423387
Pashto,4.08649922584635,3.933045528599966,3.369653047833216,4.1701834763525465,3.725462691260905,4.178934081667288,4.440844411454631,4.045923835256006,4.155918852610147,4.45620050945414,4.165819476713091,4.269436607717805,4.213686369164396,4.074811162754785,4.280636983428245,4.2259322208377545,4.275952470510033,4.187260737674084,3.9566660550959205,4.216347021875319,3.645051313689566,4.160440348061607,3.2627259601252647,3.919408458868703,4.2240873646813775,3.4666597308509397,4.644743298851004,0,3.3975038732008596,3.8501966981160165,4.045903372844252,4.120304449948598,3.913457380650788,4.025501713161847,3.4018339430065696,4.278876903186295,4.234129941064333,3.9441951665615194,4.16991979490372,3.845395634255506,3.8436773007420015,3.4234641970672692
Persian,3.6726621953388956,3.6906185207280093,3.3399789526431,3.8824717234650636,3.633060186528167,3.8850701021116127,3.9682235119020954,3.7980172527376546,3.929900288308792,3.9516186369115416,3.796749598554123,3.9235216186134325,3.87513625294885,3.63428228116967,3.9091473697541916,3.9560880422856517,4.044333632269046,4.053967399451597,3.6105088963656513,3.836991040457989,3.666749414895233,3.975449639282371,3.2671375604394073,3.7375488428532218,3.9939509985620876,3.5850344189495393,3.9986324424123647,3.3975038732008596,0,3.7890988194362354,3.7824686346827843,3.843757681260244,3.749341947150414,3.767193688750407,3.509527362992908,3.8945858539685205,3.9415678347167584,3.767763508116568,3.7395997076637664,3.6331784567712595,3.606430540375586,3.4848819604276575
Polish,3.8195990400864095,3.9134346264461963,3.6494100677171497,3.801158446190273,2.9612513014802824,3.2707131422558997,3.8737010832339425,3.1716885044153686,3.2024772786878994,3.855128031366788,3.8752687139859723,3.882113354312672,3.826790172964667,3.8295876301064253,3.9678091194720158,3.909241251810586,4.033458484239948,4.079078314363417,3.8020308466276704,3.957548894364727,3.634680273982932,3.6287642274207594,3.2117430164428726,3.207189235386594,3.975966392929513,3.685805714484734,3.839474087869427,3.8501966981160165,3.7890988194362354,0,3.7072817773916684,3.7845466160337535,3.0549587227783674,3.0408778756301054,3.7176249722775982,2.80722297424568,3.291657621349495,3.775973842800592,3.816188022752764,2.9792153751102015,3.814525480248088,3.5475278540505055
Portuguese,4.106547350634124,4.000890978087241,3.543273213322892,4.1252782362993115,3.6850443940068596,4.0025276669566585,3.4837144496596055,4.0039212524287695,4.061896099386654,4.173969440654137,3.942854667990914,4.025905267756702,3.7901423695640672,3.0857370680094385,4.243521147909402,4.128168482023551,4.444943452110031,4.4920257857174395,3.978316891549445,4.04556283658442,3.2391872938843607,4.147796267756143,3.354086574417259,3.8666626512998263,4.298337157254305,3.745878556737918,4.213771760078162,4.045903372844252,3.7824686346827843,3.7072817773916684,0,3.806791598263864,3.846755647266926,3.920479893079926,3.745469502821552,3.9924035506762183,4.017080311743012,2.9401202822257475,3.9799443144356186,3.7663205067037326,4.016202789209715,3.418772440955387
Romanian,4.224919411697537,4.205429173759884,3.571501399614323,4.211984704547087,3.7123071152076577,4.074274821457835,3.8665937171853715,3.9580655918907373,4.177976373031519,4.300062634801878,4.161151167087809,4.195585440587301,3.950441292546245,3.8231316981632246,4.169766093861061,4.045734361275378,4.400238929223823,4.236247651902381,4.03889378729606,4.305117958227911,3.0894034180642023,4.175125058636354,3.289214740541671,3.983305454217269,4.337049109612924,3.732659950814725,4.337750085087999,4.120304449948598,3.843757681260244,3.7845466160337535,3.806791598263864,0,3.9490963334370734,4.014194208501834,3.7887713942956824,4.1403202475088925,4.202541407966793,3.7194312118390425,4.095707040673814,3.8690473243802344,4.1316830510742895,3.456421937209393
Russian,3.888838380367556,3.9726196484527856,3.528379363253351,4.047778317431895,2.818541470985732,3.3238531642926548,4.099199628102138,3.2591773168889393,3.3373441284506256,4.137077847424623,3.9734899984075596,4.078409369854015,3.987844538424612,3.8972181219711555,4.114614301888056,4.0803354771275755,4.287722075445169,4.268684944422841,3.7825274949810175,4.144743151855293,3.564702470561208,3.621227618157609,3.057698745720332,3.075179389314799,4.16918412038426,3.7443247854102157,4.144847620362068,3.913457380650788,3.749341947150414,3.0549587227783674,3.846755647266926,3.9490963334370734,0,2.923272763118292,3.6291270062005623,3.165665488273379,3.527422595878925,3.8827444540144773,3.9867701397076325,2.7251230193428646,4.015468859518616,3.548328222308378
Serbian,4.002176823836312,4.048543029781991,3.5628986918063275,4.057425533843045,1.9898114193956713,3.1446623044577766,4.1738980792301215,2.47084574347944,3.297922551276756,4.249570851226397,4.004219889110493,4.164405517148248,4.094552826140632,3.9507096615711954,4.14011286528754,4.137889103116178,4.310189861084513,4.370232198865827,3.867832241324142,4.274076235675006,3.6015060859715717,3.7730935224540705,2.9719521231690518,2.59526726268948,4.2683068096430015,3.7306635014703433,4.247897732879719,4.025501713161847,3.767193688750407,3.0408778756301054,3.920479893079926,4.014194208501834,2.923272763118292,0,3.708650397627232,3.136844535267727,3.175605826083363,3.8772411301673007,4.022714223696968,2.8620603929702666,4.032599175155169,3.5424369112927585
Sinhala,3.676064144140089,3.289557413934605,3.2739799107842567,3.6638805531928726,3.6107926591809716,3.767870335520591,3.9212230728882864,3.6660556877315935,3.896681914829861,3.9380831799043894,3.862342438229217,4.00628337247068,3.7824669304158958,3.4432666361710487,3.9836508026567556,3.770314831484387,3.8797129089644717,3.907308386621324,3.5734883695781052,3.6891051492390763,3.5720070186356194,3.9946195078713482,3.202327415467713,3.619872406020168,3.721572034564695,3.2808514209644515,3.963282063728295,3.4018339430065696,3.509527362992908,3.7176249722775982,3.745469502821552,3.7887713942956824,3.6291270062005623,3.708650397627232,0,3.817448179653158,3.953042230130926,3.5692439186567557,3.6816891695125,3.588517602480494,3.604007981690702,3.408731592707377
Slovak,4.2621174177444106,4.25508846672988,3.5828735244363696,4.196616207797697,2.9059745286665692,3.5315692477716856,4.282461918735564,3.225128927015051,2.9002042212597128,4.320314281434582,4.14417716248265,4.184000537334076,4.291638265472341,4.236241010964562,4.354477380261324,4.3128696363013095,4.515493449317878,4.493224711861091,4.09967481262157,4.414793964701411,3.638866896161788,3.893840500810987,3.159193658785947,3.3263620808841505,4.431342010292661,3.6933403433891105,4.432768143057935,4.278876903186295,3.8945858539685205,2.80722297424568,3.9924035506762183,4.1403202475088925,3.165665488273379,3.136844535267727,3.817448179653158,0,3.477760280435379,3.95347115004383,4.173766150862201,3.096988703327011,4.1080019813757,3.397028797382805
Slovenian,4.287355321091757,4.307435614733228,3.7201840132970028,4.28656812886089,3.0401060167956744,3.5983648718396366,4.413381158372082,3.143532370858244,3.5506566061832,4.3957221661752435,4.085538586019696,4.325911474564818,4.227490483244333,4.289766396692934,4.225354706572589,4.311243708384109,4.515377117514185,4.523383195807217,4.118135288995195,4.427068909955746,3.670306314471016,4.045586942217507,3.2054914307088107,3.5018063171093643,4.517300823479887,3.820890678327354,4.498258408144618,4.234129941064333,3.9415678347167584,3.291657621349495,4.017080311743012,4.202541407966793,3.527422595878925,3.175605826083363,3.953042230130926,3.477760280435379,0,3.990358244574445,4.254739719939618,3.4530218026427657,4.21563767129398,3.5363391799103114
Spanish,4.136788935504437,4.064262511062708,3.58672975839801,4.059015630816528,3.7206185683141637,3.886894102581062,3.2770428260206925,3.8108529041436503,3.9747809767642304,4.169369280077303,3.9493666016695896,4.085937502228067,3.6971796748109713,2.8062944611662024,4.088714232123752,3.888097741812403,4.241021801395693,4.217786598287701,3.9606435500517385,3.921700924979193,3.0330412838433864,4.337712526182637,3.326409553140801,3.8041484910515457,4.108733630402249,3.6643904173641597,4.202296060223833,3.9441951665615194,3.767763508116568,3.775973842800592,2.9401202822257475,3.7194312118390425,3.8827444540144773,3.8772411301673007,3.5692439186567557,3.95347115004383,3.990358244574445,0,4.003530653653902,3.71074323817437,3.974293425238264,3.391350659377969
Swedish,3.7972434725957314,4.168700640626867,3.541889377106551,4.222831632304031,3.7807114187227095,4.141061292793787,4.248132740428924,4.0474203602396255,4.135122926662955,3.6479720449784288,3.695955061943025,3.828900705735908,4.274356334024549,4.005447400868183,3.7833082407617673,4.312493171213291,4.377559610488658,4.326689607666341,3.4537419338155435,4.202883453100363,3.663182375326928,4.177621488141051,3.2478696582427595,3.9652506564019845,4.3598418065253535,3.695883732735997,3.1749207737850074,4.16991979490372,3.7395997076637664,3.816188022752764,3.9799443144356186,4.095707040673814,3.9867701397076325,4.022714223696968,3.6816891695125,4.173766150862201,4.254739719939618,4.003530653653902,0,3.928878772434964,4.042243848555772,3.4510803013512032
Ukrainian,3.8976393890927157,3.9353452376670273,3.547789754806745,3.9167277616952347,2.830607885605625,3.2808361572163403,3.971617079418793,3.056582258383217,3.1985926544120216,4.019094378257108,3.9174299998375828,4.036982587279842,3.8604829377894143,3.8175584975628087,4.018816291676065,3.9081058331206546,4.166937988047283,4.16114751444199,3.707712238902899,4.038846416108948,3.496134949283533,3.802961450755012,3.027795630466011,3.019693567648191,4.100966759593125,3.667566366736081,4.089816499066609,3.845395634255506,3.6331784567712595,2.9792153751102015,3.7663205067037326,3.8690473243802344,2.7251230193428646,2.8620603929702666,3.588517602480494,3.096988703327011,3.4530218026427657,3.71074323817437,3.928878772434964,0,3.922747794157329,3.416458772213156
Urdu,4.231718198163517,4.040535847147338,3.598902571265131,3.556470802769038,3.770328356478217,4.0383280331270965,4.322143702333901,4.046268323637414,4.073747616736937,4.314037393223112,4.1039835018469715,4.159627271547239,4.159288902429312,4.1140416415921495,4.1996294011665976,4.152758411591431,3.710278149765733,3.059131805758001,4.062872228762954,4.240377343443637,3.7281862275594815,4.12739747863345,3.308607566050885,3.897980942565247,3.7600463404252755,3.125114104602647,4.341906475487481,3.8436773007420015,3.606430540375586,3.814525480248088,4.016202789209715,4.1316830510742895,4.015468859518616,4.032599175155169,3.604007981690702,4.1080019813757,4.21563767129398,3.974293425238264,4.042243848555772,3.922747794157329,0,3.4958054279211592
Welsh,3.4278103538895874,3.652153169045717,3.3454915926720536,3.6083186854012697,3.545671522957133,3.3374411955884464,3.556664605482832,3.378119819948553,3.5021371503235694,3.329535960670164,3.4449190904921063,3.4225493906040536,3.364653201391595,3.387777115117163,3.4911911681181436,3.4059784877631962,3.811575766408679,3.76199649478676,3.433284529900283,3.2933233190837545,3.189944529268185,3.8025819584352196,3.380399045891686,3.4938731290497245,3.647324896438666,3.3645969915845972,3.626420070423387,3.4234641970672692,3.4848819604276575,3.5475278540505055,3.418772440955387,3.456421937209393,3.548328222308378,3.5424369112927585,3.408731592707377,3.397028797382805,3.5363391799103114,3.391350659377969,3.4510803013512032,3.416458772213156,3.4958054279211592,0
