,Afrikaans,Albanian,Armenian,Bengali,Bosnian,Bulgarian,Catalan,Croatian,Czech,Danish,Dutch,English,French,Galician,German,Greek,Gujarati,Hindi,Icelandic,Irish,Italian,Latvian,Lithuanian,Macedonian,Marathi,Nepali,Norwegian,Pashto,Persian,Polish,Portuguese,Romanian,Russian,Serbian,Sinhala,Slovak,Slovenian,Spanish,Swedish,Ukrainian,Urdu,Welsh
Afrikaans,0,3.8640954355393364,3.3452499525035884,4.276821879313082,3.6253508750962697,4.008645283329618,4.351837080015207,3.996860597308769,4.100552321239089,4.260603807630483,3.4822934158296666,3.6616477207955076,4.256639997389573,4.005576757436161,3.787416711452177,4.343555116945702,4.342584973975965,4.411559233995206,3.5309575545029825,4.3984640195667275,3.6034596114831765,4.161179126797759,3.1505155889477043,3.906804099689804,4.427544817094528,3.6478432994240597,3.9072338005319374,4.064497814390023,3.5681298803361443,3.8038851033525605,4.127941270141848,4.05570049425414,3.7997595425662998,3.9360623181997245,3.5982900568711846,4.231109598555874,4.296206345495329,3.975778044512997,3.6817291425981313,3.7934089695457094,4.200826268733867,3.3416004625247586
Albanian,3.8640954355393364,0,3.364775953651927,4.0529771592662085,3.8342425813695837,3.999813610020007,4.145123980593361,4.029718940628041,4.188146084731176,4.566604328897953,4.191599803394439,4.211298432785847,4.147140062057921,3.759815681827072,4.2286527669915905,4.303416562669612,4.207902985823179,4.290375561224204,3.9069058576547664,4.024076445938755,3.7244772916798183,4.287343392599822,3.213231356987716,3.9359435286057867,4.110366697573703,3.752209377179985,4.3401456223536234,3.806091101897031,3.4977820578690686,3.921956231039097,4.072140901643048,4.173557983503985,3.8860592187152063,3.9961942611077483,3.2106177693932656,4.239977136665243,4.32426991054437,3.9510062719894887,4.02184671164797,3.8487922911731585,4.019234146990615,3.543004553515576
Armenian,3.3452499525035884,3.364775953651927,0,3.7016958558174458,3.4368911638340767,3.5831770512510746,3.777112824115181,3.5805583689049163,3.7710244405232993,3.883704617235829,3.821528288716096,3.7891918586314812,3.6097452168405,3.5110732082554037,3.64476875931959,3.527760098625277,3.8820536783736923,3.812933393673088,3.352221012418043,3.536217135550187,3.4886425609330174,3.785316863385781,3.2642786967220463,3.6412974112723275,3.7338796002052717,3.509423336007447,3.5897186113322066,3.406065118710206,3.3255538899978676,3.775799161672062,3.7647316047567787,3.648194485721122,3.5484148622584577,3.614490410754168,3.2883019933438904,3.6847351490292524,3.7951796966278533,3.675386960328201,3.6068004116137242,3.59660206875198,3.703698979444583,3.4654839117793395
Bengali,4.276821879313082,4.0529771592662085,3.7016958558174458,0,3.7283545316454942,3.7296815573885618,4.005822222275784,3.793167268656324,3.877252732982958,4.274302429930548,4.047211997170094,3.894591272802466,4.064789813445784,3.965753702107357,3.90650224816663,4.099288617156229,3.43911198753166,3.4585633438635264,3.9193145028825316,4.21288125289352,3.3987618733615355,4.054457248246065,3.1060417486108443,3.596572080194217,3.5627819011183206,3.320076557880283,4.415404727083241,3.983203997218666,3.6453045078587585,3.5471537976981016,3.9381444892317132,3.8655249038220383,3.750155122895138,3.7742525279732977,3.6209005656273696,3.953926288449673,4.143276124691602,3.746403072733745,3.8966821666506304,3.6050829366311716,3.410084032140013,3.2711864001075104
Bosnian,3.6253508750962697,3.8342425813695837,3.4368911638340767,3.7283545316454942,0,3.201760538943413,3.9212468296297054,2.7540112162228914,3.320754235892494,3.7820037295046474,3.9101479316778294,3.809130973124546,3.632353712708979,3.8101521398451723,3.721906838347031,3.779352344689574,3.9852956915170323,3.833402360610882,3.6738491095818397,4.040601836148037,3.381262444816356,3.639641880917321,3.1162390103279063,2.9957067760981864,3.944683191951379,3.3054329310504063,3.663620590476715,3.8022396333304687,3.686694812177421,3.096891584186005,3.77564566979318,3.573961283014175,2.9790686745316983,2.4318006404805,3.7147810915028767,3.043864227379676,3.1775250867650815,3.746327772066223,3.7631263783179496,3.056987876233159,3.724070131547446,3.460934184579333
Bulgarian,4.008645283329618,3.999813610020007,3.5831770512510746,3.7296815573885618,3.201760538943413,0,3.778674487874595,2.9266949853576905,3.371994229272069,4.040686448144704,3.8126448367481878,3.6545115116282463,3.934149655153185,3.7017861129284477,3.807087102627729,3.961510319495391,3.84674516702961,3.9039409638596356,3.6971065031597528,4.025164411353141,3.2402909869095304,4.055902201951058,2.959354247972699,2.7199076750230713,3.824648864480649,3.790592193416963,4.270504931015764,3.858490230144963,3.5621686396652157,3.1641255984747607,3.8043386559804153,3.798873891104669,3.143203291589634,3.034213591770947,3.660057423670091,3.416987898946119,3.544014334587159,3.5180000974116155,3.7358049875151726,3.0319851868032757,3.6586347262384584,3.0151783944236747
Catalan,4.351837080015207,4.145123980593361,3.777112824115181,4.005822222275784,3.9212468296297054,3.778674487874595,0,3.7278547623568645,3.9802971720694784,4.213389922364354,3.960954168156743,3.8027608951213066,3.7500804811055346,3.4355065489105785,3.9573370549231814,4.090758331453307,4.085421005375445,4.160434491555267,3.8854045162608433,4.1850349887948335,3.042324770224047,4.321661314417481,3.133347643360246,3.6691254522054417,4.036258292066406,3.9642656201259485,4.373663489077255,4.222425246270971,3.7304512620544914,3.6429999858490616,3.394742178040902,3.6633320868822814,3.8130545463539836,3.8741372627999713,3.8134145637679673,4.0082712414799095,4.1767056913309535,3.032052907482405,3.880474656260352,3.64881001137107,3.993307962137605,3.2309198991365777
Croatian,3.996860597308769,4.029718940628041,3.5805583689049163,3.793167268656324,2.7540112162228914,2.9266949853576905,3.7278547623568645,0,3.229228226743458,3.9119272381433907,3.8174040645252747,3.788102484723795,3.8327217502004927,3.765127026585483,3.779001293514213,3.8398159583657647,3.898265264331119,3.933596552203814,3.7134497758650036,4.020764144138029,3.266378255402508,4.032319397195433,2.9430205931169833,2.8614136950371356,3.833335495636831,3.8207496517440966,4.126865873369619,3.8778491213946897,3.5484727383948407,3.0103662822161756,3.78781020783707,3.685128719379227,3.1239881643670246,2.593724673151781,3.6843897859671717,3.1121415650624513,3.12985718389878,3.553358970419849,3.7130191457759913,2.943709295650692,3.743827070280025,3.1350141527845197
Czech,4.100552321239089,4.188146084731176,3.7710244405232993,3.877252732982958,3.320754235892494,3.371994229272069,3.9802971720694784,3.229228226743458,0,3.9213564248643373,3.8133919786075086,3.7638813417973096,3.979435699441526,4.000900436720812,3.885628045206975,4.083558816316693,4.088374824469122,4.119177546365716,3.841810774406384,4.2322713540769445,3.4874909169359154,4.028392059757153,3.137918079994033,3.275748467764634,4.071530266303862,3.744671793388784,4.246709857859802,3.9853761670547176,3.725286444583187,3.1723937237489084,3.8496718630952604,3.895533318943487,3.276746856388141,3.186652758516371,3.8918983185968425,3.0209335288144543,3.430990329943029,3.7198041695944752,3.8046608797030257,3.0864807457650842,3.8275109940632075,3.2653871443611346
Danish,4.260603807630483,4.566604328897953,3.883704617235829,4.274302429930548,3.7820037295046474,4.040686448144704,4.213389922364354,3.9119272381433907,3.9213564248643373,0,3.728654897289381,3.461083176124549,4.173465844107118,4.3186989788806995,3.5182608496165146,4.19760158311328,4.248239734839856,4.2057746276178385,3.625135545851493,4.4904062164474805,3.3336608927167832,4.313032796875578,3.2504493156949206,3.9327722688034648,4.363403427099407,3.7794589785359722,3.9683799218494338,4.48911272623412,3.8636127422190247,3.6004193024787114,3.9002085894282033,3.9252626267192485,3.915961087574189,4.06572124490115,4.143783598905036,4.0123152742987545,4.174923703160245,3.8131569909589804,3.5458000424422704,3.7332625693603054,4.127138307329401,3.05575474000335
Dutch,3.4822934158296666,4.191599803394439,3.821528288716096,4.047211997170094,3.9101479316778294,3.8126448367481878,3.960954168156743,3.8174040645252747,3.8133919786075086,3.728654897289381,0,3.378650840255278,4.063203366767619,3.998922727340772,3.2976207134496773,4.037349975012897,4.015829094739242,4.171546172953443,3.6012589073361694,4.200913222790258,3.477767235195039,4.248297711047215,3.202766338420487,3.6507723054640815,4.054653351723534,3.9629366192040423,3.953389678940424,4.100124499312381,3.700964610527594,3.6946709406223706,3.784986488034411,3.931828619182363,3.794003480096814,3.8598600884722587,3.9923822925310577,3.9397295085118444,3.923003319136986,3.6560885464470068,3.546502693914528,3.64989766593443,3.983963633097751,3.303341638981376
English,3.6616477207955076,4.211298432785847,3.7891918586314812,3.894591272802466,3.809130973124546,3.6545115116282463,3.8027608951213066,3.788102484723795,3.7638813417973096,3.461083176124549,3.378650840255278,0,3.8118431928632512,3.775567815793079,3.3650864817523285,4.049132720491007,3.8740994700593965,3.95945225968298,3.555205936734735,3.9687470165882557,3.2579963883006653,4.231576533844283,3.1557430317557964,3.685690378460469,3.8924796590801893,3.7852152512813,3.6870765721402914,4.027541494443816,3.6675075488861975,3.576767687465862,3.8034035296937145,3.748195264301399,3.68972506669182,3.8266140935315494,3.9221841603368817,3.9160288998726642,4.0954829987684205,3.6719886329920866,3.434988922513677,3.6324704072162435,3.8398220539931587,3.094745372775864
French,4.256639997389573,4.147140062057921,3.6097452168405,4.064789813445784,3.632353712708979,3.934149655153185,3.7500804811055346,3.8327217502004927,3.979435699441526,4.173465844107118,4.063203366767619,3.8118431928632512,0,3.869616466704399,4.016363904815535,4.011345652897691,4.260173126809924,4.204786542752703,3.8859800346267535,4.331720272047105,3.070868880244932,4.1059585634001134,3.1176096693008293,3.7749676567045722,4.165515011666236,3.695215165928927,4.37774161110999,4.153924130586043,3.7135421584660464,3.614422574145404,3.6748158425275226,3.671775798151416,3.7769640288475843,3.8992537606588695,3.8287309368610947,4.024337208707813,4.045374837764323,3.438983250743115,3.9881950106581354,3.6723531396855225,3.963827399924409,3.1157814293831128
Galician,4.005576757436161,3.759815681827072,3.5110732082554037,3.965753702107357,3.8101521398451723,3.7017861129284477,3.4355065489105785,3.765127026585483,4.000900436720812,4.3186989788806995,3.998922727340772,3.775567815793079,3.869616466704399,0,4.019732810536231,4.193516429749063,4.089804252310908,4.207408632281439,3.6666733735232158,3.9992500005887277,3.092910355666737,4.247428810574302,3.102588792124749,3.6199531096272257,4.034023270546734,3.829052844429013,4.446342902085829,3.9501881355216786,3.4135360187876587,3.736896728065871,3.2345706285200952,3.7644367528674905,3.7366335793673384,3.796581371346306,3.359647895953085,4.161632081552675,4.269317468056458,2.9162926221889816,3.7358053237455078,3.625258032066109,3.927791665313849,3.119559475577508
German,3.787416711452177,4.2286527669915905,3.64476875931959,3.90650224816663,3.721906838347031,3.807087102627729,3.9573370549231814,3.779001293514213,3.885628045206975,3.5182608496165146,3.2976207134496773,3.3650864817523285,4.016363904815535,4.019732810536231,0,3.8372069519937044,3.999622039808968,3.9963535592359025,3.545443961177519,4.122470199212057,3.3141271379562216,4.150383341114522,3.156717738328989,3.756385413732725,4.031906470553518,3.7692774913829945,3.973407253718034,4.066731928829088,3.7557286303437194,3.675806653181074,4.018147425726969,3.7879250105797966,3.809059982551136,3.863043457259925,3.9712862922830996,3.9786726299084694,3.920422464232479,3.7380255915611036,3.4574474257823704,3.6316155855704073,3.8726791588655023,3.1760599860995473
Greek,4.343555116945702,4.303416562669612,3.527760098625277,4.099288617156229,3.779352344689574,3.961510319495391,4.090758331453307,3.8398159583657647,4.083558816316693,4.19760158311328,4.037349975012897,4.049132720491007,4.011345652897691,4.193516429749063,3.8372069519937044,0,4.266776953782335,4.104968966540502,3.857439411985479,4.384444892308641,3.392965786015779,3.984941281690313,3.0666722601494674,3.9335703618181848,4.224973656419477,3.8211541895392975,4.42719645927876,4.205050981126342,3.8088535197011257,3.739653337034532,4.039681666198107,3.8412057478314425,3.8747050196962824,3.9814173090830773,3.93327835712259,4.122639238651474,4.140854351368463,3.7902945583082692,4.122896156422353,3.740282351778194,4.019715695901953,3.2409753905335448
Gujarati,4.342584973975965,4.207902985823179,3.8820536783736923,3.43911198753166,3.9852956915170323,3.84674516702961,4.085421005375445,3.898265264331119,4.088374824469122,4.248239734839856,4.015829094739242,3.8740994700593965,4.260173126809924,4.089804252310908,3.999622039808968,4.266776953782335,0,3.1751181903017716,4.038587017058021,4.347787584127224,3.585534803875628,4.37073357506141,3.1708299305523124,3.7266247512745636,2.9523633815625967,3.5999181704303744,4.37995256340379,4.096823417964371,3.7788862587022836,3.6926787280046875,4.192867431305561,3.998190918413233,3.994485213428659,4.008526822712701,3.8091673869914255,4.181085943171244,4.242706527522386,3.8550698827284227,3.9613163059201217,3.7929133347678325,3.501598106566884,3.443732700717306
Hindi,4.411559233995206,4.290375561224204,3.812933393673088,3.4585633438635264,3.833402360610882,3.9039409638596356,4.160434491555267,3.933596552203814,4.119177546365716,4.2057746276178385,4.171546172953443,3.95945225968298,4.204786542752703,4.207408632281439,3.9963535592359025,4.104968966540502,3.1751181903017716,0,4.141148075331369,4.414050971859977,3.551227700341207,4.2716957849076,3.237321456552933,3.8269951949537493,3.3493654953752814,3.392282639421508,4.364604831126852,4.109051967484087,3.8336423141363714,3.6948610287754406,4.254728789815484,3.8672967852619817,3.9234988417322834,4.03889263828322,3.898374008545884,4.1125919883047315,4.1530255763758195,3.9294360370486765,4.037862403409482,3.8279044971734084,3.0568204526533425,3.4318355652034005
Icelandic,3.5309575545029825,3.9069058576547664,3.352221012418043,3.9193145028825316,3.6738491095818397,3.6971065031597528,3.8854045162608433,3.7134497758650036,3.841810774406384,3.625135545851493,3.6012589073361694,3.555205936734735,3.8859800346267535,3.6666733735232158,3.545443961177519,3.857439411985479,4.038587017058021,4.141148075331369,0,3.945307382968491,3.3804831272573788,3.9338292270537174,2.9309589223668118,3.613232944726204,3.9722703984936016,3.8168352861333235,3.7313330879282693,3.817136024421777,3.461055301932362,3.6701949988399027,3.8519496792076673,3.842951135229007,3.5829686125509776,3.6770470536750364,3.5457661513647016,3.881980360643,4.029353940396742,3.6799830842750074,3.3834695925348086,3.5023908982137937,3.8664486080664444,3.208090624006178
Irish,4.3984640195667275,4.024076445938755,3.536217135550187,4.21288125289352,4.040601836148037,4.025164411353141,4.1850349887948335,4.020764144138029,4.2322713540769445,4.4904062164474805,4.200913222790258,3.9687470165882557,4.331720272047105,3.9992500005887277,4.122470199212057,4.384444892308641,4.347787584127224,4.414050971859977,3.945307382968491,0,3.579084394454509,4.458067262116991,3.26342541033525,3.9190917628219526,4.28808368548541,3.9546157129430752,4.781326327603985,4.08612726052438,3.6301766505885524,3.8884002241343145,3.9975683957764856,4.085826029674684,4.02822098532023,4.1446491589255965,3.5891498600996146,4.3984174046988835,4.478002433727347,3.6842374528870065,3.956165053184162,3.8492166256984826,4.094647899229749,3.097017024729358
Italian,3.6034596114831765,3.7244772916798183,3.4886425609330174,3.3987618733615355,3.381262444816356,3.2402909869095304,3.042324770224047,3.266378255402508,3.4874909169359154,3.3336608927167832,3.477767235195039,3.2579963883006653,3.070868880244932,3.092910355666737,3.3141271379562216,3.392965786015779,3.585534803875628,3.551227700341207,3.3804831272573788,3.579084394454509,0,3.7957463789578014,3.1431448513574,3.2687076570006766,3.4996574913431893,3.4384946758300354,3.574069988623735,3.513973016844332,3.468124684414126,3.2973302057398217,3.0933730478719608,2.887860405421575,3.282517753738981,3.358432952342865,3.6163379101706945,3.348427092254768,3.474233260754945,2.9838340432687596,3.3910054370518976,3.265071047047902,3.4761974124800137,2.9386640772228922
Latvian,4.161179126797759,4.287343392599822,3.785316863385781,4.054457248246065,3.639641880917321,4.055902201951058,4.321661314417481,4.032319397195433,4.028392059757153,4.313032796875578,4.248297711047215,4.231576533844283,4.1059585634001134,4.247428810574302,4.150383341114522,3.984941281690313,4.37073357506141,4.2716957849076,3.9338292270537174,4.458067262116991,3.7957463789578014,0,2.687664268218813,3.933673764220599,4.314113629023518,4.0077318924209715,4.183127085439659,4.210078512525835,3.9994814403827985,3.706131330247079,4.250636196158737,3.9580177413118767,3.62334670014375,3.8139900157458175,4.142495878100427,3.9300221120633236,4.003509072173447,4.330016153849568,4.187122550324877,3.8097145374106156,4.043751349022393,3.8105870343377317
Lithuanian,3.1505155889477043,3.213231356987716,3.2642786967220463,3.1060417486108443,3.1162390103279063,2.959354247972699,3.133347643360246,2.9430205931169833,3.137918079994033,3.2504493156949206,3.202766338420487,3.1557430317557964,3.1176096693008293,3.102588792124749,3.156717738328989,3.0666722601494674,3.1708299305523124,3.237321456552933,2.9309589223668118,3.26342541033525,3.1431448513574,2.687664268218813,0,2.941239633166585,3.1418199630105685,3.341398227481832,3.1118917503378234,3.13266708509021,3.1532053022501314,3.1165897502304474,3.2443032210348908,3.067017183455687,2.892282372668599,2.8709520525941583,3.1884657860576975,3.0024713084887082,3.115283572859107,3.1672683537382498,3.100923156440513,2.9090127700465485,3.1379309589644526,3.213522004372946
Macedonian,3.906804099689804,3.9359435286057867,3.6412974112723275,3.596572080194217,2.9957067760981864,2.7199076750230713,3.6691254522054417,2.8614136950371356,3.275748467764634,3.9327722688034648,3.6507723054640815,3.685690378460469,3.7749676567045722,3.6199531096272257,3.756385413732725,3.9335703618181848,3.7266247512745636,3.8269951949537493,3.613232944726204,3.9190917628219526,3.2687076570006766,3.933673764220599,2.941239633166585,0,3.7074806430875213,3.724944619318183,4.133822634276253,3.7067001436891043,3.518204548245035,3.0998512472925186,3.6339836444635942,3.7064213733447446,2.9661504571605413,2.6116311743387413,3.5863341695189086,3.2149297523241738,3.4387258885328356,3.4692743758030087,3.6317174013647273,2.8460759128326814,3.608118898582502,3.165361514497264
Marathi,4.427544817094528,4.110366697573703,3.7338796002052717,3.5627819011183206,3.944683191951379,3.824648864480649,4.036258292066406,3.833335495636831,4.071530266303862,4.363403427099407,4.054653351723534,3.8924796590801893,4.165515011666236,4.034023270546734,4.031906470553518,4.224973656419477,2.9523633815625967,3.3493654953752814,3.9722703984936016,4.28808368548541,3.4996574913431893,4.314113629023518,3.1418199630105685,3.7074806430875213,0,3.676793691461206,4.493103196801772,4.073921800393156,3.7238748367933683,3.658952054035405,4.050587654050514,3.9836569886734106,3.867783232406655,3.9533487542248222,3.668928776626722,4.104904174743258,4.286848600564149,3.7399241424970113,3.9592008698265126,3.7476941359331475,3.565189786367961,3.3233017848601567
Nepali,3.6478432994240597,3.752209377179985,3.509423336007447,3.320076557880283,3.3054329310504063,3.790592193416963,3.9642656201259485,3.8207496517440966,3.744671793388784,3.7794589785359722,3.9629366192040423,3.7852152512813,3.695215165928927,3.829052844429013,3.7692774913829945,3.8211541895392975,3.5999181704303744,3.392282639421508,3.8168352861333235,3.9546157129430752,3.4384946758300354,4.0077318924209715,3.341398227481832,3.724944619318183,3.676793691461206,0,3.746085535196217,3.727434774575764,3.6818111903670325,3.7153143209120176,3.8479088648170507,3.6308885107909648,3.7008892697993763,3.732757030241121,3.5847959168282615,3.704265888670237,3.8194900484513923,3.7881978710475748,3.755780327698195,3.6710250265857742,3.403052781459673,3.3817270903856613
Norwegian,3.9072338005319374,4.3401456223536234,3.5897186113322066,4.415404727083241,3.663620590476715,4.270504931015764,4.373663489077255,4.126865873369619,4.246709857859802,3.9683799218494338,3.953389678940424,3.6870765721402914,4.37774161110999,4.446342902085829,3.973407253718034,4.42719645927876,4.37995256340379,4.364604831126852,3.7313330879282693,4.781326327603985,3.574069988623735,4.183127085439659,3.1118917503378234,4.133822634276253,4.493103196801772,3.746085535196217,0,4.659320866543156,3.9438931140518974,3.7878372379661247,4.23215739642487,4.081318763920494,4.017628334912163,4.142831787063411,3.972099439430964,4.285542931290082,4.350672480202002,4.0632351813645595,3.317788990831641,3.9416282502571764,4.25851058271991,3.428301336186183
Pashto,4.064497814390023,3.806091101897031,3.406065118710206,3.983203997218666,3.8022396333304687,3.858490230144963,4.222425246270971,3.8778491213946897,3.9853761670547176,4.48911272623412,4.100124499312381,4.027541494443816,4.153924130586043,3.9501881355216786,4.066731928829088,4.205050981126342,4.096823417964371,4.109051967484087,3.817136024421777,4.08612726052438,3.513973016844332,4.210078512525835,3.13266708509021,3.7067001436891043,4.073921800393156,3.727434774575764,4.659320866543156,0,3.223720210714573,3.7398315963021456,4.009854288754714,4.04384592325641,3.773607516772634,3.8997587546208705,3.3920228780819692,4.187763287000446,4.260146682881361,3.7886801717919427,3.9828514559089823,3.632899783430151,3.810756201329864,3.2146748561435423
Persian,3.5681298803361443,3.4977820578690686,3.3255538899978676,3.6453045078587585,3.686694812177421,3.5621686396652157,3.7304512620544914,3.5484727383948407,3.725286444583187,3.8636127422190247,3.700964610527594,3.6675075488861975,3.7135421584660464,3.4135360187876587,3.7557286303437194,3.8088535197011257,3.7788862587022836,3.8336423141363714,3.461055301932362,3.6301766505885524,3.468124684414126,3.9994814403827985,3.1532053022501314,3.518204548245035,3.7238748367933683,3.6818111903670325,3.9438931140518974,3.223720210714573,0,3.6347835441743745,3.725427142684549,3.716506844321121,3.5271202726183097,3.5720153194032447,3.3737054614306605,3.7897164033863873,3.8687969030936005,3.552940318528966,3.4999508879531684,3.4386882196501793,3.482094984069228,3.2962687383027287
Polish,3.8038851033525605,3.921956231039097,3.775799161672062,3.5471537976981016,3.096891584186005,3.1641255984747607,3.6429999858490616,3.0103662822161756,3.1723937237489084,3.6004193024787114,3.6946709406223706,3.576767687465862,3.614422574145404,3.736896728065871,3.675806653181074,3.739653337034532,3.6926787280046875,3.6948610287754406,3.6701949988399027,3.8884002241343145,3.2973302057398217,3.706131330247079,3.1165897502304474,3.0998512472925186,3.658952054035405,3.7153143209120176,3.7878372379661247,3.7398315963021456,3.6347835441743745,0,3.6189770681496976,3.449302134379533,3.020291049576187,2.997556041703135,3.789256420604913,2.830490763376747,3.1835998597971136,3.567938181462253,3.6497994243048923,2.8837094417769635,3.5656938796051425,3.3094118449019376
Portuguese,4.127941270141848,4.072140901643048,3.7647316047567787,3.9381444892317132,3.77564566979318,3.8043386559804153,3.394742178040902,3.78781020783707,3.8496718630952604,3.9002085894282033,3.784986488034411,3.8034035296937145,3.6748158425275226,3.2345706285200952,4.018147425726969,4.039681666198107,4.192867431305561,4.254728789815484,3.8519496792076673,3.9975683957764856,3.0933730478719608,4.250636196158737,3.2443032210348908,3.6339836444635942,4.050587654050514,3.8479088648170507,4.23215739642487,4.009854288754714,3.725427142684549,3.6189770681496976,0,3.6293953498902503,3.651939940459782,3.7663164684444626,3.903615161325769,3.7995658732001734,3.8783348517877108,2.9144369457226897,3.7809763726723506,3.57208724611721,3.9060634529996694,3.2321105018689935
Romanian,4.05570049425414,4.173557983503985,3.648194485721122,3.8655249038220383,3.573961283014175,3.798873891104669,3.6633320868822814,3.685128719379227,3.895533318943487,3.9252626267192485,3.931828619182363,3.748195264301399,3.671775798151416,3.7644367528674905,3.7879250105797966,3.8412057478314425,3.998190918413233,3.8672967852619817,3.842951135229007,4.085826029674684,2.887860405421575,3.9580177413118767,3.067017183455687,3.7064213733447446,3.9836569886734106,3.6308885107909648,4.081318763920494,4.04384592325641,3.716506844321121,3.449302134379533,3.6293953498902503,0,3.662586961186868,3.7876508425248994,3.845186921370702,3.848568404513676,3.9319014303178466,3.535741778604126,3.8249002764296303,3.64880998225402,3.8509802905988795,3.180229992122021
Russian,3.7997595425662998,3.8860592187152063,3.5484148622584577,3.750155122895138,2.9790686745316983,3.143203291589634,3.8130545463539836,3.1239881643670246,3.276746856388141,3.915961087574189,3.794003480096814,3.68972506669182,3.7769640288475843,3.7366335793673384,3.809059982551136,3.8747050196962824,3.994485213428659,3.9234988417322834,3.5829686125509776,4.02822098532023,3.282517753738981,3.62334670014375,2.892282372668599,2.9661504571605413,3.867783232406655,3.7008892697993763,4.017628334912163,3.773607516772634,3.5271202726183097,3.020291049576187,3.651939940459782,3.662586961186868,0,2.880158522350849,3.6394673951978356,3.1666510920549436,3.436517919198286,3.6353557958747302,3.7226145417727974,2.7180412715645845,3.7541496481745207,3.2720025743227494
Serbian,3.9360623181997245,3.9961942611077483,3.614490410754168,3.7742525279732977,2.4318006404805,3.034213591770947,3.8741372627999713,2.593724673151781,3.186652758516371,4.06572124490115,3.8598600884722587,3.8266140935315494,3.8992537606588695,3.796581371346306,3.863043457259925,3.9814173090830773,4.008526822712701,4.03889263828322,3.6770470536750364,4.1446491589255965,3.358432952342865,3.8139900157458175,2.8709520525941583,2.6116311743387413,3.9533487542248222,3.732757030241121,4.142831787063411,3.8997587546208705,3.5720153194032447,2.997556041703135,3.7663164684444626,3.7876508425248994,2.880158522350849,0,3.729401057423256,3.1185542878505856,3.2639391353100287,3.6664297286605247,3.7784861912549292,2.810675466546963,3.7720721748958885,3.2855057224606945
Sinhala,3.5982900568711846,3.2106177693932656,3.2883019933438904,3.6209005656273696,3.7147810915028767,3.660057423670091,3.8134145637679673,3.6843897859671717,3.8918983185968425,4.143783598905036,3.9923822925310577,3.9221841603368817,3.8287309368610947,3.359647895953085,3.9712862922830996,3.93327835712259,3.8091673869914255,3.898374008545884,3.5457661513647016,3.5891498600996146,3.6163379101706945,4.142495878100427,3.1884657860576975,3.5863341695189086,3.668928776626722,3.5847959168282615,3.972099439430964,3.3920228780819692,3.3737054614306605,3.789256420604913,3.903615161325769,3.845186921370702,3.6394673951978356,3.729401057423256,0,3.907268105392327,4.0407326451930015,3.57937101543846,3.603237390375961,3.581056386443039,3.627585818027107,3.3748741623933767
Slovak,4.231109598555874,4.239977136665243,3.6847351490292524,3.953926288449673,3.043864227379676,3.416987898946119,4.0082712414799095,3.1121415650624513,3.0209335288144543,4.0123152742987545,3.9397295085118444,3.9160288998726642,4.024337208707813,4.161632081552675,3.9786726299084694,4.122639238651474,4.181085943171244,4.1125919883047315,3.881980360643,4.3984174046988835,3.348427092254768,3.9300221120633236,3.0024713084887082,3.2149297523241738,4.104904174743258,3.704265888670237,4.285542931290082,4.187763287000446,3.7897164033863873,2.830490763376747,3.7995658732001734,3.848568404513676,3.1666510920549436,3.1185542878505856,3.907268105392327,0,3.3069448078405967,3.732878592908423,3.900112037051512,2.9735280403849855,3.871438550115998,3.195997127570898
Slovenian,4.296206345495329,4.32426991054437,3.7951796966278533,4.143276124691602,3.1775250867650815,3.544014334587159,4.1767056913309535,3.12985718389878,3.430990329943029,4.174923703160245,3.923003319136986,4.0954829987684205,4.045374837764323,4.269317468056458,3.920422464232479,4.140854351368463,4.242706527522386,4.1530255763758195,4.029353940396742,4.478002433727347,3.474233260754945,4.003509072173447,3.115283572859107,3.4387258885328356,4.286848600564149,3.8194900484513923,4.350672480202002,4.260146682881361,3.8687969030936005,3.1835998597971136,3.8783348517877108,3.9319014303178466,3.436517919198286,3.2639391353100287,4.0407326451930015,3.3069448078405967,0,3.807758068467245,4.088485738570706,3.337062867191107,4.045348684367123,3.400976183038008
Spanish,3.975778044512997,3.9510062719894887,3.675386960328201,3.746403072733745,3.746327772066223,3.5180000974116155,3.032052907482405,3.553358970419849,3.7198041695944752,3.8131569909589804,3.6560885464470068,3.6719886329920866,3.438983250743115,2.9162926221889816,3.7380255915611036,3.7902945583082692,3.8550698827284227,3.9294360370486765,3.6799830842750074,3.6842374528870065,2.9838340432687596,4.330016153849568,3.1672683537382498,3.4692743758030087,3.7399241424970113,3.7881978710475748,4.0632351813645595,3.7886801717919427,3.552940318528966,3.567938181462253,2.9144369457226897,3.535741778604126,3.6353557958747302,3.6664297286605247,3.57937101543846,3.732878592908423,3.807758068467245,0,3.6942382831640437,3.4376870531643657,3.7565015522172764,3.0840219153115114
Swedish,3.6817291425981313,4.02184671164797,3.6068004116137242,3.8966821666506304,3.7631263783179496,3.7358049875151726,3.880474656260352,3.7130191457759913,3.8046608797030257,3.5458000424422704,3.546502693914528,3.434988922513677,3.9881950106581354,3.7358053237455078,3.4574474257823704,4.122896156422353,3.9613163059201217,4.037862403409482,3.3834695925348086,3.956165053184162,3.3910054370518976,4.187122550324877,3.100923156440513,3.6317174013647273,3.9592008698265126,3.755780327698195,3.317788990831641,3.9828514559089823,3.4999508879531684,3.6497994243048923,3.7809763726723506,3.8249002764296303,3.7226145417727974,3.7784861912549292,3.603237390375961,3.900112037051512,4.088485738570706,3.6942382831640437,0,3.6628549939845607,3.806709815497036,3.162534541377128
Ukrainian,3.7934089695457094,3.8487922911731585,3.59660206875198,3.6050829366311716,3.056987876233159,3.0319851868032757,3.64881001137107,2.943709295650692,3.0864807457650842,3.7332625693603054,3.64989766593443,3.6324704072162435,3.6723531396855225,3.625258032066109,3.6316155855704073,3.740282351778194,3.7929133347678325,3.8279044971734084,3.5023908982137937,3.8492166256984826,3.265071047047902,3.8097145374106156,2.9090127700465485,2.8460759128326814,3.7476941359331475,3.6710250265857742,3.9416282502571764,3.632899783430151,3.4386882196501793,2.8837094417769635,3.57208724611721,3.64880998225402,2.7180412715645845,2.810675466546963,3.581056386443039,2.9735280403849855,3.337062867191107,3.4376870531643657,3.6628549939845607,0,3.6318025271198984,3.0988586282094364
Urdu,4.200826268733867,4.019234146990615,3.703698979444583,3.410084032140013,3.724070131547446,3.6586347262384584,3.993307962137605,3.743827070280025,3.8275109940632075,4.127138307329401,3.983963633097751,3.8398220539931587,3.963827399924409,3.927791665313849,3.8726791588655023,4.019715695901953,3.501598106566884,3.0568204526533425,3.8664486080664444,4.094647899229749,3.4761974124800137,4.043751349022393,3.1379309589644526,3.608118898582502,3.565189786367961,3.403052781459673,4.25851058271991,3.810756201329864,3.482094984069228,3.5656938796051425,3.9060634529996694,3.8509802905988795,3.7541496481745207,3.7720721748958885,3.627585818027107,3.871438550115998,4.045348684367123,3.7565015522172764,3.806709815497036,3.6318025271198984,0,3.225516421699336
Welsh,3.3416004625247586,3.543004553515576,3.4654839117793395,3.2711864001075104,3.460934184579333,3.0151783944236747,3.2309198991365777,3.1350141527845197,3.2653871443611346,3.05575474000335,3.303341638981376,3.094745372775864,3.1157814293831128,3.119559475577508,3.1760599860995473,3.2409753905335448,3.443732700717306,3.4318355652034005,3.208090624006178,3.097017024729358,2.9386640772228922,3.8105870343377317,3.213522004372946,3.165361514497264,3.3233017848601567,3.3817270903856613,3.428301336186183,3.2146748561435423,3.2962687383027287,3.3094118449019376,3.2321105018689935,3.180229992122021,3.2720025743227494,3.2855057224606945,3.3748741623933767,3.195997127570898,3.400976183038008,3.0840219153115114,3.162534541377128,3.0988586282094364,3.225516421699336,0
