,Afrikaans,Albanian,Armenian,Bengali,Bosnian,Bulgarian,Catalan,Croatian,Czech,Danish,Dutch,English,French,Galician,German,Greek,Gujarati,Hindi,Icelandic,Irish,Italian,Latvian,Lithuanian,Macedonian,Marathi,Nepali,Norwegian,Pashto,Persian,Polish,Portuguese,Romanian,Russian,Serbian,Sinhala,Slovak,Slovenian,Spanish,Swedish,Ukrainian,Urdu,Welsh
Afrikaans,0,3.0249256444901644,3.3425844281190495,3.374163584157811,3.217720512484687,3.207873415259961,3.300932207082414,3.135147600160738,3.1501647261681835,2.735046147059413,2.533920705498562,2.739658265874404,3.243650178158162,3.0508364616845074,3.0086988818927662,3.5317771140652483,3.2030612327487322,3.1600537549378895,2.855781295909914,3.3427594667097886,3.0323773702505394,4.146923437771691,3.8225401383678883,3.1635482466083995,3.124801631360437,2.803443667617529,2.7197575299675636,3.17716811652723,3.2774222018098436,3.734232693954038,3.3054895610519006,3.191932404968783,3.320432879842573,3.1492495478103995,2.888354951011586,3.247301494034111,3.3442311116223284,3.021786513912425,2.698178611750312,3.173892336174752,3.1373210111382113,3.0073069400668277
Albanian,3.0249256444901644,0,3.1024781674262054,3.099764043315473,3.1697002215893404,3.0888854402052783,3.202632885218961,3.0257718610410027,3.100389666896579,3.233435602606726,3.2784916115296734,3.298910170949971,3.1524960249559077,2.8988380009815686,3.4311220500511643,3.2591166821208746,3.0292550446471997,2.9412809572648144,3.1695974616694955,3.0650483867106026,2.896286682191271,4.02339565729641,3.7468056019910825,3.1066649663111283,2.9397882855523596,2.6201677759221527,3.1595190835191707,2.9768323436521764,3.0959154176098322,3.68341029393718,3.2431757065963738,3.056845522296965,3.1419283482342495,3.0883738256117583,2.5573865861072815,3.1283974057246438,3.23763289914674,2.8176672145179293,3.089710218757699,2.96937486730543,2.882543124484559,2.81892705939254
Armenian,3.3425844281190495,3.1024781674262054,0,3.4925065618262163,3.3346796716877125,3.3856650688325334,3.6019998861222113,3.281474469162723,3.2805335958132384,3.55934163290057,3.457703450651664,3.4916848613568883,3.5238370666624252,3.3494393982209623,3.4988318794413424,3.492899529463726,3.411896551065996,3.3901276526404587,3.2794815748346604,3.471227787281187,3.251909095734505,3.9172377667412155,3.57777607785193,3.294350175272572,3.393043302060727,3.0867859899723284,3.467312497387283,3.31674569740545,3.266061721448953,3.8117988242809173,3.5213108780242375,3.3853190070479333,3.3658709540839182,3.3365921570028294,3.0431602991448985,3.4222219391190354,3.5307419169617265,3.309229033595292,3.3884854027536395,3.280278234632417,3.2698212697046474,3.13343473295292
Bengali,3.374163584157811,3.099764043315473,3.4925065618262163,0,3.4151970018853977,3.412992827343075,3.56131404017469,3.3128690923456987,3.348037047731193,3.537801181099035,3.5590342993729367,3.491055280813865,3.4684460305152984,3.304370308722976,3.692960046540002,3.5768459906745487,2.785729787541125,2.74588695414395,3.487427577101621,3.5167574694040318,3.219970653829317,4.265499338294717,3.9984266612422115,3.340564941041222,2.9112777112684314,2.4543222186253435,3.497635579553374,3.292638912500623,3.443595674863203,3.863802306732268,3.602093439072007,3.3993246737578406,3.4905845475966557,3.400903718402263,2.927218893097517,3.441275082412752,3.5291843697811034,3.1999373933237165,3.313225349766948,3.3826432584219877,2.8104992273417677,3.225654373413457
Bosnian,3.217720512484687,3.1697002215893404,3.3346796716877125,3.4151970018853977,0,2.6878843949162365,3.5386164163211604,2.2233797574477054,2.715985312811651,3.4138345016391014,3.3801618426527082,3.375031563569968,3.4188266499908058,3.3694927387653006,3.469000473192632,3.5708819861311722,3.4351289875245037,3.348966778889383,3.267003663193833,3.616062397094206,3.1618789369001417,3.7573409050808535,3.482365222180015,2.455599894800145,3.3945723756310273,2.9529735971242026,3.2944466762325026,3.362725576764212,3.2623938998862054,2.969311008405992,3.4705617812028278,3.2538796981286238,2.7125133666774155,2.0292899868801175,3.0797515934457937,2.6363837730143005,2.7432161836940905,3.2308700558994587,3.2696189110213405,2.65916354759022,3.2270067063550543,3.148622421572731
Bulgarian,3.207873415259961,3.0888854402052783,3.3856650688325334,3.412992827343075,2.6878843949162365,0,3.4451748051675546,2.5820613704700737,2.7668295440289836,3.4078139388331317,3.3727408194370447,3.4253401244882213,3.411380396973348,3.172270530470114,3.526646457570805,3.548225270515489,3.325019761856481,3.1818065094466927,3.2956774693380644,3.518458767867261,3.073161846901705,4.103462507643418,3.7116793556953214,2.444870075758789,3.188027479999687,2.9292665983012536,3.3660972801437916,3.3788243756852157,3.3452752209140715,3.3440277420177686,3.4331301270535657,3.2729575949399305,2.903041349547422,2.613447756184804,2.971328187748482,2.811717339359863,2.92413296469212,3.0478588636149917,3.2533576414695435,2.758102426993008,3.1662724601356675,3.0764534565537436
Catalan,3.300932207082414,3.202632885218961,3.6019998861222113,3.56131404017469,3.5386164163211604,3.4451748051675546,0,3.3532807893301255,3.44815636103268,3.4004115089168656,3.565629513435904,3.4239382477403137,3.175808702070238,2.6180311154693925,3.6893567393864957,3.558852660013156,3.3396190817474243,3.3235194034389566,3.449916046407981,3.5344650080082527,2.7337171817562247,4.352327288774895,3.9726158768394786,3.423656457640645,3.3515523972043852,3.0524564009702835,3.329273341676825,3.4645762696416447,3.524449880290982,4.0354047898380445,3.074537921956969,3.0509773802005564,3.574293888259546,3.4508069881362173,3.084024182987366,3.5388747112676016,3.5343929353313026,2.5724881992753286,3.3083775840493743,3.4003115409339384,3.3216105412706556,3.20866355265165
Croatian,3.135147600160738,3.0257718610410027,3.281474469162723,3.3128690923456987,2.2233797574477054,2.5820613704700737,3.3532807893301255,0,2.586595158006402,3.2819306905971395,3.3333987243673673,3.3451499112451355,3.366536790727274,3.167731847044089,3.4382449162071316,3.450441153532826,3.219834803865061,3.1134166454013994,3.2477152370789337,3.387867873458439,3.0518821998955894,3.998294738037045,3.629347484140159,2.490877626433317,3.163679757127551,2.8232098059608126,3.2318883637255884,3.171844477584682,3.2018939335132495,3.1742025297058905,3.452403008880472,3.2045630536132337,2.8533129990144928,2.150443921742033,2.8587629305627886,2.63145761102342,2.6710855221409453,3.0168435276324255,3.161556718337757,2.6554109378117126,3.0407276391587033,3.0307734079959863
Czech,3.1501647261681835,3.100389666896579,3.2805335958132384,3.348037047731193,2.715985312811651,2.7668295440289836,3.44815636103268,2.586595158006402,0,3.2749479926886615,3.3108534123012956,3.346344753644691,3.359202098402146,3.183278430862171,3.4519478245749413,3.540174670873027,3.2296232884934843,3.120478268695352,3.257183687899513,3.411031738514608,3.031089879667055,3.912416936109236,3.648657009591273,2.7439201941819107,3.1851558440616423,2.80110601842587,3.270158509732993,3.216405919498498,3.26324946463195,3.036772413070649,3.407670835393213,3.254090902596427,2.8371734199201937,2.616144867689037,2.946772233182631,2.3413200931127447,2.8352677113866562,3.063897922502935,3.203567910161706,2.629645388826489,3.09409094772878,3.0148814421458177
Danish,2.735046147059413,3.233435602606726,3.55934163290057,3.537801181099035,3.4138345016391014,3.4078139388331317,3.4004115089168656,3.2819306905971395,3.2749479926886615,0,3.1041445173002824,2.8368369305372734,3.3668380455537608,3.126043127236754,3.1020570911301855,3.7298083144270193,3.2752175722737107,3.2555328497078935,2.918491887179622,3.3784502727125454,3.1007667987966143,4.372756408534965,4.012678812054454,3.3767096258024085,3.2564211824320948,2.907741642241628,2.4258995999814292,3.3574486560112833,3.3899305052477255,3.8858486082715276,3.4736039042241735,3.305200223005561,3.5642583920212574,3.3694112374402403,3.018256741445705,3.358570871061191,3.403440692356414,3.0882382044442007,2.5493448460048764,3.3445638058778413,3.24303317162631,3.051350978048033
Dutch,2.533920705498562,3.2784916115296734,3.457703450651664,3.5590342993729367,3.3801618426527082,3.3727408194370447,3.565629513435904,3.3333987243673673,3.3108534123012956,3.1041445173002824,0,2.8983212140250294,3.459424014552624,3.3219819137162228,2.7874647821891223,3.5933821286519407,3.411020987163834,3.3211586467189833,3.0227225214261217,3.5662524444754253,3.22726520427342,4.1120746189833035,3.8271103387762824,3.3429698441723197,3.360459842816628,3.0939104857660897,3.0737177031606384,3.4515742631989617,3.3718464561957764,3.7967316078923266,3.4816100168605075,3.3329253539588763,3.438967970601129,3.3397482928061937,3.153552615084223,3.4196175917120035,3.461549324912135,3.2724933874150013,2.999866801402381,3.3755921758191407,3.364830292634439,3.21004949885705
English,2.739658265874404,3.298910170949971,3.4916848613568883,3.491055280813865,3.375031563569968,3.4253401244882213,3.4239382477403137,3.3451499112451355,3.346344753644691,2.8368369305372734,2.8983212140250294,0,3.3145332001750982,3.2934685491586153,3.174469845006995,3.728239841250144,3.324642394539736,3.313501908703597,3.039265686050761,3.4570273394579507,3.147242284139345,4.188508443623144,3.879031492623872,3.3833334979100402,3.3157360222522803,3.011038786148516,2.903739910372324,3.4362632132158404,3.4394122739077444,3.802657552910136,3.3736225430465097,3.31107944404371,3.472153598917116,3.3606836205844206,3.1813479550932318,3.402476196912349,3.5043088787435903,3.1945379399874376,2.8359266389210447,3.3637628343683748,3.277662335201585,3.127851122855051
French,3.243650178158162,3.1524960249559077,3.5238370666624252,3.4684460305152984,3.4188266499908058,3.411380396973348,3.175808702070238,3.366536790727274,3.359202098402146,3.3668380455537608,3.459424014552624,3.3145332001750982,0,3.0657221788093882,3.5211453407197513,3.5375414464744996,3.344221879779615,3.2905604408524414,3.34736901774907,3.4358470753994137,2.8383287055928443,4.2207686462880805,3.919878534997929,3.324071052627767,3.2560241693324588,2.949573836188358,3.3556319747367924,3.2790082383230543,3.3755803889187224,3.867507744293746,3.2790664342988807,3.1158678804956566,3.507551093347996,3.3772071923556406,2.9917932886951726,3.419197765880249,3.480146932955469,2.9801288144460023,3.3231884150590267,3.3583074312865837,3.2839544833738206,3.1535291077413112
Galician,3.0508364616845074,2.8988380009815686,3.3494393982209623,3.304370308722976,3.3694927387653006,3.172270530470114,2.6180311154693925,3.167731847044089,3.183278430862171,3.126043127236754,3.3219819137162228,3.2934685491586153,3.0657221788093882,0,3.497977570397091,3.4193158756038913,3.1147772124544915,3.076869132843696,3.143940760485596,3.221761204598854,2.5186774315082756,4.210972332407534,3.872085069962701,3.188580551143714,3.0708644349599505,2.7774056213987137,3.1674128773433967,3.247993710294202,3.3057230224873075,3.8774221822235844,2.6921330066557885,2.932301790030515,3.3867046258509284,3.253211741726596,2.7820419250271273,3.308652978396003,3.361428328480242,2.1257905529558494,3.042917760666391,3.1625192840820597,3.0947039522600805,2.905598247667538
German,3.0086988818927662,3.4311220500511643,3.4988318794413424,3.692960046540002,3.469000473192632,3.526646457570805,3.6893567393864957,3.4382449162071316,3.4519478245749413,3.1020570911301855,2.7874647821891223,3.174469845006995,3.5211453407197513,3.497977570397091,0,3.6577075912082715,3.567157074681258,3.457369472412585,3.151436098107933,3.6545535361478056,3.2882614217612085,4.081235823296173,3.8251804333087662,3.4681524198196843,3.5431098924802336,3.2491738983463896,3.194051965940519,3.5543833550149513,3.473577339780169,3.895413241646796,3.70362724442944,3.4081977358249524,3.614275841084718,3.4691852556077736,3.3387496280757993,3.543123392870158,3.5478812216694178,3.452587769336013,3.0294019178100355,3.5018339818552895,3.4540842981400117,3.2730876907734032
Greek,3.5317771140652483,3.2591166821208746,3.492899529463726,3.5768459906745487,3.5708819861311722,3.548225270515489,3.558852660013156,3.450441153532826,3.540174670873027,3.7298083144270193,3.5933821286519407,3.728239841250144,3.5375414464744996,3.4193158756038913,3.6577075912082715,0,3.495304983815798,3.38732720239932,3.400037425891556,3.6550818351756575,3.2728964749277223,3.865831352998392,3.5289667494033234,3.533168745162557,3.4890096347633963,3.1306176636466594,3.643260909826501,3.5036701219892485,3.5039938266354866,4.138012908047821,3.5933587331477006,3.4774270358025205,3.5927866096419265,3.547855403385907,3.1929473897074248,3.683126682103297,3.6811295659577876,3.271832059130743,3.558730183613918,3.4878960736979447,3.3366134063781625,3.265251754618752
Gujarati,3.2030612327487322,3.0292550446471997,3.411896551065996,2.785729787541125,3.4351289875245037,3.325019761856481,3.3396190817474243,3.219834803865061,3.2296232884934843,3.2752175722737107,3.411020987163834,3.324642394539736,3.344221879779615,3.1147772124544915,3.567157074681258,3.495304983815798,0,2.4150662157045484,3.346685379591504,3.363511722081953,3.056278618124063,4.3000418848830435,3.9431310973692195,3.2259449295662446,2.3706181405678564,2.3965915591770437,3.2981488244911574,3.115080286729417,3.331671238662127,3.873400548326188,3.4732662629168787,3.3029365780214124,3.452460092561925,3.3575786451693705,2.8386086148070064,3.320569373514742,3.4586439320906885,3.0126119572361465,3.1790192432060214,3.278714850833758,2.702565074105245,3.071090135082049
Hindi,3.1600537549378895,2.9412809572648144,3.3901276526404587,2.74588695414395,3.348966778889383,3.1818065094466927,3.3235194034389566,3.1134166454013994,3.120478268695352,3.2555328497078935,3.3211586467189833,3.313501908703597,3.2905604408524414,3.076869132843696,3.457369472412585,3.38732720239932,2.4150662157045484,0,3.2930630051891754,3.284298259277388,2.99495283667505,4.26288822324545,3.8956807521506795,3.123447139912445,2.5440691410097545,2.307265982102201,3.2691432122807935,3.021127400553834,3.209513932375655,3.778689307955971,3.4155722303703806,3.243111193442303,3.395440668196317,3.2316525509182914,2.7585885533291394,3.2370227669226135,3.323683485946887,2.968377529947013,3.1511994334126476,3.2151807385626885,2.3030590565361226,3.0070200764275388
Icelandic,2.855781295909914,3.1695974616694955,3.2794815748346604,3.487427577101621,3.267003663193833,3.2956774693380644,3.449916046407981,3.2477152370789337,3.257183687899513,2.918491887179622,3.0227225214261217,3.039265686050761,3.34736901774907,3.143940760485596,3.151436098107933,3.400037425891556,3.346685379591504,3.2930630051891754,0,3.41359465606188,3.1277844540449875,3.9303711373959307,3.525487239166331,3.249495339366092,3.3193009568773966,2.9917380073038906,2.8317160306101443,3.4057263468697716,3.3190366274593393,3.814906976479133,3.4004672160372182,3.2715470741510178,3.2872651300356543,3.238928626644998,3.029734219707325,3.4097201474026,3.48070706102209,3.1188906514179853,2.8256504692635924,3.218713447360757,3.2510646315500296,3.02426519845865
Irish,3.3427594667097886,3.0650483867106026,3.471227787281187,3.5167574694040318,3.616062397094206,3.518458767867261,3.5344650080082527,3.387867873458439,3.411031738514608,3.3784502727125454,3.5662524444754253,3.4570273394579507,3.4358470753994137,3.221761204598854,3.6545535361478056,3.6550818351756575,3.363511722081953,3.284298259277388,3.41359465606188,0,3.176830426092332,4.450327676439478,4.021804298181016,3.481160688789449,3.2482856327672054,2.972542123594141,3.4046701399158534,3.1945262228392957,3.4616428292174413,4.041952789802553,3.4824430620737377,3.3643914664889327,3.6376925354289513,3.5589336858602882,2.9076244879973014,3.4973781946317026,3.6035537670269546,3.060627935315649,3.287577035526266,3.4707998994524556,3.2511834692297468,3.0166212186348913
Italian,3.0323773702505394,2.896286682191271,3.251909095734505,3.219970653829317,3.1618789369001417,3.073161846901705,2.7337171817562247,3.0518821998955894,3.031089879667055,3.1007667987966143,3.22726520427342,3.147242284139345,2.8383287055928443,2.5186774315082756,3.2882614217612085,3.2728964749277223,3.056278618124063,2.99495283667505,3.1277844540449875,3.176830426092332,0,3.961925689380667,3.6519578400119554,3.0532924586705983,3.062053115636551,2.752910740931107,3.0782854912265893,3.0924648278225764,3.083536379156808,3.5353306047446633,2.8562981470412048,2.6201342737476097,3.1631992359643415,3.075001390554313,2.8334010603042814,3.1406080006668535,3.177607852362021,2.49495969224374,3.004463190788857,3.058943244201311,3.014146735797272,2.8033467179093745
Latvian,4.146923437771691,4.02339565729641,3.9172377667412155,4.265499338294717,3.7573409050808535,4.103462507643418,4.352327288774895,3.998294738037045,3.912416936109236,4.372756408534965,4.1120746189833035,4.188508443623144,4.2207686462880805,4.210972332407534,4.081235823296173,3.865831352998392,4.3000418848830435,4.26288822324545,3.9303711373959307,4.450327676439478,3.961925689380667,0,3.247191325687031,3.9681486004347253,4.295202433452901,3.969656360902035,4.241505768793026,4.320282872101869,4.116020998168858,4.030173517689765,4.053127277978729,4.042159258509141,3.7382909807412688,3.915549687825349,4.02518135276037,3.9260655313852846,4.054026545946142,4.13834051561358,4.141334950364697,3.9179741723727752,4.1346387361226276,3.9236289010565604
Lithuanian,3.8225401383678883,3.7468056019910825,3.57777607785193,3.9984266612422115,3.482365222180015,3.7116793556953214,3.9726158768394786,3.629347484140159,3.648657009591273,4.012678812054454,3.8271103387762824,3.879031492623872,3.919878534997929,3.872085069962701,3.8251804333087662,3.5289667494033234,3.9431310973692195,3.8956807521506795,3.525487239166331,4.021804298181016,3.6519578400119554,3.247191325687031,0,3.601389497800267,3.9994526700245827,3.6663136125166873,3.908111376094201,3.9565486504473104,3.743475570932882,3.875117480984712,3.914235754383354,3.717593516221156,3.5003643126680752,3.5846072281055057,3.7165921555381707,3.71215225499805,3.7855932596888717,3.7698711480165255,3.798279746279807,3.5752621765259884,3.8743050613337626,3.571012538370466
Macedonian,3.1635482466083995,3.1066649663111283,3.294350175272572,3.340564941041222,2.455599894800145,2.444870075758789,3.423656457640645,2.490877626433317,2.7439201941819107,3.3767096258024085,3.3429698441723197,3.3833334979100402,3.324071052627767,3.188580551143714,3.4681524198196843,3.533168745162557,3.2259449295662446,3.123447139912445,3.249495339366092,3.481160688789449,3.0532924586705983,3.9681486004347253,3.601389497800267,0,3.2262011208583448,2.841206624346336,3.3221101569279083,3.2565792091288044,3.282894202806478,3.2637484675962587,3.4346711761809186,3.2007835706763745,2.8275507295271596,2.3378820229405104,2.915356277530289,2.773100830515534,2.896547709498409,3.0885821824451174,3.2415352138556335,2.6596713560008394,3.1131833892839866,3.1156992760080318
Marathi,3.124801631360437,2.9397882855523596,3.393043302060727,2.9112777112684314,3.3945723756310273,3.188027479999687,3.3515523972043852,3.163679757127551,3.1851558440616423,3.2564211824320948,3.360459842816628,3.3157360222522803,3.2560241693324588,3.0708644349599505,3.5431098924802336,3.4890096347633963,2.3706181405678564,2.5440691410097545,3.3193009568773966,3.2482856327672054,3.062053115636551,4.295202433452901,3.9994526700245827,3.2262011208583448,0,2.4321924808854103,3.2380275691747995,3.094881512292563,3.3338586888303188,3.863996667262345,3.4497431037793294,3.289526040435793,3.394700376885975,3.306683616794273,2.6998921722392226,3.248525359814606,3.3965920451404803,2.961862240740651,3.1279293634130063,3.2570071543160215,2.713461636536903,3.0498883636333836
Nepali,2.803443667617529,2.6201677759221527,3.0867859899723284,2.4543222186253435,2.9529735971242026,2.9292665983012536,3.0524564009702835,2.8232098059608126,2.80110601842587,2.907741642241628,3.0939104857660897,3.011038786148516,2.949573836188358,2.7774056213987137,3.2491738983463896,3.1306176636466594,2.3965915591770437,2.307265982102201,2.9917380073038906,2.972542123594141,2.752910740931107,3.969656360902035,3.6663136125166873,2.841206624346336,2.4321924808854103,0,2.9128841451395635,2.726264684133583,2.9567566591048857,3.4626290113311917,3.1557244232838366,2.9730601527844533,3.1001441735499027,2.9338074969809416,2.4104006093800314,2.936959042548715,2.9990478764615105,2.700991323295487,2.8094085031857463,2.9165519247125524,2.365866711600002,2.778674766963928
Norwegian,2.7197575299675636,3.1595190835191707,3.467312497387283,3.497635579553374,3.2944466762325026,3.3660972801437916,3.329273341676825,3.2318883637255884,3.270158509732993,2.4258995999814292,3.0737177031606384,2.903739910372324,3.3556319747367924,3.1674128773433967,3.194051965940519,3.643260909826501,3.2981488244911574,3.2691432122807935,2.8317160306101443,3.4046701399158534,3.0782854912265893,4.241505768793026,3.908111376094201,3.3221101569279083,3.2380275691747995,2.9128841451395635,0,3.3840023372136816,3.351213030805018,3.8401791644910213,3.4694892692007717,3.2833456914082433,3.4613148223159556,3.275560357584945,2.9644334025273866,3.3636846647758665,3.3511023306340695,3.0680365530620204,2.4442792505211948,3.2925817284999357,3.2194600231593555,3.103781213278935
Pashto,3.17716811652723,2.9768323436521764,3.31674569740545,3.292638912500623,3.362725576764212,3.3788243756852157,3.4645762696416447,3.171844477584682,3.216405919498498,3.3574486560112833,3.4515742631989617,3.4362632132158404,3.2790082383230543,3.247993710294202,3.5543833550149513,3.5036701219892485,3.115080286729417,3.021127400553834,3.4057263468697716,3.1945262228392957,3.0924648278225764,4.320282872101869,3.9565486504473104,3.2565792091288044,3.094881512292563,2.726264684133583,3.3840023372136816,0,2.9545317298696196,3.873279638956879,3.435780619500126,3.291753144010133,3.418180429524159,3.2720336665292744,2.742284903409909,3.345218173814354,3.3978105398427108,3.081785496524371,3.3053554055122163,3.2407341020426204,2.9094678334881734,3.0357659584002135
Persian,3.2774222018098436,3.0959154176098322,3.266061721448953,3.443595674863203,3.2623938998862054,3.3452752209140715,3.524449880290982,3.2018939335132495,3.26324946463195,3.3899305052477255,3.3718464561957764,3.4394122739077444,3.3755803889187224,3.3057230224873075,3.473577339780169,3.5039938266354866,3.331671238662127,3.209513932375655,3.3190366274593393,3.4616428292174413,3.083536379156808,4.116020998168858,3.743475570932882,3.282894202806478,3.3338586888303188,2.9567566591048857,3.351213030805018,2.9545317298696196,0,3.682084777324657,3.5000534670063024,3.2471608078864573,3.3331602812518333,3.2480100624780177,3.0301420738245284,3.3622287867234046,3.402446751492154,3.195878501977438,3.26248040227566,3.270438007946375,3.085835300313954,3.0961195218083706
Polish,3.734232693954038,3.68341029393718,3.8117988242809173,3.863802306732268,2.969311008405992,3.3440277420177686,4.0354047898380445,3.1742025297058905,3.036772413070649,3.8858486082715276,3.7967316078923266,3.802657552910136,3.867507744293746,3.8774221822235844,3.895413241646796,4.138012908047821,3.873400548326188,3.778689307955971,3.814906976479133,4.041952789802553,3.5353306047446633,4.030173517689765,3.875117480984712,3.2637484675962587,3.863996667262345,3.4626290113311917,3.8401791644910213,3.873279638956879,3.682084777324657,0,3.7026671104595397,3.672425618474091,3.099643340705228,3.048073558477779,3.614504544750122,2.781476066361657,3.2565266761603184,3.7591061798260808,3.7874092657205924,3.102600916315754,3.7627515922856953,3.521923672885729
Portuguese,3.3054895610519006,3.2431757065963738,3.5213108780242375,3.602093439072007,3.4705617812028278,3.4331301270535657,3.074537921956969,3.452403008880472,3.407670835393213,3.4736039042241735,3.4816100168605075,3.3736225430465097,3.2790664342988807,2.6921330066557885,3.70362724442944,3.5933587331477006,3.4732662629168787,3.4155722303703806,3.4004672160372182,3.4824430620737377,2.8562981470412048,4.053127277978729,3.914235754383354,3.4346711761809186,3.4497431037793294,3.1557244232838366,3.4694892692007717,3.435780619500126,3.5000534670063024,3.7026671104595397,0,3.116485672672083,3.3719971378249163,3.4240061658980463,3.192619281484236,3.3431963458802576,3.535032037803129,2.747224001532654,3.399209302062761,3.4028122368666898,3.4006947720110436,3.1913845668503
Romanian,3.191932404968783,3.056845522296965,3.3853190070479333,3.3993246737578406,3.2538796981286238,3.2729575949399305,3.0509773802005564,3.2045630536132337,3.254090902596427,3.305200223005561,3.3329253539588763,3.31107944404371,3.1158678804956566,2.932301790030515,3.4081977358249524,3.4774270358025205,3.3029365780214124,3.243111193442303,3.2715470741510178,3.3643914664889327,2.6201342737476097,4.042159258509141,3.717593516221156,3.2007835706763745,3.289526040435793,2.9730601527844533,3.2833456914082433,3.291753144010133,3.2471608078864573,3.672425618474091,3.116485672672083,0,3.3115489777215625,3.227492213951361,3.06459181939076,3.337438269457172,3.388542717756786,2.8660816395168163,3.2235729542886635,3.2502889264131665,3.212491510742982,3.0524442601788193
Russian,3.320432879842573,3.1419283482342495,3.3658709540839182,3.4905845475966557,2.7125133666774155,2.903041349547422,3.574293888259546,2.8533129990144928,2.8371734199201937,3.5642583920212574,3.438967970601129,3.472153598917116,3.507551093347996,3.3867046258509284,3.614275841084718,3.5927866096419265,3.452460092561925,3.395440668196317,3.2872651300356543,3.6376925354289513,3.1631992359643415,3.7382909807412688,3.5003643126680752,2.8275507295271596,3.394700376885975,3.1001441735499027,3.4613148223159556,3.418180429524159,3.3331602812518333,3.099643340705228,3.3719971378249163,3.3115489777215625,0,2.718744152724192,3.109480436203477,2.7595098392067796,3.0960491954196323,3.2771324184689234,3.3612744851235927,2.5663092928703266,3.375123105651494,3.184368414049203
Serbian,3.1492495478103995,3.0883738256117583,3.3365921570028294,3.400903718402263,2.0292899868801175,2.613447756184804,3.4508069881362173,2.150443921742033,2.616144867689037,3.3694112374402403,3.3397482928061937,3.3606836205844206,3.3772071923556406,3.253211741726596,3.4691852556077736,3.547855403385907,3.3575786451693705,3.2316525509182914,3.238928626644998,3.5589336858602882,3.075001390554313,3.915549687825349,3.5846072281055057,2.3378820229405104,3.306683616794273,2.9338074969809416,3.275560357584945,3.2720336665292744,3.2480100624780177,3.048073558477779,3.4240061658980463,3.227492213951361,2.718744152724192,0,2.993836941675236,2.6211097710047153,2.702002840415595,3.1241274063582156,3.226000322571512,2.594615608926341,3.174464555749879,3.110794959860807
Sinhala,2.888354951011586,2.5573865861072815,3.0431602991448985,2.927218893097517,3.0797515934457937,2.971328187748482,3.084024182987366,2.8587629305627886,2.946772233182631,3.018256741445705,3.153552615084223,3.1813479550932318,2.9917932886951726,2.7820419250271273,3.3387496280757993,3.1929473897074248,2.8386086148070064,2.7585885533291394,3.029734219707325,2.9076244879973014,2.8334010603042814,4.02518135276037,3.7165921555381707,2.915356277530289,2.6998921722392226,2.4104006093800314,2.9644334025273866,2.742284903409909,3.0301420738245284,3.614504544750122,3.192619281484236,3.06459181939076,3.109480436203477,2.993836941675236,0,3.037503352158078,3.1295649710021305,2.7221983141678243,2.9425780988237444,2.955428344004085,2.7403193255688976,2.771491864491126
Slovak,3.247301494034111,3.1283974057246438,3.4222219391190354,3.441275082412752,2.6363837730143005,2.811717339359863,3.5388747112676016,2.63145761102342,2.3413200931127447,3.358570871061191,3.4196175917120035,3.402476196912349,3.419197765880249,3.308652978396003,3.543123392870158,3.683126682103297,3.320569373514742,3.2370227669226135,3.4097201474026,3.4973781946317026,3.1406080006668535,3.9260655313852846,3.71215225499805,2.773100830515534,3.248525359814606,2.936959042548715,3.3636846647758665,3.345218173814354,3.3622287867234046,2.781476066361657,3.3431963458802576,3.337438269457172,2.7595098392067796,2.6211097710047153,3.037503352158078,0,2.8581871187363186,3.204294208408111,3.27306887753336,2.746137682753789,3.20397040834193,3.148530905963446
Slovenian,3.3442311116223284,3.23763289914674,3.5307419169617265,3.5291843697811034,2.7432161836940905,2.92413296469212,3.5343929353313026,2.6710855221409453,2.8352677113866562,3.403440692356414,3.461549324912135,3.5043088787435903,3.480146932955469,3.361428328480242,3.5478812216694178,3.6811295659577876,3.4586439320906885,3.323683485946887,3.48070706102209,3.6035537670269546,3.177607852362021,4.054026545946142,3.7855932596888717,2.896547709498409,3.3965920451404803,2.9990478764615105,3.3511023306340695,3.3978105398427108,3.402446751492154,3.2565266761603184,3.535032037803129,3.388542717756786,3.0960491954196323,2.702002840415595,3.1295649710021305,2.8581871187363186,0,3.209174823263888,3.3219186824167584,2.9463760589468273,3.2777655721837715,3.1998819428135445
Spanish,3.021786513912425,2.8176672145179293,3.309229033595292,3.1999373933237165,3.2308700558994587,3.0478588636149917,2.5724881992753286,3.0168435276324255,3.063897922502935,3.0882382044442007,3.2724933874150013,3.1945379399874376,2.9801288144460023,2.1257905529558494,3.452587769336013,3.271832059130743,3.0126119572361465,2.968377529947013,3.1188906514179853,3.060627935315649,2.49495969224374,4.13834051561358,3.7698711480165255,3.0885821824451174,2.961862240740651,2.700991323295487,3.0680365530620204,3.081785496524371,3.195878501977438,3.7591061798260808,2.747224001532654,2.8660816395168163,3.2771324184689234,3.1241274063582156,2.7221983141678243,3.204294208408111,3.209174823263888,0,3.0147306790310777,3.044708768801656,3.004657274987433,2.845646143532709
Swedish,2.698178611750312,3.089710218757699,3.3884854027536395,3.313225349766948,3.2696189110213405,3.2533576414695435,3.3083775840493743,3.161556718337757,3.203567910161706,2.5493448460048764,2.999866801402381,2.8359266389210447,3.3231884150590267,3.042917760666391,3.0294019178100355,3.558730183613918,3.1790192432060214,3.1511994334126476,2.8256504692635924,3.287577035526266,3.004463190788857,4.141334950364697,3.798279746279807,3.2415352138556335,3.1279293634130063,2.8094085031857463,2.4442792505211948,3.3053554055122163,3.26248040227566,3.7874092657205924,3.399209302062761,3.2235729542886635,3.3612744851235927,3.226000322571512,2.9425780988237444,3.27306887753336,3.3219186824167584,3.0147306790310777,0,3.2034245589820807,3.1400528260443425,2.9987225589801367
Ukrainian,3.173892336174752,2.96937486730543,3.280278234632417,3.3826432584219877,2.65916354759022,2.758102426993008,3.4003115409339384,2.6554109378117126,2.629645388826489,3.3445638058778413,3.3755921758191407,3.3637628343683748,3.3583074312865837,3.1625192840820597,3.5018339818552895,3.4878960736979447,3.278714850833758,3.2151807385626885,3.218713447360757,3.4707998994524556,3.058943244201311,3.9179741723727752,3.5752621765259884,2.6596713560008394,3.2570071543160215,2.9165519247125524,3.2925817284999357,3.2407341020426204,3.270438007946375,3.102600916315754,3.4028122368666898,3.2502889264131665,2.5663092928703266,2.594615608926341,2.955428344004085,2.746137682753789,2.9463760589468273,3.044708768801656,3.2034245589820807,0,3.139998510898388,2.962689494520663
Urdu,3.1373210111382113,2.882543124484559,3.2698212697046474,2.8104992273417677,3.2270067063550543,3.1662724601356675,3.3216105412706556,3.0407276391587033,3.09409094772878,3.24303317162631,3.364830292634439,3.277662335201585,3.2839544833738206,3.0947039522600805,3.4540842981400117,3.3366134063781625,2.702565074105245,2.3030590565361226,3.2510646315500296,3.2511834692297468,3.014146735797272,4.1346387361226276,3.8743050613337626,3.1131833892839866,2.713461636536903,2.365866711600002,3.2194600231593555,2.9094678334881734,3.085835300313954,3.7627515922856953,3.4006947720110436,3.212491510742982,3.375123105651494,3.174464555749879,2.7403193255688976,3.20397040834193,3.2777655721837715,3.004657274987433,3.1400528260443425,3.139998510898388,0,2.9592283956989807
Welsh,3.0073069400668277,2.81892705939254,3.13343473295292,3.225654373413457,3.148622421572731,3.0764534565537436,3.20866355265165,3.0307734079959863,3.0148814421458177,3.051350978048033,3.21004949885705,3.127851122855051,3.1535291077413112,2.905598247667538,3.2730876907734032,3.265251754618752,3.071090135082049,3.0070200764275388,3.02426519845865,3.0166212186348913,2.8033467179093745,3.9236289010565604,3.571012538370466,3.1156992760080318,3.0498883636333836,2.778674766963928,3.103781213278935,3.0357659584002135,3.0961195218083706,3.521923672885729,3.1913845668503,3.0524442601788193,3.184368414049203,3.110794959860807,2.771491864491126,3.148530905963446,3.1998819428135445,2.845646143532709,2.9987225589801367,2.962689494520663,2.9592283956989807,0
