,Afrikaans,Albanian,Armenian,Bengali,Bosnian,Bulgarian,Catalan,Croatian,Czech,Danish,Dutch,English,French,Galician,German,Greek,Gujarati,Hindi,Icelandic,Irish,Italian,Latvian,Lithuanian,Macedonian,Marathi,Nepali,Norwegian,Pashto,Persian,Polish,Portuguese,Romanian,Russian,Serbian,Sinhala,Slovak,Slovenian,Spanish,Swedish,Ukrainian,Urdu,Welsh
Afrikaans,0,0.18225482140040905,0.15808601625346697,0.20425737519448883,0.16998918919860836,0.19158634284051462,0.20096733955172688,0.18734721684658376,0.17991789550500803,0.18706263612353558,0.1415941959610983,0.1722091064171422,0.19998615554507215,0.19054256416993323,0.17519254621067404,0.19846268929292527,0.20729926290101625,0.20898029547425712,0.16779168985359574,0.20535255085924006,0.17074484510474017,0.1791481134114884,0.1510705754240807,0.18517127065624883,0.2093564107504099,0.17176238695894838,0.18593611499447488,0.19032386669398088,0.1666840066388994,0.17101775633953883,0.1840759012832226,0.19108626546646923,0.17859162114214533,0.18476105704680962,0.17094700291146628,0.18960564495674095,0.1920485198844653,0.18427948736602862,0.17488574898648987,0.1791424116360616,0.19536741512684125,0.15660317268931404
Albanian,0.18225482140040905,0,0.15801434272073842,0.18590631920720593,0.1723339427295991,0.18266350844238913,0.18647473321550237,0.17635871166408762,0.17985554731357317,0.19358875432386716,0.18187974767998438,0.1927417006537163,0.18043531004003713,0.17311533951642114,0.1898509311034522,0.183435298908637,0.19439916981166372,0.19369379791388658,0.18082595023531628,0.18533040585521168,0.16183857864398082,0.18165969357186892,0.15166120701798447,0.1791522083376103,0.18868027018576194,0.1614077774125897,0.19702871649258294,0.17444204650673034,0.1631741841237458,0.17025708782510052,0.17398767120610212,0.18056583699646248,0.17684523971064783,0.18079241261149506,0.14857303098807625,0.1843307996799309,0.1856118473889472,0.17305743857774097,0.1859286807782218,0.17487656437969765,0.17969235881663823,0.15738842939118702
Armenian,0.15808601625346697,0.15801434272073842,0,0.16915538279465425,0.16500198545023342,0.16371137112945888,0.1675142041403703,0.16256942971076677,0.16581067901700555,0.1700572229849488,0.16581301508192764,0.17336799369942188,0.16694713252740773,0.16009669694295112,0.16505874871117812,0.1617259683853954,0.1767882072147853,0.1779572089101649,0.1561873815396927,0.16333054101066863,0.16288028678704392,0.1662372995877236,0.15047843858013615,0.1650851980977383,0.17041961921771553,0.16521380557760013,0.16484140160740826,0.15918956296633133,0.15226794618124181,0.16566781114763923,0.16469564054350827,0.16575364187204134,0.16386900228514875,0.16457901939847144,0.1552547755084964,0.1631990576594883,0.17008369435747606,0.1657274668759174,0.16490614237596424,0.1656952320348527,0.16900338034035434,0.15833647077322932
Bengali,0.20425737519448883,0.18590631920720593,0.16915538279465425,0,0.17478270628620143,0.18616491733324556,0.19836199907207672,0.1842200387960842,0.18274937302851577,0.20649585844384924,0.19517524173052347,0.19796604783329969,0.19751931988069824,0.19225034615498496,0.1964200995859976,0.1912685408931988,0.16896869458548944,0.1666219189442474,0.193788826908105,0.20597477235615624,0.16838543742603612,0.18536806673694473,0.15455778377059398,0.18067791028697755,0.17343211238035744,0.1435303423256031,0.20777784748875083,0.19091179947951303,0.17489447539829106,0.17080036002123017,0.18911848199173348,0.1905375360179369,0.18315181915551787,0.18559483040193686,0.16919527077921462,0.18785324189007774,0.1926893236118308,0.18439955702198726,0.19192323959820698,0.17825318107601462,0.16226603321158503,0.16606447608564998
Bosnian,0.16998918919860836,0.1723339427295991,0.16500198545023342,0.17478270628620143,0,0.14032353368486766,0.17777972507251805,0.11463245750383318,0.13912694863805933,0.17738597155313246,0.17369281030426162,0.18537287971965408,0.17490721267658227,0.17308046169453328,0.1749417654687786,0.17506946939501794,0.18239783715522057,0.18640507199710277,0.16817993702725725,0.18336672907965976,0.1626383287253176,0.15431881183992208,0.13463506950187873,0.12552958496234376,0.1810276683123257,0.16688847505139723,0.17336714703243586,0.1759495751276036,0.162975438022661,0.13289088376840752,0.1709146215518034,0.16785458420358315,0.12923135819936102,0.09517582192727306,0.17031102053102118,0.13156411730213757,0.1388218412310003,0.17205060414011644,0.17382347917516874,0.12956629708256742,0.1757966776791694,0.1662397159274494
Bulgarian,0.19158634284051462,0.18266350844238913,0.16371137112945888,0.18616491733324556,0.14032353368486766,0,0.18741791251404383,0.13705649729900093,0.1537512531287164,0.1974457921521262,0.18341162242463468,0.1910023640590392,0.18781707953005858,0.18197195847394543,0.18913024234879183,0.1819513585005771,0.19266340288278028,0.19398925923922325,0.1821357425042212,0.1962109792970709,0.1570998224377473,0.17384656661093645,0.14130360362605696,0.13377210115758859,0.19361091212985687,0.17235745493504714,0.20087729486870287,0.18831650064395394,0.16885246361683995,0.14339493829677116,0.17978633987554593,0.1809369680181472,0.1490799917475629,0.14427872169579953,0.17013876583077744,0.15661420601988488,0.16125874446957128,0.17213345106353994,0.18577810659916785,0.14868575116809069,0.18138475605827287,0.15508529456956496
Catalan,0.20096733955172688,0.18647473321550237,0.1675142041403703,0.19836199907207672,0.17777972507251805,0.18741791251404383,0,0.18315273259658496,0.18421600153690826,0.2062163629184775,0.19050410861904807,0.19305375349135562,0.17766571797598948,0.15897943629017294,0.19328159213764232,0.18935019994829688,0.20249529641326328,0.2019426567255232,0.18720252210269042,0.20224492913206912,0.14394638347805033,0.18645073787624813,0.14933783332014217,0.18459354666762043,0.20016124983774838,0.17881531037603182,0.20194868303274507,0.19864359125059275,0.17428410744909523,0.1688008729554413,0.15845678113129016,0.1726627388871801,0.1821317747302878,0.1875930575649008,0.17481836213378155,0.18953131498011183,0.19604738356633727,0.14842402394751306,0.19029232944795085,0.17782299835640789,0.19526327650092942,0.1630490968779895
Croatian,0.18734721684658376,0.17635871166408762,0.16256942971076677,0.1842200387960842,0.11463245750383318,0.13705649729900093,0.18315273259658496,0,0.14377089306334193,0.18968639645660063,0.18116597218413721,0.19118690091665683,0.18359422634309808,0.1770841342090818,0.18771023351169552,0.1794216530212723,0.18907986824724166,0.1929963973204736,0.17970201529263252,0.19202361995536502,0.15578074239878675,0.17011101109855536,0.1363737347048342,0.13641978252259543,0.18655876158074403,0.16924281396572194,0.1940628131402454,0.18138960787144456,0.1631436691706864,0.1358174874094913,0.18000645790270084,0.1736514755652148,0.1445524677442518,0.11439007018656902,0.16337134623775615,0.1437373616675565,0.1414354457481147,0.17117569073140873,0.18072815187008717,0.1373978777920054,0.18128019653671057,0.15615857585760368
Czech,0.17991789550500803,0.17985554731357317,0.16581067901700555,0.18274937302851577,0.13912694863805933,0.1537512531287164,0.18421600153690826,0.14377089306334193,0,0.18391485917489875,0.1782274457612605,0.18290375843386286,0.17982386304128717,0.17927737162102153,0.18903448131129347,0.18322715107852422,0.1898034443591081,0.19291616200304312,0.17699509170287034,0.1905804820009342,0.16412715727490193,0.16384805886074075,0.1413770553380395,0.15279953558232776,0.18898121067529658,0.1674811743920626,0.18788809641608817,0.18135411805518084,0.166188981065425,0.13448422550442574,0.1778278192358856,0.17693905015801378,0.143875122622924,0.14243276909149952,0.16853457908659455,0.1260768893631795,0.1550142368409979,0.17207999665078683,0.1791969684193002,0.13876940452666453,0.17755944977062338,0.15604601971153953
Danish,0.18706263612353558,0.19358875432386716,0.1700572229849488,0.20649585844384924,0.17738597155313246,0.1974457921521262,0.2062163629184775,0.18968639645660063,0.18391485917489875,0,0.17783403957909064,0.17125340116706916,0.19993726410082802,0.19730896481026292,0.17443533474630196,0.1999878707065009,0.2062635733497295,0.20391955209873983,0.16662041481352113,0.20744928402263027,0.17014289784320843,0.18774247810898495,0.1553804509135405,0.19317755742880083,0.20944479864028293,0.17439312462001208,0.178378258865976,0.20242942459989532,0.1728823811133388,0.17197412460724285,0.18604833405340432,0.1949255710561476,0.18714211852377108,0.19301238601309217,0.18059906369693438,0.19376551839329537,0.19819193408266908,0.18512037670745007,0.16721706219664242,0.18358572248021748,0.19336934704481312,0.1564839960782651
Dutch,0.1415941959610983,0.18187974767998438,0.16581301508192764,0.19517524173052347,0.17369281030426162,0.18341162242463468,0.19050410861904807,0.18116597218413721,0.1782274457612605,0.17783403957909064,0,0.1628347080889777,0.19006727030449164,0.18597938874341216,0.1575523416479182,0.18465310953718367,0.19522861219870416,0.19653564274189833,0.17107937272097667,0.19424858994042046,0.16584701196296328,0.17842442372782377,0.1512975449525963,0.17964050685183772,0.19496342992607293,0.17394259453182406,0.17794323225878525,0.1878786984182467,0.16763318510085937,0.17204532470783765,0.17873519793114676,0.18563089396955917,0.1786544236188965,0.1824731744474058,0.175895357911591,0.18561339261847828,0.18418770513739538,0.17686112442483756,0.16804421836622127,0.17803449814526548,0.1872148682530423,0.1580667835199884
English,0.1722091064171422,0.1927417006537163,0.17336799369942188,0.19796604783329969,0.18537287971965408,0.1910023640590392,0.19305375349135562,0.19118690091665683,0.18290375843386286,0.17125340116706916,0.1628347080889777,0,0.19245522800316672,0.1880050436131629,0.1722671962346187,0.19854291500220922,0.19646148687064297,0.20079499635113635,0.1758916354133233,0.19367198106126512,0.17097982707471462,0.19191206945764208,0.15809223361967023,0.19133517181197235,0.19833061387064124,0.1779704502671568,0.1789631277699919,0.19720677785509944,0.17583359405229246,0.17654290313693718,0.1810108111529488,0.19167769690091566,0.1871064728177605,0.1941232813771478,0.18409895069681062,0.19027710057343797,0.19655367292735096,0.18409730272870778,0.1742881982173392,0.18659838251406596,0.19165028206811727,0.1616799487873335
French,0.19998615554507215,0.18043531004003713,0.16694713252740773,0.19751931988069824,0.17490721267658227,0.18781707953005858,0.17766571797598948,0.18359422634309808,0.17982386304128717,0.19993726410082802,0.19006727030449164,0.19245522800316672,0,0.17613026220190048,0.19689663652446257,0.19022829633037197,0.20413228535220224,0.20311276563353095,0.18896589306354722,0.20104968272979726,0.15100292933643839,0.17982462038946342,0.15308991695409857,0.18535773076835016,0.1998628197454234,0.1707537001403086,0.20349475018019536,0.19255656150765704,0.1712851780204903,0.1702197500936784,0.1696215909667455,0.17983736681700507,0.18053186422936437,0.18724420897732608,0.17334627653408413,0.1904742390828198,0.1885932462800365,0.16414363369608373,0.19242674564579756,0.17706439606022004,0.18846635338754514,0.15581571405725148
Galician,0.19054256416993323,0.17311533951642114,0.16009669694295112,0.19225034615498496,0.17308046169453328,0.18197195847394543,0.15897943629017294,0.1770841342090818,0.17927737162102153,0.19730896481026292,0.18597938874341216,0.1880050436131629,0.17613026220190048,0,0.19316858523921104,0.18737973207939984,0.19826867053539446,0.19944416809702314,0.17743945947219242,0.19324055197405726,0.14102861077834364,0.1852685352062497,0.15116381311385685,0.17785313281509574,0.19639618388344124,0.16661768235806973,0.2027147713810888,0.18541467378148183,0.16344246675640836,0.169184100181959,0.13823883047895502,0.1732233603735769,0.1775286247116249,0.18196767573037767,0.16002390215598206,0.187813901450933,0.1897059025384236,0.12197158097672516,0.18231179819445986,0.17508011154555392,0.1867003321371566,0.15453237552356497
German,0.17519254621067404,0.1898509311034522,0.16505874871117812,0.1964200995859976,0.1749417654687786,0.18913024234879183,0.19328159213764232,0.18771023351169552,0.18903448131129347,0.17443533474630196,0.1575523416479182,0.1722671962346187,0.19689663652446257,0.19316858523921104,0,0.1873349453676401,0.20179499920622357,0.2020505222099475,0.17227775270610507,0.1999246022332128,0.16782886260480678,0.18265413021623184,0.15340654851584873,0.1868946881526857,0.20147353628569273,0.17897047269650068,0.1862800963539604,0.19707770525213533,0.17205001187841468,0.17575757766715158,0.19202781378253797,0.18732290795281717,0.18596801601989754,0.18788647638619352,0.18430586462529555,0.19274743278478507,0.18886193649153876,0.1831225774321771,0.16990426186964694,0.18204425343256705,0.1914594797888761,0.1614194591938354
Greek,0.19846268929292527,0.183435298908637,0.1617259683853954,0.1912685408931988,0.17506946939501794,0.1819513585005771,0.18935019994829688,0.1794216530212723,0.18322715107852422,0.1999878707065009,0.18465310953718367,0.19854291500220922,0.19022829633037197,0.18737973207939984,0.1873349453676401,0,0.19844787977458617,0.1957365705889335,0.18419503395836262,0.19794525236582858,0.1620022668034698,0.17905266834235004,0.1437778373901249,0.18283099720940274,0.1974626898494002,0.17152483027857593,0.20301761449415448,0.18913000070634692,0.17019375217623367,0.16942372046269302,0.18337718425990082,0.1824290894563138,0.18153196313536918,0.18541440088205247,0.16952063386548766,0.1918296485259286,0.19047956711634548,0.1749722128726116,0.18992601272670456,0.17562493097224008,0.18652425455251498,0.15711250094989984
Gujarati,0.20729926290101625,0.19439916981166372,0.1767882072147853,0.16896869458548944,0.18239783715522057,0.19266340288278028,0.20249529641326328,0.18907986824724166,0.1898034443591081,0.2062635733497295,0.19522861219870416,0.19646148687064297,0.20413228535220224,0.19826867053539446,0.20179499920622357,0.19844787977458617,0,0.15090072781059868,0.19949381664766758,0.21295916184487088,0.17505413249709298,0.19633581134578962,0.15858457493470582,0.18681421776066565,0.1483374988292376,0.15330486379196717,0.20937167266224704,0.19414174001551815,0.1794200081873719,0.17764474957898396,0.19924377718828476,0.1946465783401495,0.19189341795332585,0.19423316124385062,0.17700514975849277,0.19731973423525523,0.1983519516587061,0.18747541370628446,0.19631322422828063,0.18631583997028717,0.1675775707266552,0.17274496112050297
Hindi,0.20898029547425712,0.19369379791388658,0.1779572089101649,0.1666219189442474,0.18640507199710277,0.19398925923922325,0.2019426567255232,0.1929963973204736,0.19291616200304312,0.20391955209873983,0.19653564274189833,0.20079499635113635,0.20311276563353095,0.19944416809702314,0.2020505222099475,0.1957365705889335,0.15090072781059868,0,0.19869994044373115,0.20976685319646649,0.17890563773268242,0.19847763341357316,0.159222947451209,0.18712441365280796,0.15978568169556137,0.15220281619605422,0.20712460213991207,0.19118875047542463,0.17770759031960337,0.18228928215608667,0.2006291511336296,0.1945569001516153,0.19381158130669496,0.19761874914091446,0.1780022486178476,0.19968117548457315,0.199934934044743,0.18786033315531697,0.19516841704158527,0.18848229142242087,0.1411053010851463,0.17444295166437282
Icelandic,0.16779168985359574,0.18082595023531628,0.1561873815396927,0.193788826908105,0.16817993702725725,0.1821357425042212,0.18720252210269042,0.17970201529263252,0.17699509170287034,0.16662041481352113,0.17107937272097667,0.1758916354133233,0.18896589306354722,0.17743945947219242,0.17227775270610507,0.18419503395836262,0.19949381664766758,0.19869994044373115,0,0.19202248649083192,0.16474389714820772,0.17210774627838263,0.14129341055599653,0.17730555646046048,0.19707855403416405,0.17704250839315064,0.16792475489852496,0.18542855928513746,0.16192006993437003,0.16876572165847592,0.18000326505884975,0.18214295368960434,0.1718302981753123,0.17558179096682916,0.16866207348816017,0.18271154562364986,0.18499566201378165,0.17870814659871637,0.15937828290672254,0.16854298979174995,0.1876614241853539,0.15897316235939465
Irish,0.20535255085924006,0.18533040585521168,0.16333054101066863,0.20597477235615624,0.18336672907965976,0.1962109792970709,0.20224492913206912,0.19202361995536502,0.1905804820009342,0.20744928402263027,0.19424858994042046,0.19367198106126512,0.20104968272979726,0.19324055197405726,0.1999246022332128,0.19794525236582858,0.21295916184487088,0.20976685319646649,0.19202248649083192,0,0.17215003348664226,0.1905304667262628,0.15726690837453414,0.19024735341535096,0.2094958469430543,0.1750688654867534,0.219451421858031,0.19253636951326783,0.1714370790678597,0.1765964937957126,0.1831492787479877,0.19582808438255678,0.18896293449360319,0.19897184482785363,0.16870980057180732,0.20088089513160337,0.20132372570600718,0.17658886061470555,0.1935929411581208,0.18649838831525944,0.19501755375641225,0.15120181937977734
Italian,0.17074484510474017,0.16183857864398082,0.16288028678704392,0.16838543742603612,0.1626383287253176,0.1570998224377473,0.14394638347805033,0.15578074239878675,0.16412715727490193,0.17014289784320843,0.16584701196296328,0.17097982707471462,0.15100292933643839,0.14102861077834364,0.16782886260480678,0.1620022668034698,0.17505413249709298,0.17890563773268242,0.16474389714820772,0.17215003348664226,0,0.17093102440690774,0.14919048250717695,0.15943837376862127,0.17042927435002234,0.16152656247363523,0.17046140918627284,0.167376792760069,0.16192629438475592,0.16081018238170344,0.1453838398707554,0.1410723463793603,0.16161569799587683,0.16193290708853242,0.16389453890400324,0.16321471099968995,0.16447462599047552,0.13843021543410128,0.1641905089804914,0.15906529813111714,0.16985958818981028,0.15144569626033774
Latvian,0.1791481134114884,0.18165969357186892,0.1662372995877236,0.18536806673694473,0.15431881183992208,0.17384656661093645,0.18645073787624813,0.17011101109855536,0.16384805886074075,0.18774247810898495,0.17842442372782377,0.19191206945764208,0.17982462038946342,0.1852685352062497,0.18265413021623184,0.17905266834235004,0.19633581134578962,0.19847763341357316,0.17210774627838263,0.1905304667262628,0.17093102440690774,0,0.11883835138693999,0.16872788561803162,0.19246585590785173,0.17959929948781228,0.18020662711455812,0.18719659945931244,0.17313790743592106,0.15451289920512443,0.177428659518787,0.17757243658377006,0.15732393006202977,0.1617395020856167,0.1822332714488932,0.16326516099350688,0.1700504300105192,0.1848286595835903,0.18185747761819188,0.16180317895182056,0.18520055580279446,0.16836298105383
Lithuanian,0.1510705754240807,0.15166120701798447,0.15047843858013615,0.15455778377059398,0.13463506950187873,0.14130360362605696,0.14933783332014217,0.1363737347048342,0.1413770553380395,0.1553804509135405,0.1512975449525963,0.15809223361967023,0.15308991695409857,0.15116381311385685,0.15340654851584873,0.1437778373901249,0.15858457493470582,0.159222947451209,0.14129341055599653,0.15726690837453414,0.14919048250717695,0.11883835138693999,0,0.14045470626812406,0.15907486045489885,0.15576861817321755,0.14614090135838387,0.15405217170746216,0.14706629925974465,0.14280514851932163,0.15220486598666508,0.14449659618512156,0.1360864635036997,0.13248272177095904,0.15101104041205687,0.14069946709103964,0.141841180714412,0.15138338930652395,0.14910927439227092,0.13391190589583032,0.155240754865355,0.1535473124529005
Macedonian,0.18517127065624883,0.1791522083376103,0.1650851980977383,0.18067791028697755,0.12552958496234376,0.13377210115758859,0.18459354666762043,0.13641978252259543,0.15279953558232776,0.19317755742880083,0.17964050685183772,0.19133517181197235,0.18535773076835016,0.17785313281509574,0.1868946881526857,0.18283099720940274,0.18681421776066565,0.18712441365280796,0.17730555646046048,0.19024735341535096,0.15943837376862127,0.16872788561803162,0.14045470626812406,0,0.18631632688417857,0.1698011106140153,0.19424559323330284,0.17985065869413155,0.16613907972769662,0.14152427402126533,0.17692926389151617,0.17740966512446724,0.1404260335724336,0.12283133579073163,0.1684147749070298,0.15007170025970926,0.1598604151148353,0.17207720949489308,0.18136522020957882,0.13764774680105543,0.17882960820459254,0.1611934323143239
Marathi,0.2093564107504099,0.18868027018576194,0.17041961921771553,0.17343211238035744,0.1810276683123257,0.19361091212985687,0.20016124983774838,0.18655876158074403,0.18898121067529658,0.20944479864028293,0.19496342992607293,0.19833061387064124,0.1998628197454234,0.19639618388344124,0.20147353628569273,0.1974626898494002,0.1483374988292376,0.15978568169556137,0.19707855403416405,0.2094958469430543,0.17042927435002234,0.19246585590785173,0.15907486045489885,0.18631632688417857,0,0.1573866154540432,0.21399815076849943,0.1920540301008435,0.17687019329577974,0.17473465319998682,0.19299492101953902,0.1935789432794391,0.1871419097843067,0.19284380432893533,0.1697037489142272,0.19540618949106406,0.19938424874242247,0.1828045379811275,0.196648425485147,0.18439868087604888,0.1707570136131177,0.16518277508765464
Nepali,0.17176238695894838,0.1614077774125897,0.16521380557760013,0.1435303423256031,0.16688847505139723,0.17235745493504714,0.17881531037603182,0.16924281396572194,0.1674811743920626,0.17439312462001208,0.17394259453182406,0.1779704502671568,0.1707537001403086,0.16661768235806973,0.17897047269650068,0.17152483027857593,0.15330486379196717,0.15220281619605422,0.17704250839315064,0.1750688654867534,0.16152656247363523,0.17959929948781228,0.15576861817321755,0.1698011106140153,0.1573866154540432,0,0.17805438219410336,0.16330988574788297,0.1621211464024977,0.1684933034388275,0.1707114049809581,0.17379088560567985,0.17386456309389142,0.1742992619005553,0.15358954453189413,0.16933331111096034,0.17381624049475689,0.16641652234860557,0.17182213648026515,0.17118479919885354,0.14532167619736672,0.16074651274760765
Norwegian,0.18593611499447488,0.19702871649258294,0.16484140160740826,0.20777784748875083,0.17336714703243586,0.20087729486870287,0.20194868303274507,0.1940628131402454,0.18788809641608817,0.178378258865976,0.17794323225878525,0.1789631277699919,0.20349475018019536,0.2027147713810888,0.1862800963539604,0.20301761449415448,0.20937167266224704,0.20712460213991207,0.16792475489852496,0.219451421858031,0.17046140918627284,0.18020662711455812,0.14614090135838387,0.19424559323330284,0.21399815076849943,0.17805438219410336,0,0.2102166668070887,0.17784897749398842,0.17065460897306295,0.1887455809553182,0.19324147682818454,0.18700864914141144,0.19329385336333998,0.18309244806704253,0.19646148276062575,0.19967945450581462,0.18795818002060793,0.14483961550525967,0.18586229318541897,0.19567529177191983,0.16496063883115816
Pashto,0.19032386669398088,0.17444204650673034,0.15918956296633133,0.19091179947951303,0.1759495751276036,0.18831650064395394,0.19864359125059275,0.18138960787144456,0.18135411805518084,0.20242942459989532,0.1878786984182467,0.19720677785509944,0.19255656150765704,0.18541467378148183,0.19707770525213533,0.18913000070634692,0.19414174001551815,0.19118875047542463,0.18542855928513746,0.19253636951326783,0.167376792760069,0.18719659945931244,0.15405217170746216,0.17985065869413155,0.1920540301008435,0.16330988574788297,0.2102166668070887,0,0.1531182570397343,0.17311710493529273,0.18285203320920707,0.1880824158086878,0.18219087856918767,0.18635098322634902,0.15726714388780766,0.19322347104593585,0.19122739888828982,0.17541789036320624,0.1915445058300591,0.17823381154605164,0.17562609961501244,0.15917282486318834
Persian,0.1666840066388994,0.1631741841237458,0.15226794618124181,0.17489447539829106,0.162975438022661,0.16885246361683995,0.17428410744909523,0.1631436691706864,0.166188981065425,0.1728823811133388,0.16763318510085937,0.17583359405229246,0.1712851780204903,0.16344246675640836,0.17205001187841468,0.17019375217623367,0.1794200081873719,0.17770759031960337,0.16192006993437003,0.1714370790678597,0.16192629438475592,0.17313790743592106,0.14706629925974465,0.16613907972769662,0.17687019329577974,0.1621211464024977,0.17784897749398842,0.1531182570397343,0,0.1644803024888434,0.16703545257486868,0.16780199599330844,0.1657264101768273,0.165878276429496,0.15646463713716433,0.16842461381671012,0.1705048925228876,0.16432359499464932,0.16601618357076708,0.16012202426933525,0.16129700910431036,0.155521024476091
Polish,0.17101775633953883,0.17025708782510052,0.16566781114763923,0.17080036002123017,0.13289088376840752,0.14339493829677116,0.1688008729554413,0.1358174874094913,0.13448422550442574,0.17197412460724285,0.17204532470783765,0.17654290313693718,0.1702197500936784,0.169184100181959,0.17575757766715158,0.16942372046269302,0.17764474957898396,0.18228928215608667,0.16876572165847592,0.1765964937957126,0.16081018238170344,0.15451289920512443,0.14280514851932163,0.14152427402126533,0.17473465319998682,0.1684933034388275,0.17065460897306295,0.17311710493529273,0.1644803024888434,0,0.1645858956365381,0.1636846276041075,0.13453744874320248,0.13431424471097123,0.1674507265652269,0.12209940385914483,0.14344984705156885,0.1654453996220766,0.1683182128064793,0.12890391445730115,0.17125563351069437,0.1594453134108863
Portuguese,0.1840759012832226,0.17398767120610212,0.16469564054350827,0.18911848199173348,0.1709146215518034,0.17978633987554593,0.15845678113129016,0.18000645790270084,0.1778278192358856,0.18604833405340432,0.17873519793114676,0.1810108111529488,0.1696215909667455,0.13823883047895502,0.19202781378253797,0.18337718425990082,0.19924377718828476,0.2006291511336296,0.18000326505884975,0.1831492787479877,0.1453838398707554,0.177428659518787,0.15220486598666508,0.17692926389151617,0.19299492101953902,0.1707114049809581,0.1887455809553182,0.18285203320920707,0.16703545257486868,0.1645858956365381,0,0.16983615898528692,0.17230890396641635,0.18084800658312522,0.1701183376326236,0.18021666638033107,0.1808728171099698,0.13544167928232625,0.17946103459955268,0.17332512910325393,0.18316468343819528,0.15606301055990177
Romanian,0.19108626546646923,0.18056583699646248,0.16575364187204134,0.1905375360179369,0.16785458420358315,0.1809369680181472,0.1726627388871801,0.1736514755652148,0.17693905015801378,0.1949255710561476,0.18563089396955917,0.19167769690091566,0.17983736681700507,0.1732233603735769,0.18732290795281717,0.1824290894563138,0.1946465783401495,0.1945569001516153,0.18214295368960434,0.19582808438255678,0.1410723463793603,0.17757243658377006,0.14449659618512156,0.17740966512446724,0.1935789432794391,0.17379088560567985,0.19324147682818454,0.1880824158086878,0.16780199599330844,0.1636846276041075,0.16983615898528692,0,0.17553793319057054,0.17711240121087674,0.17438135297292026,0.1811053227334808,0.18337840693533783,0.16674483836293713,0.18460057346037725,0.17223752727415853,0.18922370449596593,0.16065258755084189
Russian,0.17859162114214533,0.17684523971064783,0.16386900228514875,0.18315181915551787,0.12923135819936102,0.1490799917475629,0.1821317747302878,0.1445524677442518,0.143875122622924,0.18714211852377108,0.1786544236188965,0.1871064728177605,0.18053186422936437,0.1775286247116249,0.18596801601989754,0.18153196313536918,0.19189341795332585,0.19381158130669496,0.1718302981753123,0.18896293449360319,0.16161569799587683,0.15732393006202977,0.1360864635036997,0.1404260335724336,0.1871419097843067,0.17386456309389142,0.18700864914141144,0.18219087856918767,0.1657264101768273,0.13453744874320248,0.17230890396641635,0.17553793319057054,0,0.13162046945709732,0.16902103123643555,0.13793721367930264,0.15659294883858113,0.17385725234101282,0.17985224140722778,0.1224818600044228,0.18314746301395124,0.16127431555918334
Serbian,0.18476105704680962,0.18079241261149506,0.16457901939847144,0.18559483040193686,0.09517582192727306,0.14427872169579953,0.1875930575649008,0.11439007018656902,0.14243276909149952,0.19301238601309217,0.1824731744474058,0.1941232813771478,0.18724420897732608,0.18196767573037767,0.18788647638619352,0.18541440088205247,0.19423316124385062,0.19761874914091446,0.17558179096682916,0.19897184482785363,0.16193290708853242,0.1617395020856167,0.13248272177095904,0.12283133579073163,0.19284380432893533,0.1742992619005553,0.19329385336333998,0.18635098322634902,0.165878276429496,0.13431424471097123,0.18084800658312522,0.17711240121087674,0.13162046945709732,0,0.17271540463463367,0.14086250204628142,0.14455267371132374,0.17775446741047346,0.18257915318197773,0.12755647281272361,0.18609617649972643,0.16459213109054976
Sinhala,0.17094700291146628,0.14857303098807625,0.1552547755084964,0.16919527077921462,0.17031102053102118,0.17013876583077744,0.17481836213378155,0.16337134623775615,0.16853457908659455,0.18059906369693438,0.175895357911591,0.18409895069681062,0.17334627653408413,0.16002390215598206,0.18430586462529555,0.16952063386548766,0.17700514975849277,0.1780022486178476,0.16866207348816017,0.16870980057180732,0.16389453890400324,0.1822332714488932,0.15101104041205687,0.1684147749070298,0.1697037489142272,0.15358954453189413,0.18309244806704253,0.15726714388780766,0.15646463713716433,0.1674507265652269,0.1701183376326236,0.17438135297292026,0.16902103123643555,0.17271540463463367,0,0.17175690059200277,0.17648562114592223,0.1600612620102215,0.17052669535745027,0.16653242560789108,0.1654968399597723,0.15548833362720751
Slovak,0.18960564495674095,0.1843307996799309,0.1631990576594883,0.18785324189007774,0.13156411730213757,0.15661420601988488,0.18953131498011183,0.1437373616675565,0.1260768893631795,0.19376551839329537,0.18561339261847828,0.19027710057343797,0.1904742390828198,0.187813901450933,0.19274743278478507,0.1918296485259286,0.19731973423525523,0.19968117548457315,0.18271154562364986,0.20088089513160337,0.16321471099968995,0.16326516099350688,0.14069946709103964,0.15007170025970926,0.19540618949106406,0.16933331111096034,0.19646148276062575,0.19322347104593585,0.16842461381671012,0.12209940385914483,0.18021666638033107,0.1811053227334808,0.13793721367930264,0.14086250204628142,0.17175690059200277,0,0.15630763407050494,0.17775462851882148,0.18487818112789992,0.1379644070884149,0.18544087150289779,0.1547688344965654
Slovenian,0.1920485198844653,0.1856118473889472,0.17008369435747606,0.1926893236118308,0.1388218412310003,0.16125874446957128,0.19604738356633727,0.1414354457481147,0.1550142368409979,0.19819193408266908,0.18418770513739538,0.19655367292735096,0.1885932462800365,0.1897059025384236,0.18886193649153876,0.19047956711634548,0.1983519516587061,0.199934934044743,0.18499566201378165,0.20132372570600718,0.16447462599047552,0.1700504300105192,0.141841180714412,0.1598604151148353,0.19938424874242247,0.17381624049475689,0.19967945450581462,0.19122739888828982,0.1705048925228876,0.14344984705156885,0.1808728171099698,0.18337840693533783,0.15659294883858113,0.14455267371132374,0.17648562114592223,0.15630763407050494,0,0.17922731484125864,0.19026504225869578,0.1542276381952238,0.18891027573758087,0.16211059626639632
Spanish,0.18427948736602862,0.17305743857774097,0.1657274668759174,0.18439955702198726,0.17205060414011644,0.17213345106353994,0.14842402394751306,0.17117569073140873,0.17207999665078683,0.18512037670745007,0.17686112442483756,0.18409730272870778,0.16414363369608373,0.12197158097672516,0.1831225774321771,0.1749722128726116,0.18747541370628446,0.18786033315531697,0.17870814659871637,0.17658886061470555,0.13843021543410128,0.1848286595835903,0.15138338930652395,0.17207720949489308,0.1828045379811275,0.16641652234860557,0.18795818002060793,0.17541789036320624,0.16432359499464932,0.1654453996220766,0.13544167928232625,0.16674483836293713,0.17385725234101282,0.17775446741047346,0.1600612620102215,0.17775462851882148,0.17922731484125864,0,0.17944207035261098,0.17002115463325382,0.17949859601253404,0.15575474949213808
Swedish,0.17488574898648987,0.1859286807782218,0.16490614237596424,0.19192323959820698,0.17382347917516874,0.18577810659916785,0.19029232944795085,0.18072815187008717,0.1791969684193002,0.16721706219664242,0.16804421836622127,0.1742881982173392,0.19242674564579756,0.18231179819445986,0.16990426186964694,0.18992601272670456,0.19631322422828063,0.19516841704158527,0.15937828290672254,0.1935929411581208,0.1641905089804914,0.18185747761819188,0.14910927439227092,0.18136522020957882,0.196648425485147,0.17182213648026515,0.14483961550525967,0.1915445058300591,0.16601618357076708,0.1683182128064793,0.17946103459955268,0.18460057346037725,0.17985224140722778,0.18257915318197773,0.17052669535745027,0.18487818112789992,0.19026504225869578,0.17944207035261098,0,0.1769792407765543,0.18492685151086868,0.1592518607210607
Ukrainian,0.1791424116360616,0.17487656437969765,0.1656952320348527,0.17825318107601462,0.12956629708256742,0.14868575116809069,0.17782299835640789,0.1373978777920054,0.13876940452666453,0.18358572248021748,0.17803449814526548,0.18659838251406596,0.17706439606022004,0.17508011154555392,0.18204425343256705,0.17562493097224008,0.18631583997028717,0.18848229142242087,0.16854298979174995,0.18649838831525944,0.15906529813111714,0.16180317895182056,0.13391190589583032,0.13764774680105543,0.18439868087604888,0.17118479919885354,0.18586229318541897,0.17823381154605164,0.16012202426933525,0.12890391445730115,0.17332512910325393,0.17223752727415853,0.1224818600044228,0.12755647281272361,0.16653242560789108,0.1379644070884149,0.1542276381952238,0.17002115463325382,0.1769792407765543,0,0.18072878245431528,0.15715706077635871
Urdu,0.19536741512684125,0.17969235881663823,0.16900338034035434,0.16226603321158503,0.1757966776791694,0.18138475605827287,0.19526327650092942,0.18128019653671057,0.17755944977062338,0.19336934704481312,0.1872148682530423,0.19165028206811727,0.18846635338754514,0.1867003321371566,0.1914594797888761,0.18652425455251498,0.1675775707266552,0.1411053010851463,0.1876614241853539,0.19501755375641225,0.16985958818981028,0.18520055580279446,0.155240754865355,0.17882960820459254,0.1707570136131177,0.14532167619736672,0.19567529177191983,0.17562609961501244,0.16129700910431036,0.17125563351069437,0.18316468343819528,0.18922370449596593,0.18314746301395124,0.18609617649972643,0.1654968399597723,0.18544087150289779,0.18891027573758087,0.17949859601253404,0.18492685151086868,0.18072878245431528,0,0.1629289508496138
Welsh,0.15660317268931404,0.15738842939118702,0.15833647077322932,0.16606447608564998,0.1662397159274494,0.15508529456956496,0.1630490968779895,0.15615857585760368,0.15604601971153953,0.1564839960782651,0.1580667835199884,0.1616799487873335,0.15581571405725148,0.15453237552356497,0.1614194591938354,0.15711250094989984,0.17274496112050297,0.17444295166437282,0.15897316235939465,0.15120181937977734,0.15144569626033774,0.16836298105383,0.1535473124529005,0.1611934323143239,0.16518277508765464,0.16074651274760765,0.16496063883115816,0.15917282486318834,0.155521024476091,0.1594453134108863,0.15606301055990177,0.16065258755084189,0.16127431555918334,0.16459213109054976,0.15548833362720751,0.1547688344965654,0.16211059626639632,0.15575474949213808,0.1592518607210607,0.15715706077635871,0.1629289508496138,0
