,Afrikaans,Albanian,Armenian,Bengali,Bosnian,Bulgarian,Catalan,Croatian,Czech,Danish,Dutch,English,French,Galician,German,Greek,Gujarati,Hindi,Icelandic,Irish,Italian,Latvian,Lithuanian,Macedonian,Marathi,Nepali,Norwegian,Pashto,Persian,Polish,Portuguese,Romanian,Russian,Serbian,Sinhala,Slovak,Slovenian,Spanish,Swedish,Ukrainian,Urdu,Welsh
Afrikaans,0,6.450005463273296,5.900459024314532,6.616599813113368,6.061860448409766,6.55636702531885,6.536957413866836,6.476597553037449,6.435519334128807,6.4599569396502865,5.850231317738869,6.355814838277265,6.501804399047475,6.563914288774564,6.360165602287827,6.665629662722147,6.625083130460098,6.591709051114429,6.178734652645993,6.562366855035585,6.212395080849642,6.169693573172489,5.533477193882162,6.390447401365905,6.685503394286244,6.302472752796154,6.376701540911465,6.487567267114116,6.123020733044777,6.097822245364812,6.52176915375092,6.501145109385232,6.281647980886498,6.362067231261687,6.3135637061789245,6.516828400912216,6.458618321209531,6.634120408656894,6.366538355472304,6.23492519983505,6.591681152040882,5.9923554886253525
Albanian,6.450005463273296,0,6.149351723058397,6.705513988089653,6.419207407311249,6.699648607713099,6.612106970271084,6.650508533996822,6.726190513326382,6.615769905833713,6.6176597522968565,6.812974016596505,6.541090959756832,6.563209996105848,6.701836279129,6.8151647995251565,6.775356741487787,6.736811458595954,6.560736917192599,6.441888616309784,6.448464193417805,6.541095014992948,5.850696336407556,6.599282353174082,6.722942913253128,6.664589231708629,6.620926509921899,6.521771223496912,6.3870976233495576,6.4155210900214765,6.611641832817895,6.76084509553474,6.570585546287306,6.616035639214127,6.390897264238502,6.723729802121111,6.624430675409204,6.787769705615215,6.759636238616263,6.612891744425555,6.716829767837052,6.317999974389565
Armenian,5.900459024314532,6.149351723058397,0,6.331009491089624,6.620839470261131,6.29496347731868,6.15680546693089,6.397694501967059,6.387867352418525,5.965238609103181,6.3095807853482695,6.474635162796984,6.0154528349824,6.057414501309308,6.292041348632773,6.342968596253065,6.416282338975957,6.428260079097875,6.160632352970091,5.820027292733323,6.688721206837504,6.541861228803594,6.377900801948911,6.392587628198513,6.22154472477224,6.65268419625924,5.939726274444533,5.996644018333899,6.31198333474902,6.633418859885328,6.319245537230752,6.425506864857862,6.418521993842722,6.406589900304672,6.386740768058972,6.256819200165514,6.335506317264923,6.503350075772081,6.274952653406845,6.507658963867441,6.376146998492363,6.6736713802025145
Bengali,6.616599813113368,6.705513988089653,6.331009491089624,0,6.3766072573094545,6.59534690103096,6.572022624410671,6.627739824269078,6.466963088213766,6.55441104942156,6.596842829219432,6.772596526160079,6.50594316950035,6.582791703802992,6.523895709769766,6.678033586944537,6.3913014072330805,6.307350191362382,6.612448484970821,6.5052675687613695,6.297587341543725,6.411822456187057,5.776151219192598,6.538834489221943,6.424993960944926,6.17920289634273,6.663041157236042,6.56803842624766,6.369785890442621,6.205590293973307,6.589120866456372,6.604402294909876,6.479041306854944,6.573776975576795,6.458355954702142,6.566517512398413,6.557176250961734,6.702471219692338,6.662614314535976,6.415799031852412,6.407672298981822,6.201773638358499
Bosnian,6.061860448409766,6.419207407311249,6.620839470261131,6.3766072573094545,0,6.072252566346407,6.251374418711736,5.798774187496479,6.190889953718733,6.094858829318404,6.4056947514152505,6.577106916740601,6.105382229578344,6.2013219602595235,6.396406121764053,6.482138882980604,6.511367015051225,6.5584343805292935,6.393673328904841,6.054053324319748,6.604957742679955,6.438302001093608,6.1783097956617326,5.780645612310554,6.357602145144367,6.7145254268706305,6.113795009571708,6.188046859096669,6.485159462434353,6.243965107682676,6.40270868145452,6.473557117230668,5.961466499794925,5.365357658081563,6.616558495003789,5.971439559726992,6.069043935172451,6.555201055460029,6.43465423313458,6.046195225624136,6.480956032970457,6.637842705376515
Bulgarian,6.55636702531885,6.699648607713099,6.29496347731868,6.59534690103096,6.072252566346407,0,6.443025396928452,6.121407756034951,6.318648053017591,6.515017341137275,6.629606764036872,6.572052695565784,6.52669840848784,6.528059827187744,6.6415191485505,6.6936580571871085,6.610837032373876,6.620857040623963,6.5782913635073825,6.482766401142346,6.287951920517962,6.407274802984283,5.6779489565221475,6.132229709805618,6.573007798871217,6.622667708930168,6.5655745333251865,6.51016944145989,6.403199530774935,6.092452308976055,6.65356546821746,6.617487308299553,6.299277437773895,6.278936231136821,6.55081983786286,6.363475629838745,6.277434324942934,6.649997511191062,6.558886103835331,6.303797904475792,6.643677542675417,6.161016300500055
Catalan,6.536957413866836,6.612106970271084,6.15680546693089,6.572022624410671,6.251374418711736,6.443025396928452,0,6.395883345678755,6.36442167520815,6.54003056277611,6.437529422729761,6.4901583489363865,6.360976931799026,6.295688926043724,6.442669058590132,6.553043827477109,6.509159057666349,6.498154695701927,6.449298129063979,6.431210502410573,5.965101440925555,6.3037925521009095,5.611375772557941,6.3723398197440675,6.52114568157383,6.506682121756814,6.621555861322038,6.543833230486782,6.281846862045816,6.099898506574942,6.17935459548759,6.371401962523511,6.324095991778784,6.422520113706947,6.394131896027535,6.484366458398847,6.477307807911765,6.257858297091217,6.534500084561153,6.315918156340513,6.5728800429999845,6.0932310383912185
Croatian,6.476597553037449,6.650508533996822,6.397694501967059,6.627739824269078,5.798774187496479,6.121407756034951,6.395883345678755,0,6.343785679530947,6.429316383410946,6.577817664020247,6.628102636630278,6.444781563807166,6.476853813227238,6.639597697076714,6.653905393832126,6.654080379949083,6.734277457703302,6.558227373852489,6.386200151064719,6.4034114356819565,6.499882725583826,5.7627016424845925,6.083723685380597,6.55469592400669,6.690650355653509,6.47773487490116,6.462287666849101,6.453183384038283,6.083640570417539,6.642405143477283,6.566271799904233,6.255795225622412,5.940261004759971,6.60175471642394,6.183428039497479,6.068569013669033,6.632482587545655,6.580932346000827,6.193502284379369,6.6621886386763585,6.315035609386026
Czech,6.435519334128807,6.726190513326382,6.387867352418525,6.466963088213766,6.190889953718733,6.318648053017591,6.36442167520815,6.343785679530947,0,6.345975163370182,6.526887759320486,6.500390130908652,6.439375093847433,6.452974112207089,6.643442884944474,6.6590168999903785,6.6113215752737755,6.670797504815892,6.56634059240665,6.327618484433444,6.484632928038544,6.454531331720618,5.913111613821669,6.329099463321511,6.52194991111856,6.545697688864159,6.408425107244049,6.436855205923675,6.431310359282357,6.1665606547867124,6.640805382259372,6.547528198266364,6.247084548832225,6.233386857953396,6.5164803400283215,6.158797091021526,6.129109680491369,6.598397498295686,6.475582206674377,6.205350470586067,6.568765162007193,6.3268700541978875
Danish,6.4599569396502865,6.615769905833713,5.965238609103181,6.55441104942156,6.094858829318404,6.515017341137275,6.54003056277611,6.429316383410946,6.345975163370182,0,6.268422924355414,6.218291278962908,6.587233375736008,6.566782882868637,6.249096794753577,6.57693553076284,6.499593482040135,6.495095337024081,6.206511747410624,6.549056974520452,6.004901338974277,6.178282547267605,5.457569153327289,6.407626464733248,6.58077300804672,6.257490198744616,6.580237305110841,6.577024875779469,6.11910082053994,5.991068461805374,6.4640281318044455,6.435881651541202,6.351413286816816,6.4426193689874465,6.327671420646644,6.503436889666314,6.468761575288603,6.523930552356115,6.249617362363403,6.30893393142241,6.509559004456738,5.829342540175724
Dutch,5.850231317738869,6.6176597522968565,6.3095807853482695,6.596842829219432,6.4056947514152505,6.629606764036872,6.437529422729761,6.577817664020247,6.526887759320486,6.268422924355414,0,6.347556966120058,6.511601056795772,6.534866960306437,6.299633439204158,6.651747715129665,6.589435155822046,6.600715729870457,6.3909016280415925,6.4187767667163795,6.417884256890834,6.367203998524703,5.732317549266357,6.49947127155564,6.565171294251302,6.647061619211639,6.318322651054385,6.547082619716378,6.358915293685994,6.294628837631501,6.596073196913271,6.55807886317532,6.439400448782588,6.530896517926626,6.5502438603660815,6.533643580769368,6.3926032607830665,6.644108416069011,6.36009236993588,6.439267897489807,6.628713806860628,6.270291893524245
English,6.355814838277265,6.812974016596505,6.474635162796984,6.772596526160079,6.577106916740601,6.572052695565784,6.4901583489363865,6.628102636630278,6.500390130908652,6.218291278962908,6.347556966120058,0,6.498272800633093,6.558625320623734,6.384418209484772,6.817786894191014,6.640515980806201,6.656207950361397,6.588148215259589,6.303074290949163,6.419745276623818,6.592330321371277,5.847165987297556,6.644127266334659,6.579773709030683,6.748598514862587,6.357431352107594,6.5496835968949165,6.462869266422222,6.364072804814386,6.604470702199171,6.656593470463972,6.5914420340530055,6.647027423338791,6.684158367837577,6.54596438800703,6.6368397217778705,6.762741536770158,6.575683947057802,6.603702088874852,6.749626947860589,6.27789721384544
French,6.501804399047475,6.541090959756832,6.0154528349824,6.50594316950035,6.105382229578344,6.52669840848784,6.360976931799026,6.444781563807166,6.439375093847433,6.587233375736008,6.511601056795772,6.498272800633093,0,6.474052029570091,6.508783843257824,6.591893174846316,6.536193148897933,6.577317127459295,6.453723358763958,6.531471366994949,5.96467138539073,6.197228755402824,5.539102260082451,6.380039109239745,6.54329354283858,6.340400111118409,6.65116168507579,6.492112548880318,6.208219536189241,6.045049607030536,6.426985228820872,6.341451817873778,6.302220529993561,6.395525186970451,6.368504681026614,6.529280656170389,6.324424844048725,6.4546065776651975,6.512765722016128,6.248911557456233,6.525805562266313,5.9571707928754085
Galician,6.563914288774564,6.563209996105848,6.057414501309308,6.582791703802992,6.2013219602595235,6.528059827187744,6.295688926043724,6.476853813227238,6.452974112207089,6.566782882868637,6.534866960306437,6.558625320623734,6.474052029570091,0,6.582742258370589,6.663212455468924,6.583016349762738,6.561621677556468,6.434971353670415,6.520972656784514,5.847357030499651,6.331785177033677,5.572678479595132,6.4263074722798255,6.636576787121966,6.391997537484394,6.7441334148931045,6.594902182687544,6.204302408734479,6.156574412640228,6.076624592384889,6.462434849206524,6.360609918542403,6.4229785543232785,6.3119074986883215,6.5854637850544,6.463511143610483,5.904344475308197,6.546011188679912,6.360840794090344,6.605157495356763,5.9394925458310865
German,6.360165602287827,6.701836279129,6.292041348632773,6.523895709769766,6.396406121764053,6.6415191485505,6.442669058590132,6.639597697076714,6.643442884944474,6.249096794753577,6.299633439204158,6.384418209484772,6.508783843257824,6.582742258370589,0,6.59145947608121,6.644876605338752,6.639355314268808,6.462879511961829,6.419030464740601,6.388907199821817,6.382995912266328,5.757666591149737,6.560489130015289,6.624291062002186,6.598480823053127,6.414631000750951,6.548062427106515,6.41364369811427,6.31270732822124,6.69651257163011,6.521639112197598,6.487178358191711,6.573530428278696,6.599613646807978,6.61931981113225,6.420361725360075,6.680929029911059,6.33590885709973,6.465464725596803,6.591801738481141,6.227948173493072
Greek,6.665629662722147,6.8151647995251565,6.342968596253065,6.678033586944537,6.482138882980604,6.6936580571871085,6.553043827477109,6.653905393832126,6.6590168999903785,6.57693553076284,6.651747715129665,6.817786894191014,6.591893174846316,6.663212455468924,6.59145947608121,0,6.715187362522449,6.671743010852099,6.6305458286138,6.52850917914278,6.4508504359464345,6.508067839007442,5.763619230554587,6.647224441757812,6.697079644601846,6.6484647419985805,6.67351180048548,6.543670146792665,6.432501860864225,6.351523924691251,6.679230018592195,6.6284098120371775,6.5910034192679525,6.656882694840785,6.549873267487478,6.710680744783634,6.5922835237078035,6.739118554362732,6.742090646413707,6.587543649568494,6.6607833100193305,6.2751185516571715
Gujarati,6.625083130460098,6.775356741487787,6.416282338975957,6.3913014072330805,6.511367015051225,6.610837032373876,6.509159057666349,6.654080379949083,6.6113215752737755,6.499593482040135,6.589435155822046,6.640515980806201,6.536193148897933,6.583016349762738,6.644876605338752,6.715187362522449,0,5.891336768255823,6.705525493801233,6.514793262566718,6.413387532178134,6.544490448488026,5.810292097865896,6.596003514405459,5.827526280240515,6.452637148974873,6.613814328616738,6.539088898739189,6.475725705981356,6.331356667383972,6.663164936966575,6.634296271599746,6.600486382477856,6.654134872583277,6.589452748261051,6.654759847545844,6.502802191099907,6.6764464943773385,6.668773638410204,6.568520132342134,6.478085655555182,6.26747805081076
Hindi,6.591709051114429,6.736811458595954,6.428260079097875,6.307350191362382,6.5584343805292935,6.620857040623963,6.498154695701927,6.734277457703302,6.670797504815892,6.495095337024081,6.600715729870457,6.656207950361397,6.577317127459295,6.561621677556468,6.639355314268808,6.671743010852099,5.891336768255823,0,6.662974285784015,6.444816829883012,6.491971340148555,6.615730319887002,5.863553644681946,6.60305518870191,6.022517404945674,6.442478947611718,6.584327918127746,6.543593260549608,6.489377596858758,6.477067873660544,6.73611315410803,6.6152156185706295,6.592727652715626,6.755342213136486,6.633037329921405,6.654730000705005,6.510798062269749,6.646697722761967,6.6375782779526915,6.611030387550507,6.2611557545818,6.35924200210679
Icelandic,6.178734652645993,6.560736917192599,6.160632352970091,6.612448484970821,6.393673328904841,6.5782913635073825,6.449298129063979,6.558227373852489,6.56634059240665,6.206511747410624,6.3909016280415925,6.588148215259589,6.453723358763958,6.434971353670415,6.462879511961829,6.6305458286138,6.705525493801233,6.662974285784015,0,6.346603249566303,6.479186933471161,6.386272100868592,5.72003834035516,6.51298346515346,6.584051187445699,6.6665593541431,6.304185113428312,6.429987677137609,6.252271544621708,6.381282130118585,6.596915345268396,6.5899695431942655,6.440587486408266,6.505980227515395,6.435379553039056,6.587158401890293,6.490830591922787,6.759202305961687,6.339343697247394,6.418585899818182,6.636635161781527,6.255598068137941
Irish,6.562366855035585,6.441888616309784,5.820027292733323,6.5052675687613695,6.054053324319748,6.482766401142346,6.431210502410573,6.386200151064719,6.327618484433444,6.549056974520452,6.4187767667163795,6.303074290949163,6.531471366994949,6.520972656784514,6.419030464740601,6.52850917914278,6.514793262566718,6.444816829883012,6.346603249566303,0,5.989522971018209,6.06970580801785,5.381321232306436,6.303912491393738,6.557938732110045,6.195204821814307,6.6215194239221455,6.479066170885685,6.026786841313401,5.943463001531879,6.404079812997896,6.364916314172949,6.262921738829792,6.353497947321484,6.203077871540144,6.479019060807958,6.344146107874764,6.427878007469559,6.360687818917971,6.1741910237874436,6.461981752700132,5.686037258294805
Italian,6.212395080849642,6.448464193417805,6.688721206837504,6.297587341543725,6.604957742679955,6.287951920517962,5.965101440925555,6.4034114356819565,6.484632928038544,6.004901338974277,6.417884256890834,6.419745276623818,5.96467138539073,5.847357030499651,6.388907199821817,6.4508504359464345,6.413387532178134,6.491971340148555,6.479186933471161,5.989522971018209,0,6.5908400570633345,6.2952798628417925,6.410890735346203,6.270883448901012,6.68182307414882,6.141667347885382,6.187173117389843,6.622204402839468,6.611239237429187,6.121802676278315,6.209131131530821,6.494775433038805,6.443048307285062,6.613861198633276,6.312412299056782,6.267732998427417,6.198349720249239,6.377447918788504,6.4992090055256755,6.409076374762128,6.430612765750729
Latvian,6.169693573172489,6.541095014992948,6.541861228803594,6.411822456187057,6.438302001093608,6.407274802984283,6.3037925521009095,6.499882725583826,6.454531331720618,6.178282547267605,6.367203998524703,6.592330321371277,6.197228755402824,6.331785177033677,6.382995912266328,6.508067839007442,6.544490448488026,6.615730319887002,6.386272100868592,6.06970580801785,6.5908400570633345,0,5.660942978008628,6.383217861019527,6.420688956845311,6.7725261240124945,6.18144827226445,6.316839440223751,6.48512560915973,6.325687566440309,6.444860956283846,6.507841419207027,6.328597593561793,6.385971218618371,6.631989874816101,6.283330378084441,6.334805962894395,6.664471531838285,6.5222386141368585,6.430535851488942,6.540457317043586,6.564659227665738
Lithuanian,5.533477193882162,5.850696336407556,6.377900801948911,5.776151219192598,6.1783097956617326,5.6779489565221475,5.611375772557941,5.7627016424845925,5.913111613821669,5.457569153327289,5.732317549266357,5.847165987297556,5.539102260082451,5.572678479595132,5.757666591149737,5.763619230554587,5.810292097865896,5.863553644681946,5.72003834035516,5.381321232306436,6.2952798628417925,5.660942978008628,0,5.796330702420872,5.6889700534306895,6.264227671511851,5.441871901192464,5.581473419538841,6.107169907146393,6.200252017331523,5.794578890373691,5.839291294572569,5.871736222950376,5.764733754022853,6.078459765539479,5.64058934575279,5.721976797511577,5.904262905504056,5.756301846483996,5.909129559092606,5.832268239205394,6.4338745164704205
Macedonian,6.390447401365905,6.599282353174082,6.392587628198513,6.538834489221943,5.780645612310554,6.132229709805618,6.3723398197440675,6.083723685380597,6.329099463321511,6.407626464733248,6.49947127155564,6.644127266334659,6.380039109239745,6.4263074722798255,6.560489130015289,6.647224441757812,6.596003514405459,6.60305518870191,6.51298346515346,6.303912491393738,6.410890735346203,6.383217861019527,5.796330702420872,0,6.523514354211823,6.658907490349027,6.439512678522096,6.450454707639011,6.383803923781854,6.113815955396902,6.524536794676474,6.577522203444017,5.961125220037152,5.668038075727159,6.527161698047054,6.207791643649364,6.267158776299185,6.613893161404844,6.509498408644342,5.972951355910224,6.604814773458452,6.33094591978419
Marathi,6.685503394286244,6.722942913253128,6.22154472477224,6.424993960944926,6.357602145144367,6.573007798871217,6.52114568157383,6.55469592400669,6.52194991111856,6.58077300804672,6.565171294251302,6.579773709030683,6.54329354283858,6.636576787121966,6.624291062002186,6.697079644601846,5.827526280240515,6.022517404945674,6.584051187445699,6.557938732110045,6.270883448901012,6.420688956845311,5.6889700534306895,6.523514354211823,0,6.409556837681854,6.684094382483019,6.599626748508446,6.334704369413545,6.205463103006174,6.581353882969382,6.587560923055168,6.469435907382391,6.563185939420726,6.464202584290154,6.60321542155742,6.5696966346579755,6.62118372136373,6.6951892018607,6.451878203744565,6.479825826558872,6.136208076077146
Nepali,6.302472752796154,6.664589231708629,6.65268419625924,6.17920289634273,6.7145254268706305,6.622667708930168,6.506682121756814,6.690650355653509,6.545697688864159,6.257490198744616,6.647061619211639,6.748598514862587,6.340400111118409,6.391997537484394,6.598480823053127,6.6484647419985805,6.452637148974873,6.442478947611718,6.6665593541431,6.195204821814307,6.68182307414882,6.7725261240124945,6.264227671511851,6.658907490349027,6.409556837681854,0,6.382828672491625,6.3690678317150695,6.611365930529636,6.633804007329071,6.631285925472274,6.679197635824397,6.678141384734749,6.700191206560424,6.649431689620972,6.5940449784581405,6.52955685908518,6.723251293279488,6.637608092962649,6.690622851480629,6.418520626635584,6.575996515108236
Norwegian,6.376701540911465,6.620926509921899,5.939726274444533,6.663041157236042,6.113795009571708,6.5655745333251865,6.621555861322038,6.47773487490116,6.408425107244049,6.580237305110841,6.318322651054385,6.357431352107594,6.65116168507579,6.7441334148931045,6.414631000750951,6.67351180048548,6.613814328616738,6.584327918127746,6.304185113428312,6.6215194239221455,6.141667347885382,6.18144827226445,5.441871901192464,6.439512678522096,6.684094382483019,6.382828672491625,0,6.682771788835736,6.205002151417693,6.024167555682096,6.54717183550118,6.5203765557949875,6.334981313827296,6.454901102067785,6.398690318023577,6.550143781638066,6.534642352275585,6.62319492147186,6.153859813839737,6.308870413369414,6.642665394553089,5.978853882220765
Pashto,6.487567267114116,6.521771223496912,5.996644018333899,6.56803842624766,6.188046859096669,6.51016944145989,6.543833230486782,6.462287666849101,6.436855205923675,6.577024875779469,6.547082619716378,6.5496835968949165,6.492112548880318,6.594902182687544,6.548062427106515,6.543670146792665,6.539088898739189,6.543593260549608,6.429987677137609,6.479066170885685,6.187173117389843,6.316839440223751,5.581473419538841,6.450454707639011,6.599626748508446,6.3690678317150695,6.682771788835736,0,5.983123784898661,6.152642951608379,6.539756205683616,6.500327760407367,6.328196793921771,6.450382107683211,6.299751615796792,6.569331928106746,6.441632288188479,6.604511449039801,6.538835332617094,6.345080386844485,6.5101031027280944,5.992816570643365
Persian,6.123020733044777,6.3870976233495576,6.31198333474902,6.369785890442621,6.485159462434353,6.403199530774935,6.281846862045816,6.453183384038283,6.431310359282357,6.11910082053994,6.358915293685994,6.462869266422222,6.208219536189241,6.204302408734479,6.41364369811427,6.432501860864225,6.475725705981356,6.489377596858758,6.252271544621708,6.026786841313401,6.622204402839468,6.48512560915973,6.107169907146393,6.383803923781854,6.334704369413545,6.611365930529636,6.205002151417693,5.983123784898661,0,6.513315984991399,6.407123916341319,6.478679166012799,6.397841843557635,6.44563383650549,6.49312322888781,6.371175624333304,6.367985568094822,6.5345734383244976,6.302560508367784,6.41293624537286,6.34818204446053,6.44522620617578
Polish,6.097822245364812,6.4155210900214765,6.633418859885328,6.205590293973307,6.243965107682676,6.092452308976055,6.099898506574942,6.083640570417539,6.1665606547867124,5.991068461805374,6.294628837631501,6.364072804814386,6.045049607030536,6.156574412640228,6.31270732822124,6.351523924691251,6.331356667383972,6.477067873660544,6.381282130118585,5.943463001531879,6.611239237429187,6.325687566440309,6.200252017331523,6.113815955396902,6.205463103006174,6.633804007329071,6.024167555682096,6.152642951608379,6.513315984991399,0,6.277718843570835,6.319170131663309,6.123765091430911,6.074907804422682,6.538355742279782,5.779866108950555,6.011630532856962,6.423270518981031,6.295980999859359,6.051493121520368,6.355880920542407,6.559699788415269
Portuguese,6.52176915375092,6.611641832817895,6.319245537230752,6.589120866456372,6.40270868145452,6.65356546821746,6.17935459548759,6.642405143477283,6.640805382259372,6.4640281318044455,6.596073196913271,6.604470702199171,6.426985228820872,6.076624592384889,6.69651257163011,6.679230018592195,6.663164936966575,6.73611315410803,6.596915345268396,6.404079812997896,6.121802676278315,6.444860956283846,5.794578890373691,6.524536794676474,6.581353882969382,6.631285925472274,6.54717183550118,6.539756205683616,6.407123916341319,6.277718843570835,0,6.5030218695515964,6.4033268235691825,6.5470845883520035,6.550604953674683,6.564058210911756,6.4158966454121735,6.1347653292673145,6.563648209564987,6.4270686923719715,6.620461559571394,6.2365259873362735
Romanian,6.501145109385232,6.76084509553474,6.425506864857862,6.604402294909876,6.473557117230668,6.617487308299553,6.371401962523511,6.566271799904233,6.547528198266364,6.435881651541202,6.55807886317532,6.656593470463972,6.341451817873778,6.462434849206524,6.521639112197598,6.6284098120371775,6.634296271599746,6.6152156185706295,6.5899695431942655,6.364916314172949,6.209131131530821,6.507841419207027,5.839291294572569,6.577522203444017,6.587560923055168,6.679197635824397,6.5203765557949875,6.500327760407367,6.478679166012799,6.319170131663309,6.5030218695515964,0,6.536772268596223,6.605239531366292,6.6266439915411155,6.571977712031534,6.5089365545041105,6.637887978424922,6.645932640853424,6.594625559280817,6.691601752139658,6.30689991398527
Russian,6.281647980886498,6.570585546287306,6.418521993842722,6.479041306854944,5.961466499794925,6.299277437773895,6.324095991778784,6.255795225622412,6.247084548832225,6.351413286816816,6.439400448782588,6.5914420340530055,6.302220529993561,6.360609918542403,6.487178358191711,6.5910034192679525,6.600486382477856,6.592727652715626,6.440587486408266,6.262921738829792,6.494775433038805,6.328597593561793,5.871736222950376,5.961125220037152,6.469435907382391,6.678141384734749,6.334981313827296,6.328196793921771,6.397841843557635,6.123765091430911,6.4033268235691825,6.536772268596223,0,5.924654353249565,6.526472945260184,6.10451377272215,6.2593855914718315,6.6034358879765795,6.497074010118388,5.782995327788515,6.580882079805472,6.4102380163407116
Serbian,6.362067231261687,6.616035639214127,6.406589900304672,6.573776975576795,5.365357658081563,6.278936231136821,6.422520113706947,5.940261004759971,6.233386857953396,6.4426193689874465,6.530896517926626,6.647027423338791,6.395525186970451,6.4229785543232785,6.573530428278696,6.656882694840785,6.654134872583277,6.755342213136486,6.505980227515395,6.353497947321484,6.443048307285062,6.385971218618371,5.764733754022853,5.668038075727159,6.563185939420726,6.700191206560424,6.454901102067785,6.450382107683211,6.44563383650549,6.074907804422682,6.5470845883520035,6.605239531366292,5.924654353249565,0,6.618410181573784,6.158855272566964,6.1971276161819,6.624653736556734,6.599828880400046,5.971172355851075,6.661368266963033,6.361819964606538
Sinhala,6.3135637061789245,6.390897264238502,6.386740768058972,6.458355954702142,6.616558495003789,6.55081983786286,6.394131896027535,6.60175471642394,6.5164803400283215,6.327671420646644,6.5502438603660815,6.684158367837577,6.368504681026614,6.3119074986883215,6.599613646807978,6.549873267487478,6.589452748261051,6.633037329921405,6.435379553039056,6.203077871540144,6.613861198633276,6.631989874816101,6.078459765539479,6.527161698047054,6.464202584290154,6.649431689620972,6.398690318023577,6.299751615796792,6.49312322888781,6.538355742279782,6.550604953674683,6.6266439915411155,6.526472945260184,6.618410181573784,0,6.512280011019618,6.537228366214899,6.602056908075985,6.546320485723592,6.567860167609618,6.558243181863393,6.4533912534716285
Slovak,6.516828400912216,6.723729802121111,6.256819200165514,6.566517512398413,5.971439559726992,6.363475629838745,6.484366458398847,6.183428039497479,6.158797091021526,6.503436889666314,6.533643580769368,6.54596438800703,6.529280656170389,6.5854637850544,6.61931981113225,6.710680744783634,6.654759847545844,6.654730000705005,6.587158401890293,6.479019060807958,6.312412299056782,6.283330378084441,5.64058934575279,6.207791643649364,6.60321542155742,6.5940449784581405,6.550143781638066,6.569331928106746,6.371175624333304,5.779866108950555,6.564058210911756,6.571977712031534,6.10451377272215,6.158855272566964,6.512280011019618,0,6.225852331348626,6.607839508921984,6.58155923747056,6.091331151548514,6.626074099281974,6.188452569456706
Slovenian,6.458618321209531,6.624430675409204,6.335506317264923,6.557176250961734,6.069043935172451,6.277434324942934,6.477307807911765,6.068569013669033,6.129109680491369,6.468761575288603,6.3926032607830665,6.6368397217778705,6.324424844048725,6.463511143610483,6.420361725360075,6.5922835237078035,6.502802191099907,6.510798062269749,6.490830591922787,6.344146107874764,6.267732998427417,6.334805962894395,5.721976797511577,6.267158776299185,6.5696966346579755,6.52955685908518,6.534642352275585,6.441632288188479,6.367985568094822,6.011630532856962,6.4158966454121735,6.5089365545041105,6.2593855914718315,6.1971276161819,6.537228366214899,6.225852331348626,0,6.470598656087397,6.605528753754996,6.336100649522768,6.584130919044225,6.233966149374788
Spanish,6.634120408656894,6.787769705615215,6.503350075772081,6.702471219692338,6.555201055460029,6.649997511191062,6.257858297091217,6.632482587545655,6.598397498295686,6.523930552356115,6.644108416069011,6.762741536770158,6.4546065776651975,5.904344475308197,6.680929029911059,6.739118554362732,6.6764464943773385,6.646697722761967,6.759202305961687,6.427878007469559,6.198349720249239,6.664471531838285,5.904262905504056,6.613893161404844,6.62118372136373,6.723251293279488,6.62319492147186,6.604511449039801,6.5345734383244976,6.423270518981031,6.1347653292673145,6.637887978424922,6.6034358879765795,6.624653736556734,6.602056908075985,6.607839508921984,6.470598656087397,0,6.76229804771472,6.57107958554904,6.725198491884562,6.376664038099921
Swedish,6.366538355472304,6.759636238616263,6.274952653406845,6.662614314535976,6.43465423313458,6.558886103835331,6.534500084561153,6.580932346000827,6.475582206674377,6.249617362363403,6.36009236993588,6.575683947057802,6.512765722016128,6.546011188679912,6.33590885709973,6.742090646413707,6.668773638410204,6.6375782779526915,6.339343697247394,6.360687818917971,6.377447918788504,6.5222386141368585,5.756301846483996,6.509498408644342,6.6951892018607,6.637608092962649,6.153859813839737,6.538835332617094,6.302560508367784,6.295980999859359,6.563648209564987,6.645932640853424,6.497074010118388,6.599828880400046,6.546320485723592,6.58155923747056,6.605528753754996,6.76229804771472,0,6.507414444376637,6.685275157454413,6.202740242429647
Ukrainian,6.23492519983505,6.612891744425555,6.507658963867441,6.415799031852412,6.046195225624136,6.303797904475792,6.315918156340513,6.193502284379369,6.205350470586067,6.30893393142241,6.439267897489807,6.603702088874852,6.248911557456233,6.360840794090344,6.465464725596803,6.587543649568494,6.568520132342134,6.611030387550507,6.418585899818182,6.1741910237874436,6.4992090055256755,6.430535851488942,5.909129559092606,5.972951355910224,6.451878203744565,6.690622851480629,6.308870413369414,6.345080386844485,6.41293624537286,6.051493121520368,6.4270686923719715,6.594625559280817,5.782995327788515,5.971172355851075,6.567860167609618,6.091331151548514,6.336100649522768,6.57107958554904,6.507414444376637,0,6.574830705987219,6.406561162543729
Urdu,6.591681152040882,6.716829767837052,6.376146998492363,6.407672298981822,6.480956032970457,6.643677542675417,6.5728800429999845,6.6621886386763585,6.568765162007193,6.509559004456738,6.628713806860628,6.749626947860589,6.525805562266313,6.605157495356763,6.591801738481141,6.6607833100193305,6.478085655555182,6.2611557545818,6.636635161781527,6.461981752700132,6.409076374762128,6.540457317043586,5.832268239205394,6.604814773458452,6.479825826558872,6.418520626635584,6.642665394553089,6.5101031027280944,6.34818204446053,6.355880920542407,6.620461559571394,6.691601752139658,6.580882079805472,6.661368266963033,6.558243181863393,6.626074099281974,6.584130919044225,6.725198491884562,6.685275157454413,6.574830705987219,0,6.2736964700320685
Welsh,5.9923554886253525,6.317999974389565,6.6736713802025145,6.201773638358499,6.637842705376515,6.161016300500055,6.0932310383912185,6.315035609386026,6.3268700541978875,5.829342540175724,6.270291893524245,6.27789721384544,5.9571707928754085,5.9394925458310865,6.227948173493072,6.2751185516571715,6.26747805081076,6.35924200210679,6.255598068137941,5.686037258294805,6.430612765750729,6.564659227665738,6.4338745164704205,6.33094591978419,6.136208076077146,6.575996515108236,5.978853882220765,5.992816570643365,6.44522620617578,6.559699788415269,6.2365259873362735,6.30689991398527,6.4102380163407116,6.361819964606538,6.4533912534716285,6.188452569456706,6.233966149374788,6.376664038099921,6.202740242429647,6.406561162543729,6.2736964700320685,0
