,Afrikaans,Albanian,Armenian,Bengali,Bosnian,Bulgarian,Catalan,Croatian,Czech,Danish,Dutch,English,French,Galician,German,Greek,Gujarati,Hindi,Icelandic,Irish,Italian,Latvian,Lithuanian,Macedonian,Marathi,Nepali,Norwegian,Pashto,Persian,Polish,Portuguese,Romanian,Russian,Serbian,Sinhala,Slovak,Slovenian,Spanish,Swedish,Ukrainian,Urdu,Welsh
Afrikaans,0,0.47236173057289305,0.44634828622147854,0.5593636731316417,0.4498785605719695,0.5039924511992275,0.5285093237921289,0.4828450064553283,0.4791492986332145,0.44031007591315113,0.3889636793865255,0.41431086018725694,0.5212178608853107,0.4909396055405729,0.46215732826654343,0.5760131162384271,0.5179973371786406,0.5028700186291837,0.43348664317509567,0.5535865004089526,0.4148409449774324,0.6078917625425831,0.4551905204564946,0.4770361886440937,0.5077912817005409,0.40489027255294374,0.4296716765299008,0.5128458965977302,0.4689193050652681,0.5162500427169098,0.515350297083011,0.4898648770751592,0.49991166927981096,0.4775132833709946,0.4132887526403199,0.519490691926255,0.5125111582283444,0.4603516399613928,0.41221072193249153,0.4705405662595797,0.49335222994602496,0.3919316350320335
Albanian,0.47236173057289305,0,0.42093174846759285,0.4992071355911344,0.4497631606254625,0.47675941884240397,0.5017764768118366,0.46065434332668115,0.4717701468209442,0.515054534752366,0.5049967904335965,0.5111474092615386,0.48946788714579914,0.4512457830939219,0.5262431381703828,0.5236448894651353,0.4783972905097403,0.45677821300974064,0.4859264357967578,0.4796277473707439,0.40417176785738945,0.5985583788390175,0.4581684196913675,0.4670814289772757,0.46195582193046997,0.3862141467054493,0.5000101963315047,0.4650425788513898,0.44579621097283756,0.5131193830916471,0.4916305287179352,0.4644581534162159,0.4724890307028314,0.46767865959215965,0.36834579396408046,0.496147067094174,0.4909306001181157,0.42808785635436647,0.47660451342529836,0.443620243927405,0.4391460912654015,0.37810830166992293
Armenian,0.44634828622147854,0.42093174846759285,0,0.4932747016610581,0.4639496059111093,0.45781179522190274,0.48521854081043764,0.4486632802618004,0.4466507166079603,0.4747622197405478,0.47106099198080453,0.48125964505916025,0.4712303839845211,0.44924605631960884,0.47344349039347483,0.4868291028476401,0.4696393788560158,0.468199910477638,0.4456766147793117,0.4538778018756928,0.4424177504742706,0.5506764991465466,0.4554043433325701,0.4499394270365366,0.4576168982162479,0.42719027967510914,0.4589137372851244,0.44619471018931584,0.43981330021478027,0.5178418477104475,0.48199073345911975,0.4592177619465501,0.45998772718457265,0.4590622962986072,0.41226730638524095,0.4665158181437054,0.4735434973613629,0.4499384202059961,0.45723412699499005,0.45222390520640526,0.44880233336910036,0.4207265009881397
Bengali,0.5593636731316417,0.4992071355911344,0.4932747016610581,0,0.5064949078976453,0.5515935565274694,0.5868889004175266,0.5303929380476038,0.527867618664607,0.5945580958131479,0.5803414848291472,0.5776235896588592,0.5654774440898058,0.5449603578159647,0.595338302466475,0.5931304564770966,0.46393478745861366,0.44543209483725754,0.5577980980419334,0.5787594354238058,0.46825107943448224,0.6435644733572529,0.5020820179014112,0.5296836732230981,0.484423394194046,0.3764105846917124,0.5853007094094539,0.5401067201848151,0.5186048500833503,0.5542182714753502,0.5813299114807097,0.5460577115630932,0.545689949526454,0.5430883830689347,0.4489735037741949,0.5634067388038841,0.5662921978555405,0.5132179465881931,0.5376121821705921,0.5203203548903049,0.46022135289030075,0.4544747468843886
Bosnian,0.4498785605719695,0.4497631606254625,0.4639496059111093,0.5064949078976453,0,0.36653831490556543,0.5035443556813519,0.2942155394239698,0.37293731314773454,0.4811867209560273,0.4844351987164051,0.4906601488170596,0.4780665801489899,0.47323512017481545,0.4971132362617741,0.5241738018081058,0.4978958000979554,0.4835862866074532,0.46985956874883794,0.5014430257759809,0.44182695854852244,0.5520388626224941,0.444518305194828,0.3368628146054061,0.48238083735920817,0.4248850955745484,0.46002605715116424,0.47135761066821164,0.4545014766407167,0.40359790070050633,0.49731844563343924,0.4663745955930644,0.37824055217678954,0.27289153564531354,0.4327715011815481,0.36427180696099276,0.3727935073855441,0.4562023517474065,0.4667852824750013,0.37640501284209266,0.459398974158046,0.4389939288440867
Bulgarian,0.5039924511992275,0.47675941884240397,0.45781179522190274,0.5515935565274694,0.36653831490556543,0,0.5451030926281064,0.3887758217083437,0.4138472515448172,0.5521946365570166,0.5310934560653037,0.5420773643701504,0.5338014869418347,0.5038887914567253,0.5544362882997474,0.5715107154104325,0.5289485721051506,0.5007647764616613,0.5074195270547257,0.5609855704169465,0.4309672848679099,0.6086352322101576,0.451313937675785,0.36056240473036427,0.5073675239404059,0.4339600662751065,0.5365386802439596,0.5317874348241419,0.48756688693932876,0.4573530652918119,0.5384118121815998,0.5079705354603247,0.4312072684064417,0.39087847505008644,0.43406690435951406,0.43803217609917494,0.4348552597718969,0.4658603876147557,0.5053993084334378,0.40353158290000635,0.4906864335930905,0.4168585116665355
Catalan,0.5285093237921289,0.5017764768118366,0.48521854081043764,0.5868889004175266,0.5035443556813519,0.5451030926281064,0,0.5206244912540846,0.5272632365272965,0.5610672265115314,0.557896659671669,0.5423617185739015,0.5071619427903197,0.42295146208239853,0.5714108258050391,0.576209642882965,0.5413405406731914,0.5317044765101415,0.5254872904146644,0.5749066293289754,0.3786149308247727,0.6394306377508919,0.4754220458809243,0.5220498232451983,0.5427683484685342,0.45793366938308927,0.5499407718043162,0.561795213698909,0.5125303229426864,0.5625764641489309,0.47767764288162995,0.4790274075603878,0.5382618800769944,0.5321547464975404,0.4553547539773357,0.5692249828599355,0.555433398607275,0.3973451596034357,0.5197056842467372,0.5091638205961084,0.5259718480361291,0.4313996875702194
Croatian,0.4828450064553283,0.46065434332668115,0.4486632802618004,0.5303929380476038,0.2942155394239698,0.3887758217083437,0.5206244912540846,0,0.37701005432224405,0.5120834930320591,0.5122335178511137,0.518271915199341,0.5183477190187928,0.4913569452439475,0.5280311115118148,0.549981317250691,0.5041313012263033,0.4850728458866651,0.4910705258188824,0.5218207066102296,0.4284837553529368,0.5960767395000501,0.4477427116098958,0.35976296977543926,0.4925814073958526,0.4108921502026042,0.4991836232343595,0.4851978071005838,0.4639989795952312,0.4348516263033546,0.5340759439832308,0.48958139808789575,0.42081949211043523,0.3131528833118112,0.41486544741263126,0.3964278994833549,0.38947150893329635,0.4558203352889987,0.48032401852891726,0.38816199036475346,0.4663799185642809,0.4115986043753102
Czech,0.4791492986332145,0.4717701468209442,0.4466507166079603,0.527867618664607,0.37293731314773454,0.4138472515448172,0.5272632365272965,0.37701005432224405,0,0.5044296163592641,0.5043928715938718,0.5036975071015521,0.5151498557598541,0.49173203157549483,0.5345510660988402,0.5603119107433383,0.5006533075057454,0.483618217530297,0.4940238578885832,0.5267894161912015,0.432449241604153,0.5764888212378259,0.45714071501538567,0.40148696088264246,0.487179457194866,0.4067812847706547,0.4969812393014724,0.49259986509410597,0.4726514724926661,0.4207356979826013,0.5186873095640977,0.49621415266919444,0.4204722889281587,0.3797530508121282,0.4211641030493348,0.35987166272807336,0.4013659668095073,0.45866639808033444,0.48013237167041456,0.3796830662174125,0.4658236790408885,0.41144415706285664
Danish,0.44031007591315113,0.515054534752366,0.4747622197405478,0.5945580958131479,0.4811867209560273,0.5521946365570166,0.5610672265115314,0.5120834930320591,0.5044296163592641,0,0.4900660332139347,0.4427797179873609,0.5545730820557643,0.5156998301855417,0.48654280183804244,0.6146833463639847,0.5364145973798061,0.5239193600695586,0.4470796536671676,0.5703291136450541,0.4251017396114824,0.6520665934885206,0.48510908123956,0.521949416196085,0.5392825799727895,0.42484077131836445,0.40871287876703183,0.5545499888405269,0.4854000743123773,0.540342904816953,0.5494268322434528,0.5258948041111543,0.5468783759035082,0.5241859778814998,0.4413465929765016,0.5551080852328797,0.5441944134565534,0.4796101136141907,0.39330740009301346,0.5026866027045188,0.5169504887067659,0.4001846529072692
Dutch,0.3889636793865255,0.5049967904335965,0.47106099198080453,0.5803414848291472,0.4844351987164051,0.5310934560653037,0.557896659671669,0.5122335178511137,0.5043928715938718,0.4900660332139347,0,0.44203988778609576,0.5446128065672335,0.5206732426610003,0.42976644543021486,0.5728423538500645,0.5435365536607475,0.5255019188121168,0.45818205831543585,0.5653936684907461,0.4525603767619174,0.6112719976239593,0.4697980824461824,0.509666321315328,0.5353362160319965,0.46090565588623617,0.47748465364743187,0.5491065795132806,0.49220729214424513,0.5386657898724376,0.5414673101721594,0.5165894166860485,0.51604120092912,0.5111943401576892,0.46042774436351236,0.542980064276221,0.5284242360892066,0.49761448497806154,0.4576097157237525,0.5081709586697444,0.5255829796685607,0.43632185626477327
English,0.41431086018725694,0.5111474092615386,0.48125964505916025,0.5776235896588592,0.4906601488170596,0.5420773643701504,0.5423617185739015,0.518271915199341,0.5036975071015521,0.4427797179873609,0.44203988778609576,0,0.5182182528623229,0.5152860531068578,0.4862936989080299,0.605790030045593,0.5355488937094475,0.521815802170005,0.461420591973329,0.5388207528787899,0.441289318637421,0.6440235146619381,0.48109566081199373,0.5198784373429726,0.5305191090429868,0.44911329462828403,0.4533051697303633,0.5423335393753469,0.49955429468599466,0.5349349843319233,0.5205983396598538,0.5195911781005549,0.5298853496754146,0.5200303423540739,0.46503742128199915,0.5398520941625105,0.5495167578494666,0.49212790221969444,0.4395044465501227,0.5105889055329417,0.5180700531207675,0.4292550381982966
French,0.5212178608853107,0.48946788714579914,0.4712303839845211,0.5654774440898058,0.4780665801489899,0.5338014869418347,0.5071619427903197,0.5183477190187928,0.5151498557598541,0.5545730820557643,0.5446128065672335,0.5182182528623229,0,0.49776008282692713,0.5543742503035582,0.5757589722445624,0.5406392805759515,0.5275929216768179,0.511765462150429,0.565922659946688,0.3853214225674601,0.6222778164976402,0.47271841570315826,0.500883705102576,0.5271441619579282,0.4315249780331474,0.5439063914823195,0.5251219339706941,0.4835710940159375,0.5321861535631139,0.5154299328755424,0.4750250940960147,0.5253083399393846,0.5160926923541156,0.4334895663504698,0.5508271968878173,0.5321603170181817,0.45196110726111877,0.5134281434558111,0.49322620695841396,0.5130320557243275,0.4146493946037318
Galician,0.4909396055405729,0.4512457830939219,0.44924605631960884,0.5449603578159647,0.47323512017481545,0.5038887914567253,0.42295146208239853,0.4913569452439475,0.49173203157549483,0.5156998301855417,0.5206732426610003,0.5152860531068578,0.49776008282692713,0,0.5488242214854022,0.5614246061481999,0.5050936559638226,0.49139932223145916,0.4828483743309456,0.5297272910517612,0.3420312219841485,0.6230610326210908,0.4665749886670161,0.4872715305414516,0.5025461054899552,0.410834182884742,0.5211327933051336,0.5325037815919582,0.4814949909543239,0.5405249754766294,0.41343936773986595,0.45612310947829937,0.5132822464883435,0.49898307427830324,0.4104483834911846,0.5377662741326232,0.5232684897227284,0.3192597425384954,0.47386944213593646,0.473526745670809,0.4882627085434684,0.38503513768609887
German,0.46215732826654343,0.5262431381703828,0.47344349039347483,0.595338302466475,0.4971132362617741,0.5544362882997474,0.5714108258050391,0.5280311115118148,0.5345510660988402,0.48654280183804244,0.42976644543021486,0.4862936989080299,0.5543742503035582,0.5488242214854022,0,0.5790171295374702,0.5664696148371142,0.5464744129843803,0.4806407325872391,0.5757329199343809,0.4634310006165872,0.6173358770465003,0.4737722705945983,0.5281743515150192,0.5610111626965341,0.48241644683522583,0.49411632695724855,0.5589640187144196,0.5079537686352493,0.5555779202295734,0.5839845481067041,0.5236157233908407,0.5454202450304217,0.5292659493665761,0.49179556806865443,0.5687953239337731,0.5332004134246647,0.5224432309209477,0.4560182819933789,0.5220090182786666,0.5343157552188238,0.4452969016140516
Greek,0.5760131162384271,0.5236448894651353,0.4868291028476401,0.5931304564770966,0.5241738018081058,0.5715107154104325,0.576209642882965,0.549981317250691,0.5603119107433383,0.6146833463639847,0.5728423538500645,0.605790030045593,0.5757589722445624,0.5614246061481999,0.5790171295374702,0,0.5731964572473742,0.5491237908614958,0.532639089423401,0.5954926015543454,0.4805182525834738,0.5791506519370155,0.43456998451269047,0.5549914710178931,0.5707263497084233,0.479385161268088,0.5958176391613247,0.5731771539011189,0.5247222337096821,0.5951858593666779,0.5755784560940223,0.5526920279834718,0.554736763983318,0.5584180828136198,0.48941018320980445,0.6122549118688009,0.5833919990230957,0.5223441178266874,0.5729010911464949,0.5393519023632145,0.5376889633180557,0.45635139576727357
Gujarati,0.5179973371786406,0.4783972905097403,0.4696393788560158,0.46393478745861366,0.4978958000979554,0.5289485721051506,0.5413405406731914,0.5041313012263033,0.5006533075057454,0.5364145973798061,0.5435365536607475,0.5355488937094475,0.5406392805759515,0.5050936559638226,0.5664696148371142,0.5731964572473742,0,0.3829415984219269,0.5218747595601977,0.5454190968687336,0.43751387119004137,0.6478502700398043,0.48784689959697514,0.49781042618193055,0.3860737559781807,0.3570434248666467,0.5340799592058754,0.5034817511312925,0.4889432344779173,0.5448593784191339,0.5476763703532521,0.5194588675158414,0.5334623140463998,0.523211563484068,0.42561260566051995,0.5376272356202098,0.5420806754499359,0.47388311857702387,0.5023969625540703,0.49907377228201144,0.4327142889693915,0.42350805677845504
Hindi,0.5028700186291837,0.45677821300974064,0.468199910477638,0.44543209483725754,0.4835862866074532,0.5007647764616613,0.5317044765101415,0.4850728458866651,0.483618217530297,0.5239193600695586,0.5255019188121168,0.521815802170005,0.5275929216768179,0.49139932223145916,0.5464744129843803,0.5491237908614958,0.3829415984219269,0,0.5069359494969223,0.5251321637645083,0.4329554381238939,0.6452679593354111,0.4822753414958813,0.47556106523165537,0.4020019125925382,0.33852514385445703,0.5268013549999134,0.4843306542130462,0.4750952364795497,0.5397659528023799,0.5377938578440579,0.507923731532123,0.5137286152349962,0.5034367606853478,0.41092638964852235,0.5180753232647538,0.5148831428126078,0.4638774705943833,0.49454894949501316,0.48694090404658585,0.3565632092805691,0.4131682168561479
Icelandic,0.43348664317509567,0.4859264357967578,0.4456766147793117,0.5577980980419334,0.46985956874883794,0.5074195270547257,0.5254872904146644,0.4910705258188824,0.4940238578885832,0.4470796536671676,0.45818205831543585,0.461420591973329,0.511765462150429,0.4828483743309456,0.4806407325872391,0.532639089423401,0.5218747595601977,0.5069359494969223,0,0.5259472307128391,0.44068793694486136,0.5838177865693384,0.4293755649863359,0.489593608273957,0.5137157950100846,0.4420225633075021,0.4255004806301076,0.5270919495866813,0.4779215227511986,0.5369172855142701,0.5230235397985621,0.4994420722666176,0.49572763820899735,0.49201469696636496,0.43745749498414993,0.5373264511293712,0.517363842037549,0.4682885309749347,0.42530755305572543,0.479738508911092,0.4988801726163333,0.41035249750734515
Irish,0.5535865004089526,0.4796277473707439,0.4538778018756928,0.5787594354238058,0.5014430257759809,0.5609855704169465,0.5749066293289754,0.5218207066102296,0.5267894161912015,0.5703291136450541,0.5653936684907461,0.5388207528787899,0.565922659946688,0.5297272910517612,0.5757329199343809,0.5954926015543454,0.5454190968687336,0.5251321637645083,0.5259472307128391,0,0.43340435606012934,0.6470592781099651,0.47782754292530494,0.5287597056194239,0.5327571984741784,0.429463394944684,0.5705908395386463,0.5230208598191891,0.4923107086212054,0.5548485827894684,0.5441694107381458,0.5212517312468261,0.5523297695975891,0.544431429626336,0.41994387197567856,0.5736315237400224,0.5624614852793696,0.46835147648352365,0.5088416192480201,0.5145218274863588,0.5113747997026454,0.39057767407496596
Italian,0.4148409449774324,0.40417176785738945,0.4424177504742706,0.46825107943448224,0.44182695854852244,0.4309672848679099,0.3786149308247727,0.4284837553529368,0.432449241604153,0.4251017396114824,0.4525603767619174,0.441289318637421,0.3853214225674601,0.3420312219841485,0.4634310006165872,0.4805182525834738,0.43751387119004137,0.4329554381238939,0.44068793694486136,0.43340435606012934,0,0.5704442222867153,0.4702787225528619,0.4290188944329699,0.43044295625746526,0.39004131269564035,0.419723868705785,0.4269041572064185,0.4342398639907916,0.4936078994609658,0.3934358764120123,0.363214259739825,0.44754959124267724,0.434308803549132,0.3901384308058058,0.44712965998890647,0.4365409580871911,0.34345872526517657,0.41353024782094566,0.43240463611133617,0.42313905996083434,0.3811394211938971
Latvian,0.6078917625425831,0.5985583788390175,0.5506764991465466,0.6435644733572529,0.5520388626224941,0.6086352322101576,0.6394306377508919,0.5960767395000501,0.5764888212378259,0.6520665934885206,0.6112719976239593,0.6440235146619381,0.6222778164976402,0.6230610326210908,0.6173358770465003,0.5791506519370155,0.6478502700398043,0.6452679593354111,0.5838177865693384,0.6470592781099651,0.5704442222867153,0,0.4051965483303307,0.5881511474790488,0.6405063976930416,0.59430911784756,0.6260135135368465,0.6421172890149114,0.600744711787153,0.5779894060902605,0.6052536184238274,0.6001386085013679,0.5433715687303666,0.5846688936896985,0.5944283347529479,0.5889096525161367,0.5925128017283877,0.6176485303059284,0.6281169974482498,0.5839470493288108,0.6231830645355739,0.5607492617474739
Lithuanian,0.4551905204564946,0.4581684196913675,0.4554043433325701,0.5020820179014112,0.444518305194828,0.451313937675785,0.4754220458809243,0.4477427116098958,0.45714071501538567,0.48510908123956,0.4697980824461824,0.48109566081199373,0.47271841570315826,0.4665749886670161,0.4737722705945983,0.43456998451269047,0.48784689959697514,0.4822753414958813,0.4293755649863359,0.47782754292530494,0.4702787225528619,0.4051965483303307,0,0.4466849299695235,0.4829352449342295,0.47213431916676957,0.46699391708206806,0.4815325549960981,0.47507592554130385,0.5008811550227059,0.4790065989536775,0.45997123189582795,0.4365324781103313,0.4402633433224552,0.4617182652012038,0.4580460131954851,0.4616375604525926,0.4645868870932141,0.4704354900222421,0.45135977365473856,0.4797403867657982,0.4653845686005384
Macedonian,0.4770361886440937,0.4670814289772757,0.4499394270365366,0.5296836732230981,0.3368628146054061,0.36056240473036427,0.5220498232451983,0.35976296977543926,0.40148696088264246,0.521949416196085,0.509666321315328,0.5198784373429726,0.500883705102576,0.4872715305414516,0.5281743515150192,0.5549914710178931,0.49781042618193055,0.47556106523165537,0.489593608273957,0.5287597056194239,0.4290188944329699,0.5881511474790488,0.4466849299695235,0,0.49243112912999587,0.4124769459593373,0.5085693660332185,0.496331538857363,0.4694098396075226,0.44856571467412315,0.520034881603273,0.4847029529655968,0.4152506325569554,0.3433916263307432,0.41640162953383303,0.4150226687250609,0.4223638062215507,0.4602523788784566,0.4898500661513312,0.3872234667087444,0.4702369376956913,0.4234676931231263
Marathi,0.5077912817005409,0.46195582193046997,0.4576168982162479,0.484423394194046,0.48238083735920817,0.5073675239404059,0.5427683484685342,0.4925814073958526,0.487179457194866,0.5392825799727895,0.5353362160319965,0.5305191090429868,0.5271441619579282,0.5025461054899552,0.5610111626965341,0.5707263497084233,0.3860737559781807,0.4020019125925382,0.5137157950100846,0.5327571984741784,0.43044295625746526,0.6405063976930416,0.4829352449342295,0.49243112912999587,0,0.35608383702066554,0.5360316592548444,0.5011905781197571,0.4851787138763215,0.5339695177185354,0.5414992321315324,0.5176747101010584,0.5160675738366827,0.5104288705871691,0.39318294045922264,0.5242708722057633,0.5356925435450213,0.4622689113690763,0.49707860094104434,0.490627731475079,0.43082610518997094,0.4080324087949692
Nepali,0.40489027255294374,0.3862141467054493,0.42719027967510914,0.3764105846917124,0.4248850955745484,0.4339600662751065,0.45793366938308927,0.4108921502026042,0.4067812847706547,0.42484077131836445,0.46090565588623617,0.44911329462828403,0.4315249780331474,0.410834182884742,0.48241644683522583,0.479385161268088,0.3570434248666467,0.33852514385445703,0.4420225633075021,0.429463394944684,0.39004131269564035,0.59430911784756,0.47213431916676957,0.4124769459593373,0.35608383702066554,0,0.42240859324712376,0.3994275709939554,0.42207345063908264,0.4848623979840769,0.46988201732764756,0.4419003978988666,0.45592725531678696,0.4335652311530409,0.3403510762395322,0.4387295141641772,0.43733186992939416,0.39838180163411885,0.4089712342772127,0.4248609388893557,0.3442291623030302,0.3833118534073839
Norwegian,0.4296716765299008,0.5000101963315047,0.4589137372851244,0.5853007094094539,0.46002605715116424,0.5365386802439596,0.5499407718043162,0.4991836232343595,0.4969812393014724,0.40871287876703183,0.47748465364743187,0.4533051697303633,0.5439063914823195,0.5211327933051336,0.49411632695724855,0.5958176391613247,0.5340799592058754,0.5268013549999134,0.4255004806301076,0.5705908395386463,0.419723868705785,0.6260135135368465,0.46699391708206806,0.5085693660332185,0.5360316592548444,0.42240859324712376,0,0.5559322591164827,0.47671129612374574,0.5246510951523164,0.5404632303883121,0.516189560505611,0.5193909307827473,0.503871847875028,0.42779675342969115,0.5471154412493682,0.5358218544351996,0.47410077136591655,0.3760735855629814,0.4896560128822988,0.5127931246900959,0.40490861509746967
Pashto,0.5128458965977302,0.4650425788513898,0.44619471018931584,0.5401067201848151,0.47135761066821164,0.5317874348241419,0.561795213698909,0.4851978071005838,0.49259986509410597,0.5545499888405269,0.5491065795132806,0.5423335393753469,0.5251219339706941,0.5325037815919582,0.5589640187144196,0.5731771539011189,0.5034817511312925,0.4843306542130462,0.5270919495866813,0.5230208598191891,0.4269041572064185,0.6421172890149114,0.4815325549960981,0.496331538857363,0.5011905781197571,0.3994275709939554,0.5559322591164827,0,0.4195760932421223,0.5382942766138286,0.5349003211381641,0.5093256095924028,0.5127241395112003,0.5019710173320616,0.3973161689686584,0.5360466270930717,0.5266740810182919,0.47502472414206615,0.5175522845855538,0.48186665179098015,0.4602011377664608,0.3998917883721388
Persian,0.4689193050652681,0.44579621097283756,0.43981330021478027,0.5186048500833503,0.4545014766407167,0.48756688693932876,0.5125303229426864,0.4639989795952312,0.4726514724926661,0.4854000743123773,0.49220729214424513,0.49955429468599466,0.4835710940159375,0.4814949909543239,0.5079537686352493,0.5247222337096821,0.4889432344779173,0.4750952364795497,0.4779215227511986,0.4923107086212054,0.4342398639907916,0.600744711787153,0.47507592554130385,0.4694098396075226,0.4851787138763215,0.42207345063908264,0.47671129612374574,0.4195760932421223,0,0.5107007622125509,0.5056521249983646,0.46986136221915054,0.4743129686738548,0.47040190985534774,0.42923515134432916,0.4947618106366794,0.48134252777961917,0.4606899082091028,0.4653981008119877,0.46693123995794084,0.44444814989678044,0.4168003209526235
Polish,0.5162500427169098,0.5131193830916471,0.5178418477104475,0.5542182714753502,0.40359790070050633,0.4573530652918119,0.5625764641489309,0.4348516263033546,0.4207356979826013,0.540342904816953,0.5386657898724376,0.5349349843319233,0.5321861535631139,0.5405249754766294,0.5555779202295734,0.5951858593666779,0.5448593784191339,0.5397659528023799,0.5369172855142701,0.5548485827894684,0.4936078994609658,0.5779894060902605,0.5008811550227059,0.44856571467412315,0.5339695177185354,0.4848623979840769,0.5246510951523164,0.5382942766138286,0.5107007622125509,0,0.5218549594479551,0.5154449202528838,0.42823219471808055,0.41502883959054304,0.4983863833433611,0.37740211545976765,0.43360031841408064,0.5236204009000562,0.5310433625419307,0.4240675993855502,0.5269142468299206,0.47989113740028433
Portuguese,0.515350297083011,0.4916305287179352,0.48199073345911975,0.5813299114807097,0.49731844563343924,0.5384118121815998,0.47767764288162995,0.5340759439832308,0.5186873095640977,0.5494268322434528,0.5414673101721594,0.5205983396598538,0.5154299328755424,0.41343936773986595,0.5839845481067041,0.5755784560940223,0.5476763703532521,0.5377938578440579,0.5230235397985621,0.5441694107381458,0.3934358764120123,0.6052536184238274,0.4790065989536775,0.520034881603273,0.5414992321315324,0.46988201732764756,0.5404632303883121,0.5349003211381641,0.5056521249983646,0.5218549594479551,0,0.47592394040699615,0.50190237854705,0.5219036264781345,0.4666096205073189,0.5260602108291141,0.5304977755751,0.4113764340748168,0.5203809109658296,0.505279296616016,0.5225848312151669,0.43267907700720476
Romanian,0.4898648770751592,0.4644581534162159,0.4592177619465501,0.5460577115630932,0.4663745955930644,0.5079705354603247,0.4790274075603878,0.48958139808789575,0.49621415266919444,0.5258948041111543,0.5165894166860485,0.5195911781005549,0.4750250940960147,0.45612310947829937,0.5236157233908407,0.5526920279834718,0.5194588675158414,0.507923731532123,0.4994420722666176,0.5212517312468261,0.363214259739825,0.6001386085013679,0.45997123189582795,0.4847029529655968,0.5176747101010584,0.4419003978988666,0.516189560505611,0.5093256095924028,0.46986136221915054,0.5154449202528838,0.47592394040699615,0,0.4935985137684048,0.4899852398566647,0.4441561416367616,0.5241850150146408,0.5136841615663396,0.43572308704773394,0.4985725917916418,0.4884783702847905,0.4985086433700873,0.41682200487066845
Russian,0.49991166927981096,0.4724890307028314,0.45998772718457265,0.545689949526454,0.37824055217678954,0.4312072684064417,0.5382618800769944,0.42081949211043523,0.4204722889281587,0.5468783759035082,0.51604120092912,0.5298853496754146,0.5253083399393846,0.5132822464883435,0.5454202450304217,0.554736763983318,0.5334623140463998,0.5137286152349962,0.49572763820899735,0.5523297695975891,0.44754959124267724,0.5433715687303666,0.4365324781103313,0.4152506325569554,0.5160675738366827,0.45592725531678696,0.5193909307827473,0.5127241395112003,0.4743129686738548,0.42823219471808055,0.50190237854705,0.4935985137684048,0,0.3981656138094036,0.44676695798669036,0.40979359293325435,0.4466509242473695,0.4879992085434587,0.5104398077268208,0.3745907427166057,0.5077483341120627,0.44048821546032324
Serbian,0.4775132833709946,0.46767865959215965,0.4590622962986072,0.5430883830689347,0.27289153564531354,0.39087847505008644,0.5321547464975404,0.3131528833118112,0.3797530508121282,0.5241859778814998,0.5111943401576892,0.5200303423540739,0.5160926923541156,0.49898307427830324,0.5292659493665761,0.5584180828136198,0.523211563484068,0.5034367606853478,0.49201469696636496,0.544431429626336,0.434308803549132,0.5846688936896985,0.4402633433224552,0.3433916263307432,0.5104288705871691,0.4335652311530409,0.503871847875028,0.5019710173320616,0.47040190985534774,0.41502883959054304,0.5219036264781345,0.4899852398566647,0.3981656138094036,0,0.4386227923821655,0.3938065006624706,0.3978538560677386,0.46673660012395857,0.49208568198958974,0.38397560572477263,0.4869773713385721,0.42643126659439884
Sinhala,0.4132887526403199,0.36834579396408046,0.41226730638524095,0.4489735037741949,0.4327715011815481,0.43406690435951406,0.4553547539773357,0.41486544741263126,0.4211641030493348,0.4413465929765016,0.46042774436351236,0.46503742128199915,0.4334895663504698,0.4104483834911846,0.49179556806865443,0.48941018320980445,0.42561260566051995,0.41092638964852235,0.43745749498414993,0.41994387197567856,0.3901384308058058,0.5944283347529479,0.4617182652012038,0.41640162953383303,0.39318294045922264,0.3403510762395322,0.42779675342969115,0.3973161689686584,0.42923515134432916,0.4983863833433611,0.4666096205073189,0.4441561416367616,0.44676695798669036,0.4386227923821655,0,0.44607780259693014,0.4492209383119767,0.39016910957057876,0.4215898396238841,0.42760293005945205,0.40100149612491154,0.36733421064058575
Slovak,0.519490691926255,0.496147067094174,0.4665158181437054,0.5634067388038841,0.36427180696099276,0.43803217609917494,0.5692249828599355,0.3964278994833549,0.35987166272807336,0.5551080852328797,0.542980064276221,0.5398520941625105,0.5508271968878173,0.5377662741326232,0.5687953239337731,0.6122549118688009,0.5376272356202098,0.5180753232647538,0.5373264511293712,0.5736315237400224,0.44712965998890647,0.5889096525161367,0.4580460131954851,0.4150226687250609,0.5242708722057633,0.4387295141641772,0.5471154412493682,0.5360466270930717,0.4947618106366794,0.37740211545976765,0.5260602108291141,0.5241850150146408,0.40979359293325435,0.3938065006624706,0.44607780259693014,0,0.42663351508909597,0.4990329226375993,0.5200950662428034,0.40534104816720434,0.5052773654588272,0.4304627444747645
Slovenian,0.5125111582283444,0.4909306001181157,0.4735434973613629,0.5662921978555405,0.3727935073855441,0.4348552597718969,0.555433398607275,0.38947150893329635,0.4013659668095073,0.5441944134565534,0.5284242360892066,0.5495167578494666,0.5321603170181817,0.5232684897227284,0.5332004134246647,0.5833919990230957,0.5420806754499359,0.5148831428126078,0.517363842037549,0.5624614852793696,0.4365409580871911,0.5925128017283877,0.4616375604525926,0.4223638062215507,0.5356925435450213,0.43733186992939416,0.5358218544351996,0.5266740810182919,0.48134252777961917,0.43360031841408064,0.5304977755751,0.5136841615663396,0.4466509242473695,0.3978538560677386,0.4492209383119767,0.42663351508909597,0,0.4801434679847914,0.512184878446839,0.4252127929376206,0.5059659683850062,0.4246536132360664
Spanish,0.4603516399613928,0.42808785635436647,0.4499384202059961,0.5132179465881931,0.4562023517474065,0.4658603876147557,0.3973451596034357,0.4558203352889987,0.45866639808033444,0.4796101136141907,0.49761448497806154,0.49212790221969444,0.45196110726111877,0.3192597425384954,0.5224432309209477,0.5223441178266874,0.47388311857702387,0.4638774705943833,0.4682885309749347,0.46835147648352365,0.34345872526517657,0.6176485303059284,0.4645868870932141,0.4602523788784566,0.4622689113690763,0.39838180163411885,0.47410077136591655,0.47502472414206615,0.4606899082091028,0.5236204009000562,0.4113764340748168,0.43572308704773394,0.4879992085434587,0.46673660012395857,0.39016910957057876,0.4990329226375993,0.4801434679847914,0,0.456291007426627,0.4494986904772994,0.46056992089545173,0.3833688051299125
Swedish,0.41221072193249153,0.47660451342529836,0.45723412699499005,0.5376121821705921,0.4667852824750013,0.5053993084334378,0.5197056842467372,0.48032401852891726,0.48013237167041456,0.39330740009301346,0.4576097157237525,0.4395044465501227,0.5134281434558111,0.47386944213593646,0.4560182819933789,0.5729010911464949,0.5023969625540703,0.49454894949501316,0.42530755305572543,0.5088416192480201,0.41353024782094566,0.6281169974482498,0.4704354900222421,0.4898500661513312,0.49707860094104434,0.4089712342772127,0.3760735855629814,0.5175522845855538,0.4653981008119877,0.5310433625419307,0.5203809109658296,0.4985725917916418,0.5104398077268208,0.49208568198958974,0.4215898396238841,0.5200950662428034,0.512184878446839,0.456291007426627,0,0.48340638264707425,0.48730050072203274,0.40123325538616567
Ukrainian,0.4705405662595797,0.443620243927405,0.45222390520640526,0.5203203548903049,0.37640501284209266,0.40353158290000635,0.5091638205961084,0.38816199036475346,0.3796830662174125,0.5026866027045188,0.5081709586697444,0.5105889055329417,0.49322620695841396,0.473526745670809,0.5220090182786666,0.5393519023632145,0.49907377228201144,0.48694090404658585,0.479738508911092,0.5145218274863588,0.43240463611133617,0.5839470493288108,0.45135977365473856,0.3872234667087444,0.490627731475079,0.4248609388893557,0.4896560128822988,0.48186665179098015,0.46693123995794084,0.4240675993855502,0.505279296616016,0.4884783702847905,0.3745907427166057,0.38397560572477263,0.42760293005945205,0.40534104816720434,0.4252127929376206,0.4494986904772994,0.48340638264707425,0,0.47017724368158603,0.403338359606674
Urdu,0.49335222994602496,0.4391460912654015,0.44880233336910036,0.46022135289030075,0.459398974158046,0.4906864335930905,0.5259718480361291,0.4663799185642809,0.4658236790408885,0.5169504887067659,0.5255829796685607,0.5180700531207675,0.5130320557243275,0.4882627085434684,0.5343157552188238,0.5376889633180557,0.4327142889693915,0.3565632092805691,0.4988801726163333,0.5113747997026454,0.42313905996083434,0.6231830645355739,0.4797403867657982,0.4702369376956913,0.43082610518997094,0.3442291623030302,0.5127931246900959,0.4602011377664608,0.44444814989678044,0.5269142468299206,0.5225848312151669,0.4985086433700873,0.5077483341120627,0.4869773713385721,0.40100149612491154,0.5052773654588272,0.5059659683850062,0.46056992089545173,0.48730050072203274,0.47017724368158603,0,0.4013883053707309
Welsh,0.3919316350320335,0.37810830166992293,0.4207265009881397,0.4544747468843886,0.4389939288440867,0.4168585116665355,0.4313996875702194,0.4115986043753102,0.41144415706285664,0.4001846529072692,0.43632185626477327,0.4292550381982966,0.4146493946037318,0.38503513768609887,0.4452969016140516,0.45635139576727357,0.42350805677845504,0.4131682168561479,0.41035249750734515,0.39057767407496596,0.3811394211938971,0.5607492617474739,0.4653845686005384,0.4234676931231263,0.4080324087949692,0.3833118534073839,0.40490861509746967,0.3998917883721388,0.4168003209526235,0.47989113740028433,0.43267907700720476,0.41682200487066845,0.44048821546032324,0.42643126659439884,0.36733421064058575,0.4304627444747645,0.4246536132360664,0.3833688051299125,0.40123325538616567,0.403338359606674,0.4013883053707309,0
