,Afrikaans,Albanian,Armenian,Bengali,Bosnian,Bulgarian,Catalan,Croatian,Czech,Danish,Dutch,English,French,Galician,German,Greek,Gujarati,Hindi,Icelandic,Irish,Italian,Latvian,Lithuanian,Macedonian,Marathi,Nepali,Norwegian,Pashto,Persian,Polish,Portuguese,Romanian,Russian,Serbian,Sinhala,Slovak,Slovenian,Spanish,Swedish,Ukrainian,Urdu,Welsh
Afrikaans,0,0.44078822318140437,0.4440845351594292,0.4770004592994323,0.45444732553375844,0.4669557189141921,0.48295539984988145,0.4608109208780246,0.47475725213722114,0.4494450717290591,0.35409753565252594,0.4443289180851371,0.46380683039551723,0.43604365307433485,0.43393561031699646,0.4786015999957447,0.48998279467472905,0.4938141611590002,0.4127871774239117,0.4698430652987207,0.47556933990343736,0.46540019404640626,0.47203688636398133,0.4552286253341981,0.4819254496604405,0.45561933895534595,0.43207192524059496,0.442320603434351,0.44896320258270794,0.4814044893897064,0.4575112623100597,0.4654981746138749,0.4599975569950797,0.45284638039865777,0.4331298070830694,0.4685208249890715,0.4762303051100134,0.47747846385879844,0.42744347086114515,0.45526183605568527,0.4685120179012591,0.4667257081451712
Albanian,0.44078822318140437,0,0.4329004000030674,0.46246646542375175,0.4551617199565665,0.4747862633442015,0.4876067947038059,0.4659711910348419,0.47797122258507224,0.47275804197680893,0.4581587180145194,0.49638900093647104,0.46120560053238013,0.4258650315518229,0.4636000910123659,0.4639223836329314,0.48609515523780705,0.48652861782339984,0.4398156359899006,0.4628109772046395,0.47603528138179724,0.4655514244826511,0.46416409634028677,0.4527622182745239,0.4766028722811863,0.43119777134055626,0.4724709312017355,0.43141712530059295,0.4422439169572188,0.47272482288260137,0.45326358941348466,0.45767002710769455,0.46016484130805774,0.45901109507787663,0.3895892122780157,0.4614331648499663,0.4799056695510963,0.4731259038511367,0.4579830117752703,0.45102658797749656,0.45490935565325796,0.466435336239421
Armenian,0.4440845351594292,0.4329004000030674,0,0.45600393851100807,0.4402764295954984,0.46383486979681643,0.47183832400881043,0.4500584728910725,0.46626491142766896,0.4784164284960896,0.4618444836870346,0.47553614611489764,0.4598520156819524,0.4366519177151583,0.46692011006303913,0.4533035969744527,0.4787038753537714,0.4789125624294191,0.427101309101206,0.47266521767106345,0.46450845415641545,0.44804764791255025,0.4463725120765067,0.44437237709987365,0.4675730725031526,0.4402036316092339,0.4563687941536449,0.4324029134370477,0.43487256930134666,0.46410885992190504,0.45575912991527046,0.44989537213522235,0.45125250405430034,0.44692685502193913,0.4139688925815181,0.4616236110390541,0.47034212103449763,0.47394741069405055,0.44533720261990367,0.4432184624229033,0.44876972849726116,0.44722069057903413
Bengali,0.4770004592994323,0.46246646542375175,0.45600393851100807,0,0.4662953436827856,0.473942291246143,0.4834587982815528,0.4696183436426211,0.4762520835190437,0.5011328391609314,0.4798794579473135,0.48316644567179595,0.47721491149766887,0.4597899198040409,0.48603881243108255,0.46919532018574567,0.4346491141437835,0.4343799490210815,0.46687517096038067,0.48863495018479447,0.47254939381852923,0.48494246215847436,0.4792161468829599,0.4651823641098264,0.436462695318498,0.40327866325470296,0.4864705682275038,0.4639156268203646,0.467123291937675,0.47758025909211466,0.46344993718846866,0.4651702510017834,0.47205836040601495,0.46355204350974,0.4418324521975607,0.4758656999128567,0.49023581571263025,0.47005364329402044,0.4713970831506824,0.46187995699898254,0.4077223960485629,0.4662985002804013
Bosnian,0.45444732553375844,0.4551617199565665,0.4402764295954984,0.4662953436827856,0,0.40204022342176465,0.4863424971148235,0.33978836106463656,0.4208054846712581,0.4743244241288085,0.46436218788638656,0.48241244440142755,0.4646558909640157,0.44962084816064873,0.4743198796289539,0.46679662637481506,0.48616853979577446,0.47827565385112536,0.4475406500646149,0.48826482524924264,0.45123247693309965,0.4461522093621367,0.4442935683665645,0.3485549973479825,0.47856455924832414,0.44448449767282305,0.4673862876168614,0.4585076941740872,0.46306747384757585,0.40672135085822786,0.45509478482687116,0.4521378656993649,0.37690126737978674,0.2856955879456486,0.4441469429233543,0.39530266544584713,0.4072644981395149,0.4675124800932712,0.4592800873244528,0.37307202888311897,0.45498321419487475,0.4538744450696718
Bulgarian,0.4669557189141921,0.4747862633442015,0.46383486979681643,0.473942291246143,0.40204022342176465,0,0.47797031427249675,0.3675958566159765,0.4195685792078681,0.4817695552621057,0.46715949492934944,0.4723637880792484,0.4673845675894317,0.44888907344344003,0.4820055431686754,0.4622673562431161,0.4849253924787577,0.4874115293526334,0.46075034733901193,0.48573933806064046,0.44858112673009165,0.478572380700481,0.4745764917928909,0.3605098298834455,0.47772547707220053,0.47030707374396596,0.47615756145514637,0.46428412577596573,0.47181511798953335,0.43634902522844954,0.45887986140664094,0.4615830281049579,0.4116281362183541,0.3809378671491772,0.4558965239441078,0.41534948508397274,0.4234888647769948,0.4633659891580235,0.4680527192609285,0.40738859530249094,0.45956159470259633,0.4509456849644987
Catalan,0.48295539984988145,0.4876067947038059,0.47183832400881043,0.4834587982815528,0.4863424971148235,0.47797031427249675,0,0.47429851284094665,0.4950883481092065,0.49960141946060865,0.48363469163273387,0.481971932904423,0.45251970423019716,0.4103564386275372,0.49565245314862655,0.4766618832880958,0.49682958712025566,0.49679201520261157,0.478524575240711,0.49461084807397565,0.42374233440044645,0.49762140082574463,0.49310375846775417,0.4748508716959064,0.48734526181355203,0.48902960858523103,0.47218789594571187,0.4895619668205612,0.48512473452511423,0.5013590953590862,0.4148325031503768,0.4419150761778018,0.4908878584322763,0.4798591333046869,0.47740142798721386,0.4886920363169066,0.49208522274325284,0.40504132255900016,0.47815195603287153,0.47682669706708114,0.4760535100720306,0.47477647247133375
Croatian,0.4608109208780246,0.4659711910348419,0.4500584728910725,0.4696183436426211,0.33978836106463656,0.3675958566159765,0.47429851284094665,0,0.4041129234904244,0.4742734417609921,0.46472585479379563,0.4717608759167944,0.45645923467466154,0.44765248314443395,0.47677097909431865,0.46449677871533157,0.48421130007294855,0.4824375608833075,0.45451636188829714,0.4854578832113313,0.4486409426719585,0.47906606427027026,0.4611633071369162,0.3657999414309502,0.4719674880648057,0.45911611115764883,0.47300071401684096,0.4534001317244533,0.46286170386564246,0.42540674766364023,0.45745921620029295,0.45485473026271167,0.40383189562734245,0.3137306443279102,0.4458050954346457,0.3888691336667298,0.3819096467895095,0.46070448168697603,0.4634713561337615,0.38676462295614145,0.45347858996250257,0.4501310370072748
Czech,0.47475725213722114,0.47797122258507224,0.46626491142766896,0.4762520835190437,0.4208054846712581,0.4195685792078681,0.4950883481092065,0.4041129234904244,0,0.4785754373907388,0.47382564045715997,0.488238939957223,0.47085931482361787,0.4646420007786468,0.4886397604658839,0.47826300427306184,0.49948143237674536,0.4958369082665276,0.46513428185550887,0.4960148914975567,0.4649010582227849,0.4798398341918777,0.48650808333150913,0.4218494136940984,0.49367589264561046,0.46294911222558144,0.48414618537889853,0.4668891562844925,0.4707960677313639,0.4233564042575886,0.4683484026098521,0.4694619029944165,0.42238645365635835,0.40556596104925696,0.46272458948744544,0.364649832370947,0.43897369793961855,0.47611339392321744,0.47897560034814146,0.40826419775187456,0.4676744405289684,0.45777769872745133
Danish,0.4494450717290591,0.47275804197680893,0.4784164284960896,0.5011328391609314,0.4743244241288085,0.4817695552621057,0.49960141946060865,0.4742734417609921,0.4785754373907388,0,0.44929869154985475,0.47812558213849465,0.4690515162559577,0.46349761612150703,0.45454207359100507,0.49009064740391806,0.510145259345979,0.5061241686572708,0.43169944321567194,0.4929654847371309,0.46771290207001737,0.5020470344310131,0.5027470106758746,0.4741778080033396,0.4991935463488829,0.4660939697738299,0.4158487828939221,0.47216825813826946,0.4841252896293766,0.4944162927143928,0.4823791288161986,0.47587892950734567,0.47700349762895466,0.47690285730389426,0.4535951337300304,0.48236783514453085,0.4885138244417667,0.49226706220496436,0.4278457170691056,0.4669969637716098,0.4831930962227828,0.4694219103741102
Dutch,0.35409753565252594,0.4581587180145194,0.4618444836870346,0.4798794579473135,0.46436218788638656,0.46715949492934944,0.48363469163273387,0.46472585479379563,0.47382564045715997,0.44929869154985475,0,0.4510725478092792,0.47010880047276155,0.45650339419568525,0.41400902474615076,0.4715760332310877,0.4892580920059796,0.49328170127267945,0.43397864080188486,0.47890594984650664,0.46790323009993195,0.4811472235461792,0.48250832003581595,0.45878242343537995,0.4838329423433497,0.46446775693360526,0.43863576898438983,0.4682989754236877,0.4620334359776363,0.4809239291506728,0.45265440753333963,0.4690867264924236,0.4720263106308446,0.46156174821381846,0.45288662279741365,0.472080033230037,0.4760244377385749,0.4649072995686453,0.4415058825378906,0.4620621248130566,0.46982334408911547,0.4669985172476229
English,0.4443289180851371,0.49638900093647104,0.47553614611489764,0.48316644567179595,0.48241244440142755,0.4723637880792484,0.481971932904423,0.4717608759167944,0.488238939957223,0.47812558213849465,0.4510725478092792,0,0.4791044665180169,0.4749370226175702,0.46552865441300023,0.4840412864737641,0.486301862660885,0.49283511692312043,0.458763509761496,0.49100533856738443,0.4723008231147243,0.48832128280987736,0.49020753187336763,0.47475656250462883,0.4842494335108495,0.47989726670222543,0.45784510863949396,0.4890774247171269,0.4855258437040872,0.49560746963825447,0.47285568186237176,0.4764394699969832,0.48038329626179754,0.4699176318020386,0.4823162197350394,0.48558033314610044,0.4897341820110311,0.4842542791435871,0.46132336808261415,0.4753738210290756,0.47851687617673394,0.46523076299983057
French,0.46380683039551723,0.46120560053238013,0.4598520156819524,0.47721491149766887,0.4646558909640157,0.4673845675894317,0.45251970423019716,0.45645923467466154,0.47085931482361787,0.4690515162559577,0.47010880047276155,0.4791044665180169,0,0.43423835501190355,0.4776879180059899,0.47087026579951574,0.4944371411788572,0.49723339897115065,0.4592328249716678,0.4810087611055563,0.4341347401058303,0.4852089147852691,0.4854488285371362,0.4610711569032128,0.4789277096479529,0.46268963364144466,0.469931924121553,0.4580219017710408,0.4713864020817821,0.4841961558235228,0.4483279822499574,0.4463274494471927,0.4681566571105631,0.46051363048764227,0.442077953877579,0.4746620381529188,0.4781902993144371,0.45617730531646977,0.46985430625796654,0.45680750253182445,0.47019849225534527,0.45681367246389487
Galician,0.43604365307433485,0.4258650315518229,0.4366519177151583,0.4597899198040409,0.44962084816064873,0.44888907344344003,0.4103564386275372,0.44765248314443395,0.4646420007786468,0.46349761612150703,0.45650339419568525,0.4749370226175702,0.43423835501190355,0,0.46726517641299836,0.4525396649066456,0.4783064462705839,0.4799700946706908,0.42335069189166763,0.4529277634044282,0.41633332666898887,0.46742703030570887,0.47352883969839543,0.4448917961637949,0.46616814589340017,0.4477397400497734,0.45892425162367545,0.4357678501750996,0.43863714633526496,0.47753539822359414,0.3689100778766794,0.4268444308273435,0.4546379306631105,0.44697544947401996,0.4144760596355415,0.4584387990950814,0.46989374065939593,0.3525303540277892,0.4500168834276146,0.4423030989313302,0.4546412477708016,0.4524328290963038
German,0.43393561031699646,0.4636000910123659,0.46692011006303913,0.48603881243108255,0.4743198796289539,0.4820055431686754,0.49565245314862655,0.47677097909431865,0.4886397604658839,0.45454207359100507,0.41400902474615076,0.46552865441300023,0.4776879180059899,0.46726517641299836,0,0.48192281327775505,0.4963028404761159,0.49468798991677043,0.44857900187446326,0.48602776623785227,0.47721477111803473,0.48449201327820657,0.4817987101824584,0.4734142853469823,0.491683013217072,0.4594032712526958,0.45977531196318355,0.47265940170264364,0.470799608399734,0.4878278259842825,0.4736424398685337,0.47172983213310127,0.4850105989580085,0.4737516751681457,0.45635827747879715,0.48012047796583895,0.48853154534306936,0.4854486974746575,0.45120544207426005,0.4750151244933709,0.47625911567581225,0.47408908841214253
Greek,0.4786015999957447,0.4639223836329314,0.4533035969744527,0.46919532018574567,0.46679662637481506,0.4622673562431161,0.4766618832880958,0.46449677871533157,0.47826300427306184,0.49009064740391806,0.4715760332310877,0.4840412864737641,0.47087026579951574,0.4525396649066456,0.48192281327775505,0,0.48321152383089144,0.4787139390275672,0.4637939299586059,0.48647206272014143,0.46179591092483574,0.4728543523534468,0.4783626375275183,0.4643053706245111,0.4745405965493488,0.45507655258442337,0.47506357080780703,0.465899573670465,0.4712020015061144,0.4832835667703186,0.45933701900905183,0.4641293612197439,0.4741057113969518,0.46538732126790516,0.44815156122515587,0.4729107230346332,0.48179015185384516,0.4517030456431767,0.47145166389298215,0.46184612470819614,0.45863100960296815,0.45709984893373606
Gujarati,0.48998279467472905,0.48609515523780705,0.4787038753537714,0.4346491141437835,0.48616853979577446,0.4849253924787577,0.49682958712025566,0.48421130007294855,0.49948143237674536,0.510145259345979,0.4892580920059796,0.486301862660885,0.4944371411788572,0.4783064462705839,0.4963028404761159,0.48321152383089144,0,0.38484871164731393,0.48251421719255433,0.5015086858726481,0.4887609695818139,0.5028511901570418,0.494497451755614,0.4830634779606983,0.36660051390690784,0.43719132974985275,0.4970149881531656,0.4757973913054885,0.48810173377352717,0.4971670360506384,0.48259439768665,0.4840358822591302,0.49113298340044403,0.47978853118302367,0.4638805278331632,0.494958014755323,0.5037817960923602,0.48266900286137115,0.49264578846377305,0.4784779871368185,0.4227477505547131,0.4836204011247258
Hindi,0.4938141611590002,0.48652861782339984,0.4789125624294191,0.4343799490210815,0.47827565385112536,0.4874115293526334,0.49679201520261157,0.4824375608833075,0.4958369082665276,0.5061241686572708,0.49328170127267945,0.49283511692312043,0.49723339897115065,0.4799700946706908,0.49468798991677043,0.4787139390275672,0.38484871164731393,0,0.4809067895058276,0.5013475298185536,0.48429291704873845,0.5048517677396109,0.4943161419322716,0.4821978442636589,0.40309249679022113,0.429036873531284,0.49591623020684295,0.47307402397015946,0.4864061251293227,0.4921852020259246,0.4827036006683257,0.4688150351454213,0.49245055865194465,0.4786658409830025,0.4603893146175849,0.490594082060472,0.5022841539248827,0.48485669260581366,0.4842000073268222,0.48123648952905074,0.36894005336928826,0.4847957206574344
Icelandic,0.4127871774239117,0.4398156359899006,0.427101309101206,0.46687517096038067,0.4475406500646149,0.46075034733901193,0.478524575240711,0.45451636188829714,0.46513428185550887,0.43169944321567194,0.43397864080188486,0.458763509761496,0.4592328249716678,0.42335069189166763,0.44857900187446326,0.4637939299586059,0.48251421719255433,0.4809067895058276,0,0.4694497203360829,0.46616331276433526,0.46280906719784715,0.46033833674851216,0.4482792051470212,0.47448802472284435,0.4512892879563259,0.4164678917442801,0.4427661038746976,0.4406960373085222,0.473528854511642,0.45582312774544903,0.45565942519443553,0.4508986494037229,0.44840671979396546,0.4173124679454531,0.46393639786795443,0.4742253036505961,0.4673889285826353,0.40455911523564075,0.4471693216506747,0.45716499476264383,0.4564144153906485
Irish,0.4698430652987207,0.4628109772046395,0.47266521767106345,0.48863495018479447,0.48826482524924264,0.48573933806064046,0.49461084807397565,0.4854578832113313,0.4960148914975567,0.4929654847371309,0.47890594984650664,0.49100533856738443,0.4810087611055563,0.4529277634044282,0.48602776623785227,0.48647206272014143,0.5015086858726481,0.5013475298185536,0.4694497203360829,0,0.4939591666876069,0.49764377741166954,0.4961478976053858,0.4758189793987537,0.4877771596080684,0.4758449878465702,0.48876705674738996,0.4646864694773194,0.4733935926625281,0.5030388381678563,0.4655599854839924,0.48310707553246746,0.4894368956181659,0.483272368154315,0.45061841475906506,0.48832057312264227,0.4962484609790954,0.47277463331101455,0.48072661494767915,0.4830012693205318,0.47658888874932775,0.4688220704050929
Italian,0.47556933990343736,0.47603528138179724,0.46450845415641545,0.47254939381852923,0.45123247693309965,0.44858112673009165,0.42374233440044645,0.4486409426719585,0.4649010582227849,0.46771290207001737,0.46790323009993195,0.4723008231147243,0.4341347401058303,0.41633332666898887,0.47721477111803473,0.46179591092483574,0.4887609695818139,0.48429291704873845,0.46616331276433526,0.4939591666876069,0,0.4886700896206965,0.4815422245121066,0.44991937156783574,0.47902132393813407,0.45910615923966397,0.4717795582989023,0.4715063596158994,0.47227240578094876,0.4717941028209795,0.4274296882802124,0.4157053783317904,0.4625281571132795,0.45079233178737627,0.4627139796758524,0.46634701864426603,0.4749638513813063,0.4157846659209713,0.47097994568670914,0.45019460686563245,0.4624745415682785,0.4297081715499117
Latvian,0.46540019404640626,0.4655514244826511,0.44804764791255025,0.48494246215847436,0.4461522093621367,0.478572380700481,0.49762140082574463,0.47906606427027026,0.4798398341918777,0.5020470344310131,0.4811472235461792,0.48832128280987736,0.4852089147852691,0.46742703030570887,0.48449201327820657,0.4728543523534468,0.5028511901570418,0.5048517677396109,0.46280906719784715,0.49764377741166954,0.4886700896206965,0,0.4065933262501724,0.4612646792274376,0.4986756246699385,0.46191543061943663,0.4813896863228727,0.4765387945063006,0.4770763202132709,0.45799679403639326,0.477777012756228,0.4757814042966462,0.4528224242240056,0.45564587368522763,0.4519866630110559,0.4657863926035943,0.4826104338064325,0.5008771031927141,0.4762654898050359,0.46032738410558294,0.47809544234782225,0.47736416746585897
Lithuanian,0.47203688636398133,0.46416409634028677,0.4463725120765067,0.4792161468829599,0.4442935683665645,0.4745764917928909,0.49310375846775417,0.4611633071369162,0.48650808333150913,0.5027470106758746,0.48250832003581595,0.49020753187336763,0.4854488285371362,0.47352883969839543,0.4817987101824584,0.4783626375275183,0.494497451755614,0.4943161419322716,0.46033833674851216,0.4961478976053858,0.4815422245121066,0.4065933262501724,0,0.4577316440649248,0.49379527539665463,0.4584792846692681,0.4782758357515009,0.47277148383748757,0.47300948491837896,0.4591386918146632,0.4801912028285371,0.47266696490176335,0.4557109173920829,0.44804626229055866,0.45023504793785396,0.47706841689139273,0.4779979013005402,0.4922192855984639,0.4695259681269736,0.4524488895930215,0.4698887719499396,0.47232884784987683
Macedonian,0.4552286253341981,0.4527622182745239,0.44437237709987365,0.4651823641098264,0.3485549973479825,0.3605098298834455,0.4748508716959064,0.3657999414309502,0.4218494136940984,0.4741778080033396,0.45878242343537995,0.47475656250462883,0.4610711569032128,0.4448917961637949,0.4734142853469823,0.4643053706245111,0.4830634779606983,0.4821978442636589,0.4482792051470212,0.4758189793987537,0.44991937156783574,0.4612646792274376,0.4577316440649248,0,0.4755727760558373,0.45080495702682905,0.46897977898681875,0.4532672978999267,0.4650082938216775,0.42505178527264964,0.45176234908754953,0.4563725504309144,0.38265586842458693,0.3156705829101865,0.4394070255162082,0.4023199072280796,0.4154918767954051,0.4578182027297942,0.4582443629524541,0.3716470952577847,0.4544435458865318,0.45093260553112696
Marathi,0.4819254496604405,0.4766028722811863,0.4675730725031526,0.436462695318498,0.47856455924832414,0.47772547707220053,0.48734526181355203,0.4719674880648057,0.49367589264561046,0.4991935463488829,0.4838329423433497,0.4842494335108495,0.4789277096479529,0.46616814589340017,0.491683013217072,0.4745405965493488,0.36660051390690784,0.40309249679022113,0.47448802472284435,0.4877771596080684,0.47902132393813407,0.4986756246699385,0.49379527539665463,0.4755727760558373,0,0.44159427889661107,0.48983424308305795,0.46759843885917063,0.4818893180745697,0.49447569787879864,0.4744735944478242,0.47669403630386414,0.4810556204837626,0.4719299876693384,0.45552983668368097,0.4837706503276708,0.4919000949592256,0.4706849120707576,0.4848945614798083,0.4718618262375629,0.42966417415620506,0.4743070858258585
Nepali,0.45561933895534595,0.43119777134055626,0.4402036316092339,0.40327866325470296,0.44448449767282305,0.47030707374396596,0.48902960858523103,0.45911611115764883,0.46294911222558144,0.4660939697738299,0.46446775693360526,0.47989726670222543,0.46268963364144466,0.4477397400497734,0.4594032712526958,0.45507655258442337,0.43719132974985275,0.429036873531284,0.4512892879563259,0.4758449878465702,0.45910615923966397,0.46191543061943663,0.4584792846692681,0.45080495702682905,0.44159427889661107,0,0.47109937306779226,0.43091161176268866,0.45237283850412446,0.45990820889617073,0.4523386019407722,0.44870825551116855,0.45755338903989184,0.4512535714648599,0.4086286241274059,0.4552972165662455,0.4757656858347063,0.4746304723952363,0.4556591247593091,0.45051002817718805,0.4037223299364264,0.4499295905999002
Norwegian,0.43207192524059496,0.4724709312017355,0.4563687941536449,0.4864705682275038,0.4673862876168614,0.47615756145514637,0.47218789594571187,0.47300071401684096,0.48414618537889853,0.4158487828939221,0.43863576898438983,0.45784510863949396,0.469931924121553,0.45892425162367545,0.45977531196318355,0.47506357080780703,0.4970149881531656,0.49591623020684295,0.4164678917442801,0.48876705674738996,0.4717795582989023,0.4813896863228727,0.4782758357515009,0.46897977898681875,0.48983424308305795,0.47109937306779226,0,0.47555699794118783,0.4736267940121364,0.4852949727138747,0.4701477198132627,0.4681150562427911,0.4769998581520039,0.4666238056404124,0.45624728346322097,0.47413908445819997,0.4788108865696872,0.4697324974733579,0.3761331901445353,0.47084500155372894,0.468020483974293,0.47511307453050383
Pashto,0.442320603434351,0.43141712530059295,0.4324029134370477,0.4639156268203646,0.4585076941740872,0.46428412577596573,0.4895619668205612,0.4534001317244533,0.4668891562844925,0.47216825813826946,0.4682989754236877,0.4890774247171269,0.4580219017710408,0.4357678501750996,0.47265940170264364,0.465899573670465,0.4757973913054885,0.47307402397015946,0.4427661038746976,0.4646864694773194,0.4715063596158994,0.4765387945063006,0.47277148383748757,0.4532672978999267,0.46759843885917063,0.43091161176268866,0.47555699794118783,0,0.4217853787386796,0.47655965502426717,0.46042268795153973,0.4577654080015901,0.4575258244273376,0.4562926124493681,0.41050064253045176,0.46427611620771936,0.4709074633205022,0.474467177834223,0.4582327946971329,0.45064169387044783,0.4419584859748786,0.4590911955980068
Persian,0.44896320258270794,0.4422439169572188,0.43487256930134666,0.467123291937675,0.46306747384757585,0.47181511798953335,0.48512473452511423,0.46286170386564246,0.4707960677313639,0.4841252896293766,0.4620334359776363,0.4855258437040872,0.4713864020817821,0.43863714633526496,0.470799608399734,0.4712020015061144,0.48810173377352717,0.4864061251293227,0.4406960373085222,0.4733935926625281,0.47227240578094876,0.4770763202132709,0.47300948491837896,0.4650082938216775,0.4818893180745697,0.45237283850412446,0.4736267940121364,0.4217853787386796,0,0.4786698427235377,0.4597589043450442,0.4654473980368721,0.46492865143148965,0.4599228729852776,0.43681433886496146,0.466925718090779,0.4788914627269791,0.4753677141880396,0.4645836060316856,0.456007132366849,0.44777020019457153,0.46154948021865483
Polish,0.4814044893897064,0.47272482288260137,0.46410885992190504,0.47758025909211466,0.40672135085822786,0.43634902522844954,0.5013590953590862,0.42540674766364023,0.4233564042575886,0.4944162927143928,0.4809239291506728,0.49560746963825447,0.4841961558235228,0.47753539822359414,0.4878278259842825,0.4832835667703186,0.4971670360506384,0.4921852020259246,0.473528854511642,0.5030388381678563,0.4717941028209795,0.45799679403639326,0.4591386918146632,0.42505178527264964,0.49447569787879864,0.45990820889617073,0.4852949727138747,0.47655965502426717,0.4786698427235377,0,0.4673560837025773,0.47519036830438227,0.41818561331905885,0.40958629733639246,0.4605241682210179,0.39072850185950075,0.44642790663722715,0.4854683074850488,0.47531969055544615,0.40790555919256727,0.4722417707004288,0.47343011485589453
Portuguese,0.4575112623100597,0.45326358941348466,0.45575912991527046,0.46344993718846866,0.45509478482687116,0.45887986140664094,0.4148325031503768,0.45745921620029295,0.4683484026098521,0.4823791288161986,0.45265440753333963,0.47285568186237176,0.4483279822499574,0.3689100778766794,0.4736424398685337,0.45933701900905183,0.48259439768665,0.4827036006683257,0.45582312774544903,0.4655599854839924,0.4274296882802124,0.477777012756228,0.4801912028285371,0.45176234908754953,0.4744735944478242,0.4523386019407722,0.4701477198132627,0.46042268795153973,0.4597589043450442,0.4673560837025773,0,0.44351542489544715,0.4657305623184774,0.4519399035647387,0.44784340638303755,0.4585058193043644,0.4735863398566226,0.3666558228096579,0.4698299718397147,0.4517387319824695,0.45670809467246026,0.45794835134561057
Romanian,0.4654981746138749,0.45767002710769455,0.44989537213522235,0.4651702510017834,0.4521378656993649,0.4615830281049579,0.4419150761778018,0.45485473026271167,0.4694619029944165,0.47587892950734567,0.4690867264924236,0.4764394699969832,0.4463274494471927,0.4268444308273435,0.47172983213310127,0.4641293612197439,0.4840358822591302,0.4688150351454213,0.45565942519443553,0.48310707553246746,0.4157053783317904,0.4757814042966462,0.47266696490176335,0.4563725504309144,0.47669403630386414,0.44870825551116855,0.4681150562427911,0.4577654080015901,0.4654473980368721,0.47519036830438227,0.44351542489544715,0,0.4634365837597496,0.4547115446751472,0.44452144726155096,0.4688653767594465,0.4748154885720257,0.44656394267678046,0.45976338166832137,0.4564919345841752,0.45590063023060207,0.4517500496987664
Russian,0.4599975569950797,0.46016484130805774,0.45125250405430034,0.47205836040601495,0.37690126737978674,0.4116281362183541,0.4908878584322763,0.40383189562734245,0.42238645365635835,0.47700349762895466,0.4720263106308446,0.48038329626179754,0.4681566571105631,0.4546379306631105,0.4850105989580085,0.4741057113969518,0.49113298340044403,0.49245055865194465,0.4508986494037229,0.4894368956181659,0.4625281571132795,0.4528224242240056,0.4557109173920829,0.38265586842458693,0.4810556204837626,0.45755338903989184,0.4769998581520039,0.4575258244273376,0.46492865143148965,0.41818561331905885,0.4657305623184774,0.4634365837597496,0,0.37410782275539056,0.44288621942423145,0.4071080293304378,0.4385340694787278,0.48043004347613194,0.46267196008976175,0.3524610725426054,0.4693814125124512,0.46036629388122785
Serbian,0.45284638039865777,0.45901109507787663,0.44692685502193913,0.46355204350974,0.2856955879456486,0.3809378671491772,0.4798591333046869,0.3137306443279102,0.40556596104925696,0.47690285730389426,0.46156174821381846,0.4699176318020386,0.46051363048764227,0.44697544947401996,0.4737516751681457,0.46538732126790516,0.47978853118302367,0.4786658409830025,0.44840671979396546,0.483272368154315,0.45079233178737627,0.45564587368522763,0.44804626229055866,0.3156705829101865,0.4719299876693384,0.4512535714648599,0.4666238056404124,0.4562926124493681,0.4599228729852776,0.40958629733639246,0.4519399035647387,0.4547115446751472,0.37410782275539056,0,0.44589990398376583,0.3834912354594948,0.3871142079432448,0.4627217664964627,0.45708656571349554,0.3628301831050999,0.45325704803633005,0.45148275713356695
Sinhala,0.4331298070830694,0.3895892122780157,0.4139688925815181,0.4418324521975607,0.4441469429233543,0.4558965239441078,0.47740142798721386,0.4458050954346457,0.46272458948744544,0.4535951337300304,0.45288662279741365,0.4823162197350394,0.442077953877579,0.4144760596355415,0.45635827747879715,0.44815156122515587,0.4638805278331632,0.4603893146175849,0.4173124679454531,0.45061841475906506,0.4627139796758524,0.4519866630110559,0.45023504793785396,0.4394070255162082,0.45552983668368097,0.4086286241274059,0.45624728346322097,0.41050064253045176,0.43681433886496146,0.4605241682210179,0.44784340638303755,0.44452144726155096,0.44288621942423145,0.44589990398376583,0,0.45376873822584324,0.46690187651263404,0.4586175368527519,0.43768218218961946,0.4355737302912712,0.43601897155580843,0.4491076971123903
Slovak,0.4685208249890715,0.4614331648499663,0.4616236110390541,0.4758656999128567,0.39530266544584713,0.41534948508397274,0.4886920363169066,0.3888691336667298,0.364649832370947,0.48236783514453085,0.472080033230037,0.48558033314610044,0.4746620381529188,0.4584387990950814,0.48012047796583895,0.4729107230346332,0.494958014755323,0.490594082060472,0.46393639786795443,0.48832057312264227,0.46634701864426603,0.4657863926035943,0.47706841689139273,0.4023199072280796,0.4837706503276708,0.4552972165662455,0.47413908445819997,0.46427611620771936,0.466925718090779,0.39072850185950075,0.4585058193043644,0.4688653767594465,0.4071080293304378,0.3834912354594948,0.45376873822584324,0,0.4194146255222214,0.473359920048181,0.47120107705716074,0.3965987995313595,0.46515180601121253,0.46513333548465263
Slovenian,0.4762303051100134,0.4799056695510963,0.47034212103449763,0.49023581571263025,0.4072644981395149,0.4234888647769948,0.49208522274325284,0.3819096467895095,0.43897369793961855,0.4885138244417667,0.4760244377385749,0.4897341820110311,0.4781902993144371,0.46989374065939593,0.48853154534306936,0.48179015185384516,0.5037817960923602,0.5022841539248827,0.4742253036505961,0.4962484609790954,0.4749638513813063,0.4826104338064325,0.4779979013005402,0.4154918767954051,0.4919000949592256,0.4757656858347063,0.4788108865696872,0.4709074633205022,0.4788914627269791,0.44642790663722715,0.4735863398566226,0.4748154885720257,0.4385340694787278,0.3871142079432448,0.46690187651263404,0.4194146255222214,0,0.48296090207817777,0.4780274303240916,0.4279015127409156,0.4761965549313417,0.4734888498828843
Spanish,0.47747846385879844,0.4731259038511367,0.47394741069405055,0.47005364329402044,0.4675124800932712,0.4633659891580235,0.40504132255900016,0.46070448168697603,0.47611339392321744,0.49226706220496436,0.4649072995686453,0.4842542791435871,0.45617730531646977,0.3525303540277892,0.4854486974746575,0.4517030456431767,0.48266900286137115,0.48485669260581366,0.4673889285826353,0.47277463331101455,0.4157846659209713,0.5008771031927141,0.4922192855984639,0.4578182027297942,0.4706849120707576,0.4746304723952363,0.4697324974733579,0.474467177834223,0.4753677141880396,0.4854683074850488,0.3666558228096579,0.44656394267678046,0.48043004347613194,0.4627217664964627,0.4586175368527519,0.473359920048181,0.48296090207817777,0,0.4794541587860141,0.4570731091408095,0.4611095180725482,0.4637590714533191
Swedish,0.42744347086114515,0.4579830117752703,0.44533720261990367,0.4713970831506824,0.4592800873244528,0.4680527192609285,0.47815195603287153,0.4634713561337615,0.47897560034814146,0.4278457170691056,0.4415058825378906,0.46132336808261415,0.46985430625796654,0.4500168834276146,0.45120544207426005,0.47145166389298215,0.49264578846377305,0.4842000073268222,0.40455911523564075,0.48072661494767915,0.47097994568670914,0.4762654898050359,0.4695259681269736,0.4582443629524541,0.4848945614798083,0.4556591247593091,0.3761331901445353,0.4582327946971329,0.4645836060316856,0.47531969055544615,0.4698299718397147,0.45976338166832137,0.46267196008976175,0.45708656571349554,0.43768218218961946,0.47120107705716074,0.4780274303240916,0.4794541587860141,0,0.45943668176994074,0.46071183481525413,0.46431363479421206
Ukrainian,0.45526183605568527,0.45102658797749656,0.4432184624229033,0.46187995699898254,0.37307202888311897,0.40738859530249094,0.47682669706708114,0.38676462295614145,0.40826419775187456,0.4669969637716098,0.4620621248130566,0.4753738210290756,0.45680750253182445,0.4423030989313302,0.4750151244933709,0.46184612470819614,0.4784779871368185,0.48123648952905074,0.4471693216506747,0.4830012693205318,0.45019460686563245,0.46032738410558294,0.4524488895930215,0.3716470952577847,0.4718618262375629,0.45051002817718805,0.47084500155372894,0.45064169387044783,0.456007132366849,0.40790555919256727,0.4517387319824695,0.4564919345841752,0.3524610725426054,0.3628301831050999,0.4355737302912712,0.3965987995313595,0.4279015127409156,0.4570731091408095,0.45943668176994074,0,0.45605528037193854,0.45077297008981904
Urdu,0.4685120179012591,0.45490935565325796,0.44876972849726116,0.4077223960485629,0.45498321419487475,0.45956159470259633,0.4760535100720306,0.45347858996250257,0.4676744405289684,0.4831930962227828,0.46982334408911547,0.47851687617673394,0.47019849225534527,0.4546412477708016,0.47625911567581225,0.45863100960296815,0.4227477505547131,0.36894005336928826,0.45716499476264383,0.47658888874932775,0.4624745415682785,0.47809544234782225,0.4698887719499396,0.4544435458865318,0.42966417415620506,0.4037223299364264,0.468020483974293,0.4419584859748786,0.44777020019457153,0.4722417707004288,0.45670809467246026,0.45590063023060207,0.4693814125124512,0.45325704803633005,0.43601897155580843,0.46515180601121253,0.4761965549313417,0.4611095180725482,0.46071183481525413,0.45605528037193854,0,0.4550017795458846
Welsh,0.4667257081451712,0.466435336239421,0.44722069057903413,0.4662985002804013,0.4538744450696718,0.4509456849644987,0.47477647247133375,0.4501310370072748,0.45777769872745133,0.4694219103741102,0.4669985172476229,0.46523076299983057,0.45681367246389487,0.4524328290963038,0.47408908841214253,0.45709984893373606,0.4836204011247258,0.4847957206574344,0.4564144153906485,0.4688220704050929,0.4297081715499117,0.47736416746585897,0.47232884784987683,0.45093260553112696,0.4743070858258585,0.4499295905999002,0.47511307453050383,0.4590911955980068,0.46154948021865483,0.47343011485589453,0.45794835134561057,0.4517500496987664,0.46036629388122785,0.45148275713356695,0.4491076971123903,0.46513333548465263,0.4734888498828843,0.4637590714533191,0.46431363479421206,0.45077297008981904,0.4550017795458846,0
