,Afrikaans,Albanian,Armenian,Bengali,Bosnian,Bulgarian,Catalan,Croatian,Czech,Danish,Dutch,English,French,Galician,German,Greek,Gujarati,Hindi,Icelandic,Irish,Italian,Latvian,Lithuanian,Macedonian,Marathi,Nepali,Norwegian,Pashto,Persian,Polish,Portuguese,Romanian,Russian,Serbian,Sinhala,Slovak,Slovenian,Spanish,Swedish,Ukrainian,Urdu,Welsh
Afrikaans,0,280.57392829122557,312.9778524056882,272.9235961830001,306.8890417866277,266.3163919276724,261.1979383448572,269.1150603930593,283.6237822656595,225.51125545823103,197.9626246669185,257.90718852263575,253.56538883569064,242.75595091951163,246.07515328421567,283.6453523995812,280.7775220539335,290.48073381349747,242.81333055502387,248.53223495979435,324.7598709733533,311.6696307825733,381.1642966170639,275.27464180756255,268.03006459285484,302.0003146983808,218.20379848319408,249.58724696379363,304.9126679696232,326.40040743447645,273.75429805552994,278.5122300769999,290.0292282449586,270.63213435582895,297.3075607003793,266.47026529476267,270.3640261521764,288.1249216847085,235.18372192562185,289.3237241279288,273.8229651293629,327.6925875643478
Albanian,280.57392829122557,0,335.9047862651378,297.6300257848605,342.322491120248,309.02820281974164,305.1586599111423,311.2821857416814,325.96240899281173,287.86848788938454,316.0582478661911,336.70868930638665,290.84860611673486,272.55002800632576,314.582684177632,312.575532777067,316.4110885590715,322.0159831734303,301.50200278352753,286.4162004258985,365.9906520333863,343.7364953421682,405.43528661596883,308.09232300143213,301.2249067423418,319.14446576403327,285.3163294001272,276.9988961230743,336.32451825846243,361.82535877870214,311.95577753596257,306.8936401298618,319.7833700324977,309.1846041360512,286.5729460357799,300.6983318510196,320.1376197797475,326.3159852723882,299.7249829823534,318.313014901453,300.2831950886399,367.1853363930697
Armenian,312.9778524056882,335.9047862651378,0,337.9628202830574,370.11864699721957,348.7153191941046,339.35891569790664,338.6632032088874,356.0175037225039,332.60103234106424,351.11064601527056,362.6905830930507,333.1076034010547,316.4982045586229,349.59498134073203,345.9650037338796,354.09521059619806,363.66540611408215,329.05118687822176,327.5734273868389,396.9004388986745,358.9490772461466,420.9292610900011,342.88539009209336,343.4993790290851,362.09100012595786,319.322158045253,314.92088816863344,356.99324475691174,391.0123210526209,346.7181206032781,345.1300386716744,356.403739487784,341.79639324559804,350.9807143041644,339.0678038902097,349.8877846072055,369.67114795965966,333.0389567147469,355.7584981193637,338.7713467549158,389.70291378988827
Bengali,272.9235961830001,297.6300257848605,337.9628202830574,0,335.1677395469217,286.9581554657471,277.2193924991284,298.2830252421543,303.45009505628497,280.54419463731494,293.7804844397995,299.0593108073663,277.8046279729611,272.0477156454438,299.7712924557888,288.9089763587553,253.46806343970712,258.1963565396241,296.5964271096017,267.7755363758015,343.2656891026213,330.73501834162306,396.1756397759013,297.23250106842335,250.41192556970248,274.9826206246204,272.36599544991924,273.03574227503015,324.92669058194673,336.45268198004135,287.2720276208354,296.4390331630272,316.21184549763825,296.54432644336487,306.5962552227467,288.7177569004957,300.92890600967127,293.8480234495535,287.3557986989472,314.2298742604082,245.40678331786665,349.0538421151748
Bosnian,306.8890417866277,342.322491120248,370.11864699721957,335.1677395469217,0,274.37239791112205,327.51790845450904,222.36296807360742,289.53573017978107,316.09386043318614,332.4105153645342,353.6253266181052,319.13731516973746,310.21227255607846,341.7006795262272,341.34747584604463,347.38306514477677,353.096491694109,331.2247647867558,319.81539626689795,371.44945284351013,340.45729500494315,415.1776216807077,243.10310566298332,335.3979513716894,360.5013649204906,303.35508794320594,321.4420416778706,368.6666713885732,323.0715333798355,329.7077057819131,337.7860854852005,275.23477873020136,193.00710371623595,358.9983166568271,260.8948587392968,269.04276761629285,341.7008357311287,330.1854955143435,276.71720400522133,329.07874106571387,385.52959920641956
Bulgarian,266.3163919276724,309.02820281974164,348.7153191941046,286.9581554657471,274.37239791112205,0,267.0535425253687,222.2269646773008,248.11377641475343,265.1137951458998,281.3839241916287,289.3855803513044,271.45929114877003,258.0498048735731,296.2415577296282,284.9399435675342,293.9290170298776,301.8951714188784,289.7973179299874,266.5791106438258,318.01669380329935,327.8556581244479,399.4724023715143,219.66458109557962,279.8854949877218,337.1804301948777,262.17719009049074,276.73524632873824,326.3136877611048,306.0385944819137,281.906241553532,293.01107428113374,267.39827124247626,232.35805497814965,325.0168357024269,239.55678483542442,247.25446380291046,285.1667581076301,285.82830116399526,267.43119993126066,283.49884711646337,328.1272977451768
Catalan,261.1979383448572,305.1586599111423,339.35891569790664,277.2193924991284,327.51790845450904,267.0535425253687,0,278.1404551421924,292.77415560388744,260.9465912328955,277.38199956948813,274.0996924240712,246.33484298823905,216.60721892305364,287.7247488108748,274.3260809765952,277.08171906633606,284.9766910323608,288.38924971683724,250.8205324276986,277.80529714743363,330.48353304714544,400.1628105639589,284.36249715383826,265.2695910721538,328.27535662067004,250.33584555032445,273.200675311065,324.58371347375817,337.5543773250221,232.35651389321234,264.569373117489,308.46527385974514,285.4320070109596,320.8723487794227,275.315629393489,280.66372276332606,226.20689770168605,272.96066532198415,301.3233079965937,276.2227350898213,327.22736203625993
Croatian,269.1150603930593,311.2821857416814,338.6632032088874,298.2830252421543,222.36296807360742,222.2269646773008,278.1404551421924,0,250.59994301909657,272.72103375318034,296.4417962149816,297.87610063697593,278.3374419356936,266.7393950021944,305.0956062437967,301.45235734349467,302.56371132641806,310.45298858663443,296.10934785483056,278.9576216180545,328.05203640929864,330.09335708747005,387.9851571283683,228.84446359480003,288.1264074781828,336.4129283274811,267.9381796694995,279.1239903578294,327.5986829628398,305.1044564227004,294.99326068850735,299.2477097282116,261.18769568159684,189.65144913279923,323.1010361600174,232.16470439169487,228.8798329292591,301.30205969953994,291.9510147337908,258.64372047203284,290.76456014635767,338.8629002287881
Czech,283.6237822656595,325.96240899281173,356.0175037225039,303.45009505628497,289.53573017978107,248.11377641475343,292.77415560388744,250.59994301909657,0,276.4052964946809,304.5093243673716,312.4672755087906,287.69804170191793,281.0834716634944,311.5804680944527,310.1684236998929,317.70184162688287,324.4662355592018,305.0545240740644,285.34441572503295,339.54263434683327,329.138722628506,418.4400840335683,267.865250345194,305.4542904655858,345.4391195505672,276.92523202196134,291.5230405886254,338.4114935817503,300.1464583699334,303.9926144506507,309.5863219840372,270.26324910642074,254.35742527341006,340.68284591796566,212.5317841821507,260.535797074192,312.0413857304561,306.3026333422386,267.12901613563105,298.8985548907286,348.2444300753883
Danish,225.51125545823103,287.86848788938454,332.60103234106424,280.54419463731494,316.09386043318614,265.1137951458998,260.9465912328955,272.72103375318034,276.4052964946809,0,252.68524836404598,270.11963370465327,251.49525995540122,247.52704980108888,254.2271698437705,282.68177536624273,286.0942913379959,296.18359125690404,242.54795894461407,244.61518782709084,316.32831176168276,319.4717961800227,398.6144963490593,280.04104286766386,271.78985532906296,311.0772318937945,203.72913082224673,258.4788974541801,316.70017128780205,331.6555438234209,279.7082087550695,280.4968788596467,293.9588738946358,281.40142563104206,302.10280354528294,266.4020075520166,269.7133372179238,288.35305620395735,230.81986507991823,291.3413650261683,278.77513294837973,324.42723022894063
Dutch,197.9626246669185,316.0582478661911,351.11064601527056,293.7804844397995,332.4105153645342,281.3839241916287,277.38199956948813,296.4417962149816,304.5093243673716,252.68524836404598,0,277.020434073527,277.0163060075921,275.67359163588543,251.0527412039221,295.8104651894817,298.21434195134964,307.8972305898871,274.57354704886325,269.96531697980856,336.67462935825114,332.8665362123944,411.1075601663656,298.90423721461383,288.4305911755632,335.3997577730027,240.31732346530092,287.48233769804233,333.79783841090114,343.8123527674937,289.36080484537905,301.49269691641445,318.2768080969439,297.6977196423249,333.13326168480023,289.2067368906628,292.61866264002805,296.6125970393836,267.4227556412395,317.47080791102746,293.45582932799226,346.1918523671481
English,257.90718852263575,336.70868930638665,362.6905830930507,299.0593108073663,353.6253266181052,289.3855803513044,274.0996924240712,297.87610063697593,312.4672755087906,270.11963370465327,277.020434073527,0,286.2055127537849,286.49395268028974,287.82141042044157,306.34258902248655,296.9687415555719,313.3578277469034,300.84410143666,269.475646572794,343.9388834457521,347.0231012999182,426.5116644090352,306.41163872458014,287.7916573586485,347.4962297050427,255.23255013844548,298.8195530608836,346.21170501214067,359.74039323397824,296.03698007065213,311.6003860151406,329.9150370028119,304.2894732771475,355.1945942663254,299.21501389290637,297.53837808600275,303.0401144220384,284.38441048010196,323.84844592525104,297.654433664608,346.3697823670897
French,253.56538883569064,290.84860611673486,333.1076034010547,277.8046279729611,319.13731516973746,271.45929114877003,246.33484298823905,278.3374419356936,287.69804170191793,251.49525995540122,277.0163060075921,286.2055127537849,0,239.95050763398282,279.7772085414724,283.52573383881975,289.46436363318736,300.62480846865435,282.231049009259,252.13976978315875,296.70421100167954,321.13970816428014,394.99790060177077,284.3258286752122,272.6028040601986,316.8055607437678,249.20035081128154,263.72060037786537,317.041774746377,335.7619473938671,264.73382086112457,273.2267796622542,301.19728235669663,282.95968009909575,307.54762719797833,274.3495600894724,278.32353820331315,271.69995071241595,274.9073811152764,298.2846531571486,278.886463519226,326.4951234000517
Galician,242.75595091951163,272.55002800632576,316.4982045586229,272.0477156454438,310.21227255607846,258.0498048735731,216.60721892305364,266.7393950021944,281.0834716634944,247.52704980108888,275.67359163588543,286.49395268028974,239.95050763398282,0,281.04296387405697,273.54327338037086,280.5099129547901,288.37648318150457,259.9432239262308,243.95978161932354,281.20216576456187,317.3071849031841,384.67080848426644,273.2749176391259,265.08843203872055,307.04122998097444,246.8086227808751,253.92838958048796,301.3209918068132,333.2354257636494,211.88568037417627,255.4213502488792,289.8707178419322,271.7147138266513,283.58339185737793,263.8675066260098,274.7628787110145,203.62214888461645,264.0567378063806,285.3934861624772,274.48362297265487,318.89745850767014
German,246.07515328421567,314.582684177632,349.59498134073203,299.7712924557888,341.7006795262272,296.2415577296282,287.7247488108748,305.0956062437967,311.5804680944527,254.2271698437705,251.0527412039221,287.82141042044157,279.7772085414724,281.04296387405697,0,298.244847313116,303.20580779320443,311.6270584425737,287.797361786698,271.48802285577034,340.19940457401486,339.2291200237279,409.0909335811434,309.9039911076646,296.3202921055367,330.79962100379555,257.354511223026,288.52539080632533,335.9732307156154,351.24228277618323,300.2909080935625,303.11264858864047,327.79871663548545,306.5300384746042,337.99254122401277,292.4967875128915,299.3316471591229,309.0705372377361,271.7186372141191,325.79427652146734,297.5290576681479,349.52818571968817
Greek,283.6453523995812,312.575532777067,345.9650037338796,288.9089763587553,341.34747584604463,284.9399435675342,274.3260809765952,301.45235734349467,310.1684236998929,282.68177536624273,295.8104651894817,306.34258902248655,283.52573383881975,273.54327338037086,298.244847313116,0,294.07296264756724,300.9397348315069,300.924808256142,271.3064991060488,336.626388956516,328.6469415812711,405.5476703169222,300.77813448806825,284.741908055095,331.97999236008445,272.73861939916037,286.7104853348926,337.2205516647421,351.70033625345354,290.2262283436983,301.59948186772516,320.8321055882158,302.6510502455979,329.33164065969095,292.0120217350753,302.51345586132607,288.7257605468089,296.09726725986974,315.65041688139075,289.6643093162673,343.4171515315103
Gujarati,280.7775220539335,316.4110885590715,354.09521059619806,253.46806343970712,347.38306514477677,293.9290170298776,277.08171906633606,302.56371132641806,317.70184162688287,286.0942913379959,298.21434195134964,296.9687415555719,289.46436363318736,280.5099129547901,303.20580779320443,294.07296264756724,0,226.21649535327742,307.72455301496217,268.2963613461437,356.0271875285169,351.33005005740335,410.91402985789773,304.56957486966434,203.78702593822862,292.7232718606668,278.94422823570255,276.978440791388,342.69705483025746,353.94193324316325,298.3970174381449,309.4774773433561,330.66004631274234,302.98353320959586,323.2720659810485,297.3498138943647,303.00074997990055,298.898033038003,294.71051702281875,321.23417269976375,250.79111990322528,356.7917482999778
Hindi,290.48073381349747,322.0159831734303,363.66540611408215,258.1963565396241,353.096491694109,301.8951714188784,284.9766910323608,310.45298858663443,324.4662355592018,296.18359125690404,307.8972305898871,313.3578277469034,300.62480846865435,288.37648318150457,311.6270584425737,300.9397348315069,226.21649535327742,0,316.02064810737994,277.3590908952406,361.68296253558015,359.57943839973865,418.3335021441003,311.289829477765,235.67271692074715,297.73834094967594,285.993652222542,285.88574214471953,343.9294007720205,357.0713584963771,302.9521020983084,309.0093612760288,340.75981466843314,311.3703225809766,326.24581550274974,303.65340457381785,312.566683314842,305.63398694438973,300.6678673240403,330.16550411333407,219.13486525367452,369.1811724771616
Icelandic,242.81333055502387,301.50200278352753,329.05118687822176,296.5964271096017,331.2247647867558,289.7973179299874,288.38924971683724,296.10934785483056,305.0545240740644,242.54795894461407,274.57354704886325,300.84410143666,282.231049009259,259.9432239262308,287.797361786698,300.924808256142,307.72455301496217,316.02064810737994,0,275.9636401595237,348.34827427549266,331.54712694792244,396.0044753967516,297.65412947074304,296.6267997306823,332.5332702145425,237.3748363507188,278.20389441748046,323.9448715255909,351.6724470154025,298.1401882127603,300.7355658605209,308.5733529381654,296.02131890465864,305.5885142600098,293.8886483080723,303.9688509501619,312.18091972248834,249.42003396604326,309.60721255858215,298.70058937415433,352.2231563948541
Irish,248.53223495979435,286.4162004258985,327.5734273868389,267.7755363758015,319.81539626689795,266.5791106438258,250.8205324276986,278.9576216180545,285.34441572503295,244.61518782709084,269.96531697980856,269.475646572794,252.13976978315875,243.95978161932354,271.48802285577034,271.3064991060488,268.2963613461437,277.3590908952406,275.9636401595237,0,320.21610604956595,322.10941970717204,394.91314207132626,279.87351040298864,254.4981482605998,309.5511195212896,240.87018565276963,252.84621028468734,313.96070140064825,331.4092345728189,263.7317258203803,274.9273575041094,299.3887606497661,280.8456821026502,301.4019090137152,266.41881627897584,273.7243876657961,266.4884568335912,264.1277403884336,296.6735571179986,265.45074977490367,311.19546150990755
Italian,324.7598709733533,365.9906520333863,396.9004388986745,343.2656891026213,371.44945284351013,318.01669380329935,277.80529714743363,328.05203640929864,339.54263434683327,316.32831176168276,336.67462935825114,343.9388834457521,296.70421100167954,281.20216576456187,340.19940457401486,336.626388956516,356.0271875285169,361.68296253558015,348.34827427549266,320.21610604956595,0,388.4296254380691,455.25648535532025,337.5650584045649,340.2749026872207,387.06176531765055,315.00893668301705,337.5220888630374,379.0880499776978,390.342171985322,301.4429578105246,310.37263099502013,356.9955360974624,335.98864189802555,388.30365747176205,328.1690295603467,335.53882731006445,297.0214696101986,339.3494712509121,353.5743244218262,341.7320403222452,361.56289307936396
Latvian,311.6696307825733,343.7364953421682,358.9490772461466,330.73501834162306,340.45729500494315,327.8556581244479,330.48353304714544,330.09335708747005,329.138722628506,319.4717961800227,332.8665362123944,347.0231012999182,321.13970816428014,317.3071849031841,339.2291200237279,328.6469415812711,351.33005005740335,359.57943839973865,331.54712694792244,322.10941970717204,388.4296254380691,0,372.4310448451519,328.3596491173715,340.48491889906705,361.7522633620485,307.35577331895223,325.4252014654357,371.2783831780996,357.59419148205234,336.3454636175268,344.74775598441045,328.2032230135197,319.5754429152332,365.01052408665794,310.4232709121423,317.3401980987278,360.78141021667744,333.27083498835367,337.81310746125286,332.2346752924723,395.7874323558417
Lithuanian,381.1642966170639,405.43528661596883,420.9292610900011,396.1756397759013,415.1776216807077,399.4724023715143,400.1628105639589,387.9851571283683,418.4400840335683,398.6144963490593,411.1075601663656,426.5116644090352,394.99790060177077,384.67080848426644,409.0909335811434,405.5476703169222,410.91402985789773,418.3335021441003,396.0044753967516,394.91314207132626,455.25648535532025,372.4310448451519,0,394.097084868046,403.3867653488077,418.4972418735808,380.7325726394464,385.7835510715011,438.9209187486765,432.95526536736315,411.4329926772137,405.78833930852437,402.74662468130833,386.0467932919246,412.2992767303209,391.8358704107628,401.95306951632546,425.46003304753435,393.0035050562497,406.01292295340534,395.7498689324908,458.6430039377888
Macedonian,275.27464180756255,308.09232300143213,342.88539009209336,297.23250106842335,243.10310566298332,219.66458109557962,284.36249715383826,228.84446359480003,267.865250345194,280.04104286766386,298.90423721461383,306.41163872458014,284.3258286752122,273.2749176391259,309.9039911076646,300.77813448806825,304.56957486966434,311.289829477765,297.65412947074304,279.87351040298864,337.5650584045649,328.3596491173715,394.097084868046,0,292.34904029977554,331.597582817545,272.11458536051515,284.1555291767566,338.22495827282063,313.757001165949,295.29740600318274,303.5314364663069,257.06849883729586,201.45106281668075,319.979996106808,245.4469543321817,253.64205464082139,303.31552996239617,293.8598851583476,254.99876041392278,292.8123681975483,350.2018801572187
Marathi,268.03006459285484,301.2249067423418,343.4993790290851,250.41192556970248,335.3979513716894,279.8854949877218,265.2695910721538,288.1264074781828,305.4542904655858,271.78985532906296,288.4305911755632,287.7916573586485,272.6028040601986,265.08843203872055,296.3202921055367,284.741908055095,203.78702593822862,235.67271692074715,296.6267997306823,254.4981482605998,340.2749026872207,340.48491889906705,403.3867653488077,292.34904029977554,0,294.1528209302613,263.9679708810717,266.96983603300936,333.5019764275546,345.62069720385955,283.6542403941503,295.5202521350897,312.58338486220987,290.75982482503946,309.28388369280947,282.732788612023,289.19302871045033,282.58285225911476,283.924542479987,308.0605516415166,250.7232856400162,342.9038459578527
Nepali,302.0003146983808,319.14446576403327,362.09100012595786,274.9826206246204,360.5013649204906,337.1804301948777,328.27535662067004,336.4129283274811,345.4391195505672,311.0772318937945,335.3997577730027,347.4962297050427,316.8055607437678,307.04122998097444,330.79962100379555,331.97999236008445,292.7232718606668,297.73834094967594,332.5332702145425,309.5511195212896,387.06176531765055,361.7522633620485,418.4972418735808,331.597582817545,294.1528209302613,0,308.63511042814787,293.0820066490949,363.3502810786626,378.8230761661562,335.2742271577254,333.35339923123166,352.43651576673,331.86696485535134,324.11199090491584,325.12621942115976,337.5000436670817,351.2528883084197,319.16441239392867,349.45022226332475,281.90201103520303,385.96901460576726
Norwegian,218.20379848319408,285.3163294001272,319.322158045253,272.36599544991924,303.35508794320594,262.17719009049074,250.33584555032445,267.9381796694995,276.92523202196134,203.72913082224673,240.31732346530092,255.23255013844548,249.20035081128154,246.8086227808751,257.354511223026,272.73861939916037,278.94422823570255,285.993652222542,237.3748363507188,240.87018565276963,315.00893668301705,307.35577331895223,380.7325726394464,272.11458536051515,263.9679708810717,308.63511042814787,0,260.78075777032683,309.2960177901,321.5435209884581,265.58261634205945,275.94294015108176,293.276822013453,268.76609022010615,300.7866217438273,259.44268474569964,262.6245936503924,270.25576114687624,203.41436698877692,288.4001410662487,265.9585527285991,326.0126031638998
Pashto,249.58724696379363,276.9988961230743,314.92088816863344,273.03574227503015,321.4420416778706,276.73524632873824,273.200675311065,279.1239903578294,291.5230405886254,258.4788974541801,287.48233769804233,298.8195530608836,263.72060037786537,253.92838958048796,288.52539080632533,286.7104853348926,276.978440791388,285.88574214471953,278.20389441748046,252.84621028468734,337.5220888630374,325.4252014654357,385.7835510715011,284.1555291767566,266.96983603300936,293.0820066490949,260.78075777032683,0,289.0937330663923,337.36145297810526,284.56440710618733,285.3385321711346,299.4836420556072,284.727335914749,285.54411947871995,277.11912958056206,281.0719036341446,298.98135628407397,275.49096942971926,297.94276189072434,263.8714273263083,335.7800995076511
Persian,304.9126679696232,336.32451825846243,356.99324475691174,324.92669058194673,368.6666713885732,326.3136877611048,324.58371347375817,327.5986829628398,338.4114935817503,316.70017128780205,333.79783841090114,346.21170501214067,317.041774746377,301.3209918068132,335.9732307156154,337.2205516647421,342.69705483025746,343.9294007720205,323.9448715255909,313.96070140064825,379.0880499776978,371.2783831780996,438.9209187486765,338.22495827282063,333.5019764275546,363.3502810786626,309.2960177901,289.0937330663923,0,382.0632589347681,334.67189188374846,333.8261697129788,347.869622995501,333.7014195041563,354.1760737726322,325.43899560662527,336.60762005916905,346.4425910275033,327.0092995232034,344.0383442220262,314.6928663579653,379.82896455231383
Polish,326.40040743447645,361.82535877870214,391.0123210526209,336.45268198004135,323.0715333798355,306.0385944819137,337.5543773250221,305.1044564227004,300.1464583699334,331.6555438234209,343.8123527674937,359.74039323397824,335.7619473938671,333.2354257636494,351.24228277618323,351.70033625345354,353.94193324316325,357.0713584963771,351.6724470154025,331.4092345728189,390.342171985322,357.59419148205234,432.95526536736315,313.757001165949,345.62069720385955,378.8230761661562,321.5435209884581,337.36145297810526,382.0632589347681,0,336.31931890613856,354.4786084233815,316.4741272121997,298.2546902819591,386.0606644296777,264.640200126706,308.32505512519145,356.8261795384718,343.47774967756567,309.0538768100009,340.7740949482722,401.2878271572353
Portuguese,273.75429805552994,311.95577753596257,346.7181206032781,287.2720276208354,329.7077057819131,281.906241553532,232.35651389321234,294.99326068850735,303.9926144506507,279.7082087550695,289.36080484537905,296.03698007065213,264.73382086112457,211.88568037417627,300.2909080935625,290.2262283436983,298.3970174381449,302.9521020983084,298.1401882127603,263.7317258203803,301.4429578105246,336.3454636175268,411.4329926772137,295.29740600318274,283.6542403941503,335.2742271577254,265.58261634205945,284.56440710618733,334.67189188374846,336.31931890613856,0,283.3543373796957,316.1294316404079,292.95212143233374,330.18673566940106,280.86368297113336,294.48140539636427,225.30132414195006,293.8298122732327,309.0687062866184,288.07087874618196,342.68837305280204
Romanian,278.5122300769999,306.8936401298618,345.1300386716744,296.4390331630272,337.7860854852005,293.01107428113374,264.569373117489,299.2477097282116,309.5863219840372,280.4968788596467,301.49269691641445,311.6003860151406,273.2267796622542,255.4213502488792,303.11264858864047,301.59948186772516,309.4774773433561,309.0093612760288,300.7355658605209,274.9273575041094,310.37263099502013,344.74775598441045,405.78833930852437,303.5314364663069,295.5202521350897,333.35339923123166,275.94294015108176,285.3385321711346,333.8261697129788,354.4786084233815,283.3543373796957,0,322.46634824094144,304.03424795378925,325.93376520981775,294.5440100731177,304.5884573990644,288.40421289311087,293.26720276465426,316.91068630362815,295.7473254465636,343.8546101023121
Russian,290.0292282449586,319.7833700324977,356.403739487784,316.21184549763825,275.23477873020136,267.39827124247626,308.46527385974514,261.18769568159684,270.26324910642074,293.9588738946358,318.2768080969439,329.9150370028119,301.19728235669663,289.8707178419322,327.79871663548545,320.8321055882158,330.66004631274234,340.75981466843314,308.5733529381654,299.3887606497661,356.9955360974624,328.2032230135197,402.74662468130833,257.06849883729586,312.58338486220987,352.43651576673,293.276822013453,299.4836420556072,347.869622995501,316.4741272121997,316.1294316404079,322.46634824094144,0,249.8199839378375,335.8727232616509,257.48434316320896,278.2428879092359,329.36711539290434,311.1036669767906,243.10114405589832,318.1992613077767,367.7220591220108
Serbian,270.63213435582895,309.1846041360512,341.79639324559804,296.54432644336487,193.00710371623595,232.35805497814965,285.4320070109596,189.65144913279923,254.35742527341006,281.40142563104206,297.6977196423249,304.2894732771475,282.95968009909575,271.7147138266513,306.5300384746042,302.6510502455979,302.98353320959586,311.3703225809766,296.02131890465864,280.8456821026502,335.98864189802555,319.5754429152332,386.0467932919246,201.45106281668075,290.75982482503946,331.86696485535134,268.76609022010615,284.727335914749,333.7014195041563,298.2546902819591,292.95212143233374,304.03424795378925,249.8199839378375,0,324.7953877387652,230.45098685072787,232.16711280673752,303.8244718326233,294.5266948622915,248.3085391139828,291.44874841766307,348.6036098601448
Sinhala,297.3075607003793,286.5729460357799,350.9807143041644,306.5962552227467,358.9983166568271,325.0168357024269,320.8723487794227,323.1010361600174,340.68284591796566,302.10280354528294,333.13326168480023,355.1945942663254,307.54762719797833,283.58339185737793,337.99254122401277,329.33164065969095,323.2720659810485,326.24581550274974,305.5885142600098,301.4019090137152,388.30365747176205,365.01052408665794,412.2992767303209,319.979996106808,309.28388369280947,324.11199090491584,300.7866217438273,285.54411947871995,354.1760737726322,386.0606644296777,330.18673566940106,325.93376520981775,335.8727232616509,324.7953877387652,0,323.6903437297475,340.951414999194,339.8132807559545,308.82995100703494,333.65455261687197,311.121067944456,385.5607291919111
Slovak,266.47026529476267,300.6983318510196,339.0678038902097,288.7177569004957,260.8948587392968,239.55678483542442,275.315629393489,232.16470439169487,212.5317841821507,266.4020075520166,289.2067368906628,299.21501389290637,274.3495600894724,263.8675066260098,292.4967875128915,292.0120217350753,297.3498138943647,303.65340457381785,293.8886483080723,266.41881627897584,328.1690295603467,310.4232709121423,391.8358704107628,245.4469543321817,282.732788612023,325.12621942115976,259.44268474569964,277.11912958056206,325.43899560662527,264.640200126706,280.86368297113336,294.5440100731177,257.48434316320896,230.45098685072787,323.6903437297475,0,240.53259436514622,294.1296988728384,284.64590790657286,253.06373944159762,284.562210952136,340.5913706683743
Slovenian,270.3640261521764,320.1376197797475,349.8877846072055,300.92890600967127,269.04276761629285,247.25446380291046,280.66372276332606,228.8798329292591,260.535797074192,269.7133372179238,292.61866264002805,297.53837808600275,278.32353820331315,274.7628787110145,299.3316471591229,302.51345586132607,303.00074997990055,312.566683314842,303.9688509501619,273.7243876657961,335.53882731006445,317.3401980987278,401.95306951632546,253.64205464082139,289.19302871045033,337.5000436670817,262.6245936503924,281.0719036341446,336.60762005916905,308.32505512519145,294.48140539636427,304.5884573990644,278.2428879092359,232.16711280673752,340.951414999194,240.53259436514622,0,302.40545325178925,291.775595175243,277.7401432183192,293.47496821784154,348.5101351610254
Spanish,288.1249216847085,326.3159852723882,369.67114795965966,293.8480234495535,341.7008357311287,285.1667581076301,226.20689770168605,301.30205969953994,312.0413857304561,288.35305620395735,296.6125970393836,303.0401144220384,271.69995071241595,203.62214888461645,309.0705372377361,288.7257605468089,298.898033038003,305.63398694438973,312.18091972248834,266.4884568335912,297.0214696101986,360.78141021667744,425.46003304753435,303.31552996239617,282.58285225911476,351.2528883084197,270.25576114687624,298.98135628407397,346.4425910275033,356.8261795384718,225.30132414195006,288.40421289311087,329.36711539290434,303.8244718326233,339.8132807559545,294.1296988728384,302.40545325178925,0,304.73263602235033,316.627038361481,294.6101563154191,347.4177895775913
Swedish,235.18372192562185,299.7249829823534,333.0389567147469,287.3557986989472,330.1854955143435,285.82830116399526,272.96066532198415,291.9510147337908,306.3026333422386,230.81986507991823,267.4227556412395,284.38441048010196,274.9073811152764,264.0567378063806,271.7186372141191,296.09726725986974,294.71051702281875,300.6678673240403,249.42003396604326,264.1277403884336,339.3494712509121,333.27083498835367,393.0035050562497,293.8598851583476,283.924542479987,319.16441239392867,203.41436698877692,275.49096942971926,327.0092995232034,343.47774967756567,293.8298122732327,293.26720276465426,311.1036669767906,294.5266948622915,308.82995100703494,284.64590790657286,291.775595175243,304.73263602235033,0,310.2789667782139,286.76624647143876,345.11944242908805
Ukrainian,289.3237241279288,318.313014901453,355.7584981193637,314.2298742604082,276.71720400522133,267.43119993126066,301.3233079965937,258.64372047203284,267.12901613563105,291.3413650261683,317.47080791102746,323.84844592525104,298.2846531571486,285.3934861624772,325.79427652146734,315.65041688139075,321.23417269976375,330.16550411333407,309.60721255858215,296.6735571179986,353.5743244218262,337.81310746125286,406.01292295340534,254.99876041392278,308.0605516415166,349.45022226332475,288.4001410662487,297.94276189072434,344.0383442220262,309.0538768100009,309.0687062866184,316.91068630362815,243.10114405589832,248.3085391139828,333.65455261687197,253.06373944159762,277.7401432183192,316.627038361481,310.2789667782139,0,311.96634726999895,361.65493923955347
Urdu,273.8229651293629,300.2831950886399,338.7713467549158,245.40678331786665,329.07874106571387,283.49884711646337,276.2227350898213,290.76456014635767,298.8985548907286,278.77513294837973,293.45582932799226,297.654433664608,278.886463519226,274.48362297265487,297.5290576681479,289.6643093162673,250.79111990322528,219.13486525367452,298.70058937415433,265.45074977490367,341.7320403222452,332.2346752924723,395.7498689324908,292.8123681975483,250.7232856400162,281.90201103520303,265.9585527285991,263.8714273263083,314.6928663579653,340.7740949482722,288.07087874618196,295.7473254465636,318.1992613077767,291.44874841766307,311.121067944456,284.562210952136,293.47496821784154,294.6101563154191,286.76624647143876,311.96634726999895,0,343.4826662543897
Welsh,327.6925875643478,367.1853363930697,389.70291378988827,349.0538421151748,385.52959920641956,328.1272977451768,327.22736203625993,338.8629002287881,348.2444300753883,324.42723022894063,346.1918523671481,346.3697823670897,326.4951234000517,318.89745850767014,349.52818571968817,343.4171515315103,356.7917482999778,369.1811724771616,352.2231563948541,311.19546150990755,361.56289307936396,395.7874323558417,458.6430039377888,350.2018801572187,342.9038459578527,385.96901460576726,326.0126031638998,335.7800995076511,379.82896455231383,401.2878271572353,342.68837305280204,343.8546101023121,367.7220591220108,348.6036098601448,385.5607291919111,340.5913706683743,348.5101351610254,347.4177895775913,345.11944242908805,361.65493923955347,343.4826662543897,0
