,Afrikaans,Albanian,Armenian,Bengali,Bosnian,Bulgarian,Catalan,Croatian,Czech,Danish,Dutch,English,French,Galician,German,Greek,Gujarati,Hindi,Icelandic,Irish,Italian,Latvian,Lithuanian,Macedonian,Marathi,Nepali,Norwegian,Pashto,Persian,Polish,Portuguese,Romanian,Russian,Serbian,Sinhala,Slovak,Slovenian,Spanish,Swedish,Ukrainian,Urdu,Welsh
Afrikaans,0,1.738171676476292,1.6245630688885582,1.7212603093473198,1.6706292476592914,1.673203054654846,1.6937970113006984,1.644561113285801,1.7025673574548132,1.5729178717948724,1.2054668900724008,1.5766495983534106,1.698149618728344,1.6156522761827163,1.5317976440154732,1.7768782159291323,1.763459884682148,1.7665079376158341,1.49380597820473,1.7580739220762576,1.7308138284381398,1.7450183327394468,1.6946753950451188,1.6536358197057621,1.7509370318105373,1.7074036907055983,1.511561599080147,1.6495668578785896,1.6792625217458867,1.7335670676443324,1.6929142033441884,1.6972882811177132,1.6839346408733098,1.6337137118183396,1.6940674263351692,1.7016450873207383,1.7066018850567264,1.7602419253021366,1.4737682367696805,1.671025888809648,1.7078562694911326,1.6869475565000966
Albanian,1.738171676476292,0,1.635232159686574,1.7437706137579365,1.7359731039412316,1.802649085516829,1.8387141742442172,1.7647211781275292,1.8252483215695314,1.8394851700813857,1.8247939386565246,1.9161297191332862,1.7900658817625412,1.676129788772208,1.8199225772646364,1.819782146171284,1.8437577634660147,1.8240216093576032,1.719471116434887,1.8666879585080858,1.833827944553382,1.7886724779342873,1.704336769951585,1.7192857564702224,1.8207538059218302,1.683158050604924,1.8172745591087012,1.6912174526202326,1.7333427665347767,1.796834635924028,1.7901947512020235,1.7361637638376892,1.7278896804571318,1.7317117503084098,1.5220489263064025,1.7717391946237535,1.8627360502880925,1.8571757262071886,1.7339301699149023,1.7119301975363017,1.739086985244312,1.7842597727546137
Armenian,1.6245630688885582,1.635232159686574,0,1.674355623944917,1.6204926573231682,1.7186790450998743,1.7274047087044315,1.6329134446291305,1.6959314447773624,1.7725951863143496,1.714721197662636,1.7492228288541058,1.7299887518351336,1.6362569120335313,1.7133357593122636,1.7060785705909665,1.7466529882273192,1.7515537070398253,1.5894617994904436,1.774684683189715,1.7185403504790937,1.6088410279748897,1.569401410525142,1.632086925874597,1.7447483467479084,1.6433712963216578,1.6963165936988176,1.6131518298192544,1.589565279912677,1.6824340750051587,1.6918020464215289,1.6600753466867524,1.6500949760906636,1.6343220881661338,1.6033506827141895,1.694114744758373,1.729130303742814,1.7862550620484081,1.6331425146601979,1.6416360678422999,1.6596695562465373,1.6404775090752484
Bengali,1.7212603093473198,1.7437706137579365,1.674355623944917,0,1.7301471240580266,1.69568672791932,1.704118254500074,1.7209107447636116,1.723912205314285,1.8336967044588197,1.7228174930704867,1.7222365837626565,1.748043571194744,1.7064502852117984,1.768299659770944,1.7089200544413365,1.4952606637777845,1.485704272978029,1.7226670352719384,1.7798980586818303,1.7440137677308345,1.7500275456146406,1.687397691792017,1.6889617707480706,1.5268131078103415,1.463024983913722,1.7667752301645756,1.7006027442065381,1.7103606559702158,1.7004082758494035,1.6845169320289493,1.7082793526981341,1.7431329040810863,1.6935373231540216,1.6594730182931472,1.7352523974684717,1.7830782916899504,1.6915315257759034,1.6938479061850267,1.7166251143784803,1.4381235699537231,1.7198384045629416
Bosnian,1.6706292476592914,1.7359731039412316,1.6204926573231682,1.7301471240580266,0,1.4069642772541056,1.7366672144668285,1.1174346088918456,1.4468535158887361,1.7720147780341904,1.695962950353727,1.7845596944147588,1.73732354979362,1.6727693132058266,1.7515410552092983,1.7511606508722244,1.7868088001731477,1.7692320603996556,1.6726753387684978,1.816623130938571,1.672395396764249,1.5946140547788668,1.5979594307601688,1.202891465390127,1.7770421703759522,1.6940563053158475,1.702366692306704,1.715098299059391,1.709973460022204,1.4496570727928193,1.6783259109777195,1.6906331113869448,1.323276164703141,0.959426196579268,1.7027738140404551,1.3584377912975432,1.396281879184589,1.7200357052980682,1.6924592054058616,1.3273848969417787,1.6850715219594745,1.6870516402302793
Bulgarian,1.673203054654846,1.802649085516829,1.7186790450998743,1.69568672791932,1.4069642772541056,0,1.6341563405072548,1.2625887674170384,1.393147513230903,1.7269894601407538,1.6439576832308052,1.67082620549559,1.7043020151220147,1.6144309461931556,1.741228776679263,1.6771247396325246,1.7340912765625607,1.728849399388438,1.671756179574223,1.7553954827758582,1.6069413862094526,1.7325434755077609,1.6986536235059992,1.2322476044163124,1.7160518336455304,1.7996557565515359,1.6998415223918713,1.7126819473145896,1.7159994591465215,1.5366641890846138,1.6426813309193224,1.682127839152255,1.457376018480993,1.3106550644040587,1.756196766624968,1.4276291974587896,1.459926790392237,1.6467911612335393,1.6842002596105086,1.444441585880095,1.6662093258668131,1.6097372697496963
Catalan,1.6937970113006984,1.8387141742442172,1.7274047087044315,1.704118254500074,1.7366672144668285,1.6341563405072548,0,1.6576007052281667,1.7114899451411332,1.764230608864716,1.6721895001208669,1.6342342555003957,1.6057609197126181,1.4001509704011639,1.7450382698409885,1.67360163620124,1.6946675705202678,1.6980426095997319,1.7219641521627576,1.7241801945670716,1.4351919831882813,1.8036484267737838,1.7413140267745617,1.6646081734967673,1.6870495676788324,1.8101794697458118,1.6824349215343875,1.7633157654474296,1.7504422448343944,1.7506210411734677,1.391663549627325,1.5629665353406348,1.7492621853174117,1.6786563202676084,1.7935430619125796,1.7133460430767185,1.722775481472925,1.3401483851537717,1.6725321251468044,1.6957403212041071,1.679903095943348,1.6543810606162845
Croatian,1.644561113285801,1.7647211781275292,1.6329134446291305,1.7209107447636116,1.1174346088918456,1.2625887674170384,1.6576007052281667,0,1.3769850450425412,1.7263468327648737,1.6842331813969347,1.6759040568620664,1.7015424514404895,1.6184316082632786,1.7452070774386608,1.7304363530057267,1.7393458303007796,1.7344317537587635,1.6622215871177863,1.7866698757097372,1.6231728989768244,1.7059597032992648,1.6219863085862463,1.2508071300913244,1.7173195247493651,1.7518185188306377,1.6917872443226307,1.6777551609910866,1.6790933589113028,1.4971533974052478,1.6752572511856099,1.66787283116762,1.3926616935123892,1.040060516556099,1.7024928439856228,1.3466459080610362,1.3178642042152837,1.6942783444283556,1.6724036798266149,1.3702356381446965,1.663282357118227,1.6262973709259976
Czech,1.7025673574548132,1.8252483215695314,1.6959314447773624,1.723912205314285,1.4468535158887361,1.393147513230903,1.7114899451411332,1.3769850450425412,0,1.7183420258236846,1.700217175168868,1.7233118852891054,1.725499152100518,1.6799304587436628,1.7585804905062712,1.7545721989779797,1.7925909516286875,1.7822552987539697,1.6921844463215954,1.797523199240364,1.6615673574860037,1.6801994131650473,1.7276123365230505,1.4457004730593428,1.7856717229613102,1.7799282733071784,1.7125547854463843,1.7197257256137217,1.7068735467841225,1.4560266390733292,1.7001521228863572,1.704416410660006,1.4277578256593049,1.3857983630048012,1.7709762606131825,1.2329245559653972,1.486081712010029,1.7212452656435524,1.7250941638423778,1.4026198214007577,1.6872486890929146,1.6454672762517593
Danish,1.5729178717948724,1.8394851700813857,1.7725951863143496,1.8336967044588197,1.7720147780341904,1.7269894601407538,1.764230608864716,1.7263468327648737,1.7183420258236846,0,1.625400629240095,1.712835982668211,1.7493399930397224,1.7083611515475219,1.6482599974822776,1.8416106257562994,1.8562259999449764,1.858220300420397,1.5359780152417526,1.806482783650566,1.7404676336180103,1.8459930310018111,1.8178024597241222,1.7361758689964695,1.8414686209539848,1.8095556511532846,1.463734753672092,1.7741570108056528,1.7981167845542019,1.805765611374755,1.7888450206203401,1.7637022894559906,1.7634242149718329,1.754928203672189,1.7712730779992858,1.76398371147432,1.7611242050929012,1.823731592836557,1.4887734754897766,1.732357606943395,1.7937252955616994,1.7196380238412594
Dutch,1.2054668900724008,1.8247939386565246,1.714721197662636,1.7228174930704867,1.695962950353727,1.6439576832308052,1.6721895001208669,1.6842331813969347,1.700217175168868,1.625400629240095,0,1.5727306151921983,1.7198202653740047,1.6969710941300926,1.4559916516589062,1.7297405374217154,1.7415489923247711,1.749083721878222,1.570710437796775,1.7602773882829532,1.6872642655104677,1.745708526253934,1.7343108674419232,1.6698012387690953,1.748464490969471,1.7763872764141175,1.5398933847563456,1.7590281252747093,1.729219539447564,1.71560393641306,1.6673987272422865,1.7100828370390673,1.725788882861841,1.673794622192633,1.7762812149675604,1.7163339529914716,1.7190145873670766,1.6893310099562682,1.556651642616971,1.7151931436107353,1.704755628132355,1.682006593581188
English,1.5766495983534106,1.9161297191332862,1.7492228288541058,1.7222365837626565,1.7845596944147588,1.67082620549559,1.6342342555003957,1.6759040568620664,1.7233118852891054,1.712835982668211,1.5727306151921983,0,1.7590963311819126,1.743026464788754,1.6496668258352887,1.7598103738940933,1.7113400242392705,1.7519810181645024,1.6979300600618843,1.7428072562486985,1.703679621679845,1.7920535768015293,1.7818036552244894,1.6980609894028367,1.7176999266951436,1.8139786930702162,1.6081236207878602,1.8055556070108187,1.766824085628256,1.775420096539685,1.6903956685724362,1.742837759256294,1.7735233188575892,1.6942317125970472,1.8701018057104213,1.7540026009517393,1.7228348818076313,1.7034660371228105,1.6408472536029635,1.7275752748190492,1.7020902838165706,1.6663352947097236
French,1.698149618728344,1.7900658817625412,1.7299887518351336,1.748043571194744,1.73732354979362,1.7043020151220147,1.6057609197126181,1.7015424514404895,1.725499152100518,1.7493399930397224,1.7198202653740047,1.7590963311819126,0,1.5913619700605033,1.7471676868547137,1.7769061658081409,1.8189757089964829,1.8296260795828778,1.7314596710384371,1.779519934180106,1.584210014956474,1.7961844256443271,1.7568607174918591,1.7026974214660813,1.7819892994878683,1.7884218150065598,1.7265700358178955,1.7346705123918356,1.7475887671735388,1.7827256699677703,1.632747913330436,1.662651175282902,1.7502478270834612,1.7094540210134255,1.747941285406226,1.7519155791796481,1.7575244280801083,1.6575156310463455,1.7211491186131052,1.716018139718352,1.7403775235574046,1.6870205512059695
Galician,1.6156522761827163,1.676129788772208,1.6362569120335313,1.7064502852117984,1.6727693132058266,1.6144309461931556,1.4001509704011639,1.6184316082632786,1.6799304587436628,1.7083611515475219,1.6969710941300926,1.743026464788754,1.5913619700605033,0,1.7429444045041085,1.7031201285206854,1.751909021018093,1.7516444219007439,1.5895616183008272,1.7128360951235444,1.477846724789667,1.7581647136504899,1.7033810079465115,1.6295323570287283,1.724903691797549,1.7243701205332067,1.69762474982063,1.669634266613681,1.6608773977511722,1.759793815440393,1.2811030209268102,1.5342579413552533,1.6720838253324108,1.6278652364268738,1.6085694763366432,1.6794474118165477,1.7215534708047637,1.2351915778045235,1.6449084822721878,1.6302718773261369,1.706068339551094,1.64060462453851
German,1.5317976440154732,1.8199225772646364,1.7133357593122636,1.768299659770944,1.7515410552092983,1.741228776679263,1.7450382698409885,1.7452070774386608,1.7585804905062712,1.6482599974822776,1.4559916516589062,1.6496668258352887,1.7471676868547137,1.7429444045041085,0,1.760601492266675,1.7809161597395158,1.7754971451648107,1.653074930206762,1.783872879757993,1.7174793677309332,1.789332673703469,1.7325498506196209,1.7447895622019989,1.8011035595443476,1.7591968302902805,1.654064418803573,1.7762072589665248,1.7548878756180535,1.7615016553597906,1.746540641474099,1.7284745347392132,1.7921916455573432,1.7376554121123335,1.8075767381342205,1.7472278567795585,1.7663803028993323,1.7676309069680727,1.591109890690898,1.7645354059520382,1.7353605950552773,1.7081813538843842
Greek,1.7768782159291323,1.819782146171284,1.7060785705909665,1.7089200544413365,1.7511606508722244,1.6771247396325246,1.67360163620124,1.7304363530057267,1.7545721989779797,1.8416106257562994,1.7297405374217154,1.7598103738940933,1.7769061658081409,1.7031201285206854,1.760601492266675,0,1.7387693056512339,1.732490269649497,1.7422108069417996,1.7979250629879773,1.702687575870508,1.7360129732276581,1.7249232885798578,1.700605256269975,1.7454147185967577,1.7700568592376302,1.7655737407572087,1.7780630761859761,1.7665864046178066,1.7734873157440234,1.6953344368017917,1.7322386978723634,1.7618113169610399,1.71681492480862,1.7817344619362938,1.7501929759013117,1.784640326746259,1.6628718812819268,1.7420074949395314,1.7172992647198613,1.6978466941588772,1.6867953964416786
Gujarati,1.763459884682148,1.8437577634660147,1.7466529882273192,1.4952606637777845,1.7868088001731477,1.7340912765625607,1.6946675705202678,1.7393458303007796,1.7925909516286875,1.8562259999449764,1.7415489923247711,1.7113400242392705,1.8189757089964829,1.751909021018093,1.7809161597395158,1.7387693056512339,0,1.2929664025740533,1.7729671531398177,1.7772180415888599,1.7988104232145625,1.852602889774445,1.7434667232090306,1.7249112048685409,1.2451968205587676,1.5634742168097795,1.8026928901292811,1.7190532635266058,1.7900156631603006,1.7802211141118327,1.744262865046199,1.7731604074896885,1.8118601963444394,1.7264434633437398,1.7419053774832083,1.7829569666582012,1.7931384533338057,1.722367887298306,1.7356648310738425,1.7466670138062192,1.470475888415823,1.755147938116362
Hindi,1.7665079376158341,1.8240216093576032,1.7515537070398253,1.485704272978029,1.7692320603996556,1.728849399388438,1.6980426095997319,1.7344317537587635,1.7822552987539697,1.858220300420397,1.749083721878222,1.7519810181645024,1.8296260795828778,1.7516444219007439,1.7754971451648107,1.732490269649497,1.2929664025740533,0,1.7655368488224978,1.7759760323078815,1.7835954251255286,1.8470920441880807,1.7341719097524761,1.7107898414942682,1.3843199956901193,1.5426526524351645,1.7898150909376183,1.7101093161582483,1.752005642428732,1.7515098146130776,1.724599761231013,1.7260830496757058,1.815211747976689,1.720703634943678,1.718904155192065,1.7609887013019132,1.7968916683535079,1.7137352915158377,1.7173163255932127,1.753205016680112,1.2347164540503162,1.7713280785013588
Icelandic,1.49380597820473,1.719471116434887,1.5894617994904436,1.7226670352719384,1.6726753387684978,1.671756179574223,1.7219641521627576,1.6622215871177863,1.6921844463215954,1.5359780152417526,1.570710437796775,1.6979300600618843,1.7314596710384371,1.5895616183008272,1.653074930206762,1.7422108069417996,1.7729671531398177,1.7655368488224978,0,1.7760827541980264,1.7299355687245217,1.7209293219461874,1.660344272470608,1.6497524838686908,1.7699949091027505,1.7379346553377173,1.4978551851382274,1.674907815014984,1.664659579867738,1.7338861738586213,1.700187131456642,1.6851836012857029,1.6580456724053743,1.645747629496879,1.6090262884295734,1.721921692562818,1.7604654208247128,1.7569927815819497,1.433301947451883,1.6569003371020425,1.7078345375931598,1.6943364493750368
Irish,1.7580739220762576,1.8666879585080858,1.774684683189715,1.7798980586818303,1.816623130938571,1.7553954827758582,1.7241801945670716,1.7866698757097372,1.797523199240364,1.806482783650566,1.7602773882829532,1.7428072562486985,1.779519934180106,1.7128360951235444,1.783872879757993,1.7979250629879773,1.7772180415888599,1.7759760323078815,1.7760827541980264,0,1.7822200150348566,1.8828625979146796,1.8159594583284138,1.757196309362896,1.7535563812766584,1.8366324487817318,1.7722889068815724,1.7644225828559554,1.8087232294387037,1.837622958385129,1.7195336841357525,1.76283200312486,1.8247087211354696,1.7768546057349457,1.8021489117376412,1.7941917641165726,1.8174832632639712,1.7099205972446772,1.741095013733092,1.7961935389117472,1.7478051627232711,1.6714877924410982
Italian,1.7308138284381398,1.833827944553382,1.7185403504790937,1.7440137677308345,1.672395396764249,1.6069413862094526,1.4351919831882813,1.6231728989768244,1.6615673574860037,1.7404676336180103,1.6872642655104677,1.703679621679845,1.584210014956474,1.477846724789667,1.7174793677309332,1.702687575870508,1.7988104232145625,1.7835954251255286,1.7299355687245217,1.7822200150348566,0,1.7902071651411287,1.7251378641908592,1.6464930804901838,1.7800575101301146,1.7969836620063104,1.7284849707305792,1.7801124037076965,1.728937047849537,1.7253950041776813,1.4971820718536184,1.5246975881434512,1.690600330056984,1.6480684315133192,1.8189150378383765,1.6897833857621223,1.7106181201171,1.4583672934519878,1.712425578847366,1.6663328235115034,1.723643910257033,1.5593657669192638
Latvian,1.7450183327394468,1.7886724779342873,1.6088410279748897,1.7500275456146406,1.5946140547788668,1.7325434755077609,1.8036484267737838,1.7059597032992648,1.6801994131650473,1.8459930310018111,1.745708526253934,1.7920535768015293,1.7961844256443271,1.7581647136504899,1.789332673703469,1.7360129732276581,1.852602889774445,1.8470920441880807,1.7209293219461874,1.8828625979146796,1.7902071651411287,0,1.456273255342282,1.6752473462868904,1.8555984652223625,1.7445645468858075,1.7708732004092314,1.7924471856097641,1.7659687624327096,1.6405548709831665,1.7620792465908999,1.7730174048709861,1.6256453668963728,1.6369684646210267,1.7765202991642945,1.668308058547064,1.6895608352177895,1.8585849835519859,1.7600956677074593,1.6631375119844252,1.7394424737929604,1.7688001960646687
Lithuanian,1.6946753950451188,1.704336769951585,1.569401410525142,1.687397691792017,1.5979594307601688,1.6986536235059992,1.7413140267745617,1.6219863085862463,1.7276123365230505,1.8178024597241222,1.7343108674419232,1.7818036552244894,1.7568607174918591,1.7033810079465115,1.7325498506196209,1.7249232885798578,1.7434667232090306,1.7341719097524761,1.660344272470608,1.8159594583284138,1.7251378641908592,1.456273255342282,0,1.629277742922075,1.7577054035077269,1.649842242205688,1.7298271804732717,1.696406092260396,1.7127805937508296,1.6358683898885222,1.7339050623253298,1.6866224389996547,1.6262063111574125,1.60052656237254,1.6431978895176704,1.687022501765091,1.7161713344668783,1.7723716227198945,1.6664096836222138,1.6322578063281574,1.6693150344895642,1.7029711638549332
Macedonian,1.6536358197057621,1.7192857564702224,1.632086925874597,1.6889617707480706,1.202891465390127,1.2322476044163124,1.6646081734967673,1.2508071300913244,1.4457004730593428,1.7361758689964695,1.6698012387690953,1.6980609894028367,1.7026974214660813,1.6295323570287283,1.7447895622019989,1.700605256269975,1.7249112048685409,1.7107898414942682,1.6497524838686908,1.757196309362896,1.6464930804901838,1.6752473462868904,1.629277742922075,0,1.7138179856432232,1.7013754791349183,1.6831197968982503,1.6813678159347873,1.7099921683097326,1.5187174919561195,1.6514583246308527,1.6687221163608141,1.3459630400145195,1.0895952806114189,1.6611282680922679,1.4021797016922095,1.4402964719325364,1.678234337491599,1.6583019421557277,1.3285133275627492,1.6517994577523485,1.6597752621271142
Marathi,1.7509370318105373,1.8207538059218302,1.7447483467479084,1.5268131078103415,1.7770421703759522,1.7160518336455304,1.6870495676788324,1.7173195247493651,1.7856717229613102,1.8414686209539848,1.748464490969471,1.7176999266951436,1.7819892994878683,1.724903691797549,1.8011035595443476,1.7454147185967577,1.2451968205587676,1.3843199956901193,1.7699949091027505,1.7535563812766584,1.7800575101301146,1.8555984652223625,1.7577054035077269,1.7138179856432232,0,1.6185504811750164,1.7767023100264323,1.7214121867955028,1.7956212343212443,1.7941402340821575,1.7174859557890925,1.759609744602902,1.7727251306186804,1.7119557232443912,1.7217445183924505,1.7532898683449487,1.7780761387083623,1.6895898654119186,1.733034314911384,1.738341822794667,1.5151270132173065,1.738043778236039
Nepali,1.7074036907055983,1.683158050604924,1.6433712963216578,1.463024983913722,1.6940563053158475,1.7996557565515359,1.8101794697458118,1.7518185188306377,1.7799282733071784,1.8095556511532846,1.7763872764141175,1.8139786930702162,1.7884218150065598,1.7243701205332067,1.7591968302902805,1.7700568592376302,1.5634742168097795,1.5426526524351645,1.7379346553377173,1.8366324487817318,1.7969836620063104,1.7445645468858075,1.649842242205688,1.7013754791349183,1.6185504811750164,0,1.7881154349973432,1.631859540844505,1.7325900670195817,1.740655725438216,1.7694682266363453,1.7358732717104413,1.7571601576823275,1.7107970081140202,1.5892798544661595,1.7553198068058995,1.802385375247086,1.8355327127222418,1.6958217050603415,1.7341694421770346,1.4910917287970222,1.744021933561374
Norwegian,1.511561599080147,1.8172745591087012,1.6963165936988176,1.7667752301645756,1.702366692306704,1.6998415223918713,1.6824349215343875,1.6917872443226307,1.7125547854463843,1.463734753672092,1.5398933847563456,1.6081236207878602,1.7265700358178955,1.69762474982063,1.654064418803573,1.7655737407572087,1.8026928901292811,1.7898150909376183,1.4978551851382274,1.7722889068815724,1.7284849707305792,1.7708732004092314,1.7298271804732717,1.6831197968982503,1.7767023100264323,1.7881154349973432,0,1.7781273309600283,1.7511739750400208,1.7444970025663284,1.6931767160122342,1.7287606873617953,1.7528980855025231,1.6775132270893591,1.756694721880488,1.7128515054859053,1.7091647955408371,1.702487699705656,1.3071409723789253,1.7133079937736222,1.7041413572795328,1.7243067426025194
Pashto,1.6495668578785896,1.6912174526202326,1.6131518298192544,1.7006027442065381,1.715098299059391,1.7126819473145896,1.7633157654474296,1.6777551609910866,1.7197257256137217,1.7741570108056528,1.7590281252747093,1.8055556070108187,1.7346705123918356,1.669634266613681,1.7762072589665248,1.7780630761859761,1.7190532635266058,1.7101093161582483,1.674907815014984,1.7644225828559554,1.7801124037076965,1.7924471856097641,1.696406092260396,1.6813678159347873,1.7214121867955028,1.631859540844505,1.7781273309600283,0,1.5689440510271295,1.7576242719697273,1.736499348992896,1.7142640444627617,1.7122257939614463,1.691176984031835,1.6080065408159674,1.7382065581977626,1.7406534199619281,1.8043304518790995,1.6959882873784098,1.6941364279506883,1.6255350120815795,1.7173726183563156
Persian,1.6792625217458867,1.7333427665347767,1.589565279912677,1.7103606559702158,1.709973460022204,1.7159994591465215,1.7504422448343944,1.6790933589113028,1.7068735467841225,1.7981167845542019,1.729219539447564,1.766824085628256,1.7475887671735388,1.6608773977511722,1.7548878756180535,1.7665864046178066,1.7900156631603006,1.752005642428732,1.664659579867738,1.8087232294387037,1.728937047849537,1.7659687624327096,1.7127805937508296,1.7099921683097326,1.7956212343212443,1.7325900670195817,1.7511739750400208,1.5689440510271295,0,1.7349715203014349,1.7300467215559179,1.7003082510218637,1.7063686572824062,1.6934344435793525,1.7155621341224219,1.7248164653089468,1.7716378334548346,1.7690735922824017,1.707591279121782,1.682373128883964,1.6330691839730185,1.6842061427984485
Polish,1.7335670676443324,1.796834635924028,1.6824340750051587,1.7004082758494035,1.4496570727928193,1.5366641890846138,1.7506210411734677,1.4971533974052478,1.4560266390733292,1.805765611374755,1.71560393641306,1.775420096539685,1.7827256699677703,1.759793815440393,1.7615016553597906,1.7734873157440234,1.7802211141118327,1.7515098146130776,1.7338861738586213,1.837622958385129,1.7253950041776813,1.6405548709831665,1.6358683898885222,1.5187174919561195,1.7941402340821575,1.740655725438216,1.7444970025663284,1.7576242719697273,1.7349715203014349,0,1.6871606243604802,1.739446065079361,1.490928792281057,1.4519351920697396,1.7901051056063761,1.3405531132788175,1.5579492683782803,1.7599605880652363,1.717237191047078,1.4514316516560617,1.7047613186832085,1.7234850736761624
Portuguese,1.6929142033441884,1.7901947512020235,1.6918020464215289,1.6845169320289493,1.6783259109777195,1.6426813309193224,1.391663549627325,1.6752572511856099,1.7001521228863572,1.7888450206203401,1.6673987272422865,1.6903956685724362,1.632747913330436,1.2811030209268102,1.746540641474099,1.6953344368017917,1.744262865046199,1.724599761231013,1.700187131456642,1.7195336841357525,1.4971820718536184,1.7620792465908999,1.7339050623253298,1.6514583246308527,1.7174859557890925,1.7694682266363453,1.6931767160122342,1.736499348992896,1.7300467215559179,1.6871606243604802,0,1.595304448100186,1.7132354357687491,1.6452281034620513,1.7565930308174142,1.670376147252532,1.7245858551611613,1.2702757560064626,1.7066094961966216,1.6603708866149935,1.6764080535445016,1.6655557531311387
Romanian,1.6972882811177132,1.7361637638376892,1.6600753466867524,1.7082793526981341,1.6906331113869448,1.682127839152255,1.5629665353406348,1.66787283116762,1.704416410660006,1.7637022894559906,1.7100828370390673,1.742837759256294,1.662651175282902,1.5342579413552533,1.7284745347392132,1.7322386978723634,1.7731604074896885,1.7260830496757058,1.6851836012857029,1.76283200312486,1.5246975881434512,1.7730174048709861,1.6866224389996547,1.6687221163608141,1.759609744602902,1.7358732717104413,1.7287606873617953,1.7142640444627617,1.7003082510218637,1.739446065079361,1.595304448100186,0,1.7197630668225137,1.676741798635215,1.708999121647814,1.715399389901357,1.7516840506845506,1.6082138550565879,1.6766262586825986,1.6771301622316832,1.6890191647957828,1.6520883948851754
Russian,1.6839346408733098,1.7278896804571318,1.6500949760906636,1.7431329040810863,1.323276164703141,1.457376018480993,1.7492621853174117,1.3926616935123892,1.4277578256593049,1.7634242149718329,1.725788882861841,1.7735233188575892,1.7502478270834612,1.6720838253324108,1.7921916455573432,1.7618113169610399,1.8118601963444394,1.815211747976689,1.6580456724053743,1.8247087211354696,1.690600330056984,1.6256453668963728,1.6262063111574125,1.3459630400145195,1.7727251306186804,1.7571601576823275,1.7528980855025231,1.7122257939614463,1.7063686572824062,1.490928792281057,1.7132354357687491,1.7197630668225137,0,1.3130251769714814,1.6929751957810844,1.4279555070742596,1.5367092622775544,1.7659941169868125,1.7025275945733949,1.230708956206355,1.7369634766428874,1.6974835303884772
Serbian,1.6337137118183396,1.7317117503084098,1.6343220881661338,1.6935373231540216,0.959426196579268,1.3106550644040587,1.6786563202676084,1.040060516556099,1.3857983630048012,1.754928203672189,1.673794622192633,1.6942317125970472,1.7094540210134255,1.6278652364268738,1.7376554121123335,1.71681492480862,1.7264434633437398,1.720703634943678,1.645747629496879,1.7768546057349457,1.6480684315133192,1.6369684646210267,1.60052656237254,1.0895952806114189,1.7119557232443912,1.7107970081140202,1.6775132270893591,1.691176984031835,1.6934344435793525,1.4519351920697396,1.6452281034620513,1.676741798635215,1.3130251769714814,0,1.692463794729893,1.3191355980906652,1.3240338296292153,1.688818829734055,1.6687329352397,1.30364777704494,1.65109612563658,1.658013034125847
Sinhala,1.6940674263351692,1.5220489263064025,1.6033506827141895,1.6594730182931472,1.7027738140404551,1.756196766624968,1.7935430619125796,1.7024928439856228,1.7709762606131825,1.7712730779992858,1.7762812149675604,1.8701018057104213,1.747941285406226,1.6085694763366432,1.8075767381342205,1.7817344619362938,1.7419053774832083,1.718904155192065,1.6090262884295734,1.8021489117376412,1.8189150378383765,1.7765202991642945,1.6431978895176704,1.6611282680922679,1.7217445183924505,1.5892798544661595,1.756694721880488,1.6080065408159674,1.7155621341224219,1.7901051056063761,1.7565930308174142,1.708999121647814,1.6929751957810844,1.692463794729893,0,1.7678629437579798,1.8359406295736964,1.7905139378235184,1.6534933758130828,1.6722810457092665,1.6686452189163252,1.7547580118421555
Slovak,1.7016450873207383,1.7717391946237535,1.694114744758373,1.7352523974684717,1.3584377912975432,1.4276291974587896,1.7133460430767185,1.3466459080610362,1.2329245559653972,1.76398371147432,1.7163339529914716,1.7540026009517393,1.7519155791796481,1.6794474118165477,1.7472278567795585,1.7501929759013117,1.7829569666582012,1.7609887013019132,1.721921692562818,1.7941917641165726,1.6897833857621223,1.668308058547064,1.687022501765091,1.4021797016922095,1.7532898683449487,1.7553198068058995,1.7128515054859053,1.7382065581977626,1.7248164653089468,1.3405531132788175,1.670376147252532,1.715399389901357,1.4279555070742596,1.3191355980906652,1.7678629437579798,0,1.4482522551344241,1.7214666546597013,1.7056003742142036,1.3920384788116067,1.6964902059975415,1.6912599660132452
Slovenian,1.7066018850567264,1.8627360502880925,1.729130303742814,1.7830782916899504,1.396281879184589,1.459926790392237,1.722775481472925,1.3178642042152837,1.486081712010029,1.7611242050929012,1.7190145873670766,1.7228348818076313,1.7575244280801083,1.7215534708047637,1.7663803028993323,1.784640326746259,1.7931384533338057,1.7968916683535079,1.7604654208247128,1.8174832632639712,1.7106181201171,1.6895608352177895,1.7161713344668783,1.4402964719325364,1.7780761387083623,1.802385375247086,1.7091647955408371,1.7406534199619281,1.7716378334548346,1.5579492683782803,1.7245858551611613,1.7516840506845506,1.5367092622775544,1.3240338296292153,1.8359406295736964,1.4482522551344241,0,1.750814952163148,1.725522436018507,1.521203367779451,1.7254916938227594,1.71635779737539
Spanish,1.7602419253021366,1.8571757262071886,1.7862550620484081,1.6915315257759034,1.7200357052980682,1.6467911612335393,1.3401483851537717,1.6942783444283556,1.7212452656435524,1.823731592836557,1.6893310099562682,1.7034660371228105,1.6575156310463455,1.2351915778045235,1.7676309069680727,1.6628718812819268,1.722367887298306,1.7137352915158377,1.7569927815819497,1.7099205972446772,1.4583672934519878,1.8585849835519859,1.7723716227198945,1.678234337491599,1.6895898654119186,1.8355327127222418,1.702487699705656,1.8043304518790995,1.7690735922824017,1.7599605880652363,1.2702757560064626,1.6082138550565879,1.7659941169868125,1.688818829734055,1.7905139378235184,1.7214666546597013,1.750814952163148,0,1.7504682799578972,1.6837008116199725,1.6878227201578981,1.6730659958559841
Swedish,1.4737682367696805,1.7339301699149023,1.6331425146601979,1.6938479061850267,1.6924592054058616,1.6842002596105086,1.6725321251468044,1.6724036798266149,1.7250941638423778,1.4887734754897766,1.556651642616971,1.6408472536029635,1.7211491186131052,1.6449084822721878,1.591109890690898,1.7420074949395314,1.7356648310738425,1.7173163255932127,1.433301947451883,1.741095013733092,1.712425578847366,1.7600956677074593,1.6664096836222138,1.6583019421557277,1.733034314911384,1.6958217050603415,1.3071409723789253,1.6959882873784098,1.707591279121782,1.717237191047078,1.7066094961966216,1.6766262586825986,1.7025275945733949,1.6687329352397,1.6534933758130828,1.7056003742142036,1.725522436018507,1.7504682799578972,0,1.6882956845458734,1.6731764089788446,1.6913420726191055
Ukrainian,1.671025888809648,1.7119301975363017,1.6416360678422999,1.7166251143784803,1.3273848969417787,1.444441585880095,1.6957403212041071,1.3702356381446965,1.4026198214007577,1.732357606943395,1.7151931436107353,1.7275752748190492,1.716018139718352,1.6302718773261369,1.7645354059520382,1.7172992647198613,1.7466670138062192,1.753205016680112,1.6569003371020425,1.7961935389117472,1.6663328235115034,1.6631375119844252,1.6322578063281574,1.3285133275627492,1.738341822794667,1.7341694421770346,1.7133079937736222,1.6941364279506883,1.682373128883964,1.4514316516560617,1.6603708866149935,1.6771301622316832,1.230708956206355,1.30364777704494,1.6722810457092665,1.3920384788116067,1.521203367779451,1.6837008116199725,1.6882956845458734,0,1.6898569714023577,1.6606893722620102
Urdu,1.7078562694911326,1.739086985244312,1.6596695562465373,1.4381235699537231,1.6850715219594745,1.6662093258668131,1.679903095943348,1.663282357118227,1.6872486890929146,1.7937252955616994,1.704755628132355,1.7020902838165706,1.7403775235574046,1.706068339551094,1.7353605950552773,1.6978466941588772,1.470475888415823,1.2347164540503162,1.7078345375931598,1.7478051627232711,1.723643910257033,1.7394424737929604,1.6693150344895642,1.6517994577523485,1.5151270132173065,1.4910917287970222,1.7041413572795328,1.6255350120815795,1.6330691839730185,1.7047613186832085,1.6764080535445016,1.6890191647957828,1.7369634766428874,1.65109612563658,1.6686452189163252,1.6964902059975415,1.7254916938227594,1.6878227201578981,1.6731764089788446,1.6898569714023577,0,1.6815354944416427
Welsh,1.6869475565000966,1.7842597727546137,1.6404775090752484,1.7198384045629416,1.6870516402302793,1.6097372697496963,1.6543810606162845,1.6262973709259976,1.6454672762517593,1.7196380238412594,1.682006593581188,1.6663352947097236,1.6870205512059695,1.64060462453851,1.7081813538843842,1.6867953964416786,1.755147938116362,1.7713280785013588,1.6943364493750368,1.6714877924410982,1.5593657669192638,1.7688001960646687,1.7029711638549332,1.6597752621271142,1.738043778236039,1.744021933561374,1.7243067426025194,1.7173726183563156,1.6842061427984485,1.7234850736761624,1.6655557531311387,1.6520883948851754,1.6974835303884772,1.658013034125847,1.7547580118421555,1.6912599660132452,1.71635779737539,1.6730659958559841,1.6913420726191055,1.6606893722620102,1.6815354944416427,0
