,Afrikaans,Albanian,Armenian,Bengali,Bosnian,Bulgarian,Catalan,Croatian,Czech,Danish,Dutch,English,French,Galician,German,Greek,Gujarati,Hindi,Icelandic,Irish,Italian,Latvian,Lithuanian,Macedonian,Marathi,Nepali,Norwegian,Pashto,Persian,Polish,Portuguese,Romanian,Russian,Serbian,Sinhala,Slovak,Slovenian,Spanish,Swedish,Ukrainian,Urdu,Welsh
Afrikaans,0,1.8898985660132332,1.8182161227406426,2.097548749413592,1.849613200450301,1.9700148449555683,2.1043467469459647,1.9311543929855846,1.9273350742712296,1.8344644043149332,1.41143649578704,1.764538193196951,2.010127181125425,1.9401709476977045,1.746899651692848,2.0412927226860713,2.15292689194891,2.1515809117033236,1.7412873967907394,2.0593119772150565,1.8411302336465183,1.9716800249179869,1.8388419851135511,1.939748251633935,2.1301744668931333,1.7571029976527879,1.885234395512952,1.9794592687467922,1.8599300762235815,1.9576493539769646,1.909409055917303,1.9847292592012051,1.9209268101776675,1.9566828939599161,1.7398248707851705,1.9805575673207836,2.0495049425185305,1.9065809204462778,1.7806158245141641,1.8957082442388695,2.0184423348863145,1.711593605105444
Albanian,1.8898985660132332,0,1.7174213640408007,1.926273220527283,1.7672379163216418,1.8674660683850335,1.9637780788073924,1.8292254363439306,1.869909699724163,1.9310975785846782,1.8519550855420754,1.9213703032975984,1.8336584511788836,1.8022853056354178,1.8862115234160244,1.897765659827592,2.0295644667445414,1.995085884966973,1.8285146328955446,1.9096236311182428,1.7045660036411292,1.9050919567047693,1.7732938419478228,1.8274537693660766,1.9692804681008287,1.635850495328594,2.0358111121209275,1.8383383590980036,1.7528597864009017,1.8721366469709766,1.7774981275758979,1.8464879761251138,1.8139884311214194,1.8716727779291273,1.5762508996564386,1.8787627629244494,1.9168827979045069,1.7702392340559248,1.9143510838932851,1.7620911483275,1.8612214682655341,1.6429282808393935
Armenian,1.8182161227406426,1.7174213640408007,0,1.8640206870285605,1.6630713195016094,1.8126639090560746,1.9343493169836665,1.749445333456337,1.7989491679147103,1.9236872794480477,1.8062544539631313,1.8386812491357791,1.8829575021756242,1.8145373472152968,1.8127100402794445,1.7964493167123388,1.9404377985338608,1.9273627693782236,1.6987903228563823,1.8850922998770867,1.6658660312848201,1.7433948801023773,1.618572239189545,1.7478796969479489,1.9081681925591025,1.6609354635728604,1.9334289105995117,1.8032908042713576,1.636784126584377,1.7728394242783088,1.7803530263281686,1.7936836261873963,1.7304519922465398,1.7549316723140234,1.6007401434888557,1.8066708800529694,1.8734591408838666,1.7848701522803083,1.8063013899558131,1.710426096513421,1.8368831745795153,1.5840885883521616
Bengali,2.097548749413592,1.926273220527283,1.8640206870285605,0,1.8508046599346715,1.9262717462685768,2.090874553239831,1.9155668466689386,1.941243549923329,2.1249636562268535,1.9786682362875865,1.98911474365613,2.049407088968853,2.0033810865498762,1.9951742582831276,2.0300938353593776,1.7235777993152688,1.697164467481213,1.9806994483124178,2.1601311111553265,1.777788056696963,2.006819674114153,1.8189198695363404,1.882687568932124,1.7844133745041806,1.4722604554626226,2.183135211926114,1.977774542877121,1.875377670473531,1.8965100079884594,1.945999185297214,1.9937070195372086,1.9419857822436788,1.9310318950442922,1.7153124323585143,1.9976418229387818,2.0246867779686846,1.8804606061372662,1.9929350364738563,1.8865940541655664,1.6858084951185885,1.7581693128640146
Bosnian,1.849613200450301,1.7672379163216418,1.6630713195016094,1.8508046599346715,0,1.456937732289205,1.937567996242199,1.0968096158228677,1.4829336469165773,1.9320239833486494,1.8087171948072032,1.882013723078562,1.9020985959073695,1.83457637153823,1.8417343450664145,1.8702910104355117,1.9188430015758362,1.9282461365380015,1.7418485855937536,2.0080975399286625,1.6066905751900595,1.6599906386085939,1.5158822750377108,1.2522812507851302,1.9351326525526338,1.647070610460977,1.957408777507681,1.8541225950461406,1.67288816186621,1.4285453390027765,1.7990538013130755,1.763986468552899,1.341428005360743,0.952610928485935,1.6098019887080803,1.4285411803957297,1.5144976458284944,1.755310604222826,1.821908899342687,1.3045978539157417,1.8467751430022168,1.625915826971035
Bulgarian,1.9700148449555683,1.8674660683850335,1.8126639090560746,1.9262717462685768,1.456937732289205,0,1.9928989379506326,1.4419170100185128,1.6397825129032482,2.0140579957325726,1.8987728243398214,1.944064682803511,1.9964942574171616,1.8958377557877368,1.9481921082836682,1.9643515576051758,1.9777877466996776,1.9618127215027543,1.8932177301879347,2.0660438890257247,1.7070653653289385,1.9200332058216,1.699875413672568,1.3837990364033643,1.9849099837944224,1.705627224924982,2.1106401542818096,1.9680593756009968,1.8174139936745186,1.6509884169368545,1.8790758378677181,1.885182262341813,1.6150710503461685,1.4957500919554325,1.697426896934396,1.6409243674232887,1.7221009335002464,1.7972560407933005,1.9250102645563854,1.5733923320161314,1.8804615393228408,1.6513392643581035
Catalan,2.1043467469459647,1.9637780788073924,1.9343493169836665,2.090874553239831,1.937567996242199,1.9928989379506326,0,1.9764788565540743,2.031527354717021,2.106410009518507,2.0080005136768304,1.9936662538665701,1.8759980699370964,1.628696732676127,2.0613591683747576,2.0664373103814286,2.1968050667917165,2.1696834554523634,2.0091823364938284,2.162561887647684,1.6041322942987004,2.0759033765161385,1.8612608689649717,1.977627602984675,2.150278958971751,1.8423262799807512,2.144280979609346,2.090933363130675,1.9314148709870906,1.986705871818487,1.662376252515517,1.8700333098622115,2.0102917719315148,2.0175228220796226,1.8216124052239078,2.039083964650798,2.1154555178801986,1.543274287433945,2.003430491219455,1.95638021652679,2.0523252003657877,1.7917150171561094
Croatian,1.9311543929855846,1.8292254363439306,1.749445333456337,1.9155668466689386,1.0968096158228677,1.4419170100185128,1.9764788565540743,0,1.5126156941863094,1.9762007778340618,1.859487132012085,1.9171271710667577,1.9501466067965232,1.8754267248296492,1.8926251052262004,1.9206107629383113,1.9648747674381328,1.958833238264342,1.836110874705562,2.0332121108160974,1.65812584890155,1.813671629891347,1.6105605372495024,1.3939185224588357,1.9681295445370173,1.6913815186912515,2.0514906387507987,1.9123936171681255,1.7413278020816771,1.5150705953641304,1.861235538049508,1.8192852161690387,1.511824706482011,1.137630362890219,1.6582276294749012,1.4905510555215906,1.5290658426248185,1.7926220550888206,1.8743022077841744,1.4360162959584575,1.8825564689650935,1.639378031593691
Czech,1.9273350742712296,1.869909699724163,1.7989491679147103,1.941243549923329,1.4829336469165773,1.6397825129032482,2.031527354717021,1.5126156941863094,0,1.9614517781491891,1.8788919839163005,1.897723648187239,1.9603957373015397,1.9088261357989582,1.939669637978714,1.9752879518005586,1.983397596034609,1.9715970726163603,1.856931359569207,2.071074916905092,1.7401160708441394,1.813226595452626,1.6727711501046931,1.6074192614173561,1.9902679267969574,1.691838278149719,2.0530198412046237,1.9241501119037563,1.791898000034991,1.5061968930488032,1.8889708299032668,1.858779842705807,1.57834440512966,1.5225625921447579,1.704609783920173,1.3474372189123363,1.7057189942911601,1.811227022521708,1.9165882796871567,1.4907134777191522,1.880186847402629,1.6481372731608788
Danish,1.8344644043149332,1.9310975785846782,1.9236872794480477,2.1249636562268535,1.9320239833486494,2.0140579957325726,2.106410009518507,1.9762007778340618,1.9614517781491891,0,1.8472683434669723,1.7849664439565496,2.0066788586081334,1.9394414076626314,1.779034579841189,2.0969774852813363,2.15631704945075,2.154041161005045,1.7115402463526963,1.9926655310122836,1.8584109511257163,2.147649200456311,1.9416371896826596,2.027185578775953,2.1251048247128983,1.7883207031897443,1.7825916900417231,2.008702055532361,1.8910265316201076,2.0042599382343282,1.9308639361200794,2.006287520399971,2.0104884211222087,2.044754165606808,1.7616136957620105,2.0101751384079707,2.0859923560992457,1.8846211627483467,1.728383321150114,1.9491005498271512,2.025301798471425,1.6984293155224817
Dutch,1.41143649578704,1.8519550855420754,1.8062544539631313,1.9786682362875865,1.8087171948072032,1.8987728243398214,2.0080005136768304,1.859487132012085,1.8788919839163005,1.8472683434669723,0,1.6477441414622787,1.9896002179986283,1.9026441883789562,1.5977164062068114,1.94584339200299,2.0027994388495842,1.9934163974632717,1.7412712451930739,2.022462707334437,1.7671679869385049,1.9198716468331736,1.7666403359878464,1.8675024887262537,1.9969946719237661,1.7091918790326879,1.8663636475049972,1.930852693661096,1.7948743444500777,1.8902278616026122,1.860143540794318,1.9189929105901418,1.8922349891594827,1.905112342069466,1.7231167923132895,1.953950423836688,1.9680003644084552,1.8239108663821306,1.7135537223210682,1.8498507582743393,1.9168568442152287,1.6763660530535225
English,1.764538193196951,1.9213703032975984,1.8386812491357791,1.98911474365613,1.882013723078562,1.944064682803511,1.9936662538665701,1.9171271710667577,1.897723648187239,1.7849664439565496,1.6477441414622787,0,1.9772060757279784,1.9397209137368134,1.7569174482955012,2.0445767052445167,1.9994909206663458,2.0615697758910128,1.8026191609144075,1.9961895586661884,1.785044840083452,2.004214850998134,1.8211022766677782,1.956609003431688,2.0265609686937283,1.7503358778064675,1.8746087527874984,2.0142029979505955,1.8506860369930633,1.9267469595671147,1.8754507004392549,1.9468263644394301,1.952329915401693,1.9615244402317735,1.8079418816892,1.9697626893177653,2.0456715513006496,1.8475604761191016,1.7666197413787654,1.906005125956201,1.9551539454327185,1.6725881871626695
French,2.010127181125425,1.8336584511788836,1.8829575021756242,2.049407088968853,1.9020985959073695,1.9964942574171616,1.8759980699370964,1.9501466067965232,1.9603957373015397,2.0066788586081334,1.9896002179986283,1.9772060757279784,0,1.7726211727061674,2.0247815571959675,2.0158585057915754,2.1425191647667967,2.109147630377698,1.9671090126854025,2.0071762549155703,1.6822380973366478,2.0379567201365374,1.8843888909552917,1.954493654585458,2.0688586291781963,1.742874967813929,2.1310102814766907,1.9534298177190907,1.8771343193153682,1.9928827435845438,1.7652118525663116,1.913239216371461,1.9701142665461324,1.9860883400194629,1.7415724885732717,2.004261351820904,2.043942233159387,1.7193711665905955,2.0150197455016055,1.9176401044515894,1.969090899414717,1.6908906226496412
Galician,1.9401709476977045,1.8022853056354178,1.8145373472152968,2.0033810865498762,1.83457637153823,1.8958377557877368,1.628696732676127,1.8754267248296492,1.9088261357989582,1.9394414076626314,1.9026441883789562,1.9397209137368134,1.7726211727061674,0,1.9680733857555446,1.9553810532769098,2.124530774671744,2.1004419912385033,1.858536741226736,1.9905031222414242,1.521879985916519,1.9910118546464697,1.8333994305920507,1.8850547025395072,2.059081931799749,1.7090872947934994,2.0700115613046837,1.9527779785354247,1.8132460114906757,1.9364475465772577,1.3948270315478057,1.798024074856876,1.92118175176048,1.9297116088241197,1.6892878473277388,1.9361579016694082,2.017074830532869,1.2609013014701882,1.907491931937462,1.8633711860625302,1.9695030295600797,1.6467581777354838
German,1.746899651692848,1.8862115234160244,1.8127100402794445,1.9951742582831276,1.8417343450664145,1.9481921082836682,2.0613591683747576,1.8926251052262004,1.939669637978714,1.779034579841189,1.5977164062068114,1.7569174482955012,2.0247815571959675,1.9680733857555446,0,1.9527326663963485,2.048266689343782,2.04115270294995,1.7532917138698432,2.0165503361226227,1.760198906606864,1.9768872709348997,1.8096916310936517,1.9417917346132307,2.047284954585882,1.7454752789374037,1.9668532666124035,2.001086269611191,1.8158023123953604,1.9377815328494776,1.968663718997801,1.9248280341930055,1.9684866051923244,1.9527995735446375,1.786063188901539,1.9847523880829947,2.021103825178739,1.8811803991139038,1.7509333994996692,1.8997344202528563,1.9777314130620665,1.707437601717338
Greek,2.0412927226860713,1.897765659827592,1.7964493167123388,2.0300938353593776,1.8702910104355117,1.9643515576051758,2.0664373103814286,1.9206107629383113,1.9752879518005586,2.0969774852813363,1.94584339200299,2.0445767052445167,2.0158585057915754,1.9553810532769098,1.9527326663963485,0,2.1089146467169906,2.094877270323291,1.887021444535992,2.1092331159460516,1.7832413833648808,1.9352533794115947,1.747182831318596,1.958015661167368,2.1024397305750484,1.7627190493165192,2.187478868583108,2.0143377606213915,1.8733315343317118,1.957890688768974,1.931189488574012,1.945388671157809,1.9500324124457642,1.9835073937724745,1.7664686469635846,2.0349566933594625,2.0654419416378405,1.8689282150877982,2.013334858764901,1.88320835937531,2.0080871161472085,1.715854070571143
Gujarati,2.15292689194891,2.0295644667445414,1.9404377985338608,1.7235777993152688,1.9188430015758362,1.9777877466996776,2.1968050667917165,1.9648747674381328,1.983397596034609,2.15631704945075,2.0027994388495842,1.9994909206663458,2.1425191647667967,2.124530774671744,2.048266689343782,2.1089146467169906,0,1.5569193244657376,2.0494453808927786,2.222129865960962,1.8726479295334806,2.0968249605447107,1.8670282719161773,1.9679723334835106,1.5319964222460685,1.553438502685119,2.246354301432828,2.042040538282748,1.920942371183193,1.9636734370253521,2.0723056309577577,2.0704331536282643,2.0507270650993323,2.025252614821095,1.8281793256620744,2.083043210435231,2.134083686977818,1.9556113956322778,2.0703406506662243,1.9719252284282554,1.719866203314375,1.8128787166940268
Hindi,2.1515809117033236,1.995085884966973,1.9273627693782236,1.697164467481213,1.9282461365380015,1.9618127215027543,2.1696834554523634,1.958833238264342,1.9715970726163603,2.154041161005045,1.9934163974632717,2.0615697758910128,2.109147630377698,2.1004419912385033,2.04115270294995,2.094877270323291,1.5569193244657376,0,2.052344447355365,2.189009759938876,1.8663722929710935,2.08711357777151,1.8564743237093566,1.9461739775400293,1.6708569190305744,1.529106429012099,2.2280583304626624,1.9909450404142406,1.8767744143353158,1.9491275977221554,2.0281929110481607,2.031460311874123,2.0314197692074814,2.018366761074577,1.813027201619243,2.0779806113001085,2.132237903959528,1.9425085628470462,2.052532902539991,1.9420965304743298,1.4425967016423331,1.816462834902855
Icelandic,1.7412873967907394,1.8285146328955446,1.6987903228563823,1.9806994483124178,1.7418485855937536,1.8932177301879347,2.0091823364938284,1.836110874705562,1.856931359569207,1.7115402463526963,1.7412712451930739,1.8026191609144075,1.9671090126854025,1.858536741226736,1.7532917138698432,1.887021444535992,2.0494453808927786,2.052344447355365,0,2.0214377445914433,1.7187043411085063,1.8417623955515103,1.6592233556553413,1.8464457365688793,2.015983852515796,1.7232193826864046,1.7750444740249827,1.9560372714550234,1.766652305419115,1.856303965690908,1.8437870701075652,1.8713911978726756,1.8018796926431264,1.8303241056996744,1.6670753530879423,1.8918293336182577,1.9861785589963938,1.8288371794746563,1.6586346349043037,1.7726122302885827,1.9305898820721623,1.6682495540351712
Irish,2.0593119772150565,1.9096236311182428,1.8850922998770867,2.1601311111553265,2.0080975399286625,2.0660438890257247,2.162561887647684,2.0332121108160974,2.071074916905092,1.9926655310122836,2.022462707334437,1.9961895586661884,2.0071762549155703,1.9905031222414242,2.0165503361226227,2.1092331159460516,2.222129865960962,2.189009759938876,2.0214377445914433,0,1.924954858091484,2.1858479513087663,1.9876770167640305,2.054677268686456,2.1443976407060212,1.7837085117842102,2.2551904609525004,1.9825374713197712,1.9317788492148331,2.084365912500736,1.948287939195064,2.070325043297328,2.099119994899918,2.148097680578129,1.7729447597347088,2.104677799051438,2.151196583157316,1.895939094654187,2.0493961584166516,2.0279266600596175,2.0695434617075623,1.6705913777391241
Italian,1.8411302336465183,1.7045660036411292,1.6658660312848201,1.777788056696963,1.6066905751900595,1.7070653653289385,1.6041322942987004,1.65812584890155,1.7401160708441394,1.8584109511257163,1.7671679869385049,1.785044840083452,1.6822380973366478,1.521879985916519,1.760198906606864,1.7832413833648808,1.8726479295334806,1.8663722929710935,1.7187043411085063,1.924954858091484,0,1.7852990234282742,1.6028750886061978,1.689406843696719,1.838477644131329,1.5720370832372543,1.9036942898620555,1.8026712258699717,1.6648026285176718,1.6723511162456173,1.5376519142010427,1.5167177595884929,1.6872401724865287,1.6855123892743185,1.6094392391256653,1.750707585982642,1.801063630957814,1.4623245045820625,1.7390136700707415,1.6470552410084638,1.8006277598682325,1.5083630373001173
Latvian,1.9716800249179869,1.9050919567047693,1.7433948801023773,2.006819674114153,1.6599906386085939,1.9200332058216,2.0759033765161385,1.813671629891347,1.813226595452626,2.147649200456311,1.9198716468331736,2.004214850998134,2.0379567201365374,1.9910118546464697,1.9768872709348997,1.9352533794115947,2.0968249605447107,2.08711357777151,1.8417623955515103,2.1858479513087663,1.7852990234282742,0,1.3949708860121364,1.8017287049223158,2.06634399781581,1.8271277139123538,2.0998396351093294,2.031306125575132,1.8526864934605378,1.7432294865497548,1.9200896074187441,1.9202139434058738,1.7013517409949084,1.735805769667752,1.7767577537304367,1.8562005795599772,1.9077897376225534,1.9476642433791311,1.973169257998852,1.7334809878729038,1.973407140976539,1.788159812138666
Lithuanian,1.8388419851135511,1.7732938419478228,1.618572239189545,1.8189198695363404,1.5158822750377108,1.699875413672568,1.8612608689649717,1.6105605372495024,1.6727711501046931,1.9416371896826596,1.7666403359878464,1.8211022766677782,1.8843888909552917,1.8333994305920507,1.8096916310936517,1.747182831318596,1.8670282719161773,1.8564743237093566,1.6592233556553413,1.9876770167640305,1.6028750886061978,1.3949708860121364,0,1.6361782158681453,1.8853176141607204,1.67500398364517,1.8813940038243648,1.8454195016923525,1.657644381322743,1.591316392947094,1.784920613678366,1.7169345904881743,1.5716903998380227,1.580410201305954,1.6217641763653623,1.7095464867740453,1.7373283625023683,1.748381346985077,1.7793925879590173,1.5617521260557006,1.819166963173664,1.6327666731791515
Macedonian,1.939748251633935,1.8274537693660766,1.7478796969479489,1.882687568932124,1.2522812507851302,1.3837990364033643,1.977627602984675,1.3939185224588357,1.6074192614173561,2.027185578775953,1.8675024887262537,1.956609003431688,1.954493654585458,1.8850547025395072,1.9417917346132307,1.958015661167368,1.9679723334835106,1.9461739775400293,1.8464457365688793,2.054677268686456,1.689406843696719,1.8017287049223158,1.6361782158681453,0,1.968442219985067,1.6729446626823001,2.0700110960965645,1.8886426366741762,1.7688660107932863,1.5763654614116627,1.8498838465746477,1.843397306964539,1.4933099953600666,1.2500894713734316,1.6547725403183593,1.5839767001805893,1.6888116992718019,1.7903500281856561,1.9035389215343002,1.4487099270854562,1.8559222524094572,1.6829351494266616
Marathi,2.1301744668931333,1.9692804681008287,1.9081681925591025,1.7844133745041806,1.9351326525526338,1.9849099837944224,2.150278958971751,1.9681295445370173,1.9902679267969574,2.1251048247128983,1.9969946719237661,2.0265609686937283,2.0688586291781963,2.059081931799749,2.047284954585882,2.1024397305750484,1.5319964222460685,1.6708569190305744,2.015983852515796,2.1443976407060212,1.838477644131329,2.06634399781581,1.8853176141607204,1.968442219985067,0,1.5999376269000023,2.237221018501927,1.9973390590702862,1.9122712104779536,1.9738849849247766,1.9895130099084077,2.0448237169407686,2.008892307408834,2.0233208770657902,1.7638265965414393,2.0522780303415886,2.107605078645849,1.9160583061625773,2.0518278529739686,1.9597626612739123,1.7712462201932597,1.7711235381211512
Nepali,1.7571029976527879,1.635850495328594,1.6609354635728604,1.4722604554626226,1.647070610460977,1.705627224924982,1.8423262799807512,1.6913815186912515,1.691838278149719,1.7883207031897443,1.7091918790326879,1.7503358778064675,1.742874967813929,1.7090872947934994,1.7454752789374037,1.7627190493165192,1.553438502685119,1.529106429012099,1.7232193826864046,1.7837085117842102,1.5720370832372543,1.8271277139123538,1.67500398364517,1.6729446626823001,1.5999376269000023,0,1.883512253267683,1.6695848738763701,1.6254358366918662,1.73690916942841,1.6999303903159508,1.7361397897368025,1.7385661124541631,1.7290786537225973,1.4727034154463254,1.754803567082886,1.7958981680436958,1.6265144972376322,1.74020077886469,1.6644035017806105,1.4918286076556089,1.528273573707591
Norwegian,1.885234395512952,2.0358111121209275,1.9334289105995117,2.183135211926114,1.957408777507681,2.1106401542818096,2.144280979609346,2.0514906387507987,2.0530198412046237,1.7825916900417231,1.8663636475049972,1.8746087527874984,2.1310102814766907,2.0700115613046837,1.9668532666124035,2.187478868583108,2.246354301432828,2.2280583304626624,1.7750444740249827,2.2551904609525004,1.9036942898620555,2.0998396351093294,1.8813940038243648,2.0700110960965645,2.237221018501927,1.883512253267683,0,2.1532380912362448,1.9771343253034646,2.03095312370631,2.0151105717481768,2.0764539798935364,2.0646626783731454,2.0759279582267776,1.8684787271868242,2.099124537022431,2.1570676632765835,1.9883666999187115,1.54068615320647,2.00141241166922,2.083375273721947,1.838523057120589
Pashto,1.9794592687467922,1.8383383590980036,1.8032908042713576,1.977774542877121,1.8541225950461406,1.9680593756009968,2.090933363130675,1.9123936171681255,1.9241501119037563,2.008702055532361,1.930852693661096,2.0142029979505955,1.9534298177190907,1.9527779785354247,2.001086269611191,2.0143377606213915,2.042040538282748,1.9909450404142406,1.9560372714550234,1.9825374713197712,1.8026712258699717,2.031306125575132,1.8454195016923525,1.8886426366741762,1.9973390590702862,1.6695848738763701,2.1532380912362448,0,1.7019290929134046,1.9364329507363678,1.8942325446476433,1.9560833577313281,1.9399923439160909,1.950318969449562,1.6581867235557963,1.9965475268077841,2.0236315719154994,1.8377473206118369,1.9897952057083195,1.8649487529166504,1.8203446805934869,1.7156177141454436
Persian,1.8599300762235815,1.7528597864009017,1.636784126584377,1.875377670473531,1.67288816186621,1.8174139936745186,1.9314148709870906,1.7413278020816771,1.791898000034991,1.8910265316201076,1.7948743444500777,1.8506860369930633,1.8771343193153682,1.8132460114906757,1.8158023123953604,1.8733315343317118,1.920942371183193,1.8767744143353158,1.766652305419115,1.9317788492148331,1.6648026285176718,1.8526864934605378,1.657644381322743,1.7688660107932863,1.9122712104779536,1.6254358366918662,1.9771343253034646,1.7019290929134046,0,1.762847411092226,1.8102835275177287,1.7824780126921633,1.7798237053341222,1.7755273410895127,1.6226842362086886,1.8361131342479378,1.8686617891270605,1.7508888426388876,1.8137765766012754,1.6919620085870986,1.7429037317453429,1.6205310443511014
Polish,1.9576493539769646,1.8721366469709766,1.7728394242783088,1.8965100079884594,1.4285453390027765,1.6509884169368545,1.986705871818487,1.5150705953641304,1.5061968930488032,2.0042599382343282,1.8902278616026122,1.9267469595671147,1.9928827435845438,1.9364475465772577,1.9377815328494776,1.957890688768974,1.9636734370253521,1.9491275977221554,1.856303965690908,2.084365912500736,1.6723511162456173,1.7432294865497548,1.591316392947094,1.5763654614116627,1.9738849849247766,1.73690916942841,2.03095312370631,1.9364329507363678,1.762847411092226,0,1.8455321755250156,1.8096088765656015,1.5072403300064776,1.498731501602331,1.7311205741876918,1.4368918364505947,1.6760087530676488,1.8310769545267136,1.889092785475642,1.4273761241266743,1.9010496408859974,1.6722443598121335
Portuguese,1.909409055917303,1.7774981275758979,1.7803530263281686,1.945999185297214,1.7990538013130755,1.8790758378677181,1.662376252515517,1.861235538049508,1.8889708299032668,1.9308639361200794,1.860143540794318,1.8754507004392549,1.7652118525663116,1.3948270315478057,1.968663718997801,1.931189488574012,2.0723056309577577,2.0281929110481607,1.8437870701075652,1.948287939195064,1.5376519142010427,1.9200896074187441,1.784920613678366,1.8498838465746477,1.9895130099084077,1.6999303903159508,2.0151105717481768,1.8942325446476433,1.8102835275177287,1.8455321755250156,0,1.7689623810749018,1.8626413905463195,1.8780977707132116,1.6832555711948607,1.8901134621816895,1.950525694193133,1.4079237356357657,1.8760963661980121,1.8165587204303726,1.9034853837204821,1.6421856183959418
Romanian,1.9847292592012051,1.8464879761251138,1.7936836261873963,1.9937070195372086,1.763986468552899,1.885182262341813,1.8700333098622115,1.8192852161690387,1.858779842705807,2.006287520399971,1.9189929105901418,1.9468263644394301,1.913239216371461,1.798024074856876,1.9248280341930055,1.945388671157809,2.0704331536282643,2.031460311874123,1.8713911978726756,2.070325043297328,1.5167177595884929,1.9202139434058738,1.7169345904881743,1.843397306964539,2.0448237169407686,1.7361397897368025,2.0764539798935364,1.9560833577313281,1.7824780126921633,1.8096088765656015,1.7689623810749018,0,1.8529499887032026,1.862327471433562,1.7560347129148643,1.925438400726958,1.9734698027133126,1.7244327248056281,1.9192875454761338,1.786377756950604,1.9627879564981443,1.670398037822827
Russian,1.9209268101776675,1.8139884311214194,1.7304519922465398,1.9419857822436788,1.341428005360743,1.6150710503461685,2.0102917719315148,1.511824706482011,1.57834440512966,2.0104884211222087,1.8922349891594827,1.952329915401693,1.9701142665461324,1.92118175176048,1.9684866051923244,1.9500324124457642,2.0507270650993323,2.0314197692074814,1.8018796926431264,2.099119994899918,1.6872401724865287,1.7013517409949084,1.5716903998380227,1.4933099953600666,2.008892307408834,1.7385661124541631,2.0646626783731454,1.9399923439160909,1.7798237053341222,1.5072403300064776,1.8626413905463195,1.8529499887032026,0,1.4035215742632188,1.6654513762588765,1.5242733953999148,1.7066852173875926,1.838197802831682,1.9090606898877585,1.2867966002583417,1.933503921157766,1.7029458671036524
Serbian,1.9566828939599161,1.8716727779291273,1.7549316723140234,1.9310318950442922,0.952610928485935,1.4957500919554325,2.0175228220796226,1.137630362890219,1.5225625921447579,2.044754165606808,1.905112342069466,1.9615244402317735,1.9860883400194629,1.9297116088241197,1.9527995735446375,1.9835073937724745,2.025252614821095,2.018366761074577,1.8303241056996744,2.148097680578129,1.6855123892743185,1.735805769667752,1.580410201305954,1.2500894713734316,2.0233208770657902,1.7290786537225973,2.0759279582267776,1.950318969449562,1.7755273410895127,1.498731501602331,1.8780977707132116,1.862327471433562,1.4035215742632188,0,1.6933082818571599,1.4833939291180738,1.549288282167569,1.8437466097206607,1.912185250884623,1.3578956329714105,1.9189253844045435,1.7068038600805127
Sinhala,1.7398248707851705,1.5762508996564386,1.6007401434888557,1.7153124323585143,1.6098019887080803,1.697426896934396,1.8216124052239078,1.6582276294749012,1.704609783920173,1.7616136957620105,1.7231167923132895,1.8079418816892,1.7415724885732717,1.6892878473277388,1.786063188901539,1.7664686469635846,1.8281793256620744,1.813027201619243,1.6670753530879423,1.7729447597347088,1.6094392391256653,1.7767577537304367,1.6217641763653623,1.6547725403183593,1.7638265965414393,1.4727034154463254,1.8684787271868242,1.6581867235557963,1.6226842362086886,1.7311205741876918,1.6832555711948607,1.7560347129148643,1.6654513762588765,1.6933082818571599,0,1.717349375511626,1.7799471823716029,1.6339638272084722,1.7311738390485871,1.6217671227156167,1.6802628236967836,1.5296032082706672
Slovak,1.9805575673207836,1.8787627629244494,1.8066708800529694,1.9976418229387818,1.4285411803957297,1.6409243674232887,2.039083964650798,1.4905510555215906,1.3474372189123363,2.0101751384079707,1.953950423836688,1.9697626893177653,2.004261351820904,1.9361579016694082,1.9847523880829947,2.0349566933594625,2.083043210435231,2.0779806113001085,1.8918293336182577,2.104677799051438,1.750707585982642,1.8562005795599772,1.7095464867740453,1.5839767001805893,2.0522780303415886,1.754803567082886,2.099124537022431,1.9965475268077841,1.8361131342479378,1.4368918364505947,1.8901134621816895,1.925438400726958,1.5242733953999148,1.4833939291180738,1.717349375511626,0,1.711048017552038,1.8502394566800013,1.9366372232133433,1.4675268079901094,1.974581167521187,1.6788943363459297
Slovenian,2.0495049425185305,1.9168827979045069,1.8734591408838666,2.0246867779686846,1.5144976458284944,1.7221009335002464,2.1154555178801986,1.5290658426248185,1.7057189942911601,2.0859923560992457,1.9680003644084552,2.0456715513006496,2.043942233159387,2.017074830532869,2.021103825178739,2.0654419416378405,2.134083686977818,2.132237903959528,1.9861785589963938,2.151196583157316,1.801063630957814,1.9077897376225534,1.7373283625023683,1.6888116992718019,2.107605078645849,1.7958981680436958,2.1570676632765835,2.0236315719154994,1.8686617891270605,1.6760087530676488,1.950525694193133,1.9734698027133126,1.7066852173875926,1.549288282167569,1.7799471823716029,1.711048017552038,0,1.9110802046702762,2.0056281393980675,1.6535237679271824,2.0029234221234726,1.7661570079048086
Spanish,1.9065809204462778,1.7702392340559248,1.7848701522803083,1.8804606061372662,1.755310604222826,1.7972560407933005,1.543274287433945,1.7926220550888206,1.811227022521708,1.8846211627483467,1.8239108663821306,1.8475604761191016,1.7193711665905955,1.2609013014701882,1.8811803991139038,1.8689282150877982,1.9556113956322778,1.9425085628470462,1.8288371794746563,1.895939094654187,1.4623245045820625,1.9476642433791311,1.748381346985077,1.7903500281856561,1.9160583061625773,1.6265144972376322,1.9883666999187115,1.8377473206118369,1.7508888426388876,1.8310769545267136,1.4079237356357657,1.7244327248056281,1.838197802831682,1.8437466097206607,1.6339638272084722,1.8502394566800013,1.9110802046702762,0,1.8444760425799132,1.7649304387327467,1.842123873945816,1.5992921715198292
Swedish,1.7806158245141641,1.9143510838932851,1.8063013899558131,1.9929350364738563,1.821908899342687,1.9250102645563854,2.003430491219455,1.8743022077841744,1.9165882796871567,1.728383321150114,1.7135537223210682,1.7666197413787654,2.0150197455016055,1.907491931937462,1.7509333994996692,2.013334858764901,2.0703406506662243,2.052532902539991,1.6586346349043037,2.0493961584166516,1.7390136700707415,1.973169257998852,1.7793925879590173,1.9035389215343002,2.0518278529739686,1.74020077886469,1.54068615320647,1.9897952057083195,1.8137765766012754,1.889092785475642,1.8760963661980121,1.9192875454761338,1.9090606898877585,1.912185250884623,1.7311738390485871,1.9366372232133433,2.0056281393980675,1.8444760425799132,0,1.8422009376397417,1.9407525176995826,1.6874672866669505
Ukrainian,1.8957082442388695,1.7620911483275,1.710426096513421,1.8865940541655664,1.3045978539157417,1.5733923320161314,1.95638021652679,1.4360162959584575,1.4907134777191522,1.9491005498271512,1.8498507582743393,1.906005125956201,1.9176401044515894,1.8633711860625302,1.8997344202528563,1.88320835937531,1.9719252284282554,1.9420965304743298,1.7726122302885827,2.0279266600596175,1.6470552410084638,1.7334809878729038,1.5617521260557006,1.4487099270854562,1.9597626612739123,1.6644035017806105,2.00141241166922,1.8649487529166504,1.6919620085870986,1.4273761241266743,1.8165587204303726,1.786377756950604,1.2867966002583417,1.3578956329714105,1.6217671227156167,1.4675268079901094,1.6535237679271824,1.7649304387327467,1.8422009376397417,0,1.8759783309018792,1.6290058587176963
Urdu,2.0184423348863145,1.8612214682655341,1.8368831745795153,1.6858084951185885,1.8467751430022168,1.8804615393228408,2.0523252003657877,1.8825564689650935,1.880186847402629,2.025301798471425,1.9168568442152287,1.9551539454327185,1.969090899414717,1.9695030295600797,1.9777314130620665,2.0080871161472085,1.719866203314375,1.4425967016423331,1.9305898820721623,2.0695434617075623,1.8006277598682325,1.973407140976539,1.819166963173664,1.8559222524094572,1.7712462201932597,1.4918286076556089,2.083375273721947,1.8203446805934869,1.7429037317453429,1.9010496408859974,1.9034853837204821,1.9627879564981443,1.933503921157766,1.9189253844045435,1.6802628236967836,1.974581167521187,2.0029234221234726,1.842123873945816,1.9407525176995826,1.8759783309018792,0,1.713225235463644
Welsh,1.711593605105444,1.6429282808393935,1.5840885883521616,1.7581693128640146,1.625915826971035,1.6513392643581035,1.7917150171561094,1.639378031593691,1.6481372731608788,1.6984293155224817,1.6763660530535225,1.6725881871626695,1.6908906226496412,1.6467581777354838,1.707437601717338,1.715854070571143,1.8128787166940268,1.816462834902855,1.6682495540351712,1.6705913777391241,1.5083630373001173,1.788159812138666,1.6327666731791515,1.6829351494266616,1.7711235381211512,1.528273573707591,1.838523057120589,1.7156177141454436,1.6205310443511014,1.6722443598121335,1.6421856183959418,1.670398037822827,1.7029458671036524,1.7068038600805127,1.5296032082706672,1.6788943363459297,1.7661570079048086,1.5992921715198292,1.6874672866669505,1.6290058587176963,1.713225235463644,0
