,Afrikaans,Albanian,Armenian,Bengali,Bosnian,Bulgarian,Catalan,Croatian,Czech,Danish,Dutch,English,French,Galician,German,Greek,Gujarati,Hindi,Icelandic,Irish,Italian,Latvian,Lithuanian,Macedonian,Marathi,Nepali,Norwegian,Pashto,Persian,Polish,Portuguese,Romanian,Russian,Serbian,Sinhala,Slovak,Slovenian,Spanish,Swedish,Ukrainian,Urdu,Welsh
Afrikaans,0,3.3361283443028276,2.9522437746779375,3.7057259476463864,3.0618916642575904,3.476876508808306,3.6868979846541774,3.3903387442353132,3.3435082684748814,3.2370459350306873,2.514970323230561,3.118694504968291,3.529068782167928,3.442180412955895,3.1017707907952157,3.6123656219769327,3.7909684135700052,3.7727640860032396,3.0553061647729494,3.6096039610893484,3.052748209745348,3.316055477815662,2.7539558079386754,3.375544261078588,3.766104989895619,2.9823350394102808,3.3317050252111517,3.4946855701247523,3.1208407768406565,3.2189430849359755,3.3737854095817994,3.4537907804920525,3.289780869283303,3.3904224462536234,2.9834030351779908,3.458799090351161,3.5254468445057516,3.3519826909085864,3.169052374193343,3.233000262540836,3.5488877235396905,2.7786287961383658
Albanian,3.3361283443028276,0,2.9399085958672413,3.462761941423665,3.095014820021472,3.372266244784415,3.4692854909564046,3.303752286998941,3.3644175117841715,3.3578363745560007,3.3094816325975476,3.4831537670716517,3.2274638341597073,3.192713553884913,3.3820913006758953,3.4519176291885105,3.648916907344713,3.5837037069318254,3.28526677718955,3.275460480835143,2.9543204730849464,3.3646037639750563,2.79585383599034,3.2901205839347467,3.509355435334564,2.928239834511222,3.574746000469504,3.253558655510756,3.0698440819557073,3.2251364455114797,3.183541473636493,3.32935542704677,3.2505221906249306,3.3593439756013233,2.7870905310159793,3.3828070575083626,3.3738366603027976,3.2017971049342004,3.460931623385001,3.1755416263376097,3.347502871259703,2.811715579982787
Armenian,2.9522437746779375,2.9399085958672413,0,3.164348056591268,3.0512507351304703,3.0830363298376446,3.1834124647227844,3.0496549566440443,3.104453610820382,3.0532286869237315,3.0731800571700516,3.206819046410384,3.048328887061133,2.966610385555559,3.0717086138097733,3.048167823199555,3.3069636067350006,3.2964249588236734,2.9258940101070134,2.9394764789584875,2.997798014358572,3.159338602934895,2.8508166190398234,3.059936543991318,3.149640191814492,2.9692214989006316,3.0892133208698147,2.9681148705755245,2.8841713784703877,3.1851761613095246,3.0457472182503724,3.088304068150047,3.040933678486741,3.083730464353539,2.827223516132166,3.0273194113385875,3.1532039123035718,3.0784974006409205,3.0807497500577257,3.0458996500859263,3.152674002705847,2.8970268359922238
Bengali,3.7057259476463864,3.462761941423665,3.164348056591268,0,3.1965655425693287,3.450298690962192,3.6911869354985463,3.4371181070794923,3.3931496451768233,3.7010250215842855,3.5322877354453803,3.6305787491891865,3.581137328049763,3.537394905686045,3.529454661159784,3.644864561960738,3.119530237364498,3.0233871551618314,3.545654651520793,3.7104594664109314,3.0488925787047694,3.497920602621683,2.8332694907198523,3.35429671722265,3.188630765612299,2.604178140984925,3.833764304984822,3.516238280729749,3.261122025449979,3.222988700869475,3.4747537326233084,3.5504120370777885,3.4255681190127794,3.442170094729713,3.0376958692705323,3.5146200850078517,3.5599396049991068,3.3794458440038464,3.598740919652896,3.3088495676283864,3.06266703676621,2.9739994291298557
Bosnian,3.0618916642575904,3.095014820021472,3.0512507351304703,3.1965655425693287,0,2.5445421512235225,3.25852890144499,1.9683062232004598,2.593092779619756,3.1363119392155365,3.153171562262653,3.3371936501140627,3.1512194937401814,3.0677873675987835,3.1984260837194016,3.241555175557478,3.335263232527313,3.3757347454014437,3.0681047311689986,3.2080541043399817,2.9197763722810985,3.0165459493278646,2.616167631293525,2.2346093493163135,3.2651487006574387,2.997838841977994,3.2075744004860582,3.1047032997120354,2.9844252956517874,2.5832252975274854,3.1388189483843885,3.1089740912427315,2.4088335081877985,1.7074684962276612,2.893062605873093,2.4579493978823517,2.5845555300381724,3.0882609920988022,3.1897582157039435,2.3748220453652857,3.2292949394517674,2.97581133309808
Bulgarian,3.476876508808306,3.372266244784415,3.0830363298376446,3.450298690962192,2.5445421512235225,0,3.5004419817870196,2.6500349553734477,2.9453175767465414,3.533560648051195,3.430005018710573,3.5152267860949404,3.5073227579254156,3.3649157883044065,3.517310445494857,3.525709021800691,3.556722171556295,3.5336369661237153,3.4069035730072095,3.560946602092416,2.9639519956407576,3.364958117042318,2.658911077242011,2.5312864178672254,3.5502926379489583,3.032117568020101,3.718754264735846,3.475938473488818,3.189226839248109,2.84395516678795,3.397980675872409,3.393452099429227,2.8969513203976143,2.7294246389069903,3.0277678976566538,2.9661275770090865,3.0245062024347136,3.244024762922236,3.466217029691843,2.832716963320425,3.385707957269132,2.817170566928963
Catalan,3.6868979846541774,3.4692854909564046,3.1834124647227844,3.6911869354985463,3.25852890144499,3.5004419817870196,0,3.4562120974578905,3.486137289132994,3.6926125253502096,3.530337914427918,3.5407485533398297,3.2768718339188774,2.9202242004009764,3.595869480030202,3.6508955150555282,3.8440929922665266,3.7851444846267244,3.494028126834987,3.713005525925123,2.681982390120978,3.5409222162607072,2.8303943650774976,3.4330699126329423,3.7749650772435657,3.174943084792673,3.8090883490068443,3.6786923101154345,3.2743931804899735,3.291864793062623,2.9433020339399256,3.3078551344040497,3.4521266678965383,3.5087950835557287,3.133345855252384,3.562434729887386,3.685851271076699,2.763737629843368,3.5641221201647992,3.363446867217439,3.628975450862743,2.961452466373568
Croatian,3.3903387442353132,3.303752286998941,3.0496549566440443,3.4371181070794923,1.9683062232004598,2.6500349553734477,3.4562120974578905,0,2.732601616776716,3.412583631143683,3.3523900627206897,3.4860694781284653,3.416377334019857,3.3042341444262844,3.427284080137077,3.4541946977014897,3.545278941568193,3.5594384758188515,3.31381420951881,3.4527950744372493,2.9333638789520173,3.2467032390448383,2.5714014831871017,2.5388748741039557,3.4913785832242463,3.0401564794189992,3.573654307961219,3.3655521791594536,3.0988161355397916,2.6689386076747543,3.3922109418214146,3.2742347604307853,2.73872064752555,2.124258575492706,2.9880525095531114,2.6897119616363367,2.7002495031944975,3.237192260554116,3.3811478893278544,2.610392749657958,3.4158990934722273,2.85706016553721
Czech,3.3435082684748814,3.3644175117841715,3.104453610820382,3.3931496451768233,2.593092779619756,2.9453175767465414,3.486137289132994,2.732601616776716,0,3.346611522223953,3.3436236077653683,3.348791885309166,3.3998662472673855,3.3398658591430337,3.4964285824957884,3.510632802927498,3.511592102157394,3.525609352140556,3.322913784295255,3.4930680708839827,3.0694488779467513,3.202449496064061,2.6937145782805354,2.8784059842229923,3.465534893973811,2.994515103574088,3.519530039135167,3.3560193515416077,3.1643552726339133,2.6662630006480423,3.3967129002106407,3.300652340480633,2.817087347490957,2.718662118767007,2.9987281082048147,2.4626412978660683,2.910786292923815,3.2273145708588338,3.3840004053292407,2.656817467383879,3.3229992953457206,2.8548739175559628
Danish,3.2370459350306873,3.3578363745560007,3.0532286869237315,3.7010250215842855,3.1363119392155365,3.533560648051195,3.6926125253502096,3.412583631143683,3.346611522223953,0,3.2100191563334803,3.1089295690983687,3.528366348466769,3.423458078672705,3.097875567507504,3.6323441474699334,3.729986173827721,3.704575188921732,2.953010002053519,3.466258722491325,3.005768598497351,3.5241914689458236,2.8390929119554524,3.4735811316739182,3.7290570051808154,2.9767442785617093,3.2729758081015157,3.531408175442975,3.1172792778912743,3.22285251259017,3.3482884461486395,3.4659194340326422,3.4019709418157165,3.504095532554651,2.9702828775246597,3.4957993640571385,3.6035059756874066,3.2687265863648167,3.047773386221661,3.2877801435867444,3.515196480860268,2.6958132089065634
Dutch,2.514970323230561,3.3094816325975476,3.0731800571700516,3.5322877354453803,3.153171562262653,3.430005018710573,3.530337914427918,3.3523900627206897,3.3436236077653683,3.2100191563334803,0,2.981669452940844,3.4963969579909002,3.364365964682472,2.9116346342139163,3.4881719244438703,3.5821526042669545,3.568629887505856,3.141649609027148,3.4797501770320167,3.0593906769429156,3.368005261416183,2.7846947045999997,3.333205871559412,3.5457661286373052,3.0336402230683324,3.270485949661679,3.421669151507749,3.141511520084468,3.2662714876726167,3.3583748435221747,3.43333864909721,3.340789450091343,3.402727803506958,3.056160742870996,3.4584440534955743,3.4167653627224945,3.2779058056242607,3.0857136924341275,3.278001384608689,3.4302190056384956,2.8606783358190517
English,3.118694504968291,3.4831537670716517,3.206819046410384,3.6305787491891865,3.3371936501140627,3.5152267860949404,3.5407485533398297,3.4860694781284653,3.348791885309166,3.1089295690983687,2.981669452940844,0,3.478345071563421,3.430081879678813,3.1555089476598503,3.70801636822686,3.6277628409379075,3.7005758648292977,3.2814979540917935,3.4041766491008603,3.1223035611061936,3.619863100653866,2.911814370872225,3.532801501646035,3.615671824964511,3.1508704798254983,3.31953154423585,3.562118304026467,3.258656952795247,3.3355856991761264,3.364629969292339,3.5191876977485896,3.492926371394752,3.549371877920956,3.244663950675831,3.497709356404958,3.6453176256785906,3.372750790719318,3.2639497773999917,3.4318125013344116,3.5563953285005696,2.9100061487677142
French,3.529068782167928,3.2274638341597073,3.048328887061133,3.581137328049763,3.1512194937401814,3.5073227579254156,3.2768718339188774,3.416377334019857,3.3998662472673855,3.528366348466769,3.4963969579909002,3.478345071563421,0,3.1504196523147536,3.5658659330624998,3.5410229211408653,3.746062896999524,3.695188326413466,3.418355060055201,3.4974290355281528,2.7739472123688396,3.410209222889438,2.8138501995927765,3.3792675233279073,3.629230602537532,2.958080338979027,3.756257542088321,3.4246513028299,3.1577517705337135,3.2712502410879347,3.1208771051557314,3.3058778739707644,3.3614805579221714,3.444044546032466,2.9784901225288754,3.5261133643166236,3.4817960813188287,3.0143677390291583,3.528002167327413,3.254173109166831,3.4391826799066623,2.7476229614270244
Galician,3.442180412955895,3.192713553884913,2.966610385555559,3.537394905686045,3.0677873675987835,3.3649157883044065,2.9202242004009764,3.3042341444262844,3.3398658591430337,3.423458078672705,3.364365964682472,3.430081879678813,3.1504196523147536,0,3.468786597831872,3.4753715517312482,3.7386711583534815,3.677852165900778,3.2600065115820063,3.472169130688512,2.5347994229327417,3.3916834764110506,2.758034156090359,3.2908078202220477,3.6482794704379935,2.9178655561962628,3.6894618651058364,3.4669060813228687,3.0750031599362972,3.213851666743989,2.52075866315582,3.1828615196139762,3.3116059670764373,3.3616202373038293,2.8974975271776384,3.429622140963585,3.5036006348960838,2.270306306932929,3.3861810123503013,3.2210862309294424,3.473383097982098,2.6903936183057384
German,3.1017707907952157,3.3820913006758953,3.0717086138097733,3.529454661159784,3.1984260837194016,3.517310445494857,3.595869480030202,3.427284080137077,3.4964285824957884,3.097875567507504,2.9116346342139163,3.1555089476598503,3.5658659330624998,3.468786597831872,0,3.481540798614288,3.6563472687967282,3.6533830145441244,3.1618019832540227,3.462603733386105,3.053570636416383,3.4861012173357313,2.8374813012472213,3.4734313270732105,3.6342473313843415,3.0940021487841216,3.4428698915903215,3.524367198828485,3.180589747972777,3.3510299043472336,3.554162487138802,3.4264956341254016,3.4752898076647596,3.4967634323191388,3.1671779379787672,3.553468220479215,3.498364311646884,3.3540216448050386,3.1359834359443846,3.354866816462984,3.5181823048663614,2.904688803082271
Greek,3.6123656219769327,3.4519176291885105,3.048167823199555,3.644864561960738,3.241555175557478,3.525709021800691,3.6508955150555282,3.4541946977014897,3.510632802927498,3.6323441474699334,3.4881719244438703,3.70801636822686,3.5410229211408653,3.4753715517312482,3.481540798614288,0,3.780637379016216,3.7247164967543647,3.392402591558647,3.618435249598691,3.0910279538423073,3.4171237925342015,2.7301114114789113,3.4944141195896856,3.7249192467315,3.1205076580547932,3.8365154671618273,3.5444625114143937,3.257821723107294,3.3394784838125586,3.4764637538137517,3.4600798091337173,3.453294156832505,3.530130410193969,3.1304831266527966,3.640196377355402,3.6216535893065838,3.38057348417343,3.628582104458852,3.3413827641828493,3.5936037739279922,2.9217735383518058
Gujarati,3.7909684135700052,3.648916907344713,3.3069636067350006,3.119530237364498,3.335263232527313,3.556722171556295,3.8440929922665266,3.545278941568193,3.511592102157394,3.729986173827721,3.5821526042669545,3.6277628409379075,3.746062896999524,3.7386711583534815,3.6563472687967282,3.780637379016216,0,2.7900113812220235,3.6798371614958,3.8197869288901347,3.2244376653105604,3.681306271518249,2.9192408673474475,3.5035077513782045,2.7573212754742062,2.7723509568108216,3.917255426151418,3.6171018950795877,3.358790700937736,3.3546050140941124,3.7043079925214277,3.676759600188887,3.6265990118232763,3.625017246849199,3.247290060938759,3.7055851559336306,3.7127855816582316,3.509188179046029,3.722871538740798,3.491151435806509,3.128623121327305,3.0916801102681037
Hindi,3.7727640860032396,3.5837037069318254,3.2964249588236734,3.0233871551618314,3.3757347454014437,3.5336369661237153,3.7851444846267244,3.5594384758188515,3.525609352140556,3.704575188921732,3.568629887505856,3.7005758648292977,3.695188326413466,3.677852165900778,3.6533830145441244,3.7247164967543647,2.7900113812220235,0,3.651161193174494,3.7383102964203045,3.2473896223714456,3.686234955280979,2.9287514857654524,3.4697618416480753,2.9489293050963186,2.7147843846729707,3.8698920959806236,3.526165500622902,3.3208289901852273,3.39340258423168,3.657030915800356,3.6138917680895557,3.5852315950248674,3.651098999044598,3.2428609836650772,3.7043261250656316,3.704180294390174,3.47356188387348,3.682371144825347,3.461810437392075,2.6146331915668437,3.102798833147869
Icelandic,3.0553061647729494,3.28526677718955,2.9258940101070134,3.545654651520793,3.0681047311689986,3.4069035730072095,3.494028126834987,3.31381420951881,3.322913784295255,2.953010002053519,3.141649609027148,3.2814979540917935,3.418355060055201,3.2600065115820063,3.1618019832540227,3.392402591558647,3.6798371614958,3.651161193174494,0,3.4352466933448422,3.015585853622164,3.2686117397259813,2.6374798254536405,3.318450681850106,3.5595347533820725,3.0874561773853073,3.0922718903104056,3.4336384967372338,3.0861186105080187,3.2346235116167765,3.3171943819867975,3.34706484667057,3.2210902619767476,3.2903039849468376,2.9555575098276194,3.367382185255262,3.440303097172482,3.2997780512685106,2.9969906611690567,3.1552678752837537,3.453492468192775,2.885858562113723
Irish,3.6096039610893484,3.275460480835143,2.9394764789584875,3.7104594664109314,3.2080541043399817,3.560946602092416,3.713005525925123,3.4527950744372493,3.4930680708839827,3.466258722491325,3.4797501770320167,3.4041766491008603,3.4974290355281528,3.472169130688512,3.462603733386105,3.618435249598691,3.8197869288901347,3.7383102964203045,3.4352466933448422,0,3.0541655186559193,3.530177415002905,2.858131754558169,3.464939538241925,3.7148908683751065,2.9250586170532227,3.9498051246344,3.456469180864325,3.1320142561544815,3.298389223820532,3.351888597026448,3.5049951144451765,3.4886554426986534,3.6116846487678655,2.9382964139822714,3.6153789149485025,3.6205385906068477,3.235455225272904,3.502471625627943,3.348190627189362,3.5396510769653333,2.597901860343236
Italian,3.052748209745348,2.9543204730849464,2.997798014358572,3.0488925787047694,2.9197763722810985,2.9639519956407576,2.681982390120978,2.9333638789520173,3.0694488779467513,3.005768598497351,3.0593906769429156,3.1223035611061936,2.7739472123688396,2.5347994229327417,3.053570636416383,3.0910279538423073,3.2244376653105604,3.2473896223714456,3.015585853622164,3.0541655186559193,0,3.208463647490665,2.7701293632526465,2.9743539510024113,3.0927222914009143,2.836938760951369,3.1033810751411965,3.010638261742384,2.995292587113941,3.0416389632014695,2.6715561174885694,2.650764282780353,2.9987522396108672,2.9897227069935286,2.8664818868567816,2.9975820860580913,3.0498815060505744,2.570408168579548,3.0112906452791517,2.9394555856142808,3.1187500405708133,2.7322149087476886
Latvian,3.316055477815662,3.3646037639750563,3.159338602934895,3.497920602621683,3.0165459493278646,3.364958117042318,3.5409222162607072,3.2467032390448383,3.202449496064061,3.5241914689458236,3.368005261416183,3.619863100653866,3.410209222889438,3.3916834764110506,3.4861012173357313,3.4171237925342015,3.681306271518249,3.686234955280979,3.2686117397259813,3.530177415002905,3.208463647490665,0,2.3604574507488687,3.205919970161384,3.5460941032996645,3.30833136949145,3.492757765024913,3.4541647554724855,3.2889814670556734,3.1158411864843107,3.390076219067654,3.396615947921382,3.0425775914820963,3.103596741970414,3.1891808111260675,3.21661063054333,3.28443974151434,3.467194788990797,3.4994731249338846,3.1190565820854417,3.4852442726633854,3.230754062610127
Lithuanian,2.7539558079386754,2.79585383599034,2.8508166190398234,2.8332694907198523,2.616167631293525,2.658911077242011,2.8303943650774976,2.5714014831871017,2.6937145782805354,2.8390929119554524,2.7846947045999997,2.911814370872225,2.8138501995927765,2.758034156090359,2.8374813012472213,2.7301114114789113,2.9192408673474475,2.9287514857654524,2.6374798254536405,2.858131754558169,2.7701293632526465,2.3604574507488687,0,2.6358516953047784,2.8679389030319564,2.802131025588579,2.7674852446646994,2.7893816567492884,2.778073554476576,2.7647128090920052,2.8048370302356425,2.7366420971399363,2.585044410262619,2.539884078453496,2.6821577198691555,2.6406652622993296,2.6954248023709346,2.784306408044728,2.806577663820738,2.5702482401313866,2.8657633520483703,2.8861167944700976
Macedonian,3.375544261078588,3.2901205839347467,3.059936543991318,3.35429671722265,2.2346093493163135,2.5312864178672254,3.4330699126329423,2.5388748741039557,2.8784059842229923,3.4735811316739182,3.333205871559412,3.532801501646035,3.3792675233279073,3.2908078202220477,3.4734313270732105,3.4944141195896856,3.5035077513782045,3.4697618416480753,3.318450681850106,3.464939538241925,2.9743539510024113,3.205919970161384,2.6358516953047784,0,3.4623018635888823,2.999900423103592,3.5770032742248397,3.317626182676753,3.1186355651423168,2.768660747583658,3.31081223037354,3.3094685060329545,2.684873740900748,2.277289472113308,2.9573192604475333,2.8184230493734246,2.9572873932711534,3.215403998502987,3.4006867293415914,2.6229820106739536,3.329708083635597,2.93560466253394
Marathi,3.766104989895619,3.509355435334564,3.149640191814492,3.188630765612299,3.2651487006574387,3.5502926379489583,3.7749650772435657,3.4913785832242463,3.465534893973811,3.7290570051808154,3.5457661286373052,3.615671824964511,3.629230602537532,3.6482794704379935,3.6342473313843415,3.7249192467315,2.7573212754742062,2.9489293050963186,3.5595347533820725,3.7148908683751065,3.0927222914009143,3.5460941032996645,2.8679389030319564,3.4623018635888823,0,2.7853106194677335,3.9520480813349272,3.5497398939979408,3.266723662583738,3.296571440625314,3.5331696463129445,3.6034938690038767,3.4853267848912357,3.562450418325848,3.0696944168110933,3.6339189894307173,3.686797510298781,3.4077461610109507,3.6861468593563376,3.400978439663483,3.174127959661393,2.9333096892720767
Nepali,2.9823350394102808,2.928239834511222,2.9692214989006316,2.604178140984925,2.997838841977994,3.032117568020101,3.174943084792673,3.0401564794189992,2.994515103574088,2.9767442785617093,3.0336402230683324,3.1508704798254983,2.958080338979027,2.9178655561962628,3.0940021487841216,3.1205076580547932,2.7723509568108216,2.7147843846729707,3.0874561773853073,2.9250586170532227,2.836938760951369,3.30833136949145,2.802131025588579,2.999900423103592,2.7853106194677335,0,3.165537884586857,2.8707124469849425,2.9103038793175977,3.100855679224789,3.022223483544644,3.091502857762409,3.1149983324353805,3.1146833340941047,2.6519853881494466,3.0661183639629193,3.1212806818882397,2.912015555469569,3.1081797688941166,3.005364612304539,2.663637077138886,2.7416813947541483
Norwegian,3.3317050252111517,3.574746000469504,3.0892133208698147,3.833764304984822,3.2075744004860582,3.718754264735846,3.8090883490068443,3.573654307961219,3.519530039135167,3.2729758081015157,3.270485949661679,3.31953154423585,3.756257542088321,3.6894618651058364,3.4428698915903215,3.8365154671618273,3.917255426151418,3.8698920959806236,3.0922718903104056,3.9498051246344,3.1033810751411965,3.492757765024913,2.7674852446646994,3.5770032742248397,3.9520480813349272,3.165537884586857,0,3.8054161591220894,3.296610160131966,3.2846153570910945,3.527260173728301,3.6153906312504036,3.5013631210462646,3.5835206316417234,3.1800222691861504,3.667640047451164,3.7679145288792584,3.4782681086955813,2.7452314855126825,3.401970540741,3.6615717289307637,2.9454504451588175
Pashto,3.4946855701247523,3.253558655510756,2.9681148705755245,3.516238280729749,3.1047032997120354,3.475938473488818,3.6786923101154345,3.3655521791594536,3.3560193515416077,3.531408175442975,3.421669151507749,3.562118304026467,3.4246513028299,3.4669060813228687,3.524367198828485,3.5444625114143937,3.6171018950795877,3.526165500622902,3.4336384967372338,3.456469180864325,3.010638261742384,3.4541647554724855,2.7893816567492884,3.317626182676753,3.5497398939979408,2.8707124469849425,3.8054161591220894,0,2.890682359528787,3.224742535142692,3.355039756913138,3.422510307346303,3.33894266788476,3.421938428833914,2.8637306523004677,3.5200837909328553,3.50380975183364,3.242505436188387,3.532664194256965,3.2211153026826196,3.2510953302068715,2.810821844900298
Persian,3.1208407768406565,3.0698440819557073,2.8841713784703877,3.261122025449979,2.9844252956517874,3.189226839248109,3.2743931804899735,3.0988161355397916,3.1643552726339133,3.1172792778912743,3.141511520084468,3.258656952795247,3.1577517705337135,3.0750031599362972,3.180589747972777,3.257821723107294,3.358790700937736,3.3208289901852273,3.0861186105080187,3.1320142561544815,2.995292587113941,3.2889814670556734,2.778073554476576,3.1186355651423168,3.266723662583738,2.9103038793175977,3.296610160131966,2.890682359528787,0,3.15120871228225,3.1523760859774352,3.1363590954238543,3.1366984374953337,3.1499843042903013,2.9005537934303924,3.17641932289025,3.198030901181799,3.0735573644530247,3.1477474530210094,3.0018141011351016,3.0562165221781132,2.865876773309351
Polish,3.2189430849359755,3.2251364455114797,3.1851761613095246,3.222988700869475,2.5832252975274854,2.84395516678795,3.291864793062623,2.6689386076747543,2.6662630006480423,3.22285251259017,3.2662714876726167,3.3355856991761264,3.2712502410879347,3.213851666743989,3.3510299043472336,3.3394784838125586,3.3546050140941124,3.39340258423168,3.2346235116167765,3.298389223820532,3.0416389632014695,3.1158411864843107,2.7647128090920052,2.768660747583658,3.296571440625314,3.100855679224789,3.2846153570910945,3.224742535142692,3.15120871228225,0,3.192384027477214,3.1461129884730963,2.681011878571844,2.6316193918041337,3.049310135383226,2.4483875249036524,2.8077978292443384,3.1792534513386053,3.250367521969903,2.5388112319017466,3.277792558135685,3.014420737023801
Portuguese,3.3737854095817994,3.183541473636493,3.0457472182503724,3.4747537326233084,3.1388189483843885,3.397980675872409,2.9433020339399256,3.3922109418214146,3.3967129002106407,3.3482884461486395,3.3583748435221747,3.364629969292339,3.1208771051557314,2.52075866315582,3.554162487138802,3.4764637538137517,3.7043079925214277,3.657030915800356,3.3171943819867975,3.351888597026448,2.6715561174885694,3.390076219067654,2.8048370302356425,3.31081223037354,3.5331696463129445,3.022223483544644,3.527260173728301,3.355039756913138,3.1523760859774352,3.192384027477214,0,3.1723769905655272,3.2820788301172046,3.3741564474479375,2.9918800944067194,3.386476370346561,3.3971175420921673,2.5607794703836158,3.3551027891696883,3.2150677426302967,3.395874757205278,2.8169770186641423
Romanian,3.4537907804920525,3.32935542704677,3.088304068150047,3.5504120370777885,3.1089740912427315,3.393452099429227,3.3078551344040497,3.2742347604307853,3.300652340480633,3.4659194340326422,3.43333864909721,3.5191876977485896,3.3058778739707644,3.1828615196139762,3.4264956341254016,3.4600798091337173,3.676759600188887,3.6138917680895557,3.34706484667057,3.5049951144451765,2.650764282780353,3.396615947921382,2.7366420971399363,3.3094685060329545,3.6034938690038767,3.091502857762409,3.6153906312504036,3.422510307346303,3.1363590954238543,3.1461129884730963,3.1723769905655272,0,3.296792530531351,3.3456611617146517,3.102021473023402,3.405986956177257,3.4629541549179588,3.1339702522001978,3.472353916284227,3.2096254599233345,3.5236533372429752,2.8863033585821873
Russian,3.289780869283303,3.2505221906249306,3.040933678486741,3.4255681190127794,2.4088335081877985,2.8969513203976143,3.4521266678965383,2.73872064752555,2.817087347490957,3.4019709418157165,3.340789450091343,3.492926371394752,3.3614805579221714,3.3116059670764373,3.4752898076647596,3.453294156832505,3.6265990118232763,3.5852315950248674,3.2210902619767476,3.4886554426986534,2.9987522396108672,3.0425775914820963,2.585044410262619,2.684873740900748,3.4853267848912357,3.1149983324353805,3.5013631210462646,3.33894266788476,3.1366984374953337,2.681011878571844,3.2820788301172046,3.296792530531351,0,2.532235662779697,2.9577551168518363,2.6866393743473425,2.948037785457575,3.274352508924737,3.3973811705798322,2.349789367161677,3.4283687353819716,3.008624293110713
Serbian,3.3904224462536234,3.3593439756013233,3.083730464353539,3.442170094729713,1.7074684962276612,2.7294246389069903,3.5087950835557287,2.124258575492706,2.718662118767007,3.504095532554651,3.402727803506958,3.549371877920956,3.444044546032466,3.3616202373038293,3.4967634323191388,3.530130410193969,3.625017246849199,3.651098999044598,3.2903039849468376,3.6116846487678655,2.9897227069935286,3.103596741970414,2.539884078453496,2.277289472113308,3.562450418325848,3.1146833340941047,3.5835206316417234,3.421938428833914,3.1499843042903013,2.6316193918041337,3.3741564474479375,3.3456611617146517,2.532235662779697,0,3.049506382345368,2.6617827641810092,2.7480607553274856,3.2966164084271616,3.438217705237377,2.470472957909081,3.4597445458637077,2.9945193676950015
Sinhala,2.9834030351779908,2.7870905310159793,2.827223516132166,3.0376958692705323,2.893062605873093,3.0277678976566538,3.133345855252384,2.9880525095531114,2.9987281082048147,2.9702828775246597,3.056160742870996,3.244663950675831,2.9784901225288754,2.8974975271776384,3.1671779379787672,3.1304831266527966,3.247290060938759,3.2428609836650772,2.9555575098276194,2.9382964139822714,2.8664818868567816,3.1891808111260675,2.6821577198691555,2.9573192604475333,3.0696944168110933,2.6519853881494466,3.1800222691861504,2.8637306523004677,2.9005537934303924,3.049310135383226,2.9918800944067194,3.102021473023402,2.9577551168518363,3.049506382345368,0,3.0023921002885157,3.0918198060787994,2.903984244587863,3.076587917969692,2.907096460593791,3.0037476437622375,2.686590552322419
Slovak,3.458799090351161,3.3828070575083626,3.0273194113385875,3.5146200850078517,2.4579493978823517,2.9661275770090865,3.562434729887386,2.6897119616363367,2.4626412978660683,3.4957993640571385,3.4584440534955743,3.497709356404958,3.5261133643166236,3.429622140963585,3.553468220479215,3.640196377355402,3.7055851559336306,3.7043261250656316,3.367382185255262,3.6153789149485025,2.9975820860580913,3.21661063054333,2.6406652622993296,2.8184230493734246,3.6339189894307173,3.0661183639629193,3.667640047451164,3.5200837909328553,3.17641932289025,2.4483875249036524,3.386476370346561,3.405986956177257,2.6866393743473425,2.6617827641810092,3.0023921002885157,0,2.9782798145932365,3.29577899839321,3.454713607020361,2.594481172371134,3.501661042886105,2.824020847807542
Slovenian,3.5254468445057516,3.3738366603027976,3.1532039123035718,3.5599396049991068,2.5845555300381724,3.0245062024347136,3.685851271076699,2.7002495031944975,2.910786292923815,3.6035059756874066,3.4167653627224945,3.6453176256785906,3.4817960813188287,3.5036006348960838,3.498364311646884,3.6216535893065838,3.7127855816582316,3.704180294390174,3.440303097172482,3.6205385906068477,3.0498815060505744,3.28443974151434,2.6954248023709346,2.9572873932711534,3.686797510298781,3.1212806818882397,3.7679145288792584,3.50380975183364,3.198030901181799,2.8077978292443384,3.3971175420921673,3.4629541549179588,2.948037785457575,2.7480607553274856,3.0918198060787994,2.9782798145932365,0,3.339675508675554,3.56353918743078,2.89626204661775,3.542349424579949,2.9658752370753274
Spanish,3.3519826909085864,3.2017971049342004,3.0784974006409205,3.3794458440038464,3.0882609920988022,3.244024762922236,2.763737629843368,3.237192260554116,3.2273145708588338,3.2687265863648167,3.2779058056242607,3.372750790719318,3.0143677390291583,2.270306306932929,3.3540216448050386,3.38057348417343,3.509188179046029,3.47356188387348,3.2997780512685106,3.235455225272904,2.570408168579548,3.467194788990797,2.784306408044728,3.215403998502987,3.4077461610109507,2.912015555469569,3.4782681086955813,3.242505436188387,3.0735573644530247,3.1792534513386053,2.5607794703836158,3.1339702522001978,3.274352508924737,3.2966164084271616,2.903984244587863,3.29577899839321,3.339675508675554,0,3.339901576518153,3.156356977649269,3.3165926088561397,2.7645833141426897
Swedish,3.169052374193343,3.460931623385001,3.0807497500577257,3.598740919652896,3.1897582157039435,3.466217029691843,3.5641221201647992,3.3811478893278544,3.3840004053292407,3.047773386221661,3.0857136924341275,3.2639497773999917,3.528002167327413,3.3861810123503013,3.1359834359443846,3.628582104458852,3.722871538740798,3.682371144825347,2.9969906611690567,3.502471625627943,3.0112906452791517,3.4994731249338846,2.806577663820738,3.4006867293415914,3.6861468593563376,3.1081797688941166,2.7452314855126825,3.532664194256965,3.1477474530210094,3.250367521969903,3.3551027891696883,3.472353916284227,3.3973811705798322,3.438217705237377,3.076587917969692,3.454713607020361,3.56353918743078,3.339901576518153,0,3.3002842648512694,3.515536541575252,2.8887402300290645
Ukrainian,3.233000262540836,3.1755416263376097,3.0458996500859263,3.3088495676283864,2.3748220453652857,2.832716963320425,3.363446867217439,2.610392749657958,2.656817467383879,3.2877801435867444,3.278001384608689,3.4318125013344116,3.254173109166831,3.2210862309294424,3.354866816462984,3.3413827641828493,3.491151435806509,3.461810437392075,3.1552678752837537,3.348190627189362,2.9394555856142808,3.1190565820854417,2.5702482401313866,2.6229820106739536,3.400978439663483,3.005364612304539,3.401970540741,3.2211153026826196,3.0018141011351016,2.5388112319017466,3.2150677426302967,3.2096254599233345,2.349789367161677,2.470472957909081,2.907096460593791,2.594481172371134,2.89626204661775,3.156356977649269,3.3002842648512694,0,3.3444456022711337,2.8808973651038143
Urdu,3.5488877235396905,3.347502871259703,3.152674002705847,3.06266703676621,3.2292949394517674,3.385707957269132,3.628975450862743,3.4158990934722273,3.3229992953457206,3.515196480860268,3.4302190056384956,3.5563953285005696,3.4391826799066623,3.473383097982098,3.5181823048663614,3.5936037739279922,3.128623121327305,2.6146331915668437,3.453492468192775,3.5396510769653333,3.1187500405708133,3.4852442726633854,2.8657633520483703,3.329708083635597,3.174127959661393,2.663637077138886,3.6615717289307637,3.2510953302068715,3.0562165221781132,3.277792558135685,3.395874757205278,3.5236533372429752,3.4283687353819716,3.4597445458637077,3.0037476437622375,3.501661042886105,3.542349424579949,3.3165926088561397,3.515536541575252,3.3444456022711337,0,2.933413249266906
Welsh,2.7786287961383658,2.811715579982787,2.8970268359922238,2.9739994291298557,2.97581133309808,2.817170566928963,2.961452466373568,2.85706016553721,2.8548739175559628,2.6958132089065634,2.8606783358190517,2.9100061487677142,2.7476229614270244,2.6903936183057384,2.904688803082271,2.9217735383518058,3.0916801102681037,3.102798833147869,2.885858562113723,2.597901860343236,2.7322149087476886,3.230754062610127,2.8861167944700976,2.93560466253394,2.9333096892720767,2.7416813947541483,2.9454504451588175,2.810821844900298,2.865876773309351,3.014420737023801,2.8169770186641423,2.8863033585821873,3.008624293110713,2.9945193676950015,2.686590552322419,2.824020847807542,2.9658752370753274,2.7645833141426897,2.8887402300290645,2.8808973651038143,2.933413249266906,0
