,Afrikaans,Albanian,Armenian,Bengali,Bosnian,Bulgarian,Catalan,Croatian,Czech,Danish,Dutch,English,French,Galician,German,Greek,Gujarati,Hindi,Icelandic,Irish,Italian,Latvian,Lithuanian,Macedonian,Marathi,Nepali,Norwegian,Pashto,Persian,Polish,Portuguese,Romanian,Russian,Serbian,Sinhala,Slovak,Slovenian,Spanish,Swedish,Ukrainian,Urdu,Welsh
Afrikaans,0,201.973540788191,239.43758912371686,211.29447883114102,235.90804097808353,203.81707433979426,203.2621818754237,207.63545907786397,213.60387486804646,176.477155503775,160.120021314945,196.91101838791124,195.9850356506353,185.11155787166203,191.63426116661944,213.90259750751312,216.56532009017639,229.0993742998038,185.19213463891256,185.488759811828,244.41746238642511,235.07508095975174,301.95487996125087,210.42115792797986,207.61830335595374,224.2337611256754,174.83715273831749,188.8704678749779,224.92267621135144,248.59075612101987,202.0741887845203,215.96734774760787,219.59377916822282,207.9161592435643,218.04506947952672,201.3348875859926,207.68888683816778,208.4897400006298,187.64524761599557,218.4786401429715,209.77098588709296,244.04434832896126
Albanian,201.973540788191,0,249.1419607955747,217.94463158568726,257.4958404137978,219.12036898212537,217.09897276241827,217.55220738196405,234.00046761289647,211.4809546064852,224.26257627257573,240.0457038656678,205.72074008990748,195.00692345709535,232.61081007001513,217.77586843921603,229.10401574674827,237.25996551973134,223.8829690566729,198.93394117338167,250.91457993180956,254.8342422801814,315.4084976470386,226.8643999257091,214.44321916170878,227.08596597709644,213.70751153930493,197.28378255219303,236.522224876008,265.79872314937285,215.84653253470182,225.30828759701453,236.48777628323276,227.58732318152028,204.60077711962393,217.72714041806927,227.02983458985312,216.8337253115701,221.94161465577776,232.12402102276974,217.11779968728013,256.7651092153764
Armenian,239.43758912371686,249.1419607955747,0,264.2969789947934,291.8017990416902,262.7146917513969,261.4266728365706,261.6626525084071,277.844150774566,259.405449890145,266.8009782311131,280.46004417343556,254.36145139120447,242.68188019998877,268.8848793213308,257.85836651774093,278.3929715490457,286.8484777317955,249.08072279465287,242.67509909142527,297.773764887,283.0537155129226,342.77887344469946,269.3226909703212,264.7646410846141,285.4657134680385,250.39853359124302,239.62744371443128,266.2291183760312,306.4186844097281,260.8813842803136,269.67159813291937,276.32520690612,265.4789563486996,257.6162913469915,261.6803613323835,272.4971229936197,268.01095031763316,263.56388171627,275.30942353710583,266.27955019351015,296.0333058694525
Bengali,211.29447883114102,217.94463158568726,264.2969789947934,0,252.1780589006563,212.6571430482277,209.5238432987007,217.0157695539118,225.401897540133,207.66162732365484,223.68862404876413,228.24421941460798,208.8433468359495,202.66561407110862,225.3582035859426,216.04448617040538,188.2587149068127,195.2233592161909,226.92238885140915,205.30989478272386,247.4499512615395,250.42501431903773,309.7507764570994,219.92948017631187,186.8255814641066,199.12388830221326,208.46852951749122,204.0354084879877,240.80733261127892,253.85361965086346,217.0897329405699,221.45796155310157,235.72981511176627,221.43836703419564,224.09327327835442,213.76334104289057,223.02432736707948,217.06753125114028,215.96109449553006,229.419970684121,182.71673809061758,257.85653858075034
Bosnian,235.90804097808353,257.4958404137978,291.8017990416902,252.1780589006563,0,211.14037442625775,253.90056359355614,181.8066192213564,217.12563441780367,240.96356286767463,255.78685643117046,270.17108495941034,244.20974389509755,244.05081442468227,257.54923524652884,259.4906815354957,262.3402363937771,273.8937823769837,252.5740232509282,248.81074682000005,279.11111850460446,249.89836593122337,305.0376501123628,192.73347425945173,256.7291507366774,264.6049679695357,233.8557445082761,250.7108230728498,276.05969390025655,236.31900426832382,250.34201560183953,252.31799418509138,207.5019270989195,150.96054727556154,277.19030529950476,197.7117027108133,207.6982987587849,259.42963832017057,253.26917086983613,206.47716535165063,253.60745317289076,292.9197217858224
Bulgarian,203.81707433979426,219.12036898212537,262.7146917513969,212.6571430482277,211.14037442625775,0,203.78088402733349,165.0633263046527,189.2067798895824,198.74784778347004,212.63181434528695,222.47859692051077,200.60312116210554,193.24425247156717,217.28176430831792,211.46863160253454,217.6224555711029,227.37718362286805,217.3563083891545,199.94075765836905,233.1977941761356,240.37145657239913,291.34194384621514,165.51837905779203,208.48797319145487,238.9160663623922,202.83052494719237,204.00709842127714,235.44680824799406,219.52095415135938,207.58364221094385,214.59144227080353,196.54311681662008,177.0123470311933,229.2713889818361,179.43828579344014,190.92509156780173,205.24811087275785,211.22907872999164,194.41199515347898,207.68200664419064,244.8332315139364
Catalan,203.2621818754237,217.09897276241827,261.4266728365706,209.5238432987007,253.90056359355614,203.78088402733349,0,210.0264044098124,222.9946639930299,197.3073030045675,212.62457440205773,215.74638160231015,183.0401033152994,161.96296428984007,216.81643461418895,208.52489731466295,212.32401928506195,222.06186589172353,217.4911252822497,192.50117615915408,215.58011273759837,247.2073597477575,300.4036433399073,216.69053281724769,201.08562842101836,239.79347104733796,190.2096191797339,202.25932948350098,240.7069534874014,250.24134261931812,179.85677324494785,197.00763006475484,231.6566907181959,218.8107154785879,228.95161233073208,206.24741989165398,216.43280715114923,169.847324856964,205.70005962050524,225.27609517925424,210.84928953980778,254.40910282496174
Croatian,207.63545907786397,217.55220738196405,261.6626525084071,217.0157695539118,181.8066192213564,165.0633263046527,210.0264044098124,0,188.75325433058217,202.2851824324588,219.20510400235682,229.53400263115395,202.2890032937218,197.60771030850026,224.91590974509504,215.67961956387236,221.83931294804918,232.36937747050717,223.22794429405877,203.53976960142882,237.49351716836273,239.1952865998246,284.00151710911723,176.88528921378534,210.3840672965221,240.51975576407384,207.21845778648995,204.74479480924677,236.2283528439081,215.89815663129718,213.4274790601841,217.3774758440457,197.89926820079341,150.4958711944528,226.3318517103784,175.98057767697435,173.83922358898633,210.47650210833896,216.03041170215337,189.11875850114623,213.49707588337677,250.01392795147075
Czech,213.60387486804646,234.00046761289647,277.844150774566,225.401897540133,217.12563441780367,189.2067798895824,222.9946639930299,188.75325433058217,0,208.01792515007867,227.52063781513013,236.0376089342965,211.26242281433514,209.91937376083612,232.16971976384056,231.5232801419488,234.56077579615075,245.08601022898122,229.56770984051016,216.17761583576805,253.04767251058325,238.52503351497342,299.6245006047098,201.22608658002505,227.4150976251557,245.52604110922277,212.6281295327148,217.26517461230387,247.78562842001256,212.69557679707015,224.30579079821206,229.0201655471452,198.16161988183785,187.177684589232,250.84185520670007,155.42996224446392,201.22196249340192,225.86563940344354,224.6215449782576,194.150576029342,222.5369089336095,258.8749341437525
Danish,176.477155503775,211.4809546064852,259.405449890145,207.66162732365484,240.96356286767463,198.74784778347004,197.3073030045675,202.2851824324588,208.01792515007867,0,187.31984174674935,188.37804649081178,186.8957091388914,186.36431630321627,183.01614545569754,208.40148996735894,207.5493328896324,216.9790723916781,186.11862069391103,182.63115772822783,234.26733194783165,238.97665014720033,304.57170279124114,211.10624967388648,196.72288771827152,221.38866067379718,153.93960299971533,192.8080643043464,231.77660708933507,244.01834051961748,200.5249703597942,208.05798598428288,220.305356219405,210.1507989878801,229.5536307451872,195.25524177047862,201.95032764118676,202.76427542478524,173.38563193187898,216.1605972194885,201.07175304620077,238.52640900134716
Dutch,160.120021314945,224.26257627257573,266.8009782311131,223.68862404876413,255.78685643117046,212.63181434528695,212.62457440205773,219.20510400235682,227.52063781513013,187.31984174674935,0,202.84720586670974,207.10548335766163,205.05888985423604,183.90430631001345,217.62326745045954,223.06384631460435,233.54200346123184,207.54128526292297,203.34479241062124,249.0621554235474,248.3417248249702,312.14864133130556,222.2789608696741,214.23310843709677,241.82165683354532,188.80290606084577,209.5046830274763,242.89750409702964,260.10401194793377,212.4850270085405,224.58696583837659,235.96296560639502,223.78820789104387,242.30174659776395,215.21091272664472,219.76023578846628,216.02172324547536,199.23930930051603,233.36335546636974,219.609592430078,256.2985112414743
English,196.91101838791124,240.0457038656678,280.46004417343556,228.24421941460798,270.17108495941034,222.47859692051077,215.74638160231015,229.53400263115395,236.0376089342965,188.37804649081178,202.84720586670974,0,214.2944244656852,210.80344760780207,210.58485510192972,234.97443498127402,225.16986934337822,242.36489770065785,219.3680447396699,207.1073798972507,258.569700181172,261.29899221815964,321.427532640006,234.76664619814488,220.09188962064636,250.35544338327833,192.7206786923546,223.74762558568042,257.7440791197905,268.9955136907084,221.61694290243298,232.54960148306645,246.42107494337435,234.30822888421136,255.47788369322254,223.22729226082728,231.796339037292,226.15774890703304,206.0096196791045,242.14544849559752,225.56427406396548,260.26768792301687
French,195.9850356506353,205.72074008990748,254.36145139120447,208.8433468359495,244.20974389509755,200.60312116210554,183.0401033152994,202.2890032937218,211.26242281433514,186.8957091388914,207.10548335766163,214.2944244656852,0,175.95812732985635,212.40447443593203,205.39050054233192,216.18857935802149,225.0005245808934,214.41307973253802,185.8731085955086,217.25875325302013,234.69435826492054,300.02570833013584,213.1258693514448,200.38532825146243,226.7808550084679,190.99729770801656,195.25290453169683,232.16580715625577,245.85860773383067,188.65390893165687,204.21195415238984,222.81350390003945,211.47900684310127,223.1414653788119,199.72660106685487,207.32586828694895,188.48769919450822,209.07566071116435,219.35421455593257,205.06996007404237,242.2750048169227
Galician,185.11155787166203,195.00692345709535,242.68188019998877,202.66561407110862,244.05081442468227,193.24425247156717,161.96296428984007,197.60771030850026,209.91937376083612,186.36431630321627,205.05888985423604,210.80344760780207,175.95812732985635,0,211.38695367684437,203.36795706559585,208.29745729508795,219.43955447680628,198.80627234462153,177.09640576405442,209.00155124054297,243.4017486011754,300.4960484931031,204.18872948741458,195.44690241093136,221.98597301130982,191.06058610992594,182.261562476215,218.03073317382777,246.49849779600927,156.40962578505747,196.2379240272802,218.55225459499198,206.32821585713464,204.38477684694945,197.36278697861843,207.2142645431155,143.030955881074,196.02083742333622,212.7664534196489,201.61517051979246,237.05239017207933
German,191.63426116661944,232.61081007001513,268.8848793213308,225.3582035859426,257.54923524652884,217.28176430831792,216.81643461418895,224.91590974509504,232.16971976384056,183.01614545569754,183.90430631001345,210.58485510192972,212.40447443593203,211.38695367684437,0,220.88824923717587,228.4158309287248,237.79054563461222,211.22776693720832,207.46813817543168,250.0484494669984,249.52928145085986,313.8008100843318,229.1241716099238,219.62520952627068,244.30397075233796,196.07462270407677,217.49512246676179,244.34593587002334,263.7207520334934,226.1901565608425,225.29688896133,243.6905263174692,227.84011594495732,251.73890329663655,219.39541389601567,225.0227744307255,225.45286010579304,199.33209304064812,239.24880674206088,223.37597658026033,258.7659352176001
Greek,213.90259750751312,217.77586843921603,257.85836651774093,216.04448617040538,259.4906815354957,211.46863160253454,208.52489731466295,215.67961956387236,231.5232801419488,208.40148996735894,217.62326745045954,234.97443498127402,205.39050054233192,203.36795706559585,220.88824923717587,0,222.30489058022852,228.87714239182378,222.7027292121586,202.49653984692398,244.30528647437438,242.80906830639952,295.6507872326484,225.07880954368923,212.68169794817692,237.1634501715459,208.51447573768624,207.73485469300547,243.35739128447196,259.21751109448456,214.66280591308947,219.795785954892,236.50902173875932,227.2809499245861,225.65703812568464,217.9258427134073,226.29094485265185,208.4105836773215,218.30008653923088,230.03167185449735,214.45374264674274,251.50678076707078
Gujarati,216.56532009017639,229.10401574674827,278.3929715490457,188.2587149068127,262.3402363937771,217.6224555711029,212.32401928506195,221.83931294804918,234.56077579615075,207.5493328896324,223.06384631460435,225.16986934337822,216.18857935802149,208.29745729508795,228.4158309287248,222.30489058022852,0,175.01693987836296,233.1393050920164,212.7283080108273,257.1020017987383,262.6630440833094,314.58173449497116,225.5411729688633,154.24580781307935,212.26369469747996,209.542506246947,208.03673772727407,250.66108149159578,263.07521795677224,228.93207756460131,225.63135792580042,246.13857438729067,228.3657079024295,236.12505518672256,220.22430860340737,227.3385470171964,218.7484063519324,219.4804306022359,237.1978938433863,189.0442420203799,267.49825557457854
Hindi,229.0993742998038,237.25996551973134,286.8484777317955,195.2233592161909,273.8937823769837,227.37718362286805,222.06186589172353,232.36937747050717,245.08601022898122,216.9790723916781,233.54200346123184,242.36489770065785,225.0005245808934,219.43955447680628,237.79054563461222,228.87714239182378,175.01693987836296,0,244.71746253602987,220.5404261197109,267.37797030493414,272.61747285193223,323.6299478340828,234.36711625868872,179.03182534981477,218.2179499442777,218.1880058679724,215.231741469376,253.78925938947927,273.5892655094439,237.5931654277383,231.29901774370504,258.8726459038213,239.7581994009146,240.92275447399282,230.87343849378996,239.20385513888584,229.16425142478818,228.11425721228443,247.3623442998153,170.86177147153194,278.99599835948203
Icelandic,185.19213463891256,223.8829690566729,249.08072279465287,226.92238885140915,252.5740232509282,217.3563083891545,217.4911252822497,223.22794429405877,229.56770984051016,186.11862069391103,207.54128526292297,219.3680447396699,214.41307973253802,198.80627234462153,211.22776693720832,222.7027292121586,233.1393050920164,244.71746253602987,0,204.99015180651918,253.07927660681491,242.5566747909573,298.25904780636415,223.10516581285208,223.8192927795445,249.15722029989178,184.66442720447998,208.68024223438033,233.83577959217052,263.837792064758,219.1084358899665,227.64005729969304,230.03211284555815,220.39760204899983,232.8107802881996,219.29027543402927,229.44197073071098,225.26617282288382,192.81931819189205,226.66992106590808,225.4590863106799,257.91088284505656
Irish,185.488759811828,198.93394117338167,242.67509909142527,205.30989478272386,248.81074682000005,199.94075765836905,192.50117615915408,203.53976960142882,216.17761583576805,182.63115772822783,203.34479241062124,207.1073798972507,185.8731085955086,177.09640576405442,207.46813817543168,202.49653984692398,212.7283080108273,220.5404261197109,204.99015180651918,0,239.43365413797423,243.10371778488536,305.63752956509563,209.03791069104395,196.9448637760643,225.67795196331454,189.75466341122848,179.90195244473526,225.1596984384579,249.33436961910184,193.19293059853402,207.93473886621956,221.8175266768665,215.06631757260075,206.77941866619759,200.16576192062314,207.79924422847122,191.11297539246797,197.46740853802655,217.99411002140454,200.32085290127932,231.57927103069088
Italian,244.41746238642511,250.91457993180956,297.773764887,247.4499512615395,279.11111850460446,233.1977941761356,215.58011273759837,237.49351716836273,253.04767251058325,234.26733194783165,249.0621554235474,258.569700181172,217.25875325302013,209.00155124054297,250.0484494669984,244.30528647437438,257.1020017987383,267.37797030493414,253.07927660681491,239.43365413797423,0,282.2316645660585,332.88098250057425,247.89135473639126,245.29038906764774,264.07658497856505,238.61291306464895,242.42923811407454,272.3969908103975,281.89950295274366,222.6553261099976,222.50353326989512,262.43781329474615,248.08274009789727,270.04763101221454,242.07753451956597,249.8022397999218,216.6989864031966,246.96308125475736,257.1249487297081,249.7626997411802,267.69167329620217
Latvian,235.07508095975174,254.8342422801814,283.0537155129226,250.42501431903773,249.89836593122337,240.37145657239913,247.2073597477575,239.1952865998246,238.52503351497342,238.97665014720033,248.3417248249702,261.29899221815964,234.69435826492054,243.4017486011754,249.52928145085986,242.80906830639952,262.6630440833094,272.61747285193223,242.5566747909573,243.10371778488536,282.2316645660585,0,261.26461946575876,242.09998439452391,252.89694468876067,273.9873879997368,230.26221784427403,247.37978856248108,277.8347348128878,259.3923527435571,243.9465654517214,250.07067665681305,237.0170993679078,230.53229709205883,277.5552783425537,223.53676347054036,238.17863248362215,262.3503957892576,248.40069070324762,243.64919796533678,249.68438496575365,287.6929935783109
Lithuanian,301.95487996125087,315.4084976470386,342.77887344469946,309.7507764570994,305.0376501123628,291.34194384621514,300.4036433399073,284.00151710911723,299.6245006047098,304.57170279124114,312.14864133130556,321.427532640006,300.02570833013584,300.4960484931031,313.8008100843318,295.6507872326484,314.58173449497116,323.6299478340828,298.25904780636415,305.63752956509563,332.88098250057425,261.26461946575876,0,296.20491809523514,313.1561224928803,335.3130363999909,286.49211059747614,305.1076475630318,327.8018891985895,321.29686911759774,312.2978662146498,300.5695853425427,298.2886175157126,279.2266130930095,322.61192208726203,292.36748396073824,295.6429138143603,312.02946278879887,302.337914127913,290.8531247481914,309.44477177500704,343.6304906228226
Macedonian,210.42115792797986,226.8643999257091,269.3226909703212,219.92948017631187,192.73347425945173,165.51837905779203,216.69053281724769,176.88528921378534,201.22608658002505,211.10624967388648,222.2789608696741,234.76664619814488,213.1258693514448,204.18872948741458,229.1241716099238,225.07880954368923,225.5411729688633,234.36711625868872,223.10516581285208,209.03791069104395,247.89135473639126,242.09998439452391,296.20491809523514,0,217.06663636851536,245.4463623789666,213.36558045404996,209.44647901958098,244.61250416733552,225.6776288716312,217.3951761343981,224.336989646057,190.13432801117926,156.86067470602745,240.07655380585746,184.76365778757182,199.28362944601128,218.17210881639375,221.64001986261943,185.6980982149434,217.79664325012484,260.22202761054785
Marathi,207.61830335595374,214.44321916170878,264.7646410846141,186.8255814641066,256.7291507366774,208.48797319145487,201.08562842101836,210.3840672965221,227.4150976251557,196.72288771827152,214.23310843709677,220.09188962064636,200.38532825146243,195.44690241093136,219.62520952627068,212.68169794817692,154.24580781307935,179.03182534981477,223.8192927795445,196.9448637760643,245.29038906764774,252.89694468876067,313.1561224928803,217.06663636851536,0,213.13740925120146,200.58237386977714,195.7734720327725,242.71653323880514,255.2391861397519,213.7828542265417,216.55186481893122,233.40757110168926,220.7126628162671,222.7819753590321,208.72965333571747,216.69018841550255,204.78193978427802,210.9819048852043,227.2158540644387,186.85271913577478,253.92810789636985
Nepali,224.2337611256754,227.08596597709644,285.4657134680385,199.12388830221326,264.6049679695357,238.9160663623922,239.79347104733796,240.51975576407384,245.52604110922277,221.38866067379718,241.82165683354532,250.35544338327833,226.7808550084679,221.98597301130982,244.30397075233796,237.1634501715459,212.26369469747996,218.2179499442777,249.15722029989178,225.67795196331454,264.07658497856505,273.9873879997368,335.3130363999909,245.4463623789666,213.13740925120146,0,227.2064025205723,219.42560121387572,258.2582535146882,282.54108517477437,237.85308325331988,241.16144264392437,260.9979699934467,245.6683113540324,237.90833494384367,232.78695333165305,243.0077375167415,239.7474431108615,236.06248981741345,255.85313952757264,202.25405133000467,276.20169986720737
Norwegian,174.83715273831749,213.70751153930493,250.39853359124302,208.46852951749122,233.8557445082761,202.83052494719237,190.2096191797339,207.21845778648995,212.6281295327148,153.93960299971533,188.80290606084577,192.7206786923546,190.99729770801656,191.06058610992594,196.07462270407677,208.51447573768624,209.542506246947,218.1880058679724,184.66442720447998,189.75466341122848,238.61291306464895,230.26221784427403,286.49211059747614,213.36558045404996,200.58237386977714,227.2064025205723,0,202.40290184967566,236.3684210894444,242.71804811004264,202.3646955023967,206.75844264741406,221.86346636774863,209.17882117983598,230.71171736488088,196.57418930661927,200.83202106618668,203.1277986919889,153.61767024629106,219.44364843104952,202.48162090057784,251.26629093109926
Pashto,188.8704678749779,197.28378255219303,239.62744371443128,204.0354084879877,250.7108230728498,204.00709842127714,202.25932948350098,204.74479480924677,217.26517461230387,192.8080643043464,209.5046830274763,223.74762558568042,195.25290453169683,182.261562476215,217.49512246676179,207.73485469300547,208.03673772727407,215.231741469376,208.68024223438033,179.90195244473526,242.42923811407454,247.37978856248108,305.1076475630318,209.44647901958098,195.7734720327725,219.42560121387572,202.40290184967566,0,205.9958286950551,253.4343262943974,203.02435590036012,214.2564980000902,226.0593287798779,212.8528995317245,203.26949249031688,207.304941432811,211.60344333604073,201.19549857535173,207.5415099927832,219.58836351212312,192.81608130005165,243.47820987634637
Persian,224.92267621135144,236.522224876008,266.2291183760312,240.80733261127892,276.05969390025655,235.44680824799406,240.7069534874014,236.2283528439081,247.78562842001256,231.77660708933507,242.89750409702964,257.7440791197905,232.16580715625577,218.03073317382777,244.34593587002334,243.35739128447196,250.66108149159578,253.78925938947927,233.83577959217052,225.1596984384579,272.3969908103975,277.8347348128878,327.8018891985895,244.61250416733552,242.71653323880514,258.2582535146882,236.3684210894444,205.9958286950551,0,283.27545635448905,242.03823349752977,245.7394375931226,258.09544333905495,242.1313257875211,242.57354943476113,239.005761305249,248.05751433406732,243.1873774899618,237.57902329109103,246.40490761568313,228.62956697199513,275.89078586634406
Polish,248.59075612101987,265.79872314937285,306.4186844097281,253.85361965086346,236.31900426832382,219.52095415135938,250.24134261931812,215.89815663129718,212.69557679707015,244.01834051961748,260.10401194793377,268.9955136907084,245.85860773383067,246.49849779600927,263.7207520334934,259.21751109448456,263.07521795677224,273.5892655094439,263.837792064758,249.33436961910184,281.89950295274366,259.3923527435571,321.29686911759774,225.6776288716312,255.2391861397519,282.54108517477437,242.71804811004264,253.4343262943974,283.27545635448905,0,249.4751810935856,255.15154066592478,223.96010138807725,214.03485712068678,282.80308073911505,190.2545819982932,225.05334077827206,256.54414544048797,254.0615061566322,218.85389896181704,255.34922733398344,291.5690624041021
Portuguese,202.0741887845203,215.84653253470182,260.8813842803136,217.0897329405699,250.34201560183953,207.58364221094385,179.85677324494785,213.4274790601841,224.30579079821206,200.5249703597942,212.4850270085405,221.61694290243298,188.65390893165687,156.40962578505747,226.1901565608425,214.66280591308947,228.93207756460131,237.5931654277383,219.1084358899665,193.19293059853402,222.6553261099976,243.9465654517214,312.2978662146498,217.3951761343981,213.7828542265417,237.85308325331988,202.3646955023967,203.02435590036012,242.03823349752977,249.4751810935856,0,210.57879049921186,226.51005967800913,219.58054525577464,232.85559604829206,206.17178280960317,218.54605106233902,167.12893267982915,213.27056347602712,226.4095394286083,215.65050917533964,250.99317407544325
Romanian,215.96734774760787,225.30828759701453,269.67159813291937,221.45796155310157,252.31799418509138,214.59144227080353,197.00763006475484,217.3774758440457,229.0201655471452,208.05798598428288,224.58696583837659,232.54960148306645,204.21195415238984,196.2379240272802,225.29688896133,219.795785954892,225.63135792580042,231.29901774370504,227.64005729969304,207.93473886621956,222.50353326989512,250.07067665681305,300.5695853425427,224.336989646057,216.55186481893122,241.16144264392437,206.75844264741406,214.2564980000902,245.7394375931226,255.15154066592478,210.57879049921186,0,237.5166634556723,223.72909423416903,241.65156607066436,216.13987652709503,223.4444920441607,207.32589095279772,218.3836563042057,232.23465792859056,221.78291080955512,258.2023565572154
Russian,219.59377916822282,236.48777628323276,276.32520690612,235.72981511176627,207.5019270989195,196.54311681662008,231.6566907181959,197.89926820079341,198.16161988183785,220.305356219405,235.96296560639502,246.42107494337435,222.81350390003945,218.55225459499198,243.6905263174692,236.50902173875932,246.13857438729067,258.8726459038213,230.03211284555815,221.8175266768665,262.43781329474615,237.0170993679078,298.2886175157126,190.13432801117926,233.40757110168926,260.9979699934467,221.86346636774863,226.0593287798779,258.09544333905495,223.96010138807725,226.51005967800913,237.5166634556723,0,180.07123222800178,253.56770363030213,183.1684730263843,211.28868717016482,235.3749879037609,232.73659461428926,176.4288798753677,236.3419760314698,271.14737422064877
Serbian,207.9161592435643,227.58732318152028,265.4789563486996,221.43836703419564,150.96054727556154,177.0123470311933,218.8107154785879,150.4958711944528,187.177684589232,210.1507989878801,223.78820789104387,234.30822888421136,211.47900684310127,206.32821585713464,227.84011594495732,227.2809499245861,228.3657079024295,239.7581994009146,220.39760204899983,215.06631757260075,248.08274009789727,230.53229709205883,279.2266130930095,156.86067470602745,220.7126628162671,245.6683113540324,209.17882117983598,212.8528995317245,242.1313257875211,214.03485712068678,219.58054525577464,223.72909423416903,180.07123222800178,0,242.8550397915765,173.48966487805671,178.6885433523084,223.56326366386352,220.35063712254214,175.09835019588712,221.9273377932972,262.4208036467484
Sinhala,218.04506947952672,204.60077711962393,257.6162913469915,224.09327327835442,277.19030529950476,229.2713889818361,228.95161233073208,226.3318517103784,250.84185520670007,229.5536307451872,242.30174659776395,255.47788369322254,223.1414653788119,204.38477684694945,251.73890329663655,225.65703812568464,236.12505518672256,240.92275447399282,232.8107802881996,206.77941866619759,270.04763101221454,277.5552783425537,322.61192208726203,240.07655380585746,222.7819753590321,237.90833494384367,230.71171736488088,203.26949249031688,242.57354943476113,282.80308073911505,232.85559604829206,241.65156607066436,253.56770363030213,242.8550397915765,0,234.8245211235103,246.66373675844284,224.7645706197262,232.22498426993926,245.51847916300565,221.84192012386774,272.40608793893364
Slovak,201.3348875859926,217.72714041806927,261.6803613323835,213.76334104289057,197.7117027108133,179.43828579344014,206.24741989165398,175.98057767697435,155.42996224446392,195.25524177047862,215.21091272664472,223.22729226082728,199.72660106685487,197.36278697861843,219.39541389601567,217.9258427134073,220.22430860340737,230.87343849378996,219.29027543402927,200.16576192062314,242.07753451956597,223.53676347054036,292.36748396073824,184.76365778757182,208.72965333571747,232.78695333165305,196.57418930661927,207.304941432811,239.005761305249,190.2545819982932,206.17178280960317,216.13987652709503,183.1684730263843,173.48966487805671,234.8245211235103,0,184.19528795871477,212.47400685253217,210.2707982853098,185.6106363249094,211.63554201210803,248.7718788195948
Slovenian,207.68888683816778,227.02983458985312,272.4971229936197,223.02432736707948,207.6982987587849,190.92509156780173,216.43280715114923,173.83922358898633,201.22196249340192,201.95032764118676,219.76023578846628,231.796339037292,207.32586828694895,207.2142645431155,225.0227744307255,226.29094485265185,227.3385470171964,239.20385513888584,229.44197073071098,207.79924422847122,249.8022397999218,238.17863248362215,295.6429138143603,199.28362944601128,216.69018841550255,243.0077375167415,200.83202106618668,211.60344333604073,248.05751433406732,225.05334077827206,218.54605106233902,223.4444920441607,211.28868717016482,178.6885433523084,246.66373675844284,184.19528795871477,0,219.1977344518458,219.68852392118086,207.0596070864272,220.59180041344536,261.1367448485171
Spanish,208.4897400006298,216.8337253115701,268.01095031763316,217.06753125114028,259.42963832017057,205.24811087275785,169.847324856964,210.47650210833896,225.86563940344354,202.76427542478524,216.02172324547536,226.15774890703304,188.48769919450822,143.030955881074,225.45286010579304,208.4105836773215,218.7484063519324,229.16425142478818,225.26617282288382,191.11297539246797,216.6989864031966,262.3503957892576,312.02946278879887,218.17210881639375,204.78193978427802,239.7474431108615,203.1277986919889,201.19549857535173,243.1873774899618,256.54414544048797,167.12893267982915,207.32589095279772,235.3749879037609,223.56326366386352,224.7645706197262,212.47400685253217,219.1977344518458,0,214.67843171887327,227.02137871936387,215.13501064822572,252.97278849314938
Swedish,187.64524761599557,221.94161465577776,263.56388171627,215.96109449553006,253.26917086983613,211.22907872999164,205.70005962050524,216.03041170215337,224.6215449782576,173.38563193187898,199.23930930051603,206.0096196791045,209.07566071116435,196.02083742333622,199.33209304064812,218.30008653923088,219.4804306022359,228.11425721228443,192.81931819189205,197.46740853802655,246.96308125475736,248.40069070324762,302.337914127913,221.64001986261943,210.9819048852043,236.06248981741345,153.61767024629106,207.5415099927832,237.57902329109103,254.0615061566322,213.27056347602712,218.3836563042057,232.73659461428926,220.35063712254214,232.22498426993926,210.2707982853098,219.68852392118086,214.67843171887327,0,227.66199458753545,211.73405166096146,252.70184636512528
Ukrainian,218.4786401429715,232.12402102276974,275.30942353710583,229.419970684121,206.47716535165063,194.41199515347898,225.27609517925424,189.11875850114623,194.150576029342,216.1605972194885,233.36335546636974,242.14544849559752,219.35421455593257,212.7664534196489,239.24880674206088,230.03167185449735,237.1978938433863,247.3623442998153,226.66992106590808,217.99411002140454,257.1249487297081,243.64919796533678,290.8531247481914,185.6980982149434,227.2158540644387,255.85313952757264,219.44364843104952,219.58836351212312,246.40490761568313,218.85389896181704,226.4095394286083,232.23465792859056,176.4288798753677,175.09835019588712,245.51847916300565,185.6106363249094,207.0596070864272,227.02137871936387,227.66199458753545,0,231.02496488528917,262.35657891754573
Urdu,209.77098588709296,217.11779968728013,266.27955019351015,182.71673809061758,253.60745317289076,207.68200664419064,210.84928953980778,213.49707588337677,222.5369089336095,201.07175304620077,219.609592430078,225.56427406396548,205.06996007404237,201.61517051979246,223.37597658026033,214.45374264674274,189.0442420203799,170.86177147153194,225.4590863106799,200.32085290127932,249.7626997411802,249.68438496575365,309.44477177500704,217.79664325012484,186.85271913577478,202.25405133000467,202.48162090057784,192.81608130005165,228.62956697199513,255.34922733398344,215.65050917533964,221.78291080955512,236.3419760314698,221.9273377932972,221.84192012386774,211.63554201210803,220.59180041344536,215.13501064822572,211.73405166096146,231.02496488528917,0,254.2756573376471
Welsh,244.04434832896126,256.7651092153764,296.0333058694525,257.85653858075034,292.9197217858224,244.8332315139364,254.40910282496174,250.01392795147075,258.8749341437525,238.52640900134716,256.2985112414743,260.26768792301687,242.2750048169227,237.05239017207933,258.7659352176001,251.50678076707078,267.49825557457854,278.99599835948203,257.91088284505656,231.57927103069088,267.69167329620217,287.6929935783109,343.6304906228226,260.22202761054785,253.92810789636985,276.20169986720737,251.26629093109926,243.47820987634637,275.89078586634406,291.5690624041021,250.99317407544325,258.2023565572154,271.14737422064877,262.4208036467484,272.40608793893364,248.7718788195948,261.1367448485171,252.97278849314938,252.70184636512528,262.35657891754573,254.2756573376471,0
