,Afrikaans,Albanian,Armenian,Bengali,Bosnian,Bulgarian,Catalan,Croatian,Czech,Danish,Dutch,English,French,Galician,German,Greek,Gujarati,Hindi,Icelandic,Irish,Italian,Latvian,Lithuanian,Macedonian,Marathi,Nepali,Norwegian,Pashto,Persian,Polish,Portuguese,Romanian,Russian,Serbian,Sinhala,Slovak,Slovenian,Spanish,Swedish,Ukrainian,Urdu,Welsh
Afrikaans,0,5.359929692551165,5.45429200520325,5.972452041968435,5.341343935018281,5.663672425558063,5.794299247699642,5.509222334030116,5.466067172949201,4.833085698399287,4.544517574497184,4.851856971127043,5.720051473158576,5.423712852961421,5.33955497897223,6.261665175421639,5.68792759655077,5.548162939608247,5.03083046410587,5.8581830330182845,5.029516233629717,6.9670561407399445,5.737013821420874,5.50350204487559,5.560218313421283,4.780834837109019,4.813379904288993,5.621898036044496,5.502447970779112,6.107470002369189,5.8286651156544815,5.557776236413032,5.693512412902304,5.4772057557124585,4.9661714782736786,5.6715036018674825,5.752807846899138,5.332719371397661,4.808993772906165,5.427227052483049,5.539582407687117,4.900003784097805
Albanian,5.359929692551165,0,5.315776120632769,5.568632932020456,5.556282019581405,5.583841132930163,5.681593864148071,5.470258879201008,5.580113098798019,5.668934573623464,5.867708915155534,5.990524475903981,5.583299381473054,5.148107588158075,6.153344691128875,5.933995522121945,5.450906704787229,5.279076843510206,5.7099440267281265,5.289392176433932,5.024931215166805,7.103270086958935,5.930315823079689,5.599215949464204,5.24051902859469,4.700186291707131,5.568384454948106,5.269861529619781,5.409483859997361,6.327464986951397,5.814240274174511,5.516749743529259,5.640638717657311,5.554592463926419,4.523008853921294,5.663039200717821,5.708219405746913,5.095954424432257,5.59569758449409,5.360070948903908,5.179302022848922,4.831093880233167
Armenian,5.45429200520325,5.315776120632769,0,5.916994188027382,6.137625377391761,5.764725190760347,5.9554411227929025,5.72196904603013,5.669129702092413,5.686401281215209,5.9095196022080545,6.085315418773879,5.735873490752172,5.486126796879912,5.975988993702014,5.955519612340549,5.799751953701613,5.787572267833548,5.676321324161061,5.44318596592626,5.855118514419772,7.121199190227528,6.310616170149301,5.780986396010537,5.598629994370687,5.517597025999007,5.542823982359196,5.46669858047023,5.772746124527615,6.866258552151146,6.064899314642389,5.849767258194183,5.932589405185654,5.874486394265619,5.3712266383866805,5.764348574865729,5.971277502033592,5.6988441474041025,5.787422529602452,5.852566108156231,5.607547846222415,5.739042143448238
Bengali,5.972452041968435,5.568632932020456,5.916994188027382,0,5.910318573597856,6.118550819008231,6.29362726453946,5.95937559234084,5.851724057897681,6.189918337940342,6.358381718139144,6.384439148491602,6.07636397328139,5.832664664888778,6.535436595731762,6.426507836993288,5.050740148004839,4.905524126274803,6.228295913718218,6.0542370619363854,5.5282001453334395,7.436207209648619,6.239275183938941,5.958260606747468,5.2246950148957145,4.356932421046619,6.148674852458842,5.849803730493032,5.976089940849739,6.535359112017298,6.417593524706968,6.055293580905302,6.158288023719155,6.066000280469514,5.173845156777848,6.0678738054029,6.216378904526248,5.751072711657911,5.998604142839066,5.947852344568909,5.124345143702769,5.467098130373873
Bosnian,5.341343935018281,5.556282019581405,6.137625377391761,5.910318573597856,0,4.699849401154151,5.982326390641535,3.9932556788305154,4.7666556265877364,5.573064673502848,5.8965610252859735,5.987489387202468,5.697834871151296,5.636081826276482,6.065850767806234,6.224097160219453,5.953758906230255,5.8515081442815315,5.777878942685772,5.801806300551848,5.752991634595885,6.841231921837615,6.0153782516125816,4.387290004279383,5.745899134033862,5.3757710226052025,5.393914654127161,5.637794294386956,5.828092661083703,5.380423279979409,6.086064119370752,5.767772499870673,4.88276578519098,3.6522387540175227,5.533723287425505,4.549911561149864,4.728898204682069,5.679731790023264,5.728058616318313,4.847410068983697,5.634178963178768,5.774109101748826
Bulgarian,5.663672425558063,5.583841132930163,5.764725190760347,6.118550819008231,4.699849401154151,0,6.041988790694509,4.7559377749608,4.971192574852432,5.995956287115164,6.099899648408823,6.200857001643342,6.00430506281367,5.636184836294757,6.3706401464545,6.384731940668077,5.983098046616809,5.735072449970576,5.935016279425695,6.094965828318586,5.325041165209376,7.1868684145857245,5.811285530021817,4.484666195271377,5.7095933830868795,5.228637976673419,5.91995161471067,5.966302580593397,5.872601118075414,5.742770466640513,6.200649850155226,5.892660783743337,5.207576403903293,4.78344914177559,5.300934197829382,5.092879406900944,5.157301688344254,5.485423305431954,5.860637209187626,4.965832969972574,5.701721431001338,5.248706482650475
Catalan,5.794299247699642,5.681593864148071,5.9554411227929025,6.29362726453946,5.982326390641535,6.041988790694509,0,5.88583493109321,5.9341387054953385,5.960481755747872,6.254065776013752,6.095800745467713,5.542792339742687,4.709384687604822,6.4180785885066935,6.281333726726093,5.868865877437766,5.813673503427958,5.991883070685465,6.0664978192870675,4.594064703842223,7.433669706677589,6.060109011128932,5.951914185633664,5.881129923923207,5.314045458631955,5.906793401435743,6.088546563671738,5.984060044362544,6.6914690958426055,5.4326234532228606,5.406583673807653,6.142690877615262,6.014516794172943,5.334521194968505,6.1881142286116715,6.148385981962735,4.6461012346011845,5.891561994863105,5.861017293763524,5.885517626899705,5.323082305832056
Croatian,5.509222334030116,5.470258879201008,5.72196904603013,5.95937559234084,3.9932556788305154,4.7559377749608,5.88583493109321,0,4.671610991277982,5.702048615115323,6.01259649385411,6.088346316392935,5.929502634595267,5.598281352652337,6.238483937101197,6.2235836155993685,5.816624885713512,5.6494838361408375,5.86917161746052,5.786609154960309,5.387239092296839,7.154296648249051,5.799489576201234,4.5431650790645355,5.635052100170885,5.081299111504401,5.6435897880546255,5.5908995969740225,5.699778327981556,5.578334513862574,6.294344070581478,5.789379127913313,5.177643262051029,4.034285614245141,5.151883489137945,4.769215392454715,4.7549639085898905,5.447031164469415,5.704091660421343,4.831939117978277,5.517518673780804,5.28002964943552
Czech,5.466067172949201,5.580113098798019,5.669129702092413,5.851724057897681,4.7666556265877364,4.971192574852432,5.9341387054953385,4.671610991277982,0,5.614990670477104,5.893339491544322,5.906836883564781,5.837601790976844,5.572123710470825,6.230596693895009,6.293292628110041,5.727392978491377,5.582046498104198,5.840416785291345,5.779458015867809,5.351747411410441,6.9094052385830675,5.894476672594422,4.920897216660607,5.5649250902068434,4.971003194025976,5.595654014428751,5.61823030419177,5.7652264002473395,5.369247983471059,6.120112664166119,5.7847246741313665,5.075514074119374,4.6767338297609955,5.186789610613311,4.294186669786214,4.856485703169577,5.450529936891281,5.648349399097751,4.690591640951231,5.473581322927598,5.233093544545697
Danish,4.833085698399287,5.668934573623464,5.686401281215209,6.189918337940342,5.573064673502848,5.995956287115164,5.960481755747872,5.702048615115323,5.614990670477104,0,5.39701832392388,4.964452328706302,5.916109566095654,5.537310009235375,5.39420446345926,6.46242131601457,5.710185486247061,5.637790024120464,5.049720424877988,5.873511604695287,5.046062783232704,7.17157400042215,5.8896339758109795,5.816869605476317,5.74417317062968,4.879929950593861,4.475089312974568,5.919734870280016,5.588030043180698,6.244723696954413,6.022137169419534,5.740373384486631,6.040101308697491,5.820008179599253,5.117094325039489,5.865556375590057,5.88125880114364,5.400386468602237,4.528246426048286,5.682414073586915,5.655658468112199,4.871222224913068
Dutch,4.544517574497184,5.867708915155534,5.9095196022080545,6.358381718139144,5.8965610252859735,6.099899648408823,6.254065776013752,6.01259649385411,5.893339491544322,5.39701832392388,0,5.258856096506215,6.088769481510439,5.869158016841384,5.091843151345938,6.44837456595787,6.124479111192158,5.956046603624002,5.462447419545416,6.146573143061617,5.594281270044225,7.214618236309217,6.043139116880812,5.980853159371131,5.975478206345461,5.517044763356489,5.372499056116991,6.128740922690416,5.910390355759537,6.5452965666406335,6.283143969153784,5.9664478312627045,6.081286473710363,5.98650517988808,5.59378959283896,6.077983707186646,6.0215604748969955,5.875981367968912,5.4019085211447715,5.995522054903075,6.0375437709674475,5.495938417983639
English,4.851856971127043,5.990524475903981,6.085315418773879,6.384439148491602,5.987489387202468,6.200857001643342,6.095800745467713,6.088346316392935,5.906836883564781,4.964452328706302,5.258856096506215,0,5.848977869321756,5.8409391297373805,5.713089899592954,6.785560802307972,6.038735759381205,5.948060761657124,5.538659305923287,5.908060403236817,5.48782963363602,7.563850658231473,6.206968856599633,6.115941161504606,5.926950910060791,5.433981269371058,5.141650407045589,6.090871803202139,6.045704490719837,6.554106853901973,6.053294886780685,6.0074831567459475,6.212725135817574,6.091971603787626,5.694702119672509,6.073731394424119,6.252765391653873,5.8273553039819825,5.242093419235469,6.069837489914725,5.984887086602153,5.449622714987915
French,5.720051473158576,5.583299381473054,5.735873490752172,6.07636397328139,5.697834871151296,6.00430506281367,5.542792339742687,5.929502634595267,5.837601790976844,5.916109566095654,6.088769481510439,5.848977869321756,0,5.47241617848277,6.198709827486778,6.207766546042828,5.892089059213258,5.80006420545941,5.841135139816355,6.002191605996009,4.7235008799107145,7.05383549924721,5.866507955868971,5.767697954955671,5.729262836873583,5.051488077705982,5.915072089563323,5.7713264264966275,5.6889229090979,6.340094090570228,5.7938454412295615,5.406963570767901,5.99806397112186,5.881636234877266,5.152636493656696,6.019657920972438,5.9273743003215795,5.247321457901456,5.84611253744471,5.710618142654201,5.773526535484196,5.154640058133961
Galician,5.423712852961421,5.148107588158075,5.486126796879912,5.832664664888778,5.636081826276482,5.636184836294757,4.709384687604822,5.598281352652337,5.572123710470825,5.537310009235375,5.869158016841384,5.8409391297373805,5.47241617848277,0,6.157324211596133,6.078872648952994,5.505008523944583,5.400031387671902,5.528103314378472,5.625752339080921,4.217409156268417,7.173437322998595,5.851225586022791,5.576791254179311,5.452470689169515,4.76869927921149,5.654146672634261,5.776178125780748,5.612254482472581,6.4058654408640825,4.851734554250623,5.204336077416715,5.856339605851917,5.67675436005521,4.804400852578792,5.861858931358932,5.848413998215643,3.8444789216428483,5.418479865497688,5.476964691953973,5.478077874057856,4.758241084473313
German,5.33955497897223,6.153344691128875,5.975988993702014,6.535436595731762,6.065850767806234,6.3706401464545,6.4180785885066935,6.238483937101197,6.230596693895009,5.39420446345926,5.091843151345938,5.713089899592954,6.198709827486778,6.157324211596133,0,6.5328923405642305,6.371535237823948,6.189373133784265,5.691759415060222,6.254382588410079,5.750027554791734,7.194000825081039,6.0228923113501205,6.226459004187655,6.292075365713879,5.7929953408474235,5.5660943308149395,6.248583505767703,6.11116464683109,6.742691195411929,6.6826873444489925,6.080162132950189,6.395889229438021,6.231843476924902,5.95065485841958,6.354169555373147,6.132154495220249,6.147448890272303,5.418905554242128,6.200048503341935,6.139933873196694,5.59097232556025
Greek,6.261665175421639,5.933995522121945,5.955519612340549,6.426507836993288,6.224097160219453,6.384731940668077,6.281333726726093,6.2235836155993685,6.293292628110041,6.46242131601457,6.44837456595787,6.785560802307972,6.207766546042828,6.078872648952994,6.5328923405642305,0,6.282706797624711,6.022661765063653,6.124953541980752,6.271750955159412,5.694090650916505,6.821386566333613,5.523900309933501,6.3153012415311265,6.18950449860659,5.560419990527794,6.3799800414849495,6.15682036917118,6.104383432512288,7.039542485227142,6.462933269368133,6.206970893005415,6.3696935816219336,6.335123110173859,5.68818492327556,6.598956779521336,6.469369515954442,5.922062957358391,6.4313375194262274,6.2083536930210945,5.974543155399838,5.574298946747516
Gujarati,5.68792759655077,5.450906704787229,5.799751953701613,5.050740148004839,5.953758906230255,5.983098046616809,5.868865877437766,5.816624885713512,5.727392978491377,5.710185486247061,6.124479111192158,6.038735759381205,5.892089059213258,5.505008523944583,6.371535237823948,6.282706797624711,0,4.350208458995759,6.020786913438524,5.820341720930847,5.263567631864739,7.546928030396925,6.164215545855189,5.741540674634933,4.288686608248129,4.281123704911645,5.769672483566849,5.537669612626551,5.805056921711919,6.595848540970382,6.201466630650975,5.872713138510059,6.111159513419417,6.011339744761913,5.031075773378508,5.929318843847494,6.0390263282250425,5.400055575342771,5.731171199449273,5.806378215701217,4.936828189616906,5.234015705800558
Hindi,5.548162939608247,5.279076843510206,5.787572267833548,4.905524126274803,5.8515081442815315,5.735072449970576,5.813673503427958,5.6494838361408375,5.582046498104198,5.637790024120464,5.956046603624002,5.948060761657124,5.80006420545941,5.400031387671902,6.189373133784265,6.022661765063653,4.350208458995759,0,5.856135253430256,5.6461753165023705,5.21826465212881,7.515073420082659,6.150096269630662,5.566934926563613,4.517225240383289,4.100668991172851,5.690751436932592,5.36358175492454,5.667381698511573,6.569433349618315,6.165363960949356,5.77724867776015,5.987621910589026,5.850578226804599,4.920345849257683,5.790598814962669,5.803136285040049,5.3037087447591045,5.646988480644837,5.730916519788393,4.185598692794527,5.146082661632543
Icelandic,5.03083046410587,5.7099440267281265,5.676321324161061,6.228295913718218,5.777878942685772,5.935016279425695,5.991883070685465,5.86917161746052,5.840416785291345,5.049720424877988,5.462447419545416,5.538659305923287,5.841135139816355,5.528103314378472,5.691759415060222,6.124953541980752,6.020786913438524,5.856135253430256,0,5.824668050551832,5.499749602852088,6.968566302923097,5.613219693279479,5.841056763547147,5.858510978300194,5.383233582829136,4.920307885664855,5.969604023869101,5.799304490277862,6.629530569070387,6.122360408894676,5.8630731508934,5.8927120863000395,5.840994801539019,5.382638813072521,6.100576606150212,6.035734930387028,5.626222377387309,5.113606907256162,5.739562433816107,5.816563204263017,5.2414558453765725
Irish,5.8581830330182845,5.289392176433932,5.44318596592626,6.0542370619363854,5.801806300551848,6.094965828318586,6.0664978192870675,5.786609154960309,5.779458015867809,5.873511604695287,6.146573143061617,5.908060403236817,6.002191605996009,5.625752339080921,6.254382588410079,6.271750955159412,5.820341720930847,5.6461753165023705,5.824668050551832,0,5.062380241150818,7.183761885675166,5.8070774592521195,5.901013482428791,5.6623993266133645,4.910504320055083,5.974171698550038,5.580592708447018,5.628750889673501,6.382053062894829,5.980600765064209,5.712713797868916,6.069970646146932,6.015326327728479,4.85165729169965,6.010199048292966,6.066703198429706,5.243254824900382,5.636931344122046,5.763295731271078,5.5937197270191925,4.7330351366032115
Italian,5.029516233629717,5.024931215166805,5.855118514419772,5.5282001453334395,5.752991634595885,5.325041165209376,4.594064703842223,5.387239092296839,5.351747411410441,5.046062783232704,5.594281270044225,5.48782963363602,4.7235008799107145,4.217409156268417,5.750027554791734,5.694090650916505,5.263567631864739,5.21826465212881,5.499749602852088,5.062380241150818,0,7.132498000488384,6.309393112574376,5.379174222338002,5.151976320962558,4.956115928362404,5.018716574261756,5.153981878440512,5.574116078897355,6.440212425082469,4.985658269396417,4.594414634928362,5.620554133379099,5.44980497745849,5.035371625819536,5.3932046060300705,5.404866107761034,4.388913120903167,5.18781158852823,5.464564744220349,5.227013728772516,5.082813610111571
Latvian,6.9670561407399445,7.103270086958935,7.121199190227528,7.436207209648619,6.841231921837615,7.1868684145857245,7.433669706677589,7.154296648249051,6.9094052385830675,7.17157400042215,7.214618236309217,7.563850658231473,7.05383549924721,7.173437322998595,7.194000825081039,6.821386566333613,7.546928030396925,7.515073420082659,6.968566302923097,7.183761885675166,7.132498000488384,0,5.50970304995275,7.071114556867287,7.37697669147488,7.205482209177594,7.031159096250847,7.330478041410312,7.319904276455761,7.213434219013216,7.151366778442419,7.156520460280153,6.699105527184446,7.005318132064052,7.218272401847112,6.819212057573611,6.9864953945257104,7.369299482121926,7.338934943799211,7.061367546270224,7.309017139238906,7.099429674265379
Lithuanian,5.737013821420874,5.930315823079689,6.310616170149301,6.239275183938941,6.0153782516125816,5.811285530021817,6.060109011128932,5.799489576201234,5.894476672594422,5.8896339758109795,6.043139116880812,6.206968856599633,5.866507955868971,5.851225586022791,6.0228923113501205,5.523900309933501,6.164215545855189,6.150096269630662,5.613219693279479,5.8070774592521195,6.309393112574376,5.50970304995275,0,5.8209269275130255,6.096941943471953,6.132226796196061,5.7553228862047305,5.9823588590268875,6.289004394647576,6.771701404464196,6.1744107963461055,5.947697674888109,5.775015413498019,5.76453152183506,6.148113189961502,5.748966307026389,5.895032156395223,6.023161819218933,6.007840442604652,5.899876848576032,6.108272826085524,6.317934865089907
Macedonian,5.50350204487559,5.599215949464204,5.780986396010537,5.958260606747468,4.387290004279383,4.484666195271377,5.951914185633664,4.5431650790645355,4.920897216660607,5.816869605476317,5.980853159371131,6.115941161504606,5.767697954955671,5.576791254179311,6.226459004187655,6.3153012415311265,5.741540674634933,5.566934926563613,5.841056763547147,5.901013482428791,5.379174222338002,7.071114556867287,5.8209269275130255,0,5.674182249190381,5.100597363579143,5.7385196035102215,5.731452552709305,5.789645074318698,5.721745809955683,6.147039532486479,5.76553529355785,5.088336172903073,4.278187733953831,5.215881951121926,4.9487216493047965,5.103161339070172,5.540249700697447,5.791553068737789,4.823148571189087,5.588795793346397,5.443244128666451
Marathi,5.560218313421283,5.24051902859469,5.598629994370687,5.2246950148957145,5.745899134033862,5.7095933830868795,5.881129923923207,5.635052100170885,5.5649250902068434,5.74417317062968,5.975478206345461,5.926950910060791,5.729262836873583,5.452470689169515,6.292075365713879,6.18950449860659,4.288686608248129,4.517225240383289,5.858510978300194,5.6623993266133645,5.151976320962558,7.37697669147488,6.096941943471953,5.674182249190381,0,4.25191165832533,5.73679519629798,5.506440606875757,5.6872941042347716,6.4290432125215045,6.109765221472667,5.8090381289547,5.90689537869224,5.834087581272158,4.68854528747774,5.77395085304697,5.9462271846146635,5.255172181659674,5.6444731000165085,5.668296378898063,4.897599707493733,5.049148866393057
Nepali,4.780834837109019,4.700186291707131,5.517597025999007,4.356932421046619,5.3757710226052025,5.228637976673419,5.314045458631955,5.081299111504401,4.971003194025976,4.879929950593861,5.517044763356489,5.433981269371058,5.051488077705982,4.76869927921149,5.7929953408474235,5.560419990527794,4.281123704911645,4.100668991172851,5.383233582829136,4.910504320055083,4.956115928362404,7.205482209177594,6.132226796196061,5.100597363579143,4.25191165832533,0,4.9022918360342,4.693333039748466,5.310952710181407,6.176193338655281,5.640751917570034,5.304976919209816,5.571090168703234,5.296261789494288,4.340311762778824,5.163361794637017,5.251545537832822,4.853104533447161,5.024432261201416,5.28266814946005,4.231847304120495,4.988794655406782
Norwegian,4.813379904288993,5.568384454948106,5.542823982359196,6.148674852458842,5.393914654127161,5.91995161471067,5.906793401435743,5.6435897880546255,5.595654014428751,4.475089312974568,5.372499056116991,5.141650407045589,5.915072089563323,5.654146672634261,5.5660943308149395,6.3799800414849495,5.769672483566849,5.690751436932592,4.920307885664855,5.974171698550038,5.018716574261756,7.031159096250847,5.7553228862047305,5.7385196035102215,5.73679519629798,4.9022918360342,0,5.99934975205959,5.57142499749558,6.162161388193357,6.041563744850019,5.725695846092244,5.864993065270646,5.672416056391835,5.034780412693112,5.887631316212153,5.857083606429822,5.383382587114805,4.373140589905734,5.602180219627086,5.666766171849519,4.9726318426374245
Pashto,5.621898036044496,5.269861529619781,5.46669858047023,5.849803730493032,5.637794294386956,5.966302580593397,6.088546563671738,5.5908995969740225,5.61823030419177,5.919734870280016,6.128740922690416,6.090871803202139,5.7713264264966275,5.776178125780748,6.248583505767703,6.15682036917118,5.537669612626551,5.36358175492454,5.969604023869101,5.580592708447018,5.153981878440512,7.330478041410312,5.9823588590268875,5.731452552709305,5.506440606875757,4.693333039748466,5.99934975205959,0,5.016533754957842,6.453323189558583,6.065952065248233,5.7571645016868445,5.884042697574296,5.751113557104023,4.7379486713451815,5.907689528415773,5.885932534687743,5.441749177062363,5.882848599765478,5.605856154815423,5.201685678085205,4.982587976582584
Persian,5.502447970779112,5.409483859997361,5.772746124527615,5.976089940849739,5.828092661083703,5.872601118075414,5.984060044362544,5.699778327981556,5.7652264002473395,5.588030043180698,5.910390355759537,6.045704490719837,5.6889229090979,5.612254482472581,6.11116464683109,6.104383432512288,5.805056921711919,5.667381698511573,5.799304490277862,5.628750889673501,5.574116078897355,7.319904276455761,6.289004394647576,5.789645074318698,5.6872941042347716,5.310952710181407,5.57142499749558,5.016533754957842,0,6.602495519995877,6.103944658999754,5.71986541863384,5.882645967255761,5.767613532636844,5.4195456304963106,5.836285089831252,5.844919712836375,5.598960391643036,5.654349775087083,5.807465989878568,5.402770757754097,5.485299406082013
Polish,6.107470002369189,6.327464986951397,6.866258552151146,6.535359112017298,5.380423279979409,5.742770466640513,6.6914690958426055,5.578334513862574,5.369247983471059,6.244723696954413,6.5452965666406335,6.554106853901973,6.340094090570228,6.4058654408640825,6.742691195411929,7.039542485227142,6.595848540970382,6.569433349618315,6.629530569070387,6.382053062894829,6.440212425082469,7.213434219013216,6.771701404464196,5.721745809955683,6.4290432125215045,6.176193338655281,6.162161388193357,6.453323189558583,6.602495519995877,0,6.394323053815142,6.385603101794035,5.513932250874621,5.354013147313251,6.373822797017367,4.735553005922225,5.4900951026667295,6.483102458027567,6.473362265334904,5.5207570508795865,6.47186237650221,6.361678773077082
Portuguese,5.8286651156544815,5.814240274174511,6.064899314642389,6.417593524706968,6.086064119370752,6.200649850155226,5.4326234532228606,6.294344070581478,6.120112664166119,6.022137169419534,6.283143969153784,6.053294886780685,5.7938454412295615,4.851734554250623,6.6826873444489925,6.462933269368133,6.201466630650975,6.165363960949356,6.122360408894676,5.980600765064209,4.985658269396417,7.151366778442419,6.1744107963461055,6.147039532486479,6.109765221472667,5.640751917570034,6.041563744850019,6.065952065248233,6.103944658999754,6.394323053815142,0,5.586961098071089,5.9466506542487805,6.152581877937005,5.6950547850305115,5.992805931980336,6.146680795088683,4.987108557629802,6.075426479763901,6.026926303159471,6.07284874584141,5.51227938797266
Romanian,5.557776236413032,5.516749743529259,5.849767258194183,6.055293580905302,5.767772499870673,5.892660783743337,5.406583673807653,5.789379127913313,5.7847246741313665,5.740373384486631,5.9664478312627045,6.0074831567459475,5.406963570767901,5.204336077416715,6.080162132950189,6.206970893005415,5.872713138510059,5.77724867776015,5.8630731508934,5.712713797868916,4.594414634928362,7.156520460280153,5.947697674888109,5.76553529355785,5.8090381289547,5.304976919209816,5.725695846092244,5.7571645016868445,5.71986541863384,6.385603101794035,5.586961098071089,0,5.896297056692952,5.828733180156589,5.42418693404564,5.9201074364794355,5.959296628489958,5.205379332037011,5.830394463308063,5.854558192151592,5.778941111567713,5.285977574802224
Russian,5.693512412902304,5.640638717657311,5.932589405185654,6.158288023719155,4.88276578519098,5.207576403903293,6.142690877615262,5.177643262051029,5.075514074119374,6.040101308697491,6.081286473710363,6.212725135817574,5.99806397112186,5.856339605851917,6.395889229438021,6.3696935816219336,6.111159513419417,5.987621910589026,5.8927120863000395,6.069970646146932,5.620554133379099,6.699105527184446,5.775015413498019,5.088336172903073,5.90689537869224,5.571090168703234,5.864993065270646,5.884042697574296,5.882645967255761,5.513932250874621,5.9466506542487805,5.896297056692952,0,4.911693458787442,5.530115957543476,4.878385968088791,5.375246278953326,5.82845904503281,5.975317816225732,4.697537519638668,5.98339280235406,5.6332948534985725
Serbian,5.4772057557124585,5.554592463926419,5.874486394265619,6.066000280469514,3.6522387540175227,4.78344914177559,6.014516794172943,4.034285614245141,4.6767338297609955,5.820008179599253,5.98650517988808,6.091971603787626,5.881636234877266,5.67675436005521,6.231843476924902,6.335123110173859,6.011339744761913,5.850578226804599,5.840994801539019,6.015326327728479,5.44980497745849,7.005318132064052,5.76453152183506,4.278187733953831,5.834087581272158,5.296261789494288,5.672416056391835,5.751113557104023,5.767613532636844,5.354013147313251,6.152581877937005,5.828733180156589,4.911693458787442,0,5.398038999076145,4.7290538784938185,4.83436496550218,5.573454042063692,5.810405003480827,4.730157839225163,5.7240483590786715,5.456902497732269
Sinhala,4.9661714782736786,4.523008853921294,5.3712266383866805,5.173845156777848,5.533723287425505,5.300934197829382,5.334521194968505,5.151883489137945,5.186789610613311,5.117094325039489,5.59378959283896,5.694702119672509,5.152636493656696,4.804400852578792,5.95065485841958,5.68818492327556,5.031075773378508,4.920345849257683,5.382638813072521,4.85165729169965,5.035371625819536,7.218272401847112,6.148113189961502,5.215881951121926,4.68854528747774,4.340311762778824,5.034780412693112,4.7379486713451815,5.4195456304963106,6.373822797017367,5.6950547850305115,5.42418693404564,5.530115957543476,5.398038999076145,0,5.333959616110733,5.463012943386851,4.8298678134249515,5.218076023795876,5.298941141247748,4.900383823917258,4.86474281017078
Slovak,5.6715036018674825,5.663039200717821,5.764348574865729,6.0678738054029,4.549911561149864,5.092879406900944,6.1881142286116715,4.769215392454715,4.294186669786214,5.865556375590057,6.077983707186646,6.073731394424119,6.019657920972438,5.861858931358932,6.354169555373147,6.598956779521336,5.929318843847494,5.790598814962669,6.100576606150212,6.010199048292966,5.3932046060300705,6.819212057573611,5.748966307026389,4.9487216493047965,5.77395085304697,5.163361794637017,5.887631316212153,5.907689528415773,5.836285089831252,4.735553005922225,5.992805931980336,5.9201074364794355,4.878385968088791,4.7290538784938185,5.333959616110733,0,4.991529333095087,5.7090570204685545,5.8544336804682695,4.871130636052738,5.714447337660405,5.309305687228149
Slovenian,5.752807846899138,5.708219405746913,5.971277502033592,6.216378904526248,4.728898204682069,5.157301688344254,6.148385981962735,4.7549639085898905,4.856485703169577,5.88125880114364,6.0215604748969955,6.252765391653873,5.9273743003215795,5.848413998215643,6.132154495220249,6.469369515954442,6.0390263282250425,5.803136285040049,6.035734930387028,6.066703198429706,5.404866107761034,6.9864953945257104,5.895032156395223,5.103161339070172,5.9462271846146635,5.251545537832822,5.857083606429822,5.885932534687743,5.844919712836375,5.4900951026667295,6.146680795088683,5.959296628489958,5.375246278953326,4.83436496550218,5.463012943386851,4.991529333095087,0,5.62497830461903,5.920844822657673,5.190403464968031,5.820449956763267,5.387339817412911
Spanish,5.332719371397661,5.095954424432257,5.6988441474041025,5.751072711657911,5.679731790023264,5.485423305431954,4.6461012346011845,5.447031164469415,5.450529936891281,5.400386468602237,5.875981367968912,5.8273553039819825,5.247321457901456,3.8444789216428483,6.147448890272303,5.922062957358391,5.400055575342771,5.3037087447591045,5.626222377387309,5.243254824900382,4.388913120903167,7.369299482121926,6.023161819218933,5.540249700697447,5.255172181659674,4.853104533447161,5.383382587114805,5.441749177062363,5.598960391643036,6.483102458027567,4.987108557629802,5.205379332037011,5.82845904503281,5.573454042063692,4.8298678134249515,5.7090570204685545,5.62497830461903,0,5.453622078971468,5.441701514318593,5.408165516227133,4.9222663946861225
Swedish,4.808993772906165,5.59569758449409,5.787422529602452,5.998604142839066,5.728058616318313,5.860637209187626,5.891561994863105,5.704091660421343,5.648349399097751,4.528246426048286,5.4019085211447715,5.242093419235469,5.84611253744471,5.418479865497688,5.418905554242128,6.4313375194262274,5.731171199449273,5.646988480644837,5.113606907256162,5.636931344122046,5.18781158852823,7.338934943799211,6.007840442604652,5.791553068737789,5.6444731000165085,5.024432261201416,4.373140589905734,5.882848599765478,5.654349775087083,6.473362265334904,6.075426479763901,5.830394463308063,5.975317816225732,5.810405003480827,5.218076023795876,5.8544336804682695,5.920844822657673,5.453622078971468,0,5.74196854765271,5.697949008699103,5.1345585168188075
Ukrainian,5.427227052483049,5.360070948903908,5.852566108156231,5.947852344568909,4.847410068983697,4.965832969972574,5.861017293763524,4.831939117978277,4.690591640951231,5.682414073586915,5.995522054903075,6.069837489914725,5.710618142654201,5.476964691953973,6.200048503341935,6.2083536930210945,5.806378215701217,5.730916519788393,5.739562433816107,5.763295731271078,5.464564744220349,7.061367546270224,5.899876848576032,4.823148571189087,5.668296378898063,5.28266814946005,5.602180219627086,5.605856154815423,5.807465989878568,5.5207570508795865,6.026926303159471,5.854558192151592,4.697537519638668,4.730157839225163,5.298941141247748,4.871130636052738,5.190403464968031,5.441701514318593,5.74196854765271,0,5.602014929601878,5.231438441021325
Urdu,5.539582407687117,5.179302022848922,5.607547846222415,5.124345143702769,5.634178963178768,5.701721431001338,5.885517626899705,5.517518673780804,5.473581322927598,5.655658468112199,6.0375437709674475,5.984887086602153,5.773526535484196,5.478077874057856,6.139933873196694,5.974543155399838,4.936828189616906,4.185598692794527,5.816563204263017,5.5937197270191925,5.227013728772516,7.309017139238906,6.108272826085524,5.588795793346397,4.897599707493733,4.231847304120495,5.666766171849519,5.201685678085205,5.402770757754097,6.47186237650221,6.07284874584141,5.778941111567713,5.98339280235406,5.7240483590786715,4.900383823917258,5.714447337660405,5.820449956763267,5.408165516227133,5.697949008699103,5.602014929601878,0,5.087468397945055
Welsh,4.900003784097805,4.831093880233167,5.739042143448238,5.467098130373873,5.774109101748826,5.248706482650475,5.323082305832056,5.28002964943552,5.233093544545697,4.871222224913068,5.495938417983639,5.449622714987915,5.154640058133961,4.758241084473313,5.59097232556025,5.574298946747516,5.234015705800558,5.146082661632543,5.2414558453765725,4.7330351366032115,5.082813610111571,7.099429674265379,6.317934865089907,5.443244128666451,5.049148866393057,4.988794655406782,4.9726318426374245,4.982587976582584,5.485299406082013,6.361678773077082,5.51227938797266,5.285977574802224,5.6332948534985725,5.456902497732269,4.86474281017078,5.309305687228149,5.387339817412911,4.9222663946861225,5.1345585168188075,5.231438441021325,5.087468397945055,0
