,Afrikaans,Albanian,Armenian,Bengali,Bosnian,Bulgarian,Catalan,Croatian,Czech,Danish,Dutch,English,French,Galician,German,Greek,Gujarati,Hindi,Icelandic,Irish,Italian,Latvian,Lithuanian,Macedonian,Marathi,Nepali,Norwegian,Pashto,Persian,Polish,Portuguese,Romanian,Russian,Serbian,Sinhala,Slovak,Slovenian,Spanish,Swedish,Ukrainian,Urdu,Welsh
Afrikaans,0,0.08515587260915466,0.08292662426800604,0.0974281678032337,0.08414869664976503,0.08838777021928733,0.09353642191206456,0.08436069670868665,0.08683165429220481,0.07922167257754509,0.06741454212272603,0.07171909172773089,0.09127529688726166,0.08716440811585009,0.08069016181582835,0.09639746765954058,0.09019053623726642,0.08753707993358696,0.07761048518590133,0.09878589476381204,0.0762577012049091,0.107892195386881,0.09126555241807173,0.08579213644383482,0.08957519459745121,0.07594183835280158,0.07930744106983068,0.0891880099937368,0.08700450606672687,0.09291024226597634,0.08997362744405903,0.0870839097215966,0.08951045720716337,0.08572624856300251,0.07712166992067843,0.09279441705098634,0.09154576090531141,0.0818356445798472,0.07406709921851148,0.08546359477644633,0.08721001687249921,0.07371259863443518
Albanian,0.08515587260915466,0,0.07400086533899108,0.08607971836514468,0.07887340442299329,0.0821058358792908,0.08770514385460496,0.07810267493037872,0.0828580889014034,0.09133224540284864,0.08698793833303381,0.08535127345059876,0.08554708714143007,0.08098900352123421,0.09069884221823343,0.08597312803570305,0.0828169712654202,0.07855131528683046,0.0846632000419465,0.08793083550938977,0.07137846743869052,0.10161859046330698,0.08721688959449075,0.08152024470560694,0.08209985138353151,0.0687768095707626,0.09088077685282725,0.08123718360643087,0.08028825934655161,0.08832712462600831,0.08475542126276381,0.08013062035441036,0.08181448203660155,0.08112096562161955,0.06655926533904534,0.08552331173916751,0.08552439456784161,0.07449124731313293,0.08299427830534237,0.07696176776342653,0.07709213498509501,0.06829267510304306
Armenian,0.08292662426800604,0.07400086533899108,0,0.08685407333047535,0.07546019049637992,0.08067965144322457,0.087702058873306,0.07673220829608063,0.07899638505895093,0.08957261353642683,0.0824477298120136,0.08167693468942805,0.08666801873891265,0.08272657431549289,0.08319988015710404,0.08304624424183858,0.08300854564298628,0.08180612827389169,0.07717808939601782,0.08695517946547406,0.07311446947431717,0.08920899195776658,0.07635857031387554,0.07814192802655973,0.0839895450753125,0.07293528638522494,0.08768446546446121,0.08026105111322043,0.07512989184971848,0.0838159001264908,0.08356437825877353,0.08026259885093066,0.07879327194009991,0.07881939232455132,0.07026507462286015,0.08407554581928195,0.08420385706902758,0.07877339783204684,0.08090680112069909,0.07688647660607216,0.07919820595390176,0.06854743722735933
Bengali,0.0974281678032337,0.08607971836514468,0.08685407333047535,0,0.08718895683937428,0.09248860415211607,0.09870353545186529,0.08736894864280442,0.09098343464441586,0.10010759436312718,0.0961238674183333,0.09195197994691615,0.09619590571019036,0.09414635746232086,0.09992919940777421,0.09580658111115019,0.07658129517725361,0.07458302376365963,0.09436191672618861,0.10162666088329263,0.08049897290424553,0.10830098482630336,0.09492592963889834,0.08966093395683176,0.08144761151386115,0.0649487509083286,0.10140512877194297,0.09109825318060842,0.09046307534154262,0.09423738807270315,0.09660576892417444,0.09103029823129484,0.09278953014324974,0.09123535345376438,0.07864463339172266,0.09578936021272548,0.09473439939575047,0.08579526922801305,0.0892887689358746,0.08855265805968329,0.07605363341111922,0.07891997361968596
Bosnian,0.08414869664976503,0.07887340442299329,0.07546019049637992,0.08718895683937428,0,0.06493641133657437,0.08988076610086444,0.051064511005633736,0.06627321224907211,0.08788011952921082,0.0834574702799093,0.0814314124188589,0.08601490239286602,0.08667538671917564,0.08515908963212977,0.08780404826407484,0.08557178107209869,0.08183994047982923,0.08084890309823448,0.09487160784842097,0.07257000933480691,0.08840799758256639,0.07613920940615877,0.05923247405265859,0.086120546771931,0.07015086650858987,0.08617045056777528,0.08478175962598675,0.07813125246395723,0.06486224702054975,0.08480766995298875,0.07899401697077693,0.06459504415816805,0.04742179805453089,0.07445408329214157,0.06462286719110973,0.0656902697152711,0.07892963864992564,0.08098661574550298,0.06375310024564271,0.07934872465389764,0.0713794956991082
Bulgarian,0.08838777021928733,0.0821058358792908,0.08067965144322457,0.09248860415211607,0.06493641133657437,0,0.09290356278315189,0.06353093192639321,0.0713744593105487,0.09337810712328895,0.08768180920599475,0.0872137892812592,0.09069919911107549,0.08637357184968979,0.09209759153443405,0.09208758758411288,0.08732626448320215,0.08271344079272305,0.0855471429757219,0.09760026475560689,0.07390701278420157,0.10237349146603913,0.08559078982597669,0.060248143906955605,0.08539999827987951,0.07538362576453296,0.0937600786883652,0.08987154590511395,0.0845387161749504,0.07780191890490817,0.08883959179466236,0.08449078140515393,0.07276819504389175,0.06542096530790764,0.07568214146056214,0.07444587553491402,0.07515259791005666,0.07804381347202223,0.08513757960970171,0.06784863948629012,0.08243515394562341,0.07211877757493547
Catalan,0.09353642191206456,0.08770514385460496,0.087702058873306,0.09870353545186529,0.08988076610086444,0.09290356278315189,0,0.08728158972850844,0.09263350175271401,0.09465546833356574,0.09374824931165797,0.08854688030282504,0.0866635017942474,0.07284005221994112,0.09786149491195469,0.09373502456935955,0.09125052970899801,0.0895900482089189,0.09201823012419659,0.1004220903835354,0.06746593717785956,0.11044830586608873,0.09264092866073514,0.0904056517694962,0.09169094261827333,0.08097438143345824,0.09409801317787118,0.0952579568688323,0.09220590690155113,0.09772397537741094,0.08053503240510503,0.08052488352856223,0.09374145876249942,0.09185197580789756,0.08177255519835301,0.09704568392092498,0.09376526443273633,0.06618969448651253,0.08770350135727552,0.08816767763553489,0.08896029671070799,0.07681021753057486
Croatian,0.08436069670868665,0.07810267493037872,0.07673220829608063,0.08736894864280442,0.051064511005633736,0.06353093192639321,0.08728158972850844,0,0.06436123578622395,0.08626240953422405,0.08377886282793279,0.08259116576026272,0.08683705902416711,0.08329766270395127,0.08661679800725033,0.08681093240287743,0.08193100641895253,0.07825461568802065,0.08188546706944728,0.09135115085460452,0.07097804000944345,0.09796485793346513,0.08287565154076416,0.06014361040765872,0.08191174728561632,0.06962787855841289,0.08693053361699467,0.08139854340670413,0.07897568623803843,0.07177541571015617,0.08656630535544219,0.08013058765443933,0.06996914242528832,0.05111295164478421,0.07051643496738431,0.06640361803130432,0.06519299031099607,0.07466754113636366,0.07967529972937375,0.06399406501653195,0.07662151233847829,0.0690825469336636
Czech,0.08683165429220481,0.0828580889014034,0.07899638505895093,0.09098343464441586,0.06627321224907211,0.0713744593105487,0.09263350175271401,0.06436123578622395,0,0.08828071320986121,0.08576207608296234,0.0843920901037666,0.08989982953376704,0.08701904585938017,0.09035087467768114,0.09231606928771141,0.08559571938366108,0.08198704139984021,0.08536624540957087,0.09542032323572175,0.07379764302494216,0.09717377921855297,0.08535135796241787,0.0698065508613293,0.08533590985872509,0.07144451752109351,0.0903241143944687,0.08538135100677893,0.0829939664736015,0.07090556673294814,0.08768961845090673,0.08465467417631922,0.07231031919883278,0.06589418614071461,0.07554792688134127,0.06201407107653705,0.07152218080570183,0.07905625750391206,0.08378026214461493,0.06593428381437978,0.08081764394998442,0.07133245214573782
Danish,0.07922167257754509,0.09133224540284864,0.08957261353642683,0.10010759436312718,0.08788011952921082,0.09337810712328895,0.09465546833356574,0.08626240953422405,0.08828071320986121,0,0.08320782380974608,0.07318958062587634,0.09271115599280975,0.0888382879635596,0.08290785520646853,0.10060550747379086,0.08984963390382113,0.08738015032728606,0.07964577189343293,0.09835248473740879,0.07629811131504396,0.11597033366515144,0.09778527106899036,0.09058994971867036,0.08967845296762515,0.07557535153067228,0.06858086235532405,0.0934508512050778,0.09045248958592379,0.09620691784924951,0.09316499821444353,0.08865163737021445,0.09547854324786244,0.09088445909055916,0.08167669543443352,0.09388494566286401,0.09139597626378183,0.081878615336487,0.06736328017408119,0.08770390108717313,0.08772303745543703,0.07358930342004337
Dutch,0.06741454212272603,0.08698793833303381,0.0824477298120136,0.0961238674183333,0.0834574702799093,0.08768180920599475,0.09374824931165797,0.08377886282793279,0.08576207608296234,0.08320782380974608,0,0.0707148947287266,0.09155423941919205,0.08929686039196215,0.07095883858017807,0.09163641249318143,0.08893168886848224,0.08623499133790598,0.07751378045130766,0.09869028125374757,0.07677227408650576,0.10183651818384436,0.08807312305445618,0.08511694709220405,0.08913296259832079,0.07834202710290865,0.08264722816003967,0.09209958386331363,0.08526826551462702,0.09036900701211756,0.08910061271578937,0.08524549102477626,0.08715325942341205,0.08562485954278656,0.08061761183177994,0.091811430388402,0.0891461185418274,0.08245805987935706,0.0759933252264042,0.0851494330767142,0.08730043641452127,0.07522332218473418
English,0.07171909172773089,0.08535127345059876,0.08167693468942805,0.09195197994691615,0.0814314124188589,0.0872137892812592,0.08854688030282504,0.08259116576026272,0.0843920901037666,0.07318958062587634,0.0707148947287266,0,0.08536207118180701,0.08602870067899583,0.07858742150569228,0.09399297321141942,0.08497889596175948,0.08318227048540774,0.07572609028960621,0.09271480196249837,0.0731912400767615,0.10246347519920145,0.08749638186945409,0.08462054430904492,0.08592068918336125,0.07396209575348858,0.07565461509176923,0.08921498984514932,0.08501028527713043,0.08757948599262712,0.0840395455848851,0.08307495550146905,0.08679503890444037,0.08446413495305467,0.0789541711056759,0.08853832014300003,0.08906910262071938,0.07883311730425625,0.07036866818266091,0.08266787824489252,0.08309900912699739,0.07097629507935697
French,0.09127529688726166,0.08554708714143007,0.08666801873891265,0.09619590571019036,0.08601490239286602,0.09069919911107549,0.0866635017942474,0.08683705902416711,0.08989982953376704,0.09271115599280975,0.09155423941919205,0.08536207118180701,0,0.08495981871382095,0.09390629432834549,0.09422345576337497,0.09067875934860317,0.08740607153956183,0.08932610347442695,0.09751937552729517,0.06877544699572925,0.10921793998617382,0.09357516702656585,0.08741227182279093,0.08895312584829708,0.076693875350764,0.09408311958991568,0.0891116480675689,0.08810695380340942,0.09382646333437535,0.08689041858881234,0.08130178415925467,0.09195251838526973,0.08914097284757413,0.07811387017863998,0.09369324330889413,0.09135165923645597,0.07647995416690151,0.08831321285634981,0.08692737985584671,0.08710205484169432,0.07487601449851934
Galician,0.08716440811585009,0.08098900352123421,0.08272657431549289,0.09414635746232086,0.08667538671917564,0.08637357184968979,0.07284005221994112,0.08329766270395127,0.08701904585938017,0.0888382879635596,0.08929686039196215,0.08602870067899583,0.08495981871382095,0,0.09469022143148721,0.09227237211529359,0.0871356954303899,0.0846282845562346,0.08469330737952127,0.09369352928275954,0.06207034895189913,0.10933153037505297,0.09225074333574883,0.08567719007769078,0.086995204217537,0.07562633482476164,0.09178426273854204,0.0902586351552412,0.08721653213151657,0.09554469671992291,0.0700158219139277,0.07871760288135118,0.0901604820856314,0.08729474981155746,0.07478474151215243,0.0930079204776033,0.09097430380403805,0.055461967037050794,0.08215398601332898,0.0832104186423028,0.08488772495614735,0.07058875665427419
German,0.08069016181582835,0.09069884221823343,0.08319988015710404,0.09992919940777421,0.08515908963212977,0.09209759153443405,0.09786149491195469,0.08661679800725033,0.09035087467768114,0.08290785520646853,0.07095883858017807,0.07858742150569228,0.09390629432834549,0.09469022143148721,0,0.09403494177534195,0.09367491467088265,0.08930395448355632,0.08104215188005974,0.10187750248712558,0.07821496921126449,0.10239542361005775,0.08957010054699135,0.0891072247704611,0.09408258854566019,0.08156949932219142,0.08631543093440887,0.09522761669369491,0.08830357797190957,0.0929266696650239,0.09618578101250085,0.08714259021600286,0.09258315889041457,0.0888331137675763,0.08536527512625187,0.09566348883669835,0.0913178050541435,0.08821604995868883,0.07692326372888038,0.088651468934,0.08989490017494346,0.07703984718856205
Greek,0.09639746765954058,0.08597312803570305,0.08304624424183858,0.09580658111115019,0.08780404826407484,0.09208758758411288,0.09373502456935955,0.08681093240287743,0.09231606928771141,0.10060550747379086,0.09163641249318143,0.09399297321141942,0.09422345576337497,0.09227237211529359,0.09403494177534195,0,0.09124853982887585,0.08769935258493228,0.08682524007442749,0.10093333069229425,0.07859364223535573,0.09620986736194136,0.08202452364745165,0.09030219093267194,0.09258276766764771,0.07958193151229523,0.09932548547858877,0.09355580331040293,0.08896252926474513,0.09864694735388314,0.09216801143375207,0.0884008277507922,0.09096323307035832,0.09099948309913325,0.08128074222062806,0.09900106557469511,0.09430462155612084,0.0828853024893592,0.09201423258264771,0.08772658188756596,0.08707006244235074,0.07629616156333184
Gujarati,0.09019053623726642,0.0828169712654202,0.08300854564298628,0.07658129517725361,0.08557178107209869,0.08732626448320215,0.09125052970899801,0.08193100641895253,0.08559571938366108,0.08984963390382113,0.08893168886848224,0.08497889596175948,0.09067875934860317,0.0871356954303899,0.09367491467088265,0.09124853982887585,0,0.06231662469015048,0.08803409153320146,0.09520351183379293,0.07443144629622662,0.10793512740662668,0.09191165945359063,0.08423048908167556,0.06335457565974394,0.061772917422078584,0.09189662906071745,0.08486336112324883,0.08565782000117372,0.09184392426483864,0.09118922625033161,0.08576039825902537,0.08986129376648637,0.08753291078587684,0.0748179176381935,0.08993829088303051,0.0908278003633151,0.07857633158867308,0.08345586780280628,0.0838881429905774,0.0710282815980076,0.07305670798816429
Hindi,0.08753707993358696,0.07855131528683046,0.08180612827389169,0.07458302376365963,0.08183994047982923,0.08271344079272305,0.0895900482089189,0.07825461568802065,0.08198704139984021,0.08738015032728606,0.08623499133790598,0.08318227048540774,0.08740607153956183,0.0846282845562346,0.08930395448355632,0.08769935258493228,0.06231662469015048,0,0.0859933332541275,0.09153727229335365,0.07217590301974434,0.10657258607788167,0.0902859774403734,0.08063073210856844,0.06648066806096674,0.058280673693184896,0.09006874163193053,0.08097614234171123,0.0821270949139189,0.08877804875211812,0.08841129761569855,0.08271447289229521,0.08667979917993078,0.08306017727430519,0.0709994400768723,0.0855921928010399,0.08609091088355117,0.07680855329292748,0.08224854118365427,0.08128617265438338,0.05886275406682496,0.07041020541314652
Icelandic,0.07761048518590133,0.0846632000419465,0.07717808939601782,0.09436191672618861,0.08084890309823448,0.0855471429757219,0.09201823012419659,0.08188546706944728,0.08536624540957087,0.07964577189343293,0.07751378045130766,0.07572609028960621,0.08932610347442695,0.08469330737952127,0.08104215188005974,0.08682524007442749,0.08803409153320146,0.0859933332541275,0,0.09454801097803954,0.0751656767718485,0.09729386552079124,0.08067005665506195,0.08342611647556449,0.08903225123635539,0.07694859501870557,0.0776592658426636,0.09076902366451388,0.08384882671786824,0.09000458529587749,0.08775208080615587,0.08445214116126407,0.08380997633508484,0.08328518019061491,0.07696000051046767,0.09192663600982004,0.0903352706665454,0.07979926932619494,0.07257827432803218,0.08189437095822116,0.08533128062676,0.07111530413368278
Irish,0.09878589476381204,0.08793083550938977,0.08695517946547406,0.10162666088329263,0.09487160784842097,0.09760026475560689,0.1004220903835354,0.09135115085460452,0.09542032323572175,0.09835248473740879,0.09869028125374757,0.09271480196249837,0.09751937552729517,0.09369352928275954,0.10187750248712558,0.10093333069229425,0.09520351183379293,0.09153727229335365,0.09454801097803954,0,0.08188768500111318,0.11801388680675892,0.09851040583583266,0.09539426079598202,0.09325074065385093,0.08146565035718932,0.10091206300868341,0.09054431293963397,0.09302754795387927,0.10192882388964529,0.0956531243770828,0.09310984486042045,0.09990887557926588,0.09800929333412027,0.07910191756507169,0.10121352203203791,0.09942819107948724,0.08320023064605589,0.09079010810833121,0.09363435390965663,0.09058826683787859,0.07469489043326517
Italian,0.0762577012049091,0.07137846743869052,0.07311446947431717,0.08049897290424553,0.07257000933480691,0.07390701278420157,0.06746593717785956,0.07097804000944345,0.07379764302494216,0.07629811131504396,0.07677227408650576,0.0731912400767615,0.06877544699572925,0.06207034895189913,0.07821496921126449,0.07859364223535573,0.07443144629622662,0.07217590301974434,0.0751656767718485,0.08188768500111318,0,0.09358832104413499,0.08070386723511531,0.07312276120212709,0.07537978298783224,0.06486145909795003,0.077620613093795,0.07558811807345353,0.07318378310074589,0.07829166553342347,0.06718145731422706,0.06103612602535051,0.07533609758513354,0.07336307336191435,0.0673693200852174,0.0777806247786688,0.07570915486348181,0.058603443601543265,0.0716972693464509,0.07194358656377821,0.07252042262361126,0.0615205200618491
Latvian,0.107892195386881,0.10161859046330698,0.08920899195776658,0.10830098482630336,0.08840799758256639,0.10237349146603913,0.11044830586608873,0.09796485793346513,0.09717377921855297,0.11597033366515144,0.10183651818384436,0.10246347519920145,0.10921793998617382,0.10933153037505297,0.10239542361005775,0.09620986736194136,0.10793512740662668,0.10657258607788167,0.09729386552079124,0.11801388680675892,0.09358832104413499,0,0.06953864996471516,0.09796525790052979,0.10980455431280496,0.09760799900128277,0.11171773611082828,0.11124500982983425,0.10028657154365289,0.09200355307682433,0.09999361542573117,0.09969731238324267,0.08974125485933367,0.09628186816072795,0.09960504669842538,0.09944070261772178,0.10067033841037355,0.10293721906768451,0.10487996510343373,0.09602071964587276,0.10413945464842207,0.09079961985704749
Lithuanian,0.09126555241807173,0.08721688959449075,0.07635857031387554,0.09492592963889834,0.07613920940615877,0.08559078982597669,0.09264092866073514,0.08287565154076416,0.08535135796241787,0.09778527106899036,0.08807312305445618,0.08749638186945409,0.09357516702656585,0.09225074333574883,0.08957010054699135,0.08202452364745165,0.09191165945359063,0.0902859774403734,0.08067005665506195,0.09851040583583266,0.08070386723511531,0.06953864996471516,0,0.08281949601846142,0.09418610127346608,0.08490573431092234,0.09448327114891976,0.09435868211315102,0.08468478159030254,0.08308493238080293,0.08971194887386434,0.08535577558553395,0.07884015225139322,0.08128848470239072,0.08427719514151678,0.0881490434673238,0.08754058186754043,0.08657677061698872,0.08860150304671842,0.08149535834998224,0.09035798433398712,0.07766181258828778
Macedonian,0.08579213644383482,0.08152024470560694,0.07814192802655973,0.08966093395683176,0.05923247405265859,0.060248143906955605,0.0904056517694962,0.06014361040765872,0.0698065508613293,0.09058994971867036,0.08511694709220405,0.08462054430904492,0.08741227182279093,0.08567719007769078,0.0891072247704611,0.09030219093267194,0.08423048908167556,0.08063073210856844,0.08342611647556449,0.09539426079598202,0.07312276120212709,0.09796525790052979,0.08281949601846142,0,0.08511564590670562,0.07213590955500981,0.09134085321487381,0.0851890127764904,0.0821862233018656,0.07516522149481342,0.08738498166851244,0.08122551523355614,0.07032070067894523,0.05787499242782421,0.07375249253689671,0.07167602359479076,0.07300970014793981,0.07790221790991785,0.083719965573663,0.06495020955876671,0.08021994776843373,0.07237639008870059
Marathi,0.08957519459745121,0.08209985138353151,0.0839895450753125,0.08144761151386115,0.086120546771931,0.08539999827987951,0.09169094261827333,0.08191174728561632,0.08533590985872509,0.08967845296762515,0.08913296259832079,0.08592068918336125,0.08895312584829708,0.086995204217537,0.09408258854566019,0.09258276766764771,0.06335457565974394,0.06648066806096674,0.08903225123635539,0.09325074065385093,0.07537978298783224,0.10980455431280496,0.09418610127346608,0.08511564590670562,0,0.06385906403769279,0.09172490332998928,0.0851939653073377,0.08748155106020321,0.09263348025142726,0.0913645889399815,0.08661878438352069,0.08950256401216276,0.08778803687143905,0.07230627872435635,0.08858366828695409,0.08980751344732217,0.0777220473537304,0.08324186507400365,0.08471567163998837,0.07259180377439843,0.07299265185388445
Nepali,0.07594183835280158,0.0687768095707626,0.07293528638522494,0.0649487509083286,0.07015086650858987,0.07538362576453296,0.08097438143345824,0.06962787855841289,0.07144451752109351,0.07557535153067228,0.07834202710290865,0.07396209575348858,0.076693875350764,0.07562633482476164,0.08156949932219142,0.07958193151229523,0.061772917422078584,0.058280673693184896,0.07694859501870557,0.08146565035718932,0.06486145909795003,0.09760799900128277,0.08490573431092234,0.07213590955500981,0.06385906403769279,0,0.07847343666875174,0.07139911112803542,0.07430227371671187,0.07955858357260337,0.08012929815554844,0.07486918707577828,0.07795075796441774,0.07412056786691265,0.06073692657549421,0.07629113185299333,0.07543891570426851,0.0690819488325825,0.07084840497482063,0.07246906199347529,0.0597715394684253,0.06453652619142142
Norwegian,0.07930744106983068,0.09088077685282725,0.08768446546446121,0.10140512877194297,0.08617045056777528,0.0937600786883652,0.09409801317787118,0.08693053361699467,0.0903241143944687,0.06858086235532405,0.08264722816003967,0.07565461509176923,0.09408311958991568,0.09178426273854204,0.08631543093440887,0.09932548547858877,0.09189662906071745,0.09006874163193053,0.0776592658426636,0.10091206300868341,0.077620613093795,0.11171773611082828,0.09448327114891976,0.09134085321487381,0.09172490332998928,0.07847343666875174,0,0.09669511283610928,0.09015930799840019,0.09493433830284263,0.09353983687109019,0.08884711523102232,0.09355146181175293,0.0903048888252866,0.08180770188479407,0.09512294709205533,0.09172556610845894,0.0830145307698227,0.06560540951872751,0.08834022585052219,0.08951880909587523,0.076764867718832
Pashto,0.0891880099937368,0.08123718360643087,0.08026105111322043,0.09109825318060842,0.08478175962598675,0.08987154590511395,0.0952579568688323,0.08139854340670413,0.08538135100677893,0.0934508512050778,0.09209958386331363,0.08921498984514932,0.0891116480675689,0.0902586351552412,0.09522761669369491,0.09355580331040293,0.08486336112324883,0.08097614234171123,0.09076902366451388,0.09054431293963397,0.07558811807345353,0.11124500982983425,0.09435868211315102,0.0851890127764904,0.0851939653073377,0.07139911112803542,0.09669511283610928,0,0.07546938019703421,0.09377722785303393,0.0905218892503371,0.08719075297518127,0.0891369227731229,0.08614203663927658,0.07093457808749086,0.09189886826033025,0.09043213567649737,0.08032572946609487,0.08800337032991308,0.08349859286799494,0.07822274319246368,0.07204319235608253
Persian,0.08700450606672687,0.08028825934655161,0.07512989184971848,0.09046307534154262,0.07813125246395723,0.0845387161749504,0.09220590690155113,0.07897568623803843,0.0829939664736015,0.09045248958592379,0.08526826551462702,0.08501028527713043,0.08810695380340942,0.08721653213151657,0.08830357797190957,0.08896252926474513,0.08565782000117372,0.0821270949139189,0.08384882671786824,0.09302754795387927,0.07318378310074589,0.10028657154365289,0.08468478159030254,0.0821862233018656,0.08748155106020321,0.07430227371671187,0.09015930799840019,0.07546938019703421,0,0.08472031318934103,0.08825861642434468,0.08224409709752294,0.08219791392264246,0.0813829654154433,0.07522376192612314,0.08815322884557392,0.08571997468117641,0.08081586145932687,0.0827476719150054,0.08051076866446656,0.07841731304109252,0.07116086987859949
Polish,0.09291024226597634,0.08832712462600831,0.0838159001264908,0.09423738807270315,0.06486224702054975,0.07780191890490817,0.09772397537741094,0.07177541571015617,0.07090556673294814,0.09620691784924951,0.09036900701211756,0.08757948599262712,0.09382646333437535,0.09554469671992291,0.0929266696650239,0.09864694735388314,0.09184392426483864,0.08877804875211812,0.09000458529587749,0.10192882388964529,0.07829166553342347,0.09200355307682433,0.08308493238080293,0.07516522149481342,0.09263348025142726,0.07955858357260337,0.09493433830284263,0.09377722785303393,0.08472031318934103,0,0.08732430757537771,0.08567955164303302,0.07052179951446877,0.06936110248256093,0.08399006500143603,0.06475854001217064,0.07477500475206206,0.08786956539769457,0.09022205531120124,0.06990098859115283,0.08873942755929451,0.07665001441699867
Portuguese,0.08997362744405903,0.08475542126276381,0.08356437825877353,0.09660576892417444,0.08480766995298875,0.08883959179466236,0.08053503240510503,0.08656630535544219,0.08768961845090673,0.09316499821444353,0.08910061271578937,0.0840395455848851,0.08689041858881234,0.0700158219139277,0.09618578101250085,0.09216801143375207,0.09118922625033161,0.08841129761569855,0.08775208080615587,0.0956531243770828,0.06718145731422706,0.09999361542573117,0.08971194887386434,0.08738498166851244,0.0913645889399815,0.08012929815554844,0.09353983687109019,0.0905218892503371,0.08825861642434468,0.08732430757537771,0,0.07892724501603364,0.08521366991231122,0.08727653864067693,0.08071598223108606,0.0879136502126622,0.08968753153911607,0.06786405367835904,0.08721490677697528,0.08505799179000703,0.08777672550388595,0.0740784971361385
Romanian,0.0870839097215966,0.08013062035441036,0.08026259885093066,0.09103029823129484,0.07899401697077693,0.08449078140515393,0.08052488352856223,0.08013058765443933,0.08465467417631922,0.08865163737021445,0.08524549102477626,0.08307495550146905,0.08130178415925467,0.07871760288135118,0.08714259021600286,0.0884008277507922,0.08576039825902537,0.08271447289229521,0.08445214116126407,0.09310984486042045,0.06103612602535051,0.09969731238324267,0.08535577558553395,0.08122551523355614,0.08661878438352069,0.07486918707577828,0.08884711523102232,0.08719075297518127,0.08224409709752294,0.08567955164303302,0.07892724501603364,0,0.08347925988286667,0.08198628310426391,0.0782554783546522,0.08808017209844936,0.0859259700715338,0.07180445798846379,0.0829628656443664,0.08120646942087835,0.08250354609364613,0.07092685050494711
Russian,0.08951045720716337,0.08181448203660155,0.07879327194009991,0.09278953014324974,0.06459504415816805,0.07276819504389175,0.09374145876249942,0.06996914242528832,0.07231031919883278,0.09547854324786244,0.08715325942341205,0.08679503890444037,0.09195251838526973,0.0901604820856314,0.09258315889041457,0.09096323307035832,0.08986129376648637,0.08667979917993078,0.08380997633508484,0.09990887557926588,0.07533609758513354,0.08974125485933367,0.07884015225139322,0.07032070067894523,0.08950256401216276,0.07795075796441774,0.09355146181175293,0.0891369227731229,0.08219791392264246,0.07052179951446877,0.08521366991231122,0.08347925988286667,0,0.06719946096190169,0.07828430541037706,0.07099211144579441,0.07753095900163905,0.08265886899682963,0.08706367691607893,0.06251758184290786,0.08668912324798171,0.07415338770659494
Serbian,0.08572624856300251,0.08112096562161955,0.07881939232455132,0.09123535345376438,0.04742179805453089,0.06542096530790764,0.09185197580789756,0.05111295164478421,0.06589418614071461,0.09088445909055916,0.08562485954278656,0.08446413495305467,0.08914097284757413,0.08729474981155746,0.0888331137675763,0.09099948309913325,0.08753291078587684,0.08306017727430519,0.08328518019061491,0.09800929333412027,0.07336307336191435,0.09628186816072795,0.08128848470239072,0.05787499242782421,0.08778803687143905,0.07412056786691265,0.0903048888252866,0.08614203663927658,0.0813829654154433,0.06936110248256093,0.08727653864067693,0.08198628310426391,0.06719946096190169,0,0.07596423504186094,0.06734781175952499,0.06739646547191187,0.07940883951157829,0.08338902567757989,0.0641709831991087,0.08200905447785169,0.07254643011581968
Sinhala,0.07712166992067843,0.06655926533904534,0.07026507462286015,0.07864463339172266,0.07445408329214157,0.07568214146056214,0.08177255519835301,0.07051643496738431,0.07554792688134127,0.08167669543443352,0.08061761183177994,0.0789541711056759,0.07811387017863998,0.07478474151215243,0.08536527512625187,0.08128074222062806,0.0748179176381935,0.0709994400768723,0.07696000051046767,0.07910191756507169,0.0673693200852174,0.09960504669842538,0.08427719514151678,0.07375249253689671,0.07230627872435635,0.06073692657549421,0.08180770188479407,0.07093457808749086,0.07522376192612314,0.08399006500143603,0.08071598223108606,0.0782554783546522,0.07828430541037706,0.07596423504186094,0,0.07977460800253719,0.08003767731126667,0.06894608105322708,0.07500331590382453,0.07457890646923578,0.07031094992034345,0.06420373169924704
Slovak,0.09279441705098634,0.08552331173916751,0.08407554581928195,0.09578936021272548,0.06462286719110973,0.07444587553491402,0.09704568392092498,0.06640361803130432,0.06201407107653705,0.09388494566286401,0.091811430388402,0.08853832014300003,0.09369324330889413,0.0930079204776033,0.09566348883669835,0.09900106557469511,0.08993829088303051,0.0855921928010399,0.09192663600982004,0.10121352203203791,0.0777806247786688,0.09944070261772178,0.0881490434673238,0.07167602359479076,0.08858366828695409,0.07629113185299333,0.09512294709205533,0.09189886826033025,0.08815322884557392,0.06475854001217064,0.0879136502126622,0.08808017209844936,0.07099211144579441,0.06734781175952499,0.07977460800253719,0,0.07297243239226693,0.08419482005405493,0.08821222254841724,0.06991912845695573,0.08539056547704287,0.07598656878240853
Slovenian,0.09154576090531141,0.08552439456784161,0.08420385706902758,0.09473439939575047,0.0656902697152711,0.07515259791005666,0.09376526443273633,0.06519299031099607,0.07152218080570183,0.09139597626378183,0.0891461185418274,0.08906910262071938,0.09135165923645597,0.09097430380403805,0.0913178050541435,0.09430462155612084,0.0908278003633151,0.08609091088355117,0.0903352706665454,0.09942819107948724,0.07570915486348181,0.10067033841037355,0.08754058186754043,0.07300970014793981,0.08980751344732217,0.07543891570426851,0.09172556610845894,0.09043213567649737,0.08571997468117641,0.07477500475206206,0.08968753153911607,0.0859259700715338,0.07753095900163905,0.06739646547191187,0.08003767731126667,0.07297243239226693,0,0.08093137870986367,0.08577445158841333,0.07240991690813452,0.08469245855554247,0.07479780737410704
Spanish,0.0818356445798472,0.07449124731313293,0.07877339783204684,0.08579526922801305,0.07892963864992564,0.07804381347202223,0.06618969448651253,0.07466754113636366,0.07905625750391206,0.081878615336487,0.08245805987935706,0.07883311730425625,0.07647995416690151,0.055461967037050794,0.08821604995868883,0.0828853024893592,0.07857633158867308,0.07680855329292748,0.07979926932619494,0.08320023064605589,0.058603443601543265,0.10293721906768451,0.08657677061698872,0.07790221790991785,0.0777220473537304,0.0690819488325825,0.0830145307698227,0.08032572946609487,0.08081586145932687,0.08786956539769457,0.06786405367835904,0.07180445798846379,0.08265886899682963,0.07940883951157829,0.06894608105322708,0.08419482005405493,0.08093137870986367,0,0.07671659040139095,0.0754320820638612,0.0772067914219016,0.06602369653484276
Swedish,0.07406709921851148,0.08299427830534237,0.08090680112069909,0.0892887689358746,0.08098661574550298,0.08513757960970171,0.08770350135727552,0.07967529972937375,0.08378026214461493,0.06736328017408119,0.0759933252264042,0.07036866818266091,0.08831321285634981,0.08215398601332898,0.07692326372888038,0.09201423258264771,0.08345586780280628,0.08224854118365427,0.07257827432803218,0.09079010810833121,0.0716972693464509,0.10487996510343373,0.08860150304671842,0.083719965573663,0.08324186507400365,0.07084840497482063,0.06560540951872751,0.08800337032991308,0.0827476719150054,0.09022205531120124,0.08721490677697528,0.0829628656443664,0.08706367691607893,0.08338902567757989,0.07500331590382453,0.08821222254841724,0.08577445158841333,0.07671659040139095,0,0.08180938178564527,0.08127014523352417,0.06990954556576977
Ukrainian,0.08546359477644633,0.07696176776342653,0.07688647660607216,0.08855265805968329,0.06375310024564271,0.06784863948629012,0.08816767763553489,0.06399406501653195,0.06593428381437978,0.08770390108717313,0.0851494330767142,0.08266787824489252,0.08692737985584671,0.0832104186423028,0.088651468934,0.08772658188756596,0.0838881429905774,0.08128617265438338,0.08189437095822116,0.09363435390965663,0.07194358656377821,0.09602071964587276,0.08149535834998224,0.06495020955876671,0.08471567163998837,0.07246906199347529,0.08834022585052219,0.08349859286799494,0.08051076866446656,0.06990098859115283,0.08505799179000703,0.08120646942087835,0.06251758184290786,0.0641709831991087,0.07457890646923578,0.06991912845695573,0.07240991690813452,0.0754320820638612,0.08180938178564527,0,0.07996549480952657,0.06806124316002164
Urdu,0.08721001687249921,0.07709213498509501,0.07919820595390176,0.07605363341111922,0.07934872465389764,0.08243515394562341,0.08896029671070799,0.07662151233847829,0.08081764394998442,0.08772303745543703,0.08730043641452127,0.08309900912699739,0.08710205484169432,0.08488772495614735,0.08989490017494346,0.08707006244235074,0.0710282815980076,0.05886275406682496,0.08533128062676,0.09058826683787859,0.07252042262361126,0.10413945464842207,0.09035798433398712,0.08021994776843373,0.07259180377439843,0.0597715394684253,0.08951880909587523,0.07822274319246368,0.07841731304109252,0.08873942755929451,0.08777672550388595,0.08250354609364613,0.08668912324798171,0.08200905447785169,0.07031094992034345,0.08539056547704287,0.08469245855554247,0.0772067914219016,0.08127014523352417,0.07996549480952657,0,0.06915403196384401
Welsh,0.07371259863443518,0.06829267510304306,0.06854743722735933,0.07891997361968596,0.0713794956991082,0.07211877757493547,0.07681021753057486,0.0690825469336636,0.07133245214573782,0.07358930342004337,0.07522332218473418,0.07097629507935697,0.07487601449851934,0.07058875665427419,0.07703984718856205,0.07629616156333184,0.07305670798816429,0.07041020541314652,0.07111530413368278,0.07469489043326517,0.0615205200618491,0.09079961985704749,0.07766181258828778,0.07237639008870059,0.07299265185388445,0.06453652619142142,0.076764867718832,0.07204319235608253,0.07116086987859949,0.07665001441699867,0.0740784971361385,0.07092685050494711,0.07415338770659494,0.07254643011581968,0.06420373169924704,0.07598656878240853,0.07479780737410704,0.06602369653484276,0.06990954556576977,0.06806124316002164,0.06915403196384401,0
