,Afrikaans,Albanian,Armenian,Bengali,Bosnian,Bulgarian,Catalan,Croatian,Czech,Danish,Dutch,English,French,Galician,German,Greek,Gujarati,Hindi,Icelandic,Irish,Italian,Latvian,Lithuanian,Macedonian,Marathi,Nepali,Norwegian,Pashto,Persian,Polish,Portuguese,Romanian,Russian,Serbian,Sinhala,Slovak,Slovenian,Spanish,Swedish,Ukrainian,Urdu,Welsh
Afrikaans,0,16.408304239804185,18.567701775491603,17.977891365138863,18.583944207483515,16.877941588609964,17.29214879142041,17.079781704803118,16.936270424824773,14.856232670916075,12.649052504801768,15.676961043874375,16.673787173337892,15.816185681960741,15.453617951902734,17.477071688029064,18.31890527603293,19.161212013822592,15.248108881282624,16.17911585983482,18.9167362187791,18.64876420874645,22.425366434432263,17.326541393119495,17.64651583271978,17.6111589378796,14.914839746550523,16.03510665081044,17.63988887793377,19.15275844150544,16.44433315050428,17.73945823526123,17.56668771519541,17.323025914736856,17.155139946783752,16.59647977731911,17.23160503972186,16.87234009930257,15.3960970834127,17.813240234008397,17.481559703882898,18.45825891316141
Albanian,16.408304239804185,0,18.694954958819828,17.368399773731955,19.14342927565355,17.092182461042572,17.2038811861668,16.948053285544745,17.53270438233865,17.099666562245986,17.34186752707211,18.434618585824403,16.331709436328836,15.599110345179621,18.026135846097592,16.92359649129244,18.203765207056996,18.570014951908576,17.357042856031658,16.275461114215855,18.269323340085055,19.37443008164536,22.57373694657456,17.533222006772018,17.12072450911453,16.79663253484962,17.29234511560982,15.840734888136279,17.691209631115022,19.537094044009525,16.642697141459315,17.409909962241176,17.899213440477,17.728298461709166,15.446101764195658,16.951317325022348,17.649815107246205,16.53479724677936,17.421290574792447,17.703231512274034,16.94115721866477,18.74359987456856
Armenian,18.567701775491603,18.694954958819828,0,19.91457662183946,20.27005456762634,19.278740011094058,19.7684452938421,19.075565510373487,19.90045627685256,19.797192254953796,19.697454534257517,20.43569911906323,19.565858694218544,18.694259555696433,19.561338287308146,19.05110837676184,20.77937489157758,21.25525722129143,18.520026167111446,19.110541344908306,20.557221014663035,20.219251892617287,22.80051745093629,19.54600364926157,20.056856786311332,20.165433091698173,19.201605104674627,18.602400675175193,19.00551252685259,21.09227699526641,19.449472841246173,19.685391872214314,19.823945851796722,19.36543614782136,18.887322179414,19.184243724817367,20.052241442726107,19.673164961916143,19.528846629914334,19.84730744328941,19.83541289265524,20.30983849695644
Bengali,17.977891365138863,17.368399773731955,19.91457662183946,0,19.37397581352477,17.365395679506705,17.905738831384184,17.495129110458752,18.048793721681765,17.872272901703667,18.33535657258444,18.556698033224176,17.610812115585457,17.11357110552933,18.54372810821068,17.701005432571336,15.45087178818035,15.85779673563828,18.342935160752493,17.731645164580904,18.957922756444127,19.752525376584003,22.965292086629095,17.6169481816497,15.5118125308657,15.008610055876273,17.907359026187137,16.98633068349764,18.64874301153338,19.51142214121317,17.78016227759602,18.228757515007608,18.500250079607138,17.953516713100253,17.279971661537548,17.46041367883265,18.021100903104013,17.516891100118496,17.840771182728872,18.26246609899207,14.9954561058236,19.742767593633666
Bosnian,18.583944207483515,19.14342927565355,20.27005456762634,19.37397581352477,0,15.42940068917332,19.682866881956286,12.425274324532783,15.689933338356889,19.20504557373375,19.26974484312677,20.493013923314482,19.20352101111823,18.94633587720163,19.348545090890898,19.378771482271386,20.17654008794903,20.8406783194689,18.63405323756416,19.941081701893097,19.578807461896602,17.953950871184848,20.052755038079656,13.960258739721821,19.966173124679703,19.313322379335034,18.673305903344772,19.428786704290964,19.324351304370687,16.036574013487545,18.98877486592136,18.640396723257282,14.657948529967555,10.422372511085829,19.663693785452736,14.393264324433673,15.211895997538845,19.23098038923344,19.13686432193262,14.538574706831993,19.43212814877958,20.520597466080854
Bulgarian,16.877941588609964,17.092182461042572,19.278740011094058,17.365395679506705,15.42940068917332,0,17.130236220581306,12.828048453522781,14.794360527577474,16.87496850164188,17.04615340681191,18.056737642948296,16.707044203000432,16.105269435427896,17.472931106964232,16.830411008108936,17.87843645288387,18.370703998260165,17.198852075830466,16.90998675752309,17.624853289576446,18.484235579283638,20.98648044037391,12.794931368812435,17.345189623417937,17.9341424196684,17.236835744034494,16.90765470252377,17.85775798051029,16.23603497398677,16.72794605331915,17.166338320839422,14.904211238830115,13.767520219145318,17.318842099312153,14.158036590588162,15.128685850963265,16.289795742308343,17.22509871874438,14.980541506596925,16.892925592337622,18.334013610727634
Catalan,17.29214879142041,17.2038811861668,19.7684452938421,17.905738831384184,19.682866881956286,17.130236220581306,0,17.319826861380616,18.006147818175968,17.030507105044226,17.571745899074802,17.916985195434304,15.240777535337566,13.354628098913027,17.88981697013462,17.17944643760387,18.540204587065727,18.923828662629475,17.720329286514303,16.78488699096565,16.2421711418066,19.663094605257683,22.192177847161574,17.835529775849853,17.536363056655745,18.535085043317036,16.498126470742356,17.21313325970574,18.600746615054106,19.320161062495846,14.560969854496427,16.11963195370743,18.40623011533859,18.014424066891394,17.772318416932823,17.138996130118738,17.840574845223983,13.644122762961466,17.141031679730357,18.04937861051753,17.854944749681145,19.31026442908215
Croatian,17.079781704803118,16.948053285544745,19.075565510373487,17.495129110458752,12.425274324532783,12.828048453522781,17.319826861380616,0,14.11845492472897,16.998097078994842,17.37169506678633,18.45465248182233,16.867860627397846,16.257933910320364,17.80526658422825,17.041381563608276,17.959025384472408,18.558925321686516,17.371259933264067,17.265425392425485,17.49876649009044,18.1270131114671,20.16303126441974,13.403627590484167,17.306486402888105,17.83847353953689,17.3503065419701,16.823767089710216,17.45734977274619,15.346335676179812,17.09337323725073,16.964978321666205,14.612444566318594,10.854415718723155,16.881027059345413,13.43211275173876,13.419460960651246,16.62541484920736,17.224754841951295,13.974273230795061,17.192198761563407,18.418685008417057
Czech,16.936270424824773,17.53270438233865,19.90045627685256,18.048793721681765,15.689933338356889,14.794360527577474,18.006147818175968,14.11845492472897,0,16.97731004270487,17.566609015674153,18.470174500214604,16.81855307515593,16.75656922890304,18.18750623523673,17.783502260945717,18.582853102715035,19.139282484207435,17.491295098521697,17.581605920647494,18.57981064399239,17.840990863828974,20.83180446803873,15.44266682201392,18.12469743057476,18.138566386142944,17.42670963993403,17.260231495247552,18.17535887396625,15.140757051840259,17.302776159495007,17.64793986603082,14.849175590321453,14.332102953979645,18.17268053057572,11.455827380386305,15.586225100711808,17.147471690172793,17.681593867703256,14.498565642730506,17.50615431097264,18.74279272690878
Danish,14.856232670916075,17.099666562245986,19.797192254953796,17.872272901703667,19.20504557373375,16.87496850164188,17.030507105044226,16.998097078994842,16.97731004270487,0,15.601453346834624,15.327276163352629,16.069060589283993,15.907962508868211,15.157123798817059,17.38757428433831,17.960035437146303,18.372637544145878,14.978178788003673,15.893141242234238,18.716440530120714,19.40974858136245,22.97991004356435,17.769469261567405,17.233509199062738,17.642344881909878,13.224452438069614,16.48455782037357,17.99744000394011,19.214787437310036,16.45431177495435,17.51054431629454,18.0311726775432,17.675185701801702,17.81194555234455,16.43217683571138,17.11025423943952,16.601581263931582,14.417813887916733,17.84283788620408,16.960327939095354,18.431248736486214
Dutch,12.649052504801768,17.34186752707211,19.697454534257517,18.33535657258444,19.26974484312677,17.04615340681191,17.571745899074802,17.37169506678633,17.566609015674153,15.601453346834624,0,15.635952082027348,17.059922237431103,16.738475651290816,14.591548826675771,17.276922006754376,18.36590327672815,18.89066710573691,16.299615311878647,16.899496421939112,18.752899617319265,19.076751585169887,22.465330711830998,17.672689898886322,17.713218997403242,18.150349613480714,15.636503687903241,16.971564298654016,18.067546449777822,19.548384630099363,16.832334739508713,17.972913223617553,18.319342556807058,17.913706466648726,18.165570360159023,17.275646540132772,17.65803100966189,17.032544289244186,15.80465449172023,18.268694301450164,17.711951462554303,18.800361750599944
English,15.676961043874375,18.434618585824403,20.43569911906323,18.556698033224176,20.493013923314482,18.056737642948296,17.916985195434304,18.45465248182233,18.470174500214604,15.327276163352629,15.635952082027348,0,17.651575369135482,17.20671686075454,16.558633945269825,18.696205423468612,18.548651540852212,19.673192084155332,16.92429705256432,17.3108242937964,19.4555682302568,20.243102107600834,23.40775308300114,18.869155329162524,18.320659885692574,18.69477121291234,15.8797152231941,18.250988863370615,19.252438967890136,20.391801863002527,17.4292320133279,18.694885808556304,19.193877985005347,19.0256526792295,19.171870054396624,17.979999038955064,18.6264708849934,17.667626357177404,16.230863148835834,19.06538773035598,18.16444137293021,19.175131503965677
French,16.673787173337892,16.331709436328836,19.565858694218544,17.610812115585457,19.20352101111823,16.707044203000432,15.240777535337566,16.867860627397846,16.81855307515593,16.069060589283993,17.059922237431103,17.651575369135482,0,14.526981439066002,17.51909006337594,16.869114770505107,18.26574674554493,18.541998294677764,17.39137633407101,15.96130411391432,16.74937015465303,18.788034634769907,22.64006612408292,17.58075454952703,17.069399606769675,17.53317263255387,16.3940278066443,16.29589258446786,17.930835732761015,19.033303972524376,15.125759196275782,16.78783173303328,17.8199248673778,17.59077912440804,17.41487326824441,16.4797149296407,17.19163031023965,15.04304576082068,17.224209321883688,17.80085100117562,16.956793319306417,18.362828461527535
Galician,15.816185681960741,15.599110345179621,18.694259555696433,17.11357110552933,18.94633587720163,16.105269435427896,13.354628098913027,16.257933910320364,16.75656922890304,15.907962508868211,16.738475651290816,17.20671686075454,14.526981439066002,0,17.341083377144503,16.571214567332994,17.698850055234224,18.306340375498447,16.277692121324296,15.395945886491036,15.72664595012664,19.242184902142494,22.393064417654532,16.790699804980346,16.683551999077075,17.069223587596,16.295043877332287,15.614194145169304,17.114664249736755,18.878057162487973,12.32758516792435,15.90622893848257,17.449218746984368,17.144926168895655,16.0861601441554,16.27103057261337,17.060164442783503,10.913767789920204,16.225563202153136,17.331566060436298,16.740236607433392,18.154126731791717
German,15.453617951902734,18.026135846097592,19.561338287308146,18.54372810821068,19.348545090890898,17.472931106964232,17.88981697013462,17.80526658422825,18.18750623523673,15.157123798817059,14.591548826675771,16.558633945269825,17.51909006337594,17.341083377144503,0,17.472528637515016,18.931708952528332,19.371687939005607,16.333299416017233,17.35539080338091,18.782352880292528,19.25822861344163,22.715273906774254,18.187037575943645,18.325862754911466,18.685969849746222,16.222350166124848,17.824192394205483,18.304583620258867,19.83233439267909,17.989050551681597,18.063400867906022,18.878315579379315,18.23335181055862,18.98102190037212,17.591684049659133,18.070750911276924,17.707023679296288,15.896708941091378,18.644498844896248,18.15853308178821,19.174545403092772
Greek,17.477071688029064,16.92359649129244,19.05110837676184,17.701005432571336,19.378771482271386,16.830411008108936,17.17944643760387,17.041381563608276,17.783502260945717,17.38757428433831,17.276922006754376,18.696205423468612,16.869114770505107,16.571214567332994,17.472528637515016,0,18.374324634724143,18.767675057763235,17.31435155188001,17.095481713456067,18.10957940673392,18.78963502053006,21.31933697665531,17.73533629099859,17.831739895551404,17.847730903422296,17.512568302955128,17.00339041375463,18.205210853989218,19.298333785504468,17.080754246844226,17.502761311183047,18.179837334236034,18.017722563178285,17.331352680735243,17.401437266651573,17.938176840978922,16.564173640372786,17.5979481568538,17.76025350495427,17.478049613735735,18.557919276974154
Gujarati,18.31890527603293,18.203765207056996,20.77937489157758,15.45087178818035,20.17654008794903,17.87843645288387,18.540204587065727,17.959025384472408,18.582853102715035,17.960035437146303,18.36590327672815,18.548651540852212,18.26574674554493,17.698850055234224,18.931708952528332,18.374324634724143,0,14.48316281120909,18.92854089480024,18.378254532248494,19.792405610446718,20.838629690664984,23.576657279445563,18.274789074846645,13.07654261724391,15.825320835301433,18.259525861626773,17.299745146985405,19.15743744433796,20.367073021304506,18.803269406179332,18.778623251667444,19.40041322260784,18.79071854338762,18.11444298189442,18.158361506005253,18.770291197171954,17.84755401532705,18.327943088179296,18.99268401199858,15.421593688727723,20.442470745888397
Hindi,19.161212013822592,18.570014951908576,21.25525722129143,15.85779673563828,20.8406783194689,18.370703998260165,18.923828662629475,18.558925321686516,19.139282484207435,18.372637544145878,18.89066710573691,19.673192084155332,18.541998294677764,18.306340375498447,19.371687939005607,18.767675057763235,14.48316281120909,0,19.550243657647282,18.778731989464298,20.312410160264893,21.33379052400507,23.825947302920216,18.651832076868672,14.93302229169669,16.14944223154022,18.601244645299285,17.6109094700562,19.05740221006707,20.826991309666973,19.221576661576588,19.059183872740327,20.07984599574875,19.314307809782395,18.31908547201825,18.842450913160345,19.3306676920003,18.452886946197122,18.697084059011576,19.412333862752313,13.450550975775839,20.96144019852891
Icelandic,15.248108881282624,17.357042856031658,18.520026167111446,18.342935160752493,18.63405323756416,17.198852075830466,17.720329286514303,17.371259933264067,17.491295098521697,14.978178788003673,16.299615311878647,16.92429705256432,17.39137633407101,16.277692121324296,16.333299416017233,17.31435155188001,18.92854089480024,19.550243657647282,0,17.223653584594807,18.519508335397106,18.298608494203368,20.89455934648514,17.47556835966604,18.345920875251586,18.594881406334014,14.96103591194778,17.27522149051971,17.641497636355307,19.20385843706924,17.243421290209987,17.77070000536402,17.52207033666662,17.217599991450935,17.706337707930178,17.10976292726434,18.02238461033261,17.34553025319641,15.051451490150896,17.337297773815546,18.03667527700517,18.836908046752495
Irish,16.17911585983482,16.275461114215855,19.110541344908306,17.731645164580904,19.941081701893097,16.90998675752309,16.78488699096565,17.265425392425485,17.581605920647494,15.893141242234238,16.899496421939112,17.3108242937964,15.96130411391432,15.395945886491036,17.35539080338091,17.095481713456067,18.378254532248494,18.778731989464298,17.223653584594807,0,19.06725907351606,19.75486321090476,23.414111494797567,17.575572017338665,17.213245563295388,17.73509616824298,16.81601646332864,15.516726149098814,17.931371444694605,19.732371026060733,15.985639141506663,17.67332061920209,18.221766265712226,18.4040546301491,16.67357479001271,16.87624161090379,17.607253754676893,15.859136045422517,16.88506100440623,18.32202995456854,17.00559560611404,17.839893805786026
Italian,18.9167362187791,18.269323340085055,20.557221014663035,18.957922756444127,19.578807461896602,17.624853289576446,16.2421711418066,17.49876649009044,18.57981064399239,18.716440530120714,18.752899617319265,19.4555682302568,16.74937015465303,15.72664595012664,18.782352880292528,18.10957940673392,19.792405610446718,20.312410160264893,18.519508335397106,19.06725907351606,0,20.272801941067076,22.357277831442776,18.2502266193302,19.025215219583092,18.8852974476489,18.658878429146874,18.65335255492132,19.141985452908255,19.59698543024589,16.51360526389574,16.107103688386744,18.802716350813654,18.282768160435456,19.172414118395803,18.136299168149076,18.686603006934032,15.732644638707619,18.4598796929219,18.505303107661977,19.114802198608697,19.09458333768424
Latvian,18.64876420874645,19.37443008164536,20.219251892617287,19.752525376584003,17.953950871184848,18.484235579283638,19.663094605257683,18.1270131114671,17.840990863828974,19.40974858136245,19.076751585169887,20.243102107600834,18.788034634769907,19.242184902142494,19.25822861344163,18.78963502053006,20.838629690664984,21.33379052400507,18.298608494203368,19.75486321090476,20.272801941067076,0,17.725532410487112,18.30789506278468,20.15297157586314,20.26728033350612,18.468382961424947,19.643927039538116,20.106218103137266,18.456974933791376,18.81972996135309,19.099508444042783,17.453419425703615,17.39738388757418,20.50867636081026,17.1824621010885,18.125040411652815,19.81841085513135,19.12885496835131,17.975192341872948,19.643976697354898,20.5965933269385
Lithuanian,22.425366434432263,22.57373694657456,22.80051745093629,22.965292086629095,20.052755038079656,20.98648044037391,22.192177847161574,20.16303126441974,20.83180446803873,22.97991004356435,22.465330711830998,23.40775308300114,22.64006612408292,22.393064417654532,22.715273906774254,21.31933697665531,23.576657279445563,23.825947302920216,20.89455934648514,23.414111494797567,22.357277831442776,17.725532410487112,0,20.891632215205924,23.578995308903462,23.277731206622022,21.55804865634556,22.876112770947774,22.05708587970386,21.378891076114325,22.64040030170896,21.442483757471102,20.241256594836255,19.588423090211222,22.56490516241663,20.82484613429216,21.03810267529372,22.488034253255456,21.990959731108433,19.925380894786446,23.023025785733896,23.18806430735783
Macedonian,17.326541393119495,17.533222006772018,19.54600364926157,17.6169481816497,13.960258739721821,12.794931368812435,17.835529775849853,13.403627590484167,15.44266682201392,17.769469261567405,17.672689898886322,18.869155329162524,17.58075454952703,16.790699804980346,18.187037575943645,17.73533629099859,18.274789074846645,18.651832076868672,17.47556835966604,17.575572017338665,18.2502266193302,18.30789506278468,20.891632215205924,0,17.7534547577815,18.198633542429246,17.800332070887215,16.995206108408606,18.259977082190126,16.292011515990733,17.373359272039384,17.580379582695738,14.588083123623976,12.191923207742638,17.814848982829286,14.402149473362334,15.623031703283589,17.089095201381177,17.6829874437928,14.352731205153235,17.41724941680759,19.20287189667271
Marathi,17.64651583271978,17.12072450911453,20.056856786311332,15.5118125308657,19.966173124679703,17.345189623417937,17.536363056655745,17.306486402888105,18.12469743057476,17.233509199062738,17.713218997403242,18.320659885692574,17.069399606769675,16.683551999077075,18.325862754911466,17.831739895551404,13.07654261724391,14.93302229169669,18.345920875251586,17.213245563295388,19.025215219583092,20.15297157586314,23.578995308903462,17.7534547577815,0,16.021433309220793,17.582402385169573,16.40352434472197,18.745565277284726,19.810836196126925,17.627490890902912,18.111919314845828,18.6016709927572,18.241357290153694,17.10604546081406,17.361862601628058,17.985044405931895,16.879206770225363,17.60617392498476,18.43771148697227,15.397177272347514,19.458588996899216
Nepali,17.6111589378796,16.79663253484962,20.165433091698173,15.008610055876273,19.313322379335034,17.9341424196684,18.535085043317036,17.83847353953689,18.138566386142944,17.642344881909878,18.150349613480714,18.69477121291234,17.53317263255387,17.069223587596,18.685969849746222,17.847730903422296,15.825320835301433,16.14944223154022,18.594881406334014,17.73509616824298,18.8852974476489,20.26728033350612,23.277731206622022,18.198633542429246,16.021433309220793,0,18.015566458582363,16.70709166994256,18.474521241280122,20.186894068146284,17.862477694759665,18.413858090966965,19.15362847776552,18.56780736488279,16.981631860457497,17.661665254751522,18.389389485697848,17.544504806333432,17.86238461703818,18.820704555964426,15.111243271958546,19.585963115588246
Norwegian,14.914839746550523,17.29234511560982,19.201605104674627,17.907359026187137,18.673305903344772,17.236835744034494,16.498126470742356,17.3503065419701,17.42670963993403,13.224452438069614,15.636503687903241,15.8797152231941,16.3940278066443,16.295043877332287,16.222350166124848,17.512568302955128,18.259525861626773,18.601244645299285,14.96103591194778,16.81601646332864,18.658878429146874,18.468382961424947,21.55804865634556,17.800332070887215,17.582402385169573,18.015566458582363,0,17.18193499556772,18.378347567188893,19.04767354810485,16.655881420708443,17.30349321658877,18.05625661567227,17.594248845097663,18.036564320187292,16.697900093408837,17.040223617116116,16.778638582772953,12.397723579628702,17.974782647245032,17.075376399483417,19.3106538361381
Pashto,16.03510665081044,15.840734888136279,18.602400675175193,16.98633068349764,19.428786704290964,16.90765470252377,17.21313325970574,16.823767089710216,17.260231495247552,16.48455782037357,16.971564298654016,18.250988863370615,16.29589258446786,15.614194145169304,17.824192394205483,17.00339041375463,17.299745146985405,17.6109094700562,17.27522149051971,15.516726149098814,18.65335255492132,19.643927039538116,22.876112770947774,16.995206108408606,16.40352434472197,16.70709166994256,17.18193499556772,0,16.161354576028007,19.55362101568894,16.589364824038118,17.55649623491437,18.16616133388193,17.58986867209797,15.81755323628912,17.09819227643891,17.34064144863106,16.223474867870447,17.21016123739222,17.847491367222794,15.632248639726944,18.748888934158202
Persian,17.63988887793377,17.691209631115022,19.00551252685259,18.64874301153338,19.324351304370687,17.85775798051029,18.600746615054106,17.45734977274619,18.17535887396625,17.99744000394011,18.067546449777822,19.252438967890136,17.930835732761015,17.114664249736755,18.304583620258867,18.205210853989218,19.15743744433796,19.05740221006707,17.641497636355307,17.931371444694605,19.141985452908255,20.106218103137266,22.05708587970386,18.259977082190126,18.745565277284726,18.474521241280122,18.378347567188893,16.161354576028007,0,19.774042207433457,18.154308089330502,18.155867077862055,18.765818747604445,18.023952288529266,17.587318859608,17.89627258993467,18.373097232518994,17.97245194246654,17.980653653501893,18.058295267720908,17.28892631730542,19.494214332988758
Polish,19.15275844150544,19.537094044009525,21.09227699526641,19.51142214121317,16.036574013487545,16.23603497398677,19.320161062495846,15.346335676179812,15.140757051840259,19.214787437310036,19.548384630099363,20.391801863002527,19.033303972524376,18.878057162487973,19.83233439267909,19.298333785504468,20.367073021304506,20.826991309666973,19.20385843706924,19.732371026060733,19.59698543024589,18.456974933791376,21.378891076114325,16.292011515990733,19.810836196126925,20.186894068146284,19.04767354810485,19.55362101568894,19.774042207433457,0,18.707138174273425,18.733644626753158,15.595657672630198,15.329615208868281,20.095727579363054,13.646784900145363,16.454667399762293,18.991960127058427,19.152226686174064,15.081486368133174,19.533925645918917,20.31963465320902
Portuguese,16.44433315050428,16.642697141459315,19.449472841246173,17.78016227759602,18.98877486592136,16.72794605331915,14.560969854496427,17.09337323725073,17.302776159495007,16.45431177495435,16.832334739508713,17.4292320133279,15.125759196275782,12.32758516792435,17.989050551681597,17.080754246844226,18.803269406179332,19.221576661576588,17.243421290209987,15.985639141506663,16.51360526389574,18.81972996135309,22.64040030170896,17.373359272039384,17.627490890902912,17.862477694759665,16.655881420708443,16.589364824038118,18.154308089330502,18.707138174273425,0,16.517380821061305,17.64620030283594,17.66556846509418,17.578635232257977,16.54510960696933,17.44961170242043,12.982016068578014,17.01697464249555,17.909083818918777,17.378683874230337,18.489460465345317
Romanian,17.73945823526123,17.409909962241176,19.685391872214314,18.228757515007608,18.640396723257282,17.166338320839422,16.11963195370743,16.964978321666205,17.64793986603082,17.51054431629454,17.972913223617553,18.694885808556304,16.78783173303328,15.90622893848257,18.063400867906022,17.502761311183047,18.778623251667444,19.059183872740327,17.77070000536402,17.67332061920209,16.107103688386744,19.099508444042783,21.442483757471102,17.580379582695738,18.111919314845828,18.413858090966965,17.30349321658877,17.55649623491437,18.155867077862055,18.733644626753158,16.517380821061305,0,18.069802155548413,17.472986588263744,18.31645268966997,17.194363778724867,17.650198696695288,16.176526838217566,17.49075393356276,17.650749375796714,18.13677675063048,19.08897417430075
Russian,17.56668771519541,17.899213440477,19.823945851796722,18.500250079607138,14.657948529967555,14.904211238830115,18.40623011533859,14.612444566318594,14.849175590321453,18.0311726775432,18.319342556807058,19.193877985005347,17.8199248673778,17.449218746984368,18.878315579379315,18.179837334236034,19.40041322260784,20.07984599574875,17.52207033666662,18.221766265712226,18.802716350813654,17.453419425703615,20.241256594836255,14.588083123623976,18.6016709927572,19.15362847776552,18.05625661567227,18.16616133388193,18.765818747604445,15.595657672630198,17.64620030283594,18.069802155548413,0,13.526488237910362,18.560263718660497,13.712168518701846,15.93860928562371,17.875340047547315,18.182831009520047,12.918384896331066,18.585152314354414,19.52150992024771
Serbian,17.323025914736856,17.728298461709166,19.36543614782136,17.953516713100253,10.422372511085829,13.767520219145318,18.014424066891394,10.854415718723155,14.332102953979645,17.675185701801702,17.913706466648726,19.0256526792295,17.59077912440804,17.144926168895655,18.23335181055862,18.017722563178285,18.79071854338762,19.314307809782395,17.217599991450935,18.4040546301491,18.282768160435456,17.39738388757418,19.588423090211222,12.191923207742638,18.241357290153694,18.56780736488279,17.594248845097663,17.58986867209797,18.023952288529266,15.329615208868281,17.66556846509418,17.472986588263744,13.526488237910362,0,18.09667965656435,13.34550751933094,13.729310230556647,17.67618710664811,17.611204964316904,13.100592032782615,17.9644716199102,19.49770836441238
Sinhala,17.155139946783752,15.446101764195658,18.887322179414,17.279971661537548,19.663693785452736,17.318842099312153,17.772318416932823,16.881027059345413,18.17268053057572,17.81194555234455,18.165570360159023,19.171870054396624,17.41487326824441,16.0861601441554,18.98102190037212,17.331352680735243,18.11444298189442,18.31908547201825,17.706337707930178,16.67357479001271,19.172414118395803,20.50867636081026,22.56490516241663,17.814848982829286,17.10604546081406,16.981631860457497,18.036564320187292,15.81755323628912,17.587318859608,20.095727579363054,17.578635232257977,18.31645268966997,18.560263718660497,18.09667965656435,0,17.664330570927888,18.37822009870724,16.774722177789204,17.621329807380242,18.123706234006256,16.864583498077334,19.22276868974596
Slovak,16.59647977731911,16.951317325022348,19.184243724817367,17.46041367883265,14.393264324433673,14.158036590588162,17.138996130118738,13.43211275173876,11.455827380386305,16.43217683571138,17.275646540132772,17.979999038955064,16.4797149296407,16.27103057261337,17.591684049659133,17.401437266651573,18.158361506005253,18.842450913160345,17.10976292726434,16.87624161090379,18.136299168149076,17.1824621010885,20.82484613429216,14.402149473362334,17.361862601628058,17.661665254751522,16.697900093408837,17.09819227643891,17.89627258993467,13.646784900145363,16.54510960696933,17.194363778724867,13.712168518701846,13.34550751933094,17.664330570927888,0,14.485864560988976,16.71774768244711,16.975170563793622,13.849415031757601,17.257901003470003,18.25181437491206
Slovenian,17.23160503972186,17.649815107246205,20.052241442726107,18.021100903104013,15.211895997538845,15.128685850963265,17.840574845223983,13.419460960651246,15.586225100711808,17.11025423943952,17.65803100966189,18.6264708849934,17.19163031023965,17.060164442783503,18.070750911276924,17.938176840978922,18.770291197171954,19.3306676920003,18.02238461033261,17.607253754676893,18.686603006934032,18.125040411652815,21.03810267529372,15.623031703283589,17.985044405931895,18.389389485697848,17.040223617116116,17.34064144863106,18.373097232518994,16.454667399762293,17.44961170242043,17.650198696695288,15.93860928562371,13.729310230556647,18.37822009870724,14.485864560988976,0,17.433665388661158,17.650345882773088,15.56362385736166,17.769657681743773,19.342828633077016
Spanish,16.87234009930257,16.53479724677936,19.673164961916143,17.516891100118496,19.23098038923344,16.289795742308343,13.644122762961466,16.62541484920736,17.147471690172793,16.601581263931582,17.032544289244186,17.667626357177404,15.04304576082068,10.913767789920204,17.707023679296288,16.564173640372786,17.84755401532705,18.452886946197122,17.34553025319641,15.859136045422517,15.732644638707619,19.81841085513135,22.488034253255456,17.089095201381177,16.879206770225363,17.544504806333432,16.778638582772953,16.223474867870447,17.97245194246654,18.991960127058427,12.982016068578014,16.176526838217566,17.875340047547315,17.67618710664811,16.774722177789204,16.71774768244711,17.433665388661158,0,17.011831821366638,17.55568038452168,17.161955163461958,18.53315811416479
Swedish,15.3960970834127,17.421290574792447,19.528846629914334,17.840771182728872,19.13686432193262,17.22509871874438,17.141031679730357,17.224754841951295,17.681593867703256,14.417813887916733,15.80465449172023,16.230863148835834,17.224209321883688,16.225563202153136,15.896708941091378,17.5979481568538,18.327943088179296,18.697084059011576,15.051451490150896,16.88506100440623,18.4598796929219,19.12885496835131,21.990959731108433,17.6829874437928,17.60617392498476,17.86238461703818,12.397723579628702,17.21016123739222,17.980653653501893,19.152226686174064,17.01697464249555,17.49075393356276,18.182831009520047,17.611204964316904,17.621329807380242,16.975170563793622,17.650345882773088,17.011831821366638,0,17.81940641070641,17.299009357099386,18.803459083085126
Ukrainian,17.813240234008397,17.703231512274034,19.84730744328941,18.26246609899207,14.538574706831993,14.980541506596925,18.04937861051753,13.974273230795061,14.498565642730506,17.84283788620408,18.268694301450164,19.06538773035598,17.80085100117562,17.331566060436298,18.644498844896248,17.76025350495427,18.99268401199858,19.412333862752313,17.337297773815546,18.32202995456854,18.505303107661977,17.975192341872948,19.925380894786446,14.352731205153235,18.43771148697227,18.820704555964426,17.974782647245032,17.847491367222794,18.058295267720908,15.081486368133174,17.909083818918777,17.650749375796714,12.918384896331066,13.100592032782615,18.123706234006256,13.849415031757601,15.56362385736166,17.55568038452168,17.81940641070641,0,18.388718082970264,19.11248892721901
Urdu,17.481559703882898,16.94115721866477,19.83541289265524,14.9954561058236,19.43212814877958,16.892925592337622,17.854944749681145,17.192198761563407,17.50615431097264,16.960327939095354,17.711951462554303,18.16444137293021,16.956793319306417,16.740236607433392,18.15853308178821,17.478049613735735,15.421593688727723,13.450550975775839,18.03667527700517,17.00559560611404,19.114802198608697,19.643976697354898,23.023025785733896,17.41724941680759,15.397177272347514,15.111243271958546,17.075376399483417,15.632248639726944,17.28892631730542,19.533925645918917,17.378683874230337,18.13677675063048,18.585152314354414,17.9644716199102,16.864583498077334,17.257901003470003,17.769657681743773,17.161955163461958,17.299009357099386,18.388718082970264,0,19.2466066109694
Welsh,18.45825891316141,18.74359987456856,20.30983849695644,19.742767593633666,20.520597466080854,18.334013610727634,19.31026442908215,18.418685008417057,18.74279272690878,18.431248736486214,18.800361750599944,19.175131503965677,18.362828461527535,18.154126731791717,19.174545403092772,18.557919276974154,20.442470745888397,20.96144019852891,18.836908046752495,17.839893805786026,19.09458333768424,20.5965933269385,23.18806430735783,19.20287189667271,19.458588996899216,19.585963115588246,19.3106538361381,18.748888934158202,19.494214332988758,20.31963465320902,18.489460465345317,19.08897417430075,19.52150992024771,19.49770836441238,19.22276868974596,18.25181437491206,19.342828633077016,18.53315811416479,18.803459083085126,19.11248892721901,19.2466066109694,0
