,Afrikaans,Albanian,Armenian,Bengali,Bosnian,Bulgarian,Catalan,Croatian,Czech,Danish,Dutch,English,French,Galician,German,Greek,Gujarati,Hindi,Icelandic,Irish,Italian,Latvian,Lithuanian,Macedonian,Marathi,Nepali,Norwegian,Pashto,Persian,Polish,Portuguese,Romanian,Russian,Serbian,Sinhala,Slovak,Slovenian,Spanish,Swedish,Ukrainian,Urdu,Welsh
Afrikaans,0,1507.998639259252,1733.0321898290192,1435.658246070492,1648.933045168397,1414.6504148556935,1365.2888193156214,1475.552662626036,1454.5135654609962,1253.3614931077311,1165.4583974443308,1320.093855806002,1383.6312756080197,1364.5838583861753,1343.2011251252507,1514.7206664758023,1410.9962965619393,1488.2032043445395,1404.1720212576324,1308.4607824532536,1749.7716792386282,1595.4517892368729,2016.6355283173325,1487.3014711450987,1387.893531832031,1623.6897213059767,1204.9956968752062,1388.762543708533,1634.5113529024575,1685.1307823809082,1469.92118731487,1509.7236692592642,1566.882473463375,1464.977678005423,1655.9906898572815,1403.896635609209,1441.6136126306494,1501.9456130186857,1330.9946190399994,1563.1083731844003,1444.7051891644753,1751.2332901546072
Albanian,1507.998639259252,0,1847.3568378942311,1538.4600668900468,1777.4396795348252,1550.5105472128967,1476.4522752174005,1606.0395046167046,1604.7471207158349,1469.6685568336034,1566.8004301060012,1561.1933289883716,1501.0462355198965,1475.7440782588794,1582.779325949358,1619.6182709999316,1539.0492458192814,1582.2940342497411,1620.1798095576507,1439.204044526865,1818.0052797765618,1749.6615787907476,2143.9434011972085,1610.6505212934064,1491.9011801487231,1739.9661276001445,1430.4853769341962,1515.5892048478418,1750.8426580314501,1822.1050854894495,1591.7514023902215,1608.6623719930749,1698.5129362798539,1598.248924057281,1740.9948252486697,1544.3412043075818,1574.786979790963,1595.6946135514725,1564.496057004702,1673.523840755714,1550.559348299586,1860.7754131494037
Armenian,1733.0321898290192,1847.3568378942311,0,1774.6865349600437,1983.6757452571512,1777.9379474582329,1727.939527607132,1818.661366558641,1821.0747436516426,1717.5206283371988,1793.1544797353265,1785.1076049280027,1760.1097925098609,1732.6119159882137,1796.938049074598,1841.8017712742396,1768.7089920606863,1832.6769580289667,1807.7107150256245,1681.0240889263882,2078.720516227852,1930.3393296892145,2284.340963774987,1832.4081652324267,1744.910672382502,2001.4160672474306,1657.3449160897478,1750.0948640391666,1922.370170597367,2032.6345517647483,1838.2769885475177,1853.2296578079875,1915.9659284288239,1801.8121683824443,1988.9617167053923,1766.749657804096,1809.5285253397974,1859.9769106150807,1774.7034711797876,1902.0810459351292,1799.9248236300202,2075.7317770159584
Bengali,1435.658246070492,1538.4600668900468,1774.6865349600437,0,1698.0513655639954,1454.1761888426345,1399.783437229629,1526.0200212606342,1503.849627191187,1401.6103376825192,1495.7597187468689,1480.2238060393308,1434.9878610655612,1417.202953722243,1496.3536864169944,1538.167523192199,1302.581172548603,1352.908505099046,1539.6511825720754,1378.7241231630778,1745.0884077511616,1661.9206186169906,2040.7901175377704,1518.462998871011,1319.810204644473,1502.644317037916,1351.460117762431,1431.908677228989,1667.5186777400725,1704.966229003705,1525.4903059253882,1544.5508849132593,1622.0497927609404,1506.2992562432898,1643.9141377300948,1460.563457733173,1486.7311183925056,1521.0415617638791,1466.764440923665,1612.4070969743027,1348.7267714475208,1798.235224697204
Bosnian,1648.933045168397,1777.4396795348252,1983.6757452571512,1698.0513655639954,0,1489.1343628172576,1654.8004173736829,1327.0172097438597,1547.7817147382643,1640.0107675665581,1721.4886816681865,1730.948300269091,1696.1875543138744,1651.9980113056877,1744.0849938837869,1808.9056947131764,1689.2200228180527,1767.7940188771033,1735.1036317058044,1653.79001205374,1959.7290008829705,1776.7520592950975,2126.264140438282,1422.0541287619508,1677.0080563053443,1936.2987860297808,1565.9978781118764,1698.2594760826587,1868.7250685184988,1702.6155434097557,1763.7843143399634,1749.397138336808,1559.8033500154118,1194.872240433213,1924.031258722993,1460.3369234812683,1506.82908739596,1766.9467291798264,1700.5089499364344,1534.9022511740427,1732.9226179360687,2041.4716767854713
Bulgarian,1414.6504148556935,1550.5105472128967,1777.9379474582329,1454.1761888426345,1489.1343628172576,0,1379.934688762222,1309.4176073950728,1382.118979327293,1385.370238636919,1475.0721417160867,1464.11509999097,1442.392900522444,1395.8089313877736,1489.5126144375392,1535.1416141017203,1435.7092222877736,1494.5226209544892,1534.3975558655993,1375.8275903104043,1728.1715567758822,1640.8654817562915,1980.1421248078661,1290.1177012337305,1418.0075225605412,1670.2245162099687,1332.9129530460632,1455.5975765078636,1664.6298356487011,1589.0617066312043,1513.8018006911936,1512.8443344151067,1479.0154263497668,1317.5696581678733,1676.0344027177368,1323.26355009214,1370.2078876148944,1490.6375507129264,1455.4390003849535,1471.3104294302843,1466.0349198598162,1775.7757836156152
Catalan,1365.2888193156214,1476.4522752174005,1727.939527607132,1399.783437229629,1654.8004173736829,1379.934688762222,0,1460.5304527864155,1453.3988118209097,1315.644491222908,1424.6200845811406,1391.3054667429574,1294.4363820093292,1191.1875410135567,1439.8248820735541,1470.6466614304074,1396.7189759929295,1441.2913139399514,1479.1856120637804,1303.1420284243109,1563.914119439773,1615.2848840193024,1976.0209974265033,1467.4066135985474,1365.0305269132693,1616.3488638613214,1255.2569027220843,1397.7382673576485,1623.3623629826093,1665.233695268148,1319.0708751120635,1403.3615721062254,1573.354142443513,1455.0081677711935,1617.7902027207322,1396.4134162138002,1430.7594593736665,1280.1747254459378,1375.8160254039644,1553.1515051878848,1422.0237960195675,1734.08694115542
Croatian,1475.552662626036,1606.0395046167046,1818.661366558641,1526.0200212606342,1327.0172097438597,1309.4176073950728,1460.5304527864155,0,1393.062997878003,1443.1425644406415,1545.2332659115643,1536.46187326122,1504.387704173089,1471.4648035349433,1553.1175407797004,1609.5620480193784,1508.0237123850152,1572.3289647581025,1586.8182724191445,1446.5180141964977,1783.8317577550754,1663.5834749174994,1978.26246590787,1362.9951062437515,1485.5869996579127,1734.0634195679047,1397.1891787861794,1513.8525540158862,1703.9066244890626,1595.0824792855992,1590.4903895145962,1571.115073722758,1494.0239627781884,1182.2500906742448,1740.769263158744,1328.4394606630137,1331.9437098698247,1576.9916029945855,1526.0449609795496,1457.0155586341143,1542.4720602711702,1843.6213451253814
Czech,1454.5135654609962,1604.7471207158349,1821.0747436516426,1503.849627191187,1547.7817147382643,1382.118979327293,1453.3988118209097,1393.062997878003,0,1422.0091799723282,1534.2469503213658,1511.7752731047497,1484.4171262722991,1457.5171233274948,1546.719079960268,1611.9192614261115,1491.6300609740924,1562.7333000076935,1568.9064272684789,1425.0955268590249,1809.1775038516075,1629.7924945372483,2017.0207763438943,1449.439293564836,1480.2654338484472,1713.1156013571097,1375.9365547255618,1495.6749815007702,1712.5130807983874,1560.6935306138932,1593.0707128297647,1573.5547749372463,1489.4933835533054,1368.7263570133066,1727.4538895374817,1204.8895200744366,1416.7392288656524,1566.989786483857,1512.5851891148477,1463.4288429486946,1516.552840031181,1822.9037610507314
Danish,1253.3614931077311,1469.6685568336034,1717.5206283371988,1401.6103376825192,1640.0107675665581,1385.370238636919,1315.644491222908,1443.1425644406415,1422.0091799723282,0,1337.6097821461208,1293.2586578044047,1339.3144338610323,1315.2665400924525,1306.7864222021017,1470.9321225156232,1369.659321307663,1433.0988370259147,1347.979085998927,1243.431439127742,1699.8307200566617,1611.3874913442583,2004.043673648612,1475.635634916785,1343.0065095046482,1578.935295148691,1114.02685333623,1350.731894630091,1593.0501800764519,1671.4659526483224,1438.1230070174424,1458.7350762813096,1556.4852002351774,1451.2122568933864,1613.1726015736701,1373.5237015708706,1405.3340126944513,1441.013868317466,1257.2961355831062,1543.8796561268068,1399.1827605487524,1692.2615402960305
Dutch,1165.4583974443308,1566.8004301060012,1793.1544797353265,1495.7597187468689,1721.4886816681865,1475.0721417160867,1424.6200845811406,1545.2332659115643,1534.2469503213658,1337.6097821461208,0,1367.2010639980579,1461.7730029399588,1443.0928880264237,1347.8880017104339,1560.6867539840591,1464.9067471271467,1527.1819307522533,1483.371628712062,1383.3511467480946,1802.214348765926,1659.5214589818788,2060.212908158966,1557.0635566219726,1447.96152063012,1693.7752832891683,1282.9495908836177,1466.6065936126017,1684.2976541860546,1750.8050188742845,1533.4424806247505,1572.1670791903503,1655.112476525446,1542.800010426095,1727.4648571218218,1486.7431891829917,1504.950173758938,1555.1048666418678,1388.376430573649,1638.516000417649,1503.6841612629112,1807.0396204107876
English,1320.093855806002,1561.1933289883716,1785.1076049280027,1480.2238060393308,1730.948300269091,1464.11509999097,1391.3054667429574,1536.46187326122,1511.7752731047497,1293.2586578044047,1367.2010639980579,0,1427.0569703307337,1422.1355405218658,1406.2605961560478,1580.9915767715256,1440.2574244823852,1536.4225028319584,1491.6832791891384,1337.7255398809712,1775.2939790884793,1675.5148358275892,2052.950974053342,1562.6365075126437,1430.2379323365822,1673.7737883100262,1271.6829548932312,1470.369320500793,1694.3716993351272,1741.350278940921,1504.644540301442,1559.0007412404566,1647.2254362270278,1530.9453450437147,1728.300531315098,1467.89803279694,1505.5739834557555,1526.663862114055,1387.7251957171554,1633.6016034243366,1486.789672311623,1747.7606884160064
French,1383.6312756080197,1501.0462355198965,1760.1097925098609,1434.9878610655612,1696.1875543138744,1442.392900522444,1294.4363820093292,1504.387704173089,1484.4171262722991,1339.3144338610323,1461.7730029399588,1427.0569703307337,0,1314.5059310267272,1467.188281200268,1519.849680192242,1429.5486295458666,1486.3985514905735,1521.7450591488023,1317.5516824597978,1656.7598324158193,1637.4702200929983,2042.4428532947138,1520.0448339014756,1389.6595230822338,1640.6166753572265,1306.8761943941201,1405.5275066756328,1659.5705990367999,1723.0542140138718,1423.635654692794,1482.593910525179,1605.034222457357,1495.190806633804,1674.714141447246,1429.0876925925625,1458.2207790651003,1432.7076817265004,1445.6853073923287,1594.1436156942889,1445.1424436392501,1753.7360703453433
Galician,1364.5838583861753,1475.7440782588794,1732.6119159882137,1417.202953722243,1651.9980113056877,1395.8089313877736,1191.1875410135567,1471.4648035349433,1457.5171233274948,1315.2665400924525,1443.0928880264237,1422.1355405218658,1314.5059310267272,0,1452.62880809971,1493.6385187756414,1418.8771085013138,1472.7481060018226,1469.6351393248774,1304.209891888893,1565.0278046086014,1625.192520387814,2013.9016551587079,1486.6959993040145,1379.916207214437,1610.9414317028156,1287.086538253516,1402.9564956792449,1622.1354242176267,1695.4289909705524,1265.508142700225,1427.7877609674,1582.6551839533631,1466.1381873016144,1634.2608915062247,1403.1055447493977,1454.9523675927755,1185.146400631164,1408.6961706675481,1565.0727222494759,1442.474517081477,1725.3973466812624
German,1343.2011251252507,1582.779325949358,1796.938049074598,1496.3536864169944,1744.0849938837869,1489.5126144375392,1439.8248820735541,1553.1175407797004,1546.719079960268,1306.7864222021017,1347.8880017104339,1406.2605961560478,1467.188281200268,1452.62880809971,0,1557.2566245125404,1475.0070342417582,1547.1104466026504,1495.146516136769,1388.238904451634,1785.171016880522,1678.350142024885,2068.291790686552,1585.6270024112034,1461.9158101055204,1695.7031263557958,1311.5529542379213,1485.4169871743366,1678.4609334958263,1766.5698107893393,1579.5374442245077,1563.4506841544787,1680.1571945556461,1559.6942876673497,1748.128530368032,1485.6862276076242,1518.8323882861885,1568.531131795257,1391.1238589155096,1662.8187874934404,1526.1074712641785,1814.0711190305976
Greek,1514.7206664758023,1619.6182709999316,1841.8017712742396,1538.167523192199,1808.9056947131764,1535.1416141017203,1470.6466614304074,1609.5620480193784,1611.9192614261115,1470.9321225156232,1560.6867539840591,1580.9915767715256,1519.849680192242,1493.6385187756414,1557.2566245125404,0,1515.4109838643246,1581.4283790805448,1587.3559459020491,1455.6804687341878,1832.4454411525182,1710.0534603453502,2075.0141027019254,1629.432333790445,1506.7595334931548,1741.8581664751873,1434.6856307865912,1527.6239811898724,1756.0178133047361,1822.1042800888558,1603.7543506646427,1611.0391924917144,1705.6870531273146,1616.3507443701117,1766.8544901817036,1555.1217466474907,1584.4490105243715,1590.8189610710065,1552.5221270165457,1689.6588710143255,1566.0380083506082,1866.9420590115215
Gujarati,1410.9962965619393,1539.0492458192814,1768.7089920606863,1302.581172548603,1689.2200228180527,1435.7092222877736,1396.7189759929295,1508.0237123850152,1491.6300609740924,1369.659321307663,1464.9067471271467,1440.2574244823852,1429.5486295458666,1418.8771085013138,1475.0070342417582,1515.4109838643246,0,1265.630338847025,1539.7907272163734,1361.4666519890213,1749.4080633973924,1667.1660761632033,2022.270355111084,1511.3489356914904,1166.4362287669858,1496.9235535081914,1332.7610165077067,1411.0457053400887,1653.5447646428504,1716.4510495370346,1531.8948828788377,1544.0401948280062,1630.4661392714142,1501.845815508344,1654.1193887054917,1454.4926024204872,1484.4318469360055,1507.036050343181,1452.2145825543048,1607.2693839905862,1335.8427804993767,1779.793277089774
Hindi,1488.2032043445395,1582.2940342497411,1832.6769580289667,1352.908505099046,1767.7940188771033,1494.5226209544892,1441.2913139399514,1572.3289647581025,1562.7333000076935,1433.0988370259147,1527.1819307522533,1536.4225028319584,1486.3985514905735,1472.7481060018226,1547.1104466026504,1581.4283790805448,1265.630338847025,0,1594.5035107442516,1424.128431337188,1809.0887981849528,1734.7746303812512,2094.8398328306494,1568.7152473569395,1299.360562643696,1548.3880381389479,1381.4187250883265,1468.6684932021242,1687.2619357183269,1779.6482334340685,1587.7443758945387,1587.5511181673141,1697.2486456456184,1576.0295723548545,1687.9729304662615,1523.59551863959,1551.2559853396613,1557.6064801903433,1499.1673168001469,1667.496982741608,1267.0297422679437,1850.9819981937933
Icelandic,1404.1720212576324,1620.1798095576507,1807.7107150256245,1539.6511825720754,1735.1036317058044,1534.3975558655993,1479.1856120637804,1586.8182724191445,1568.9064272684789,1347.979085998927,1483.371628712062,1491.6832791891384,1521.7450591488023,1469.6351393248774,1495.146516136769,1587.3559459020491,1539.7907272163734,1594.5035107442516,0,1455.1329457521408,1833.5772735410928,1671.45532070746,2038.9853990765812,1592.5084916814617,1514.6996929586496,1764.5538795204561,1287.5492675924763,1541.7847499868044,1711.8801712897846,1777.9658230424486,1592.0646928130743,1604.4497239766633,1650.681477653586,1550.9872161098895,1751.2236098940082,1519.545218554001,1571.1083263656003,1613.5939476737485,1400.6137825742328,1645.4713458444535,1561.5403507662077,1867.0119180034574
Irish,1308.4607824532536,1439.204044526865,1681.0240889263882,1378.7241231630778,1653.79001205374,1375.8275903104043,1303.1420284243109,1446.5180141964977,1425.0955268590249,1243.431439127742,1383.3511467480946,1337.7255398809712,1317.5516824597978,1304.209891888893,1388.238904451634,1455.6804687341878,1361.4666519890213,1424.128431337188,1455.1329457521408,0,1700.335898875845,1605.5297291286465,2005.9277327264065,1463.0573769637413,1317.7829570826848,1554.222339713632,1246.9841263883231,1316.923758568756,1594.9391581699726,1665.4535900203664,1405.6598943430542,1454.921915490854,1559.997351324452,1474.3308744778726,1592.6076368933236,1365.2912066836209,1404.8846781717732,1415.7886894636804,1367.4648335562053,1548.055040508652,1382.7266000907139,1641.2287403729445
Italian,1749.7716792386282,1818.0052797765618,2078.720516227852,1745.0884077511616,1959.7290008829705,1728.1715567758822,1563.914119439773,1783.8317577550754,1809.1775038516075,1699.8307200566617,1802.214348765926,1775.2939790884793,1656.7598324158193,1565.0278046086014,1785.171016880522,1832.4454411525182,1749.4080633973924,1809.0887981849528,1833.5772735410928,1700.335898875845,0,1966.3542725908699,2302.884207408651,1807.1453407122785,1720.763570270544,1951.7339695159424,1641.898605648307,1758.5751932117716,1966.5915695609774,1994.5117088643162,1717.9891569451918,1697.9517660213523,1907.2443992753754,1773.553623034906,1987.8279702136763,1748.2878164665067,1789.8494087977842,1653.6960663535035,1751.7022211110063,1872.216719064537,1788.3873081346671,2046.0523546397817
Latvian,1595.4517892368729,1749.6615787907476,1930.3393296892145,1661.9206186169906,1776.7520592950975,1640.8654817562915,1615.2848840193024,1663.5834749174994,1629.7924945372483,1611.3874913442583,1659.5214589818788,1675.5148358275892,1637.4702200929983,1625.192520387814,1678.350142024885,1710.0534603453502,1667.1660761632033,1734.7746303812512,1671.45532070746,1605.5297291286465,1966.3542725908699,0,1919.3040888263395,1662.367049349372,1637.0452755067092,1911.3802528338213,1525.2908773849117,1664.9664178434634,1864.258900634331,1808.3493531084698,1707.6327678161547,1731.5665134580238,1691.1055964299906,1595.1672770638534,1906.0621510973363,1584.9406927642576,1628.050740068092,1764.3608376518885,1661.6670236267453,1716.7832404578858,1687.2881824033018,2022.3502050186178
Lithuanian,2016.6355283173325,2143.9434011972085,2284.340963774987,2040.7901175377704,2126.264140438282,1980.1421248078661,1976.0209974265033,1978.26246590787,2017.0207763438943,2004.043673648612,2060.212908158966,2052.950974053342,2042.4428532947138,2013.9016551587079,2068.291790686552,2075.0141027019254,2022.270355111084,2094.8398328306494,2038.9853990765812,2005.9277327264065,2302.884207408651,1919.3040888263395,0,2027.1277861234794,2029.9006094467136,2263.0077184453853,1897.3349587396533,2043.3232998827352,2189.9915245439665,2173.6444354927035,2126.578119802642,2077.5027650886477,2068.674677930889,1941.7204722596193,2251.79790007512,1976.4031641135932,1992.667424378191,2104.0481252776276,2021.1098718554483,2055.0535700646105,2078.3737258019632,2374.0738638075823
Macedonian,1487.3014711450987,1610.6505212934064,1832.4081652324267,1518.462998871011,1422.0541287619508,1290.1177012337305,1467.4066135985474,1362.9951062437515,1449.439293564836,1475.635634916785,1557.0635566219726,1562.6365075126437,1520.0448339014756,1486.6959993040145,1585.6270024112034,1629.432333790445,1511.3489356914904,1568.7152473569395,1592.5084916814617,1463.0573769637413,1807.1453407122785,1662.367049349372,2027.1277861234794,0,1498.6376476763353,1747.4004226444563,1404.696821534799,1518.3989527873152,1732.5675017777166,1624.4209115144617,1588.2495974583435,1586.8946523463787,1469.5413301900028,1233.2438842591755,1749.9619867114366,1366.9981880066618,1426.5182709826722,1583.2476100606914,1532.9444322809927,1459.4395796020294,1533.1907838511145,1879.1338469606028
Marathi,1387.893531832031,1491.9011801487231,1744.910672382502,1319.810204644473,1677.0080563053443,1418.0075225605412,1365.0305269132693,1485.5869996579127,1480.2654338484472,1343.0065095046482,1447.96152063012,1430.2379323365822,1389.6595230822338,1379.916207214437,1461.9158101055204,1506.7595334931548,1166.4362287669858,1299.360562643696,1514.6996929586496,1317.7829570826848,1720.763570270544,1637.0452755067092,2029.9006094467136,1498.6376476763353,0,1514.49556989523,1307.8991550399883,1381.6474117316482,1644.9315568422205,1698.9663594936449,1487.810589387581,1508.7171503089644,1593.5939163302091,1487.3832184009746,1629.9844997406822,1427.6740344501184,1454.545208812721,1474.186434758148,1436.9801664512786,1581.8871524578756,1343.4411204327255,1749.935547805848
Nepali,1623.6897213059767,1739.9661276001445,2001.4160672474306,1502.644317037916,1936.2987860297808,1670.2245162099687,1616.3488638613214,1734.0634195679047,1713.1156013571097,1578.935295148691,1693.7752832891683,1673.7737883100262,1640.6166753572265,1610.9414317028156,1695.7031263557958,1741.8581664751873,1496.9235535081914,1548.3880381389479,1764.5538795204561,1554.222339713632,1951.7339695159424,1911.3802528338213,2263.0077184453853,1747.4004226444563,1514.49556989523,0,1555.876151691117,1609.6035613594097,1861.2691705363989,1969.0266131747956,1746.7158476929988,1758.3390471825683,1865.2771676602551,1742.5165680974264,1844.961070597449,1682.7321641388146,1706.516173465357,1717.1795012698244,1671.862811007313,1838.5346554878815,1547.2592239356302,1981.6323589303197
Norwegian,1204.9956968752062,1430.4853769341962,1657.3449160897478,1351.460117762431,1565.9978781118764,1332.9129530460632,1255.2569027220843,1397.1891787861794,1375.9365547255618,1114.02685333623,1282.9495908836177,1271.6829548932312,1306.8761943941201,1287.086538253516,1311.5529542379213,1434.6856307865912,1332.7610165077067,1381.4187250883265,1287.5492675924763,1246.9841263883231,1641.898605648307,1525.2908773849117,1897.3349587396533,1404.696821534799,1307.8991550399883,1555.876151691117,0,1331.7110945484235,1549.4900169798118,1584.3707736638219,1391.0538330079519,1410.1637412047837,1495.9639785373986,1380.6612009560254,1573.220059502979,1323.1355418536425,1354.6054415140586,1397.4503094804181,1119.3694234340148,1476.5232875759482,1352.3664146136905,1679.2494022806607
Pashto,1388.762543708533,1515.5892048478418,1750.0948640391666,1431.908677228989,1698.2594760826587,1455.5975765078636,1397.7382673576485,1513.8525540158862,1495.6749815007702,1350.731894630091,1466.6065936126017,1470.369320500793,1405.5275066756328,1402.9564956792449,1485.4169871743366,1527.6239811898724,1411.0457053400887,1468.6684932021242,1541.7847499868044,1316.923758568756,1758.5751932117716,1664.9664178434634,2043.3232998827352,1518.3989527873152,1381.6474117316482,1609.6035613594097,1331.7110945484235,0,1580.4364008388334,1732.6799078445165,1503.6023005231705,1530.5858195643477,1624.4041040652385,1509.4731040804982,1649.764449098161,1459.676452682235,1466.2418496089456,1505.477747939378,1460.8033067227511,1609.5430274596272,1402.1705449081992,1774.0764110850819
Persian,1634.5113529024575,1750.8426580314501,1922.370170597367,1667.5186777400725,1868.7250685184988,1664.6298356487011,1623.3623629826093,1703.9066244890626,1712.5130807983874,1593.0501800764519,1684.2976541860546,1694.3716993351272,1659.5705990367999,1622.1354242176267,1678.4609334958263,1756.0178133047361,1653.5447646428504,1687.2619357183269,1711.8801712897846,1594.9391581699726,1966.5915695609774,1864.258900634331,2189.9915245439665,1732.5675017777166,1644.9315568422205,1861.2691705363989,1549.4900169798118,1580.4364008388334,0,1907.340507264943,1756.928441103416,1726.4089139197638,1825.2430531119062,1692.6564950055104,1886.672497310945,1661.319596442687,1695.7540399822003,1746.1403467114887,1660.3416650929344,1780.6661813186497,1637.2747961376529,1996.2383977736974
Polish,1685.1307823809082,1822.1050854894495,2032.6345517647483,1704.966229003705,1702.6155434097557,1589.0617066312043,1665.233695268148,1595.0824792855992,1560.6935306138932,1671.4659526483224,1750.8050188742845,1741.350278940921,1723.0542140138718,1695.4289909705524,1766.5698107893393,1822.1042800888558,1716.4510495370346,1779.6482334340685,1777.9658230424486,1665.4535900203664,1994.5117088643162,1808.3493531084698,2173.6444354927035,1624.4209115144617,1698.9663594936449,1969.0266131747956,1584.3707736638219,1732.6799078445165,1907.340507264943,0,1770.8470795875533,1769.8755454240593,1662.2998808474053,1547.006396370768,1973.6762847693878,1444.0804424361565,1605.1906635111816,1794.0231916617952,1713.3926307405575,1624.196358564938,1755.2722592500982,2056.8839332678626
Portuguese,1469.92118731487,1591.7514023902215,1838.2769885475177,1525.4903059253882,1763.7843143399634,1513.8018006911936,1319.0708751120635,1590.4903895145962,1593.0707128297647,1438.1230070174424,1533.4424806247505,1504.644540301442,1423.635654692794,1265.508142700225,1579.5374442245077,1603.7543506646427,1531.8948828788377,1587.7443758945387,1592.0646928130743,1405.6598943430542,1717.9891569451918,1707.6327678161547,2126.578119802642,1588.2495974583435,1487.810589387581,1746.7158476929988,1391.0538330079519,1503.6023005231705,1756.928441103416,1770.8470795875533,0,1550.899049114857,1678.3944811262668,1567.011448937391,1767.2575232000524,1504.8255535195378,1555.5943309408651,1385.8285413138656,1517.9873637641704,1678.3630396574583,1541.545027368376,1850.4736970593276
Romanian,1509.7236692592642,1608.6623719930749,1853.2296578079875,1544.5508849132593,1749.397138336808,1512.8443344151067,1403.3615721062254,1571.115073722758,1573.5547749372463,1458.7350762813096,1572.1670791903503,1559.0007412404566,1482.593910525179,1427.7877609674,1563.4506841544787,1611.0391924917144,1544.0401948280062,1587.5511181673141,1604.4497239766633,1454.921915490854,1697.9517660213523,1731.5665134580238,2077.5027650886477,1586.8946523463787,1508.7171503089644,1758.3390471825683,1410.1637412047837,1530.5858195643477,1726.4089139197638,1769.8755454240593,1550.899049114857,0,1680.2329485004004,1565.112263430536,1777.2394099584285,1532.974607887962,1556.2100359503386,1538.5445602916247,1533.6856597148153,1659.68550049204,1572.1526115140307,1850.7944275511484
Russian,1566.882473463375,1698.5129362798539,1915.9659284288239,1622.0497927609404,1559.8033500154118,1479.0154263497668,1573.354142443513,1494.0239627781884,1489.4933835533054,1556.4852002351774,1655.112476525446,1647.2254362270278,1605.034222457357,1582.6551839533631,1680.1571945556461,1705.6870531273146,1630.4661392714142,1697.2486456456184,1650.681477653586,1559.997351324452,1907.2443992753754,1691.1055964299906,2068.674677930889,1469.5413301900028,1593.5939163302091,1865.2771676602551,1495.9639785373986,1624.4041040652385,1825.2430531119062,1662.2998808474053,1678.3944811262668,1680.2329485004004,0,1394.8118383994458,1846.8593181843933,1405.6402747610289,1516.6970482933662,1699.8011692366463,1630.1934254879186,1422.51223094699,1655.9487890081264,1977.7409475227903
Serbian,1464.977678005423,1598.248924057281,1801.8121683824443,1506.2992562432898,1194.872240433213,1317.5696581678733,1455.0081677711935,1182.2500906742448,1368.7263570133066,1451.2122568933864,1542.800010426095,1530.9453450437147,1495.190806633804,1466.1381873016144,1559.6942876673497,1616.3507443701117,1501.845815508344,1576.0295723548545,1550.9872161098895,1474.3308744778726,1773.553623034906,1595.1672770638534,1941.7204722596193,1233.2438842591755,1487.3832184009746,1742.5165680974264,1380.6612009560254,1509.4731040804982,1692.6564950055104,1547.006396370768,1567.011448937391,1565.112263430536,1394.8118383994458,0,1735.825349190154,1287.549387107985,1311.735718392572,1579.4987009253102,1511.93148877821,1374.9493906258783,1538.3175393355502,1858.1889179111392
Sinhala,1655.9906898572815,1740.9948252486697,1988.9617167053923,1643.9141377300948,1924.031258722993,1676.0344027177368,1617.7902027207322,1740.769263158744,1727.4538895374817,1613.1726015736701,1727.4648571218218,1728.300531315098,1674.714141447246,1634.2608915062247,1748.128530368032,1766.8544901817036,1654.1193887054917,1687.9729304662615,1751.2236098940082,1592.6076368933236,1987.8279702136763,1906.0621510973363,2251.79790007512,1749.9619867114366,1629.9844997406822,1844.961070597449,1573.220059502979,1649.764449098161,1886.672497310945,1973.6762847693878,1767.2575232000524,1777.2394099584285,1846.8593181843933,1735.825349190154,0,1685.7295782874571,1727.8738602828828,1742.2309211623044,1695.316859331442,1823.8342837039568,1672.0600349388383,2018.3284286201742
Slovak,1403.896635609209,1544.3412043075818,1766.749657804096,1460.563457733173,1460.3369234812683,1323.26355009214,1396.4134162138002,1328.4394606630137,1204.8895200744366,1373.5237015708706,1486.7431891829917,1467.89803279694,1429.0876925925625,1403.1055447493977,1485.6862276076242,1555.1217466474907,1454.4926024204872,1523.59551863959,1519.545218554001,1365.2912066836209,1748.2878164665067,1584.9406927642576,1976.4031641135932,1366.9981880066618,1427.6740344501184,1682.7321641388146,1323.1355418536425,1459.676452682235,1661.319596442687,1444.0804424361565,1504.8255535195378,1532.974607887962,1405.6402747610289,1287.549387107985,1685.7295782874571,0,1349.392277818576,1513.7503963609852,1450.7501806994162,1399.1980404430633,1488.5466638605612,1778.2745964362039
Slovenian,1441.6136126306494,1574.786979790963,1809.5285253397974,1486.7311183925056,1506.82908739596,1370.2078876148944,1430.7594593736665,1331.9437098698247,1416.7392288656524,1405.3340126944513,1504.950173758938,1505.5739834557555,1458.2207790651003,1454.9523675927755,1518.8323882861885,1584.4490105243715,1484.4318469360055,1551.2559853396613,1571.1083263656003,1404.8846781717732,1789.8494087977842,1628.050740068092,1992.667424378191,1426.5182709826722,1454.545208812721,1706.516173465357,1354.6054415140586,1466.2418496089456,1695.7540399822003,1605.1906635111816,1555.5943309408651,1556.2100359503386,1516.6970482933662,1311.735718392572,1727.8738602828828,1349.392277818576,0,1553.778423309533,1490.796802863834,1500.6528933934576,1509.9115723995337,1827.3404719454522
Spanish,1501.9456130186857,1595.6946135514725,1859.9769106150807,1521.0415617638791,1766.9467291798264,1490.6375507129264,1280.1747254459378,1576.9916029945855,1566.989786483857,1441.013868317466,1555.1048666418678,1526.663862114055,1432.7076817265004,1185.146400631164,1568.531131795257,1590.8189610710065,1507.036050343181,1557.6064801903433,1613.5939476737485,1415.7886894636804,1653.6960663535035,1764.3608376518885,2104.0481252776276,1583.2476100606914,1474.186434758148,1717.1795012698244,1397.4503094804181,1505.477747939378,1746.1403467114887,1794.0231916617952,1385.8285413138656,1538.5445602916247,1699.8011692366463,1579.4987009253102,1742.2309211623044,1513.7503963609852,1553.778423309533,0,1518.7725617538058,1676.931091266062,1538.0602010370035,1834.9277616781144
Swedish,1330.9946190399994,1564.496057004702,1774.7034711797876,1466.764440923665,1700.5089499364344,1455.4390003849535,1375.8160254039644,1526.0449609795496,1512.5851891148477,1257.2961355831062,1388.376430573649,1387.7251957171554,1445.6853073923287,1408.6961706675481,1391.1238589155096,1552.5221270165457,1452.2145825543048,1499.1673168001469,1400.6137825742328,1367.4648335562053,1751.7022211110063,1661.6670236267453,2021.1098718554483,1532.9444322809927,1436.9801664512786,1671.862811007313,1119.3694234340148,1460.8033067227511,1660.3416650929344,1713.3926307405575,1517.9873637641704,1533.6856597148153,1630.1934254879186,1511.93148877821,1695.316859331442,1450.7501806994162,1490.796802863834,1518.7725617538058,0,1602.0633355790321,1469.4288886237025,1779.8810747783275
Ukrainian,1563.1083731844003,1673.523840755714,1902.0810459351292,1612.4070969743027,1534.9022511740427,1471.3104294302843,1553.1515051878848,1457.0155586341143,1463.4288429486946,1543.8796561268068,1638.516000417649,1633.6016034243366,1594.1436156942889,1565.0727222494759,1662.8187874934404,1689.6588710143255,1607.2693839905862,1667.496982741608,1645.4713458444535,1548.055040508652,1872.216719064537,1716.7832404578858,2055.0535700646105,1459.4395796020294,1581.8871524578756,1838.5346554878815,1476.5232875759482,1609.5430274596272,1780.6661813186497,1624.196358564938,1678.3630396574583,1659.68550049204,1422.51223094699,1374.9493906258783,1823.8342837039568,1399.1980404430633,1500.6528933934576,1676.931091266062,1602.0633355790321,0,1646.2028242489503,1934.546270456333
Urdu,1444.7051891644753,1550.559348299586,1799.9248236300202,1348.7267714475208,1732.9226179360687,1466.0349198598162,1422.0237960195675,1542.4720602711702,1516.552840031181,1399.1827605487524,1503.6841612629112,1486.789672311623,1445.1424436392501,1442.474517081477,1526.1074712641785,1566.0380083506082,1335.8427804993767,1267.0297422679437,1561.5403507662077,1382.7266000907139,1788.3873081346671,1687.2881824033018,2078.3737258019632,1533.1907838511145,1343.4411204327255,1547.2592239356302,1352.3664146136905,1402.1705449081992,1637.2747961376529,1755.2722592500982,1541.545027368376,1572.1526115140307,1655.9487890081264,1538.3175393355502,1672.0600349388383,1488.5466638605612,1509.9115723995337,1538.0602010370035,1469.4288886237025,1646.2028242489503,0,1805.135981384293
Welsh,1751.2332901546072,1860.7754131494037,2075.7317770159584,1798.235224697204,2041.4716767854713,1775.7757836156152,1734.08694115542,1843.6213451253814,1822.9037610507314,1692.2615402960305,1807.0396204107876,1747.7606884160064,1753.7360703453433,1725.3973466812624,1814.0711190305976,1866.9420590115215,1779.793277089774,1850.9819981937933,1867.0119180034574,1641.2287403729445,2046.0523546397817,2022.3502050186178,2374.0738638075823,1879.1338469606028,1749.935547805848,1981.6323589303197,1679.2494022806607,1774.0764110850819,1996.2383977736974,2056.8839332678626,1850.4736970593276,1850.7944275511484,1977.7409475227903,1858.1889179111392,2018.3284286201742,1778.2745964362039,1827.3404719454522,1834.9277616781144,1779.8810747783275,1934.546270456333,1805.135981384293,0
