,Afrikaans,Albanian,Armenian,Bengali,Bosnian,Bulgarian,Catalan,Croatian,Czech,Danish,Dutch,English,French,Galician,German,Greek,Gujarati,Hindi,Icelandic,Irish,Italian,Latvian,Lithuanian,Macedonian,Marathi,Nepali,Norwegian,Pashto,Persian,Polish,Portuguese,Romanian,Russian,Serbian,Sinhala,Slovak,Slovenian,Spanish,Swedish,Ukrainian,Urdu,Welsh
Afrikaans,0,0.6463771296778245,0.7033446224491977,0.7363639640167607,0.6929611251038894,0.6675523575590641,0.7049753748111779,0.6433683072276455,0.6415071174437273,0.554812572986326,0.5350536546935067,0.6124094066427446,0.6479548861983224,0.6250056639330268,0.6548816854803085,0.7208137119793893,0.7900790178369952,0.7836387889181101,0.5726826972953285,0.6343966512799522,0.7690057535525574,0.7246692391048046,0.8525019067766789,0.67268627639601,0.7163612853295673,0.6849302686892654,0.5425134621281019,0.6624900367488032,0.7463611357057406,0.7945263286962578,0.6772369907081374,0.6941687589479842,0.7144425328787463,0.6789937298860138,0.6405729936612315,0.6516995045125608,0.6832283457633802,0.6909705259892623,0.5878178829065841,0.6706247028297704,0.6780547602243482,0.7344653326883862
Albanian,0.6463771296778245,0,0.7018757109923942,0.7275117546206443,0.7120587374335904,0.6675603178616424,0.7334517158801688,0.6518553595842481,0.6579063093819449,0.6500529982644355,0.7116990160491461,0.7203206702406417,0.6349771404442237,0.6351642430814961,0.7616199026219721,0.7274457273143903,0.8130881911688851,0.7766315387547922,0.6548964130209332,0.6154537047767271,0.7576359318973497,0.7955678422087186,0.880697274162784,0.6914138623534483,0.7154101305519379,0.6783132329400924,0.6473904390231237,0.6716187395463692,0.7079818368738359,0.7980920402129167,0.6936295712168772,0.6925403444696042,0.7362085218393924,0.6764068630747198,0.6308794766887154,0.6667517380693203,0.6822487768611256,0.6621451099216216,0.6522605752639659,0.6438647807333822,0.6629818502374346,0.7241336882383766
Armenian,0.7033446224491977,0.7018757109923942,0,0.8153018932675549,0.7496542939312262,0.7398926921572596,0.8192664792683365,0.7235125047116275,0.7088252932779895,0.7422486776798559,0.7811381861399513,0.7900400090233384,0.7519782042211582,0.7134807107758099,0.7922947522166569,0.7549365527911575,0.8526684902488723,0.8453030913683424,0.6894512988471723,0.7003222948370696,0.8582366087332524,0.7996525023817053,0.8505227387112575,0.7444264879558018,0.7870666658983974,0.7864952450655485,0.7167133035443408,0.710488512904598,0.7545015398357228,0.8842700494006663,0.7933954417487232,0.7543140533238096,0.7795648670314816,0.7367236718804439,0.7180175674818912,0.7280731152886591,0.7693526965928066,0.7887491618204523,0.6979860507912277,0.730213653747468,0.7378758165621198,0.8018551392176269
Bengali,0.7363639640167607,0.7275117546206443,0.8153018932675549,0,0.7686199894478225,0.7060352152468066,0.756955760322551,0.7039859296440389,0.7232808615401948,0.7437167706766533,0.7655273154697038,0.7812355337854435,0.7083408264323593,0.725713325478179,0.8191545066975006,0.7956237716959614,0.6995778885964645,0.6647838317613574,0.7508219210082232,0.7415680422917299,0.7862650643903679,0.8365118232953686,0.9503453063872346,0.7338282388025206,0.6341298860397313,0.617193883574156,0.7429260377620887,0.7188428302499837,0.7999690292605326,0.8325167714748022,0.744738175190574,0.7546156147734994,0.8089197384688351,0.749076907883196,0.6819575426005947,0.7436367078336709,0.7415218276737942,0.7257923607642367,0.7382540351390303,0.737207624492168,0.6338244541766664,0.816360278131676
Bosnian,0.6929611251038894,0.7120587374335904,0.7496542939312262,0.7686199894478225,0,0.6075261848260435,0.7389758755424927,0.5447761294303995,0.6020579026365065,0.7252768047027203,0.7793243660914675,0.792515854661294,0.7063216381800711,0.7023984186697244,0.8395657843562798,0.7817456436532806,0.8304986981427538,0.8198769250762689,0.6837586922703417,0.7326577887477348,0.7920119710072718,0.7554139848050702,0.819815557805921,0.5430627213961505,0.7648693125550213,0.7691283645238315,0.6824961830671761,0.7286230799427146,0.7569878189455562,0.7031185384180509,0.7265673797971218,0.7340026726008062,0.6168683041688969,0.44361512920538626,0.7166924465722093,0.5901191350030462,0.6547516813832014,0.746941358029379,0.6942995307144443,0.5837923757402861,0.7379713205233884,0.7880176595241075
Bulgarian,0.6675523575590641,0.6675603178616424,0.7398926921572596,0.7060352152468066,0.6075261848260435,0,0.681446445604132,0.49893943452815515,0.5589185596554416,0.6286368686370775,0.7246345061073055,0.7186179446240664,0.6327926748327027,0.6064221831462643,0.7714265895644314,0.7152262334262764,0.778097258733502,0.7563285937299801,0.6882663414253593,0.6263818883664565,0.6984012927522658,0.8165197256438138,0.8798870280260117,0.5486824555739603,0.6981542062442702,0.674952904415016,0.6559878133371382,0.6661252640713463,0.7208676905879591,0.7430499376842145,0.6808324444522263,0.6801942007535393,0.6740334382135716,0.5834523825074346,0.6152369328087727,0.5864688791401489,0.5954689558555704,0.6113241551875712,0.6734867722784307,0.5913438050346972,0.6390603856740834,0.6677606908112815
Catalan,0.7049753748111779,0.7334517158801688,0.8192664792683365,0.756955760322551,0.7389758755424927,0.681446445604132,0,0.6348165177387856,0.6740101645325173,0.7072223234733092,0.7514895279990856,0.7474613381903457,0.6208392046416352,0.5641799060318702,0.8296987793260789,0.7739359281671834,0.8334193732334945,0.8155559690155298,0.7407390325901368,0.6806891093872093,0.6616828614124166,0.8153717146264018,0.8996626058663719,0.7079735438654952,0.744043663251802,0.726780400690312,0.6932127377945495,0.7089215791657313,0.7928866386300982,0.8186658723675502,0.6136893420132041,0.6501511074765945,0.7706484392984071,0.7199480004559884,0.6981424696309227,0.6818983355528002,0.7108421212838025,0.5667706335386287,0.715424959391327,0.7117885975114714,0.7205035175460112,0.7541556102185016
Croatian,0.6433683072276455,0.6518553595842481,0.7235125047116275,0.7039859296440389,0.5447761294303995,0.49893943452815515,0.6348165177387856,0,0.5281806725176422,0.6297957337384219,0.7085013112601621,0.6985737480989476,0.619678007171978,0.5945634128697072,0.7698232305538864,0.7280831632563282,0.7642512091705594,0.7621455358341631,0.6749441156342503,0.6089880653629115,0.680938957304378,0.7621891104755806,0.8552962831840238,0.5608391888852564,0.6913458343028861,0.6711732410507706,0.6255417607086698,0.6529194391040198,0.7134408251118285,0.6637407815676151,0.6216260287909305,0.6650705701098866,0.6328927224823243,0.5086540108092066,0.6136173602047347,0.5243430311706222,0.555107581163798,0.6121253163439102,0.6543862544026978,0.5923281210038891,0.6377903174263251,0.6816387833660411
Czech,0.6415071174437273,0.6579063093819449,0.7088252932779895,0.7232808615401948,0.6020579026365065,0.5589185596554416,0.6740101645325173,0.5281806725176422,0,0.6563210845237454,0.7105567433069186,0.7297835232174085,0.6299826766526355,0.6083050323743493,0.7610318246329805,0.725844638196522,0.770481049076423,0.7665519945008108,0.6601940869805616,0.6463831593777557,0.7019160363994555,0.7257568613446198,0.8405738690621007,0.5975423254908759,0.6989653925636378,0.6785196836003443,0.6345799819978232,0.6670788380063118,0.7439969879311464,0.6668267568437108,0.6665354856069541,0.673272546661826,0.6253798820188411,0.5707921035799577,0.6356942614961633,0.46056684822355254,0.6064660456675844,0.652352228561658,0.6657715163184825,0.5747879810063025,0.6498580480477456,0.7064230468772903
Danish,0.554812572986326,0.6500529982644355,0.7422486776798559,0.7437167706766533,0.7252768047027203,0.6286368686370775,0.7072223234733092,0.6297957337384219,0.6563210845237454,0,0.6424901410455339,0.6031279987113368,0.6467355827746716,0.5930955882930202,0.615978715684557,0.7219384654203651,0.8154651147982859,0.7894993009181807,0.5603386577598665,0.5788063153193435,0.7283822552764999,0.8393666833773492,0.9275443876006314,0.7015204437973622,0.7126943141857894,0.6644918164987661,0.481122061170722,0.6638817852099479,0.7146369407603832,0.8415060801292519,0.6798571608665102,0.6912296852956357,0.7755079149382992,0.6882751215927442,0.6189999963068754,0.6725588651691338,0.6927430791244008,0.6349945816056316,0.5545599451001182,0.6924714464443268,0.6546309491384172,0.682556518287246
Dutch,0.5350536546935067,0.7116990160491461,0.7811381861399513,0.7655273154697038,0.7793243660914675,0.7246345061073055,0.7514895279990856,0.7085013112601621,0.7105567433069186,0.6424901410455339,0,0.6624058332922469,0.7185266740235323,0.7045975046242122,0.6337940899345206,0.7447408372233769,0.8232947069194125,0.7935925026016204,0.6460487207629538,0.7136040080171017,0.8015876247368775,0.824303240103974,0.9151120363570311,0.7465765173094738,0.757191188961463,0.7257197888998832,0.6334450683098806,0.7561408758892245,0.7939600964991766,0.8430472379561367,0.7486714606747006,0.7460795233615198,0.8149963625723574,0.7495280337863024,0.7027396789939453,0.7413968685243116,0.7384597774902079,0.732782920016878,0.6391682934477956,0.7354168108538252,0.721101637114231,0.7801924001746682
English,0.6124094066427446,0.7203206702406417,0.7900400090233384,0.7812355337854435,0.792515854661294,0.7186179446240664,0.7474613381903457,0.6985737480989476,0.7297835232174085,0.6031279987113368,0.6624058332922469,0,0.7128154817411341,0.6817400095841413,0.699135414218372,0.797533010944995,0.8450377674841667,0.8374273205434025,0.6536167636163914,0.6642520339955278,0.7801540432323381,0.8729526452991729,0.9670324430990217,0.7683781426229531,0.7863540349766679,0.748492219983532,0.6027249659446412,0.7434303836453093,0.7938374967656786,0.8771593846293052,0.7254983806373718,0.7528069766333522,0.8155085961775989,0.7747786831808805,0.709822413296238,0.7295167250467985,0.7521701096276858,0.7191305693885592,0.6360627258467001,0.751635815551956,0.7306209466783941,0.7595032410447207
French,0.6479548861983224,0.6349771404442237,0.7519782042211582,0.7083408264323593,0.7063216381800711,0.6327926748327027,0.6208392046416352,0.619678007171978,0.6299826766526355,0.6467355827746716,0.7185266740235323,0.7128154817411341,0,0.5644537565656138,0.7697192367048965,0.7192417420269946,0.7798499212216111,0.7596003711637883,0.6753444778869713,0.6102844765975104,0.6705950668541297,0.7733135495331535,0.9001869956748768,0.6739751580339131,0.6835908917935314,0.6712054833667295,0.620506870947268,0.6499981322926044,0.7410615565148534,0.7887210409866084,0.6169844193772895,0.6430638040240108,0.7336893408289912,0.6776394350482196,0.643325454600269,0.6436087676443829,0.6795614156111537,0.5891827735134878,0.6724487069405696,0.6835926180738379,0.6536720202742976,0.724242933593091
Galician,0.6250056639330268,0.6351642430814961,0.7134807107758099,0.725713325478179,0.7023984186697244,0.6064221831462643,0.5641799060318702,0.5945634128697072,0.6083050323743493,0.5930955882930202,0.7045975046242122,0.6817400095841413,0.5644537565656138,0,0.7446163083883465,0.7214971447194334,0.8080410045985453,0.779611815634136,0.6487625281873579,0.5831060056805719,0.6193437754457137,0.8007234617427866,0.8987769139524702,0.6724908580297015,0.7191394470367889,0.6515897153778001,0.6221185337936433,0.6396932658563871,0.7051373343775462,0.8313919149876309,0.5289213952569821,0.6355976322635558,0.7498915467603796,0.6721727883644822,0.608385547755818,0.631867981997244,0.6699653262699246,0.44993503490649356,0.6372561588053941,0.6663674183629815,0.6451354405661559,0.6581195395298853
German,0.6548816854803085,0.7616199026219721,0.7922947522166569,0.8191545066975006,0.8395657843562798,0.7714265895644314,0.8296987793260789,0.7698232305538864,0.7610318246329805,0.615978715684557,0.6337940899345206,0.699135414218372,0.7697192367048965,0.7446163083883465,0,0.759995233007452,0.8950304768371692,0.8450660734533998,0.6753625476353111,0.7053796406166166,0.8364529429784338,0.8991941993950513,0.94691729807479,0.8124590809373621,0.8139386189422247,0.7697466172341636,0.6705752126115334,0.7772628114262363,0.7936794312185146,0.9255087365178783,0.8163948213955003,0.7947743160824107,0.8837169998297338,0.8246019267693244,0.7390003262977439,0.7963320684625234,0.8063603100075476,0.7820468732947072,0.6511638405386225,0.7940769622585667,0.7696465536869378,0.8003809336849003
Greek,0.7208137119793893,0.7274457273143903,0.7549365527911575,0.7956237716959614,0.7817456436532806,0.7152262334262764,0.7739359281671834,0.7280831632563282,0.725844638196522,0.7219384654203651,0.7447408372233769,0.797533010944995,0.7192417420269946,0.7214971447194334,0.759995233007452,0,0.8276127455847231,0.8176978796733358,0.6912738269770587,0.7231899368900379,0.8330670009896746,0.8042615320890026,0.8456818841572354,0.7592635074750657,0.7720152535249716,0.7549556650571357,0.7271518988029277,0.7346857237525392,0.7769316594649829,0.8914129281275367,0.7654680107760974,0.7158751492218028,0.8113606687550896,0.7648563853602269,0.7327492554142212,0.7757210836304985,0.7982308323168731,0.7444198196362843,0.7010023236863969,0.7310937420785004,0.7375443461832882,0.7793319037456411
Gujarati,0.7900790178369952,0.8130881911688851,0.8526684902488723,0.6995778885964645,0.8304986981427538,0.778097258733502,0.8334193732334945,0.7642512091705594,0.770481049076423,0.8154651147982859,0.8232947069194125,0.8450377674841667,0.7798499212216111,0.8080410045985453,0.8950304768371692,0.8276127455847231,0,0.6718856490008401,0.8029133251831646,0.8203407204539008,0.8858681940265652,0.8640774632321737,0.9676739316104359,0.7825416127411357,0.6131397409762649,0.7072676675369763,0.8044435449748789,0.7908517819591239,0.8879547383810507,0.8837874624549158,0.8163265104008607,0.816750515829377,0.8431743889398693,0.796829671598853,0.7823973670430711,0.7803219846416276,0.825090636644951,0.8190054728743382,0.7953730053161566,0.7825393523044863,0.6802927284013072,0.88356017518804
Hindi,0.7836387889181101,0.7766315387547922,0.8453030913683424,0.6647838317613574,0.8198769250762689,0.7563285937299801,0.8155559690155298,0.7621455358341631,0.7665519945008108,0.7894993009181807,0.7935925026016204,0.8374273205434025,0.7596003711637883,0.779611815634136,0.8450660734533998,0.8176978796733358,0.6718856490008401,0,0.7985375280033452,0.7660368689138326,0.8541134901511482,0.8994298537039552,0.9790904836633346,0.77311731898511,0.6530562613413525,0.6380598424311444,0.7926749699744897,0.7491176552643641,0.8179027359871158,0.8788163243256497,0.7835532431265978,0.791406999911967,0.8584535185816119,0.7950314249621139,0.7271923865326562,0.7772954355350606,0.8194228890249251,0.7768504486879207,0.7659980877875309,0.7663656236306295,0.5610930682176914,0.8759472465266468
Icelandic,0.5726826972953285,0.6548964130209332,0.6894512988471723,0.7508219210082232,0.6837586922703417,0.6882663414253593,0.7407390325901368,0.6749441156342503,0.6601940869805616,0.5603386577598665,0.6460487207629538,0.6536167636163914,0.6753444778869713,0.6487625281873579,0.6753625476353111,0.6912738269770587,0.8029133251831646,0.7985375280033452,0,0.6423553188193664,0.7865703875196753,0.7392943243062307,0.8048030190851783,0.7011678081249336,0.7318516289444441,0.6935012245388092,0.5435820887178245,0.6822288263966612,0.71066343126944,0.8054818425862423,0.7080380227036968,0.6895672658180755,0.7190658541864233,0.6758901537231966,0.656011415068447,0.6802803776163506,0.7155776471681353,0.7136378209335941,0.555826383667132,0.6742439347147176,0.6933644802087694,0.7378162383992812
Irish,0.6343966512799522,0.6154537047767271,0.7003222948370696,0.7415680422917299,0.7326577887477348,0.6263818883664565,0.6806891093872093,0.6089880653629115,0.6463831593777557,0.5788063153193435,0.7136040080171017,0.6642520339955278,0.6102844765975104,0.5831060056805719,0.7053796406166166,0.7231899368900379,0.8203407204539008,0.7660368689138326,0.6423553188193664,0,0.7347811995099632,0.813065708484789,0.9090685084218758,0.6906625084170321,0.7150995971121051,0.662099761223692,0.6129296934474776,0.6030711322597144,0.7032047386671515,0.8328266722468789,0.6652353361940994,0.6760519966321272,0.7544634862810633,0.7062163416355103,0.6027277106227809,0.6492891951687233,0.691185299570059,0.6091213220324363,0.6292296835791082,0.6749366144622813,0.6507955444409982,0.6744198094866999
Italian,0.7690057535525574,0.7576359318973497,0.8582366087332524,0.7862650643903679,0.7920119710072718,0.6984012927522658,0.6616828614124166,0.680938957304378,0.7019160363994555,0.7283822552764999,0.8015876247368775,0.7801540432323381,0.6705950668541297,0.6193437754457137,0.8364529429784338,0.8330670009896746,0.8858681940265652,0.8541134901511482,0.7865703875196753,0.7347811995099632,0,0.9444231295852147,0.9745357621718347,0.7679367806303133,0.8140277303648294,0.7333765613547375,0.7641760444302864,0.7631678625435047,0.7814934035951137,0.8349674216201382,0.6774038298197521,0.6991350372188456,0.8440572653369206,0.7835230317714599,0.7092166808055147,0.7345648134268752,0.7249926103291623,0.5888898841350043,0.7367303554077527,0.7545571439713173,0.7386437881075739,0.699086797505128
Latvian,0.7246692391048046,0.7955678422087186,0.7996525023817053,0.8365118232953686,0.7554139848050702,0.8165197256438138,0.8153717146264018,0.7621891104755806,0.7257568613446198,0.8393666833773492,0.824303240103974,0.8729526452991729,0.7733135495331535,0.8007234617427866,0.8991941993950513,0.8042615320890026,0.8640774632321737,0.8994298537039552,0.7392943243062307,0.813065708484789,0.9444231295852147,0,0.7857294444903948,0.7653670419966604,0.7940555672320322,0.8683823247856723,0.7519481477142982,0.7953687832381885,0.8845064208115211,0.8461103918050822,0.7949198192715516,0.7769266556896728,0.7194583776205639,0.7396251071402029,0.8209074698758073,0.7336389465555682,0.7813351506022864,0.8909083284320574,0.7548748006345543,0.75198843575354,0.8157092190293245,0.8999430624272458
Lithuanian,0.8525019067766789,0.880697274162784,0.8505227387112575,0.9503453063872346,0.819815557805921,0.8798870280260117,0.8996626058663719,0.8552962831840238,0.8405738690621007,0.9275443876006314,0.9151120363570311,0.9670324430990217,0.9001869956748768,0.8987769139524702,0.94691729807479,0.8456818841572354,0.9676739316104359,0.9790904836633346,0.8048030190851783,0.9090685084218758,0.9745357621718347,0.7857294444903948,0,0.8398421227192805,0.9302876245101502,0.9310343646910514,0.884215121311831,0.8729904461119052,0.928965208012836,0.9450540187206397,0.913703555935562,0.8688008238876958,0.852845430138922,0.8242729781808813,0.892928752636088,0.8768706409565872,0.904305828212343,0.9418576335464716,0.8340549344653404,0.8230645799708588,0.918378093378667,0.9554952891408874
Macedonian,0.67268627639601,0.6914138623534483,0.7444264879558018,0.7338282388025206,0.5430627213961505,0.5486824555739603,0.7079735438654952,0.5608391888852564,0.5975423254908759,0.7015204437973622,0.7465765173094738,0.7683781426229531,0.6739751580339131,0.6724908580297015,0.8124590809373621,0.7592635074750657,0.7825416127411357,0.77311731898511,0.7011678081249336,0.6906625084170321,0.7679367806303133,0.7653670419966604,0.8398421227192805,0,0.7221224140575588,0.7157803022653714,0.6792553546088654,0.7053662142828474,0.7677032826462914,0.7023466706491025,0.7051461309536736,0.7035474316338514,0.6258581219393416,0.5064952915011237,0.6743540047434005,0.5878488564485873,0.6262423962010214,0.6952293031631547,0.7012614035774948,0.5663747088313029,0.6917021730369766,0.7824355070131114
Marathi,0.7163612853295673,0.7154101305519379,0.7870666658983974,0.6341298860397313,0.7648693125550213,0.6981542062442702,0.744043663251802,0.6913458343028861,0.6989653925636378,0.7126943141857894,0.757191188961463,0.7863540349766679,0.6835908917935314,0.7191394470367889,0.8139386189422247,0.7720152535249716,0.6131397409762649,0.6530562613413525,0.7318516289444441,0.7150995971121051,0.8140277303648294,0.7940555672320322,0.9302876245101502,0.7221224140575588,0,0.6462129880702575,0.7143807347972233,0.6979166468582859,0.8248741172630942,0.8100046910643965,0.7174885253239355,0.7375184391276653,0.7578678427017058,0.7225271738182152,0.6761655795576235,0.6984290341001345,0.7512740621344368,0.7297254927475249,0.70766604654448,0.7296037117098216,0.6279977859507123,0.7970468833272546
Nepali,0.6849302686892654,0.6783132329400924,0.7864952450655485,0.617193883574156,0.7691283645238315,0.674952904415016,0.726780400690312,0.6711732410507706,0.6785196836003443,0.6644918164987661,0.7257197888998832,0.748492219983532,0.6712054833667295,0.6515897153778001,0.7697466172341636,0.7549556650571357,0.7072676675369763,0.6380598424311444,0.6935012245388092,0.662099761223692,0.7333765613547375,0.8683823247856723,0.9310343646910514,0.7157803022653714,0.6462129880702575,0,0.6999103846476874,0.6703917937160998,0.755541298116947,0.8215770016685574,0.712515849347833,0.7202391397683873,0.8086738149238386,0.7460099675030449,0.6227445078763341,0.7095879795333422,0.7233785816493181,0.6683340696619754,0.6746609879783279,0.7108464777132685,0.5912314897270167,0.7577583620985029
Norwegian,0.5425134621281019,0.6473904390231237,0.7167133035443408,0.7429260377620887,0.6824961830671761,0.6559878133371382,0.6932127377945495,0.6255417607086698,0.6345799819978232,0.481122061170722,0.6334450683098806,0.6027249659446412,0.620506870947268,0.6221185337936433,0.6705752126115334,0.7271518988029277,0.8044435449748789,0.7926749699744897,0.5435820887178245,0.6129296934474776,0.7641760444302864,0.7519481477142982,0.884215121311831,0.6792553546088654,0.7143807347972233,0.6999103846476874,0,0.6866168290478284,0.7370793453466985,0.7955471030245884,0.6578543904532577,0.6980312076461259,0.7128644719069522,0.653617534059912,0.6440781260577421,0.6408631740381486,0.6792382647766634,0.6601399646988636,0.5078497725091414,0.6703272072386631,0.6812482194144499,0.7319980353102575
Pashto,0.6624900367488032,0.6716187395463692,0.710488512904598,0.7188428302499837,0.7286230799427146,0.6661252640713463,0.7089215791657313,0.6529194391040198,0.6670788380063118,0.6638817852099479,0.7561408758892245,0.7434303836453093,0.6499981322926044,0.6396932658563871,0.7772628114262363,0.7346857237525392,0.7908517819591239,0.7491176552643641,0.6822288263966612,0.6030711322597144,0.7631678625435047,0.7953687832381885,0.8729904461119052,0.7053662142828474,0.6979166468582859,0.6703917937160998,0.6866168290478284,0,0.6706607296157825,0.8309741448803917,0.6859240119276264,0.6989059776482366,0.7605659833688582,0.7061561722516719,0.6319769384997032,0.6910644758813768,0.7207579179098131,0.6805207065434725,0.672154925654168,0.6848715638210098,0.6292522436302149,0.7264868629394252
Persian,0.7463611357057406,0.7079818368738359,0.7545015398357228,0.7999690292605326,0.7569878189455562,0.7208676905879591,0.7928866386300982,0.7134408251118285,0.7439969879311464,0.7146369407603832,0.7939600964991766,0.7938374967656786,0.7410615565148534,0.7051373343775462,0.7936794312185146,0.7769316594649829,0.8879547383810507,0.8179027359871158,0.71066343126944,0.7032047386671515,0.7814934035951137,0.8845064208115211,0.928965208012836,0.7677032826462914,0.8248741172630942,0.755541298116947,0.7370793453466985,0.6706607296157825,0,0.8818218253618019,0.792688713646526,0.7517786043610653,0.8415854071983407,0.7583956431950056,0.6923771116049424,0.7659923474547755,0.7521627154561383,0.7437135078180802,0.7350393896081175,0.7420173387367364,0.698202020706455,0.7613458099136409
Polish,0.7945263286962578,0.7980920402129167,0.8842700494006663,0.8325167714748022,0.7031185384180509,0.7430499376842145,0.8186658723675502,0.6637407815676151,0.6668267568437108,0.8415060801292519,0.8430472379561367,0.8771593846293052,0.7887210409866084,0.8313919149876309,0.9255087365178783,0.8914129281275367,0.8837874624549158,0.8788163243256497,0.8054818425862423,0.8328266722468789,0.8349674216201382,0.8461103918050822,0.9450540187206397,0.7023466706491025,0.8100046910643965,0.8215770016685574,0.7955471030245884,0.8309741448803917,0.8818218253618019,0,0.7935698306957426,0.8071576991853048,0.7001136903802386,0.6859440011384839,0.8267160661753816,0.6277432804112307,0.7229710974475393,0.8415730842299989,0.7870709194850747,0.6667322405588892,0.8241663136531127,0.872694657614359
Portuguese,0.6772369907081374,0.6936295712168772,0.7933954417487232,0.744738175190574,0.7265673797971218,0.6808324444522263,0.6136893420132041,0.6216260287909305,0.6665354856069541,0.6798571608665102,0.7486714606747006,0.7254983806373718,0.6169844193772895,0.5289213952569821,0.8163948213955003,0.7654680107760974,0.8163265104008607,0.7835532431265978,0.7080380227036968,0.6652353361940994,0.6774038298197521,0.7949198192715516,0.913703555935562,0.7051461309536736,0.7174885253239355,0.712515849347833,0.6578543904532577,0.6859240119276264,0.792688713646526,0.7935698306957426,0,0.6571026112741514,0.735495324822208,0.7046502906433134,0.6754007106423426,0.6514461156036749,0.7039956797926319,0.5579804277920193,0.6885056394774369,0.6973255947976348,0.6963187825570142,0.7362213322003938
Romanian,0.6941687589479842,0.6925403444696042,0.7543140533238096,0.7546156147734994,0.7340026726008062,0.6801942007535393,0.6501511074765945,0.6650705701098866,0.673272546661826,0.6912296852956357,0.7460795233615198,0.7528069766333522,0.6430638040240108,0.6355976322635558,0.7947743160824107,0.7158751492218028,0.816750515829377,0.791406999911967,0.6895672658180755,0.6760519966321272,0.6991350372188456,0.7769266556896728,0.8688008238876958,0.7035474316338514,0.7375184391276653,0.7202391397683873,0.6980312076461259,0.6989059776482366,0.7517786043610653,0.8071576991853048,0.6571026112741514,0,0.7504944264584211,0.7215046217837202,0.6964318196560565,0.7020963713006053,0.7229297362295517,0.6645507668275822,0.691533934838259,0.6923042646247429,0.6958440662431541,0.7291931009539591
Russian,0.7144425328787463,0.7362085218393924,0.7795648670314816,0.8089197384688351,0.6168683041688969,0.6740334382135716,0.7706484392984071,0.6328927224823243,0.6253798820188411,0.7755079149382992,0.8149963625723574,0.8155085961775989,0.7336893408289912,0.7498915467603796,0.8837169998297338,0.8113606687550896,0.8431743889398693,0.8584535185816119,0.7190658541864233,0.7544634862810633,0.8440572653369206,0.7194583776205639,0.852845430138922,0.6258581219393416,0.7578678427017058,0.8086738149238386,0.7128644719069522,0.7605659833688582,0.8415854071983407,0.7001136903802386,0.735495324822208,0.7504944264584211,0,0.591814004753883,0.7446945614499931,0.5944288777463856,0.6738027514225138,0.7984682874414266,0.7291610863478475,0.5720142214563271,0.7663296201523726,0.8404477152824059
Serbian,0.6789937298860138,0.6764068630747198,0.7367236718804439,0.749076907883196,0.44361512920538626,0.5834523825074346,0.7199480004559884,0.5086540108092066,0.5707921035799577,0.6882751215927442,0.7495280337863024,0.7747786831808805,0.6776394350482196,0.6721727883644822,0.8246019267693244,0.7648563853602269,0.796829671598853,0.7950314249621139,0.6758901537231966,0.7062163416355103,0.7835230317714599,0.7396251071402029,0.8242729781808813,0.5064952915011237,0.7225271738182152,0.7460099675030449,0.653617534059912,0.7061561722516719,0.7583956431950056,0.6859440011384839,0.7046502906433134,0.7215046217837202,0.591814004753883,0,0.689772853734582,0.5606857314116613,0.6059946601739056,0.718644776230512,0.6774801280635921,0.5659754000792213,0.7045001677643832,0.775488440200629
Sinhala,0.6405729936612315,0.6308794766887154,0.7180175674818912,0.6819575426005947,0.7166924465722093,0.6152369328087727,0.6981424696309227,0.6136173602047347,0.6356942614961633,0.6189999963068754,0.7027396789939453,0.709822413296238,0.643325454600269,0.608385547755818,0.7390003262977439,0.7327492554142212,0.7823973670430711,0.7271923865326562,0.656011415068447,0.6027277106227809,0.7092166808055147,0.8209074698758073,0.892928752636088,0.6743540047434005,0.6761655795576235,0.6227445078763341,0.6440781260577421,0.6319769384997032,0.6923771116049424,0.8267160661753816,0.6754007106423426,0.6964318196560565,0.7446945614499931,0.689772853734582,0,0.6557439921878045,0.6864931330752193,0.6321578182375474,0.6439184939738598,0.6736241492543212,0.617891326985204,0.676258479494302
Slovak,0.6516995045125608,0.6667517380693203,0.7280731152886591,0.7436367078336709,0.5901191350030462,0.5864688791401489,0.6818983355528002,0.5243430311706222,0.46056684822355254,0.6725588651691338,0.7413968685243116,0.7295167250467985,0.6436087676443829,0.631867981997244,0.7963320684625234,0.7757210836304985,0.7803219846416276,0.7772954355350606,0.6802803776163506,0.6492891951687233,0.7345648134268752,0.7336389465555682,0.8768706409565872,0.5878488564485873,0.6984290341001345,0.7095879795333422,0.6408631740381486,0.6910644758813768,0.7659923474547755,0.6277432804112307,0.6514461156036749,0.7020963713006053,0.5944288777463856,0.5606857314116613,0.6557439921878045,0,0.6076472376919128,0.6836725353338725,0.6691567552152655,0.5852968628527471,0.6776769604698362,0.7449386285905443
Slovenian,0.6832283457633802,0.6822487768611256,0.7693526965928066,0.7415218276737942,0.6547516813832014,0.5954689558555704,0.7108421212838025,0.555107581163798,0.6064660456675844,0.6927430791244008,0.7384597774902079,0.7521701096276858,0.6795614156111537,0.6699653262699246,0.8063603100075476,0.7982308323168731,0.825090636644951,0.8194228890249251,0.7155776471681353,0.691185299570059,0.7249926103291623,0.7813351506022864,0.904305828212343,0.6262423962010214,0.7512740621344368,0.7233785816493181,0.6792382647766634,0.7207579179098131,0.7521627154561383,0.7229710974475393,0.7039956797926319,0.7229297362295517,0.6738027514225138,0.6059946601739056,0.6864931330752193,0.6076472376919128,0,0.6866214459805405,0.7069618929273448,0.6386379404153489,0.7209960426969523,0.7285704686245573
Spanish,0.6909705259892623,0.6621451099216216,0.7887491618204523,0.7257923607642367,0.746941358029379,0.6113241551875712,0.5667706335386287,0.6121253163439102,0.652352228561658,0.6349945816056316,0.732782920016878,0.7191305693885592,0.5891827735134878,0.44993503490649356,0.7820468732947072,0.7444198196362843,0.8190054728743382,0.7768504486879207,0.7136378209335941,0.6091213220324363,0.5888898841350043,0.8909083284320574,0.9418576335464716,0.6952293031631547,0.7297254927475249,0.6683340696619754,0.6601399646988636,0.6805207065434725,0.7437135078180802,0.8415730842299989,0.5579804277920193,0.6645507668275822,0.7984682874414266,0.718644776230512,0.6321578182375474,0.6836725353338725,0.6866214459805405,0,0.6681877547204872,0.6814671657402664,0.6528904597014976,0.6752280414416942
Swedish,0.5878178829065841,0.6522605752639659,0.6979860507912277,0.7382540351390303,0.6942995307144443,0.6734867722784307,0.715424959391327,0.6543862544026978,0.6657715163184825,0.5545599451001182,0.6391682934477956,0.6360627258467001,0.6724487069405696,0.6372561588053941,0.6511638405386225,0.7010023236863969,0.7953730053161566,0.7659980877875309,0.555826383667132,0.6292296835791082,0.7367303554077527,0.7548748006345543,0.8340549344653404,0.7012614035774948,0.70766604654448,0.6746609879783279,0.5078497725091414,0.672154925654168,0.7350393896081175,0.7870709194850747,0.6885056394774369,0.691533934838259,0.7291610863478475,0.6774801280635921,0.6439184939738598,0.6691567552152655,0.7069618929273448,0.6681877547204872,0,0.6646849866566451,0.6641478104228952,0.7128260676589684
Ukrainian,0.6706247028297704,0.6438647807333822,0.730213653747468,0.737207624492168,0.5837923757402861,0.5913438050346972,0.7117885975114714,0.5923281210038891,0.5747879810063025,0.6924714464443268,0.7354168108538252,0.751635815551956,0.6835926180738379,0.6663674183629815,0.7940769622585667,0.7310937420785004,0.7825393523044863,0.7663656236306295,0.6742439347147176,0.6749366144622813,0.7545571439713173,0.75198843575354,0.8230645799708588,0.5663747088313029,0.7296037117098216,0.7108464777132685,0.6703272072386631,0.6848715638210098,0.7420173387367364,0.6667322405588892,0.6973255947976348,0.6923042646247429,0.5720142214563271,0.5659754000792213,0.6736241492543212,0.5852968628527471,0.6386379404153489,0.6814671657402664,0.6646849866566451,0,0.6715162283972997,0.7402017857547221
Urdu,0.6780547602243482,0.6629818502374346,0.7378758165621198,0.6338244541766664,0.7379713205233884,0.6390603856740834,0.7205035175460112,0.6377903174263251,0.6498580480477456,0.6546309491384172,0.721101637114231,0.7306209466783941,0.6536720202742976,0.6451354405661559,0.7696465536869378,0.7375443461832882,0.6802927284013072,0.5610930682176914,0.6933644802087694,0.6507955444409982,0.7386437881075739,0.8157092190293245,0.918378093378667,0.6917021730369766,0.6279977859507123,0.5912314897270167,0.6812482194144499,0.6292522436302149,0.698202020706455,0.8241663136531127,0.6963187825570142,0.6958440662431541,0.7663296201523726,0.7045001677643832,0.617891326985204,0.6776769604698362,0.7209960426969523,0.6528904597014976,0.6641478104228952,0.6715162283972997,0,0.7301364976640321
Welsh,0.7344653326883862,0.7241336882383766,0.8018551392176269,0.816360278131676,0.7880176595241075,0.6677606908112815,0.7541556102185016,0.6816387833660411,0.7064230468772903,0.682556518287246,0.7801924001746682,0.7595032410447207,0.724242933593091,0.6581195395298853,0.8003809336849003,0.7793319037456411,0.88356017518804,0.8759472465266468,0.7378162383992812,0.6744198094866999,0.699086797505128,0.8999430624272458,0.9554952891408874,0.7824355070131114,0.7970468833272546,0.7577583620985029,0.7319980353102575,0.7264868629394252,0.7613458099136409,0.872694657614359,0.7362213322003938,0.7291931009539591,0.8404477152824059,0.775488440200629,0.676258479494302,0.7449386285905443,0.7285704686245573,0.6752280414416942,0.7128260676589684,0.7402017857547221,0.7301364976640321,0
