,Afrikaans,Albanian,Armenian,Bengali,Bosnian,Bulgarian,Catalan,Croatian,Czech,Danish,Dutch,English,French,Galician,German,Greek,Gujarati,Hindi,Icelandic,Irish,Italian,Latvian,Lithuanian,Macedonian,Marathi,Nepali,Norwegian,Pashto,Persian,Polish,Portuguese,Romanian,Russian,Serbian,Sinhala,Slovak,Slovenian,Spanish,Swedish,Ukrainian,Urdu,Welsh
Afrikaans,0,26.069784612676358,26.732141759540717,29.397583688370705,28.449132007697457,27.448829378262392,29.346002673425428,28.093297197208486,29.296684809227003,28.479906002951914,24.237988878977855,26.53741342430215,28.344989242911712,26.42665995601775,26.34490531719333,29.688884581298627,29.862806385797935,30.859783536019222,24.6185289679075,28.484331519452315,28.599202338478303,31.28089917704469,29.914189211574612,27.73775340735358,29.774449596865185,28.037853245586206,26.108074184573255,26.719765373465773,26.774947537719775,30.326470732972528,28.506547910192396,29.00026200706817,27.845688334375968,27.898369129748364,26.26614016251487,29.23011706178331,30.19306265797625,28.11098437386428,25.7701166393321,27.824871450331205,29.157460051313343,27.829039242646285
Albanian,26.069784612676358,0,26.239219736596546,28.725013802308094,29.315571164465315,28.239029774348012,29.07991644212685,28.794584975697067,29.93275487685685,31.826187490051392,29.60545341394623,30.465783373962367,28.930087537405527,26.160986495593377,29.739890975134827,29.35348703900209,29.82836050659523,30.57509851838844,27.490417012934667,28.135505838150657,29.083847892347826,31.634748310072172,29.88089628036826,28.31837333588798,29.025201031262636,28.035050167734965,29.891243659656126,26.248813694514617,26.24522908159617,30.681195160135132,28.95061724714083,29.793886531332053,28.43250587351137,28.613829926716285,23.66327309464269,29.26956370008816,30.880064485900434,28.272539309886756,28.4214075313996,28.1419286320262,28.678484596981434,28.61642423011293
Armenian,26.732141759540717,26.239219736596546,0,29.988587081113412,27.233610046730515,29.19176499195314,30.860406034726232,28.845437940077147,30.626460863291673,32.72671243954498,30.731057530480182,30.898486423203497,29.54779389729766,28.429754380079697,29.93177629420334,28.633875401930066,31.44105368266429,31.10427650516684,26.66753572420847,29.431875660042145,28.562881567051644,29.83982386124803,29.170065996175907,29.233483080665458,30.700080672398727,28.425904541015505,29.890520458085813,27.286976225005493,26.675940691469126,30.772475346601187,30.097294589724576,29.715994227825,28.59822547788567,28.635791616853396,25.61177417235559,30.204989493711267,31.06637627496278,29.748270257798783,29.261323410162678,28.67287857527311,29.91529553424642,28.334515011953112
Bengali,29.397583688370705,28.725013802308094,29.988587081113412,0,29.171304038828456,26.328642859742043,27.635327368266875,27.155161586510246,28.421758311898387,29.105257903215364,28.322976212190962,27.51710250784791,28.320622232136714,27.407054702671,27.471101911119096,28.523898542092297,24.57552913108942,25.383748088973885,27.80488995676043,28.9747450622903,26.820360429105556,30.36893529392396,29.139116137896163,26.060201395786624,25.121008988178563,25.96899774549354,30.373081329120662,27.39966524475901,27.669697136075193,28.042743875983568,27.747827128545953,27.578675828811097,27.65627891432107,27.12247423604759,27.122316778311554,28.06284357451695,29.60469581970124,26.956650646885507,27.033138521305133,26.701658462360466,23.900493200282853,26.329777313229442
Bosnian,28.449132007697457,29.315571164465315,27.233610046730515,29.171304038828456,0,26.044945609634148,31.07290054841896,23.045124766469982,26.89583595974914,30.120224824972272,30.52565986515185,29.995686663129234,28.815332058560035,30.145187671230197,29.255838205147413,29.85058429814886,31.144469799227235,29.838415319355498,28.73167870186778,32.37189965627106,27.148568316168827,28.361833564492105,28.517378736556385,24.16002781249324,31.215594901272393,25.471972477641007,28.89654333301319,30.00063638349647,29.487794945928055,25.714116333475445,29.35456861471232,27.942935219850423,24.048953286607574,20.208172031688946,28.91089572066474,24.730113591060327,25.622842801053523,29.572328726455968,29.435018869471467,24.317105083513336,28.76233102927957,27.818886579882662
Bulgarian,27.448829378262392,28.239029774348012,29.19176499195314,26.328642859742043,26.044945609634148,0,26.053364387106324,21.24448845748584,24.401818458731825,27.458116938767034,26.403916297706285,25.63441367514576,27.181126351653997,25.22786972650646,26.446549296391805,27.83876704637724,26.93168225454355,27.772522708461583,25.874691131096466,27.52642985807139,25.564673578008748,30.21716855249382,27.711736534896662,19.87219399523418,26.354601920911808,29.551392489801582,29.112554038288756,26.54286919696801,26.71477727191327,25.180191419809706,26.455842696747247,27.015112215295098,23.314772649700704,22.139380552626037,27.28200528045444,24.11732407747283,25.9739462406596,25.190125747853546,26.05342550404507,22.507709639068217,25.764113887782678,24.479666258510935
Catalan,29.346002673425428,29.07991644212685,30.860406034726232,27.635327368266875,31.07290054841896,26.053364387106324,0,26.28039571318845,29.278975590234428,27.832141076968302,27.449361348737213,26.89489258055929,25.672278785309288,23.417547858827717,27.660274409982495,28.05874997211653,27.63244516229097,28.779454444433103,27.820678776738248,28.065611918007658,24.58977421008657,32.1168306506848,29.350421039417906,26.36207862960293,26.951646290005932,30.818412026003365,28.629369347316413,28.44383438953718,28.59817865343334,28.856297518182867,24.12705280723903,25.790397013330452,28.27311279847825,27.688735841929667,28.631813895216286,27.89105205176734,28.849505916013488,21.803934821305884,26.636933293050383,27.056875869615634,27.35874679854484,26.4320085549725
Croatian,28.093297197208486,28.794584975697067,28.845437940077147,27.155161586510246,23.045124766469982,21.24448845748584,26.28039571318845,0,24.19262310737,27.767615227670976,27.18013800489123,27.430129003246215,27.022116693103552,26.53072454912708,26.941261195448448,27.41911444368615,27.697707153450004,28.002425113645167,26.74652463305507,28.50877417194777,25.82057951555934,30.083381583382483,27.71427318105639,21.445205334723124,27.047318368072617,29.599696582763183,29.036470696596687,27.456105412352542,27.021570930857987,24.177672426365092,26.59602640300631,26.742835307411,23.665825592377928,19.70021352408597,27.374203046251896,22.800493194320747,23.174957522913623,25.78109378043161,26.57727066633706,22.39377487116957,26.415956956825404,25.540731605142103
Czech,29.296684809227003,29.93275487685685,30.626460863291673,28.421758311898387,26.89583595974914,24.401818458731825,29.278975590234428,24.19262310737,0,28.20796965880434,27.624650266765354,28.156570105672255,28.410691510545522,28.4144133925066,27.494052527076928,29.57635939665234,29.732422343726963,30.00295369449547,27.859090187736182,30.395284693473343,27.106871326975785,30.55038601167557,29.494800852736166,24.361908741799702,29.732187787252904,28.95312667039979,30.5521443099114,28.433807350138117,28.30528158793214,25.224459208990673,27.86570824829693,28.562101405151807,24.622631743645602,23.7020835326665,29.65553509771934,22.1608439968069,26.25139473947265,27.81978018533955,27.789025440689475,23.586243115259496,27.911195421420356,26.532119585104514
Danish,28.479906002951914,31.826187490051392,32.72671243954498,29.105257903215364,30.120224824972272,27.458116938767034,27.832141076968302,27.767615227670976,28.20796965880434,0,25.895212714497234,25.13842364569031,27.641265271836165,28.49381377656675,24.72372440189863,29.38169777814829,28.909917482770496,29.141245303368155,26.206070223185353,29.638057001418826,26.7152525165216,33.00527261999689,31.421999239085817,27.896393384916948,28.744200720220544,29.181750395389653,25.257192312007614,29.681071777943508,30.153696217299313,28.892736054193453,27.550168649606093,27.5841984592865,28.727177342321806,28.853605406245734,31.17176819994437,27.632554274181892,28.71591816108201,27.33408233578159,24.6193316436811,27.539961892678754,28.229975968514815,26.141634013344866
Dutch,24.237988878977855,29.60545341394623,30.731057530480182,28.322976212190962,30.52565986515185,26.403916297706285,27.449361348737213,27.18013800489123,27.624650266765354,25.895212714497234,0,24.86050782661319,28.079704935546832,27.59408145423419,23.05668423607447,28.187739261603806,27.76228635542718,29.101508438909878,25.479729002970384,28.93653939002884,27.15068664703719,31.734761638279753,29.73337074158535,26.069907552017618,27.721276850720592,30.264058450133696,27.50673621446925,28.252877107559957,27.874241214134198,28.50643701895664,26.50623161633243,27.894940522422537,27.99740485527298,27.617653050174596,29.586585124160635,27.573877434453493,28.18736388791934,26.10811162377727,25.18741029363067,26.796743501641096,28.07618721150669,26.94877287405406
English,26.53741342430215,30.465783373962367,30.898486423203497,27.51710250784791,29.995686663129234,25.63441367514576,26.89489258055929,27.430129003246215,28.156570105672255,25.13842364569031,24.86050782661319,0,27.297489007113022,26.99994681432836,24.71349487500279,28.903968346750027,27.01902071029988,28.242922493651264,26.002215418665614,28.491658949526308,26.027205138600305,31.129428110412544,29.13840902862017,26.64208102926907,27.208125892272303,29.4072690328189,26.303422755252818,28.575006237877037,28.540472857748863,28.460628147766815,27.787057844574985,27.079965306312314,27.49486036919946,27.652775366803095,29.655773451334063,28.316006488738033,29.623863308704184,26.816113615140384,24.54674416564286,26.9837483534492,27.10187947090084,25.18693469493687
French,28.344989242911712,28.930087537405527,29.54779389729766,28.320622232136714,28.815332058560035,27.181126351653997,25.672278785309288,27.022116693103552,28.410691510545522,27.641265271836165,28.079704935546832,27.297489007113022,0,26.00221291512383,27.705646888826692,27.97643005743784,29.055412245314596,29.201372521895884,27.53066391435236,28.501747357942598,24.67453293082099,30.81912909971276,29.391166675732645,27.050461171063127,28.036664348127136,28.74393938084355,28.712853315147257,27.94553593053703,28.363195295773856,28.57129581443553,25.857024753972247,26.20407820413159,27.88372097267774,27.729065572287702,28.466589761317096,27.651847772952507,28.64530829865586,24.9011983966114,27.725192090224834,27.440691835830354,27.604482188589973,26.092184965244346
Galician,26.42665995601775,26.160986495593377,28.429754380079697,27.407054702671,30.145187671230197,25.22786972650646,23.417547858827717,26.53072454912708,28.4144133925066,28.49381377656675,27.59408145423419,26.99994681432836,26.00221291512383,0,27.597997255488263,28.6808724163814,28.162006173140494,29.60181134352459,25.407552570830468,26.195093116876155,25.022792792969042,31.52067031323626,29.225953802877267,25.752118221113705,27.34830456447427,29.627259750739285,29.29106236039781,25.79609689010392,25.442162217506155,29.40772783627297,22.64389678965771,26.685286385244446,27.15030973288458,26.834612704493846,25.01144378548907,28.27815271118868,29.775936371325454,20.82981735359979,25.80549004504028,26.257291014687205,27.21909606660575,25.85316108570277
German,26.34490531719333,29.739890975134827,29.93177629420334,27.471101911119096,29.255838205147413,26.446549296391805,27.660274409982495,26.941261195448448,27.494052527076928,24.72372440189863,23.05668423607447,24.71349487500279,27.705646888826692,27.597997255488263,0,27.347315472586974,27.83852830359072,28.15605562841076,25.57493912464405,28.630390318451198,26.098328877817,30.797017283991554,29.378022358593977,26.70738435879357,27.72518040237242,28.61569427102783,27.607879320127815,28.209103602189906,28.24152585873684,28.41234909441729,27.731972972440055,27.125628531028664,27.896020903851927,27.445084278754013,29.292401894332034,27.59297631539629,28.447132679395466,26.927317151139334,24.56061209529517,26.754880067044155,27.187460993935698,25.913689465255995
Greek,29.688884581298627,29.35348703900209,28.633875401930066,28.523898542092297,29.85058429814886,27.83876704637724,28.05874997211653,27.41911444368615,29.57635939665234,29.38169777814829,28.187739261603806,28.903968346750027,27.97643005743784,28.6808724163814,27.347315472586974,0,29.19576878952758,28.895465187537,27.428417597458434,30.189451227580964,26.88775686278076,29.703176134672468,28.824854562280827,28.02298043167939,28.87510971432358,29.5233950957811,30.13492935062551,28.901911887457707,28.894936202031626,29.171251447533535,28.324754151316363,27.62358905721089,28.436428629404556,28.5661811239268,28.534331234010217,28.698210324359327,29.49802402606136,26.75251082671207,28.51560518394162,27.624968118985976,28.239238277805963,26.659358487724802
Gujarati,29.862806385797935,29.82836050659523,31.44105368266429,24.57552913108942,31.144469799227235,26.93168225454355,27.63244516229097,27.697707153450004,29.732422343726963,28.909917482770496,27.76228635542718,27.01902071029988,29.055412245314596,28.162006173140494,27.83852830359072,29.19576878952758,0,22.50697857118662,28.643298117536432,29.797961303789148,27.862016179946657,32.47496527698753,29.52764746013271,26.90235971967777,20.07862540780431,27.883250726911736,29.644086755235275,28.303520263360085,28.9551109923376,29.052686176759803,29.080261010182983,28.150419551277736,29.31699591085833,28.549127695852167,28.672918508977236,28.864369379193946,30.014715344919168,27.089965693863352,27.488733532488865,27.81993475234398,24.6207458911943,27.483154749803045
Hindi,30.859783536019222,30.57509851838844,31.10427650516684,25.383748088973885,29.838415319355498,27.772522708461583,28.779454444433103,28.002425113645167,30.00295369449547,29.141245303368155,29.101508438909878,28.242922493651264,29.201372521895884,29.60181134352459,28.15605562841076,28.895465187537,22.50697857118662,0,29.990669423965077,30.841026356292907,27.717339800832892,32.00061359556838,30.19390292987367,27.951696085721494,23.558258468100004,26.69526113039617,29.897502888013285,28.79332245761879,29.284959659702476,28.87884429705231,29.729640045552028,27.388900859495056,29.410559362461118,28.717477992742673,29.04431270719799,28.792187021683034,29.861356429286595,28.184271624942333,28.29566017320188,28.495474721733565,22.434150615673587,27.75843967889685
Icelandic,24.6185289679075,27.490417012934667,26.66753572420847,27.80488995676043,28.73167870186778,25.874691131096466,27.820678776738248,26.74652463305507,27.859090187736182,26.206070223185353,25.479729002970384,26.002215418665614,27.53066391435236,25.407552570830468,25.57493912464405,27.428417597458434,28.643298117536432,29.990669423965077,0,27.771576356661342,26.61409891855518,29.320091932091447,27.460297943779466,25.911315490558767,28.2929927422765,29.309901804541834,26.791613449708382,26.44197509966982,25.961833045394368,28.75753456061795,27.340717433284322,28.036615878110887,26.2582380978086,26.411175034845527,26.264566811450877,27.682183000221823,29.680743427086007,26.664694487952115,24.315965752533153,25.92390984937125,27.68602448935852,26.118400366838905
Irish,28.484331519452315,28.135505838150657,29.431875660042145,28.9747450622903,32.37189965627106,27.52642985807139,28.065611918007658,28.50877417194777,30.395284693473343,29.638057001418826,28.93653939002884,28.491658949526308,28.501747357942598,26.195093116876155,28.630390318451198,30.189451227580964,29.797961303789148,30.841026356292907,27.771576356661342,0,29.017040240228052,33.571420244025866,31.06524340538656,27.93324571014882,28.739061850687225,31.212279742575685,30.87231050234247,26.88890324096779,27.806033605343146,31.058330751874614,27.860081571895396,29.21912050131815,29.427523035959688,29.46531567335636,26.82350922832639,30.01953177438662,31.19143767900105,26.39115796731395,27.554977716298218,28.347169963876247,28.326685409313885,26.575297089216566
Italian,28.599202338478303,29.083847892347826,28.562881567051644,26.820360429105556,27.148568316168827,25.564673578008748,24.58977421008657,25.82057951555934,27.106871326975785,26.7152525165216,27.15068664703719,26.027205138600305,24.67453293082099,25.022792792969042,26.098328877817,26.88775686278076,27.862016179946657,27.717339800832892,26.61409891855518,29.017040240228052,0,29.776816665071408,28.526976264841554,25.678679080444283,27.673292773779085,27.46527086134678,28.50061130076496,27.775938790750647,27.539411701057574,26.379499417801732,24.702285335622648,23.33289786656817,26.108599910072336,26.08814613330375,28.501713579074348,26.587125599506997,27.852609606414056,24.121253070828857,26.676359476851406,25.86695887555165,26.765549160341276,23.97235929167307
Latvian,31.28089917704469,31.634748310072172,29.83982386124803,30.36893529392396,28.361833564492105,30.21716855249382,32.1168306506848,30.083381583382483,30.55038601167557,33.00527261999689,31.734761638279753,31.129428110412544,30.81912909971276,31.52067031323626,30.797017283991554,29.703176134672468,32.47496527698753,32.00061359556838,29.320091932091447,33.571420244025866,29.776816665071408,0,24.338341699081198,29.536324966274424,32.38799175322592,31.090075054488068,31.74072979561457,31.37946603440188,30.847437028568116,28.95810421965206,31.430309150378672,29.649782810425204,27.725089907350025,28.55324252254332,31.137643355970123,29.417223906206473,30.491875228395063,32.23817661790481,30.931945095746798,28.787530673774,30.062759223504976,29.655645736780855
Lithuanian,29.914189211574612,29.88089628036826,29.170065996175907,29.139116137896163,28.517378736556385,27.711736534896662,29.350421039417906,27.71427318105639,29.494800852736166,31.421999239085817,29.73337074158535,29.13840902862017,29.391166675732645,29.225953802877267,29.378022358593977,28.824854562280827,29.52764746013271,30.19390292987367,27.460297943779466,31.06524340538656,28.526976264841554,24.338341699081198,0,27.3932839259137,29.599850049728477,31.072885896758642,29.822807550068575,29.55730113659469,28.888707128478284,27.859476578540615,30.14516315200645,28.541256433669453,26.936921210395052,26.905483001713367,28.94526546169629,28.608638928383957,29.61326517362948,29.215479393438752,28.580509508295822,27.056709588275943,29.09228818504809,28.332903844459278
Macedonian,27.73775340735358,28.31837333588798,29.233483080665458,26.060201395786624,24.16002781249324,19.87219399523418,26.36207862960293,21.445205334723124,24.361908741799702,27.896393384916948,26.069907552017618,26.64208102926907,27.050461171063127,25.752118221113705,26.70738435879357,28.02298043167939,26.90235971967777,27.951696085721494,25.911315490558767,27.93324571014882,25.678679080444283,29.536324966274424,27.3932839259137,0,26.637228940599,29.035876109711523,29.4395757923681,26.257358238352655,26.782832209654504,24.607170918889956,25.97046541888783,27.01404884562034,22.105762897044986,19.222870148529527,27.144564977173182,23.560479334342144,25.50898550190772,25.21739193099313,26.135998154049982,21.046359172054636,25.955263764630672,25.330600346197993
Marathi,29.774449596865185,29.025201031262636,30.700080672398727,25.121008988178563,31.215594901272393,26.354601920911808,26.951646290005932,27.047318368072617,29.732187787252904,28.744200720220544,27.721276850720592,27.208125892272303,28.036664348127136,27.34830456447427,27.72518040237242,28.87510971432358,20.07862540780431,23.558258468100004,28.2929927422765,28.739061850687225,27.673292773779085,32.38799175322592,29.599850049728477,26.637228940599,0,28.686223908654004,29.27429999782208,27.728338935526498,28.636746958183174,29.05261952220478,28.2783872682969,27.90832358220432,28.597911773424798,28.191809832388536,27.899014708272105,28.139805623976443,29.68543237194815,26.131465943233035,27.079316872669544,27.548227781518683,24.94820937493783,27.056415704014533
Nepali,28.037853245586206,28.035050167734965,28.425904541015505,25.96899774549354,25.471972477641007,29.551392489801582,30.818412026003365,29.599696582763183,28.95312667039979,29.181750395389653,30.264058450133696,29.4072690328189,28.74393938084355,29.627259750739285,28.61569427102783,29.5233950957811,27.883250726911736,26.69526113039617,29.309901804541834,31.212279742575685,27.46527086134678,31.090075054488068,31.072885896758642,29.035876109711523,28.686223908654004,0,28.865770308248138,28.788014521203053,29.278216684556305,30.14664382562585,29.34508014805648,27.791822686898414,28.90725382784964,28.33004621251312,27.806518246934708,28.635483498644366,29.68192569348797,29.738809974302022,28.749923578620212,28.633851526052542,26.25731650119578,27.82790405422885
Norwegian,26.108074184573255,29.891243659656126,29.890520458085813,30.373081329120662,28.89654333301319,29.112554038288756,28.629369347316413,29.036470696596687,30.5521443099114,25.257192312007614,27.50673621446925,26.303422755252818,28.712853315147257,29.29106236039781,27.607879320127815,30.13492935062551,29.644086755235275,29.897502888013285,26.791613449708382,30.87231050234247,28.50061130076496,31.74072979561457,29.822807550068575,29.4395757923681,29.27429999782208,28.865770308248138,0,30.9622092775034,30.370878768109772,30.53973147408787,29.63950416460701,28.381817638387215,29.77503213921152,29.527913205546785,29.587399183025322,29.24637010305098,29.508495996563518,28.34698358667784,23.73945986181736,29.142934026240948,29.35154740037504,28.766570584249962
Pashto,26.719765373465773,26.248813694514617,27.286976225005493,27.39966524475901,30.00063638349647,26.54286919696801,28.44383438953718,27.456105412352542,28.433807350138117,29.681071777943508,28.252877107559957,28.575006237877037,27.94553593053703,25.79609689010392,28.209103602189906,28.901911887457707,28.303520263360085,28.79332245761879,26.44197509966982,26.88890324096779,27.775938790750647,31.37946603440188,29.55730113659469,26.257358238352655,27.728338935526498,28.788014521203053,30.9622092775034,0,24.156824926734327,29.42185251151447,27.75485130862816,28.81416949079902,27.53410510713537,27.451172083990812,24.992679331564194,28.752439404560015,30.013170142917115,26.898318862966466,27.334605193643327,26.570716678168985,26.520083459442358,26.348298442356512
Persian,26.774947537719775,26.24522908159617,26.675940691469126,27.669697136075193,29.487794945928055,26.71477727191327,28.59817865343334,27.021570930857987,28.30528158793214,30.153696217299313,27.874241214134198,28.540472857748863,28.363195295773856,25.442162217506155,28.24152585873684,28.894936202031626,28.9551109923376,29.284959659702476,25.961833045394368,27.806033605343146,27.539411701057574,30.847437028568116,28.888707128478284,26.782832209654504,28.636746958183174,29.278216684556305,30.370878768109772,24.156824926734327,0,28.91387390236912,28.163179664550455,28.578237286672532,27.12937904850412,26.954951074955805,25.652440604181194,28.86626427294733,30.19239454521486,27.589268427914384,26.84311609875787,26.483938370646865,26.67990862585639,26.892336848246625
Polish,30.326470732972528,30.681195160135132,30.772475346601187,28.042743875983568,25.714116333475445,25.180191419809706,28.856297518182867,24.177672426365092,25.224459208990673,28.892736054193453,28.50643701895664,28.460628147766815,28.57129581443553,29.40772783627297,28.41234909441729,29.171251447533535,29.052686176759803,28.87884429705231,28.75753456061795,31.058330751874614,26.379499417801732,28.95810421965206,27.859476578540615,24.607170918889956,29.05261952220478,30.14664382562585,30.53973147408787,29.42185251151447,28.91387390236912,0,28.06876066731265,27.34549196436646,24.35742553814183,24.148487941419784,30.01108329647924,23.070578891911445,26.089756521730113,28.075345133992588,28.61577102146229,23.447299705421404,27.794437023627168,26.93967429423539
Portuguese,28.506547910192396,28.95061724714083,30.097294589724576,27.747827128545953,29.35456861471232,26.455842696747247,24.12705280723903,26.59602640300631,27.86570824829693,27.550168649606093,26.50623161633243,27.787057844574985,25.857024753972247,22.64389678965771,27.731972972440055,28.324754151316363,29.080261010182983,29.729640045552028,27.340717433284322,27.860081571895396,24.702285335622648,31.430309150378672,30.14516315200645,25.97046541888783,28.2783872682969,29.34508014805648,29.63950416460701,27.75485130862816,28.163179664550455,28.06876066731265,0,26.253742247532163,27.040270834907687,26.76898196153478,28.927167890919574,26.669168182188493,28.042129391469654,21.17759085335807,26.951525499084273,26.360279734148467,27.593823181449856,26.364881873492692
Romanian,29.00026200706817,29.793886531332053,29.715994227825,27.578675828811097,27.942935219850423,27.015112215295098,25.790397013330452,26.742835307411,28.562101405151807,27.5841984592865,27.894940522422537,27.079965306312314,26.20407820413159,26.685286385244446,27.125628531028664,27.62358905721089,28.150419551277736,27.388900859495056,28.036615878110887,29.21912050131815,23.33289786656817,29.649782810425204,28.541256433669453,27.01404884562034,27.90832358220432,27.791822686898414,28.381817638387215,28.81416949079902,28.578237286672532,27.34549196436646,26.253742247532163,0,27.445888728212424,27.32817516420563,28.984882090204714,27.583587368380623,28.28227667932588,25.635818453421034,27.08466916222674,27.10795538038129,27.043381644702986,25.877770048729626
Russian,27.845688334375968,28.43250587351137,28.59822547788567,27.65627891432107,24.048953286607574,23.314772649700704,28.27311279847825,23.665825592377928,24.622631743645602,28.727177342321806,27.99740485527298,27.49486036919946,27.88372097267774,27.15030973288458,27.896020903851927,28.436428629404556,29.31699591085833,29.410559362461118,26.2582380978086,29.427523035959688,26.108599910072336,27.725089907350025,26.936921210395052,22.105762897044986,28.597911773424798,28.90725382784964,29.77503213921152,27.53410510713537,27.12937904850412,24.35742553814183,27.040270834907687,27.445888728212424,0,21.66786270080162,27.85705073371657,23.79297090124292,26.350465688908717,27.19388435827108,27.273805624179673,20.65235330117778,27.573244792556864,26.253698649774037
Serbian,27.898369129748364,28.613829926716285,28.635791616853396,27.12247423604759,20.208172031688946,22.139380552626037,27.688735841929667,19.70021352408597,23.7020835326665,28.853605406245734,27.617653050174596,27.652775366803095,27.729065572287702,26.834612704493846,27.445084278754013,28.5661811239268,28.549127695852167,28.717477992742673,26.411175034845527,29.46531567335636,26.08814613330375,28.55324252254332,26.905483001713367,19.222870148529527,28.191809832388536,28.33004621251312,29.527913205546785,27.451172083990812,26.954951074955805,24.148487941419784,26.76898196153478,27.32817516420563,21.66786270080162,0,27.746385986065754,22.9000155441796,23.921268455517886,26.682799179412086,27.040258670064862,21.006384647267755,26.701269689923773,26.078155095097255
Sinhala,26.26614016251487,23.66327309464269,25.61177417235559,27.122316778311554,28.91089572066474,27.28200528045444,28.631813895216286,27.374203046251896,29.65553509771934,31.17176819994437,29.586585124160635,29.655773451334063,28.466589761317096,25.01144378548907,29.292401894332034,28.534331234010217,28.672918508977236,29.04431270719799,26.264566811450877,26.82350922832639,28.501713579074348,31.137643355970123,28.94526546169629,27.144564977173182,27.899014708272105,27.806518246934708,29.587399183025322,24.992679331564194,25.652440604181194,30.01108329647924,28.927167890919574,28.984882090204714,27.85705073371657,27.746385986065754,0,29.140465772159267,30.573063572534423,27.143599693710282,27.03975354262144,27.171029405588758,27.12066407214988,27.587007320785926
Slovak,29.23011706178331,29.26956370008816,30.204989493711267,28.06284357451695,24.730113591060327,24.11732407747283,27.89105205176734,22.800493194320747,22.1608439968069,27.632554274181892,27.573877434453493,28.316006488738033,27.651847772952507,28.27815271118868,27.59297631539629,28.698210324359327,28.864369379193946,28.792187021683034,27.682183000221823,30.01953177438662,26.587125599506997,29.417223906206473,28.608638928383957,23.560479334342144,28.139805623976443,28.635483498644366,29.24637010305098,28.752439404560015,28.86626427294733,23.070578891911445,26.669168182188493,27.583587368380623,23.79297090124292,22.9000155441796,29.140465772159267,0,24.135627865431626,26.695346888807386,27.435505845619893,22.728128397972096,27.14573942675743,26.401246909017736
Slovenian,30.19306265797625,30.880064485900434,31.06637627496278,29.60469581970124,25.622842801053523,25.9739462406596,28.849505916013488,23.174957522913623,26.25139473947265,28.71591816108201,28.18736388791934,29.623863308704184,28.64530829865586,29.775936371325454,28.447132679395466,29.49802402606136,30.014715344919168,29.861356429286595,29.680743427086007,31.19143767900105,27.852609606414056,30.491875228395063,29.61326517362948,25.50898550190772,29.68543237194815,29.68192569348797,29.508495996563518,30.013170142917115,30.19239454521486,26.089756521730113,28.042129391469654,28.28227667932588,26.350465688908717,23.921268455517886,30.573063572534423,24.135627865431626,0,27.701343845326882,28.82224796133887,25.317294710917963,28.747283068959018,28.29627695926054
Spanish,28.11098437386428,28.272539309886756,29.748270257798783,26.956650646885507,29.572328726455968,25.190125747853546,21.803934821305884,25.78109378043161,27.81978018533955,27.33408233578159,26.10811162377727,26.816113615140384,24.9011983966114,20.82981735359979,26.927317151139334,26.75251082671207,27.089965693863352,28.184271624942333,26.664694487952115,26.39115796731395,24.121253070828857,32.23817661790481,29.215479393438752,25.21739193099313,26.131465943233035,29.738809974302022,28.34698358667784,26.898318862966466,27.589268427914384,28.075345133992588,21.17759085335807,25.635818453421034,27.19388435827108,26.682799179412086,27.143599693710282,26.695346888807386,27.701343845326882,0,26.30832665853509,25.69090556002689,26.85384594573852,25.680002788697177
Swedish,25.7701166393321,28.4214075313996,29.261323410162678,27.033138521305133,29.435018869471467,26.05342550404507,26.636933293050383,26.57727066633706,27.789025440689475,24.6193316436811,25.18741029363067,24.54674416564286,27.725192090224834,25.80549004504028,24.56061209529517,28.51560518394162,27.488733532488865,28.29566017320188,24.315965752533153,27.554977716298218,26.676359476851406,30.931945095746798,28.580509508295822,26.135998154049982,27.079316872669544,28.749923578620212,23.73945986181736,27.334605193643327,26.84311609875787,28.61577102146229,26.951525499084273,27.08466916222674,27.273805624179673,27.040258670064862,27.03975354262144,27.435505845619893,28.82224796133887,26.30832665853509,0,26.682047949390654,26.49584017757385,25.78224344203061
Ukrainian,27.824871450331205,28.1419286320262,28.67287857527311,26.701658462360466,24.317105083513336,22.507709639068217,27.056875869615634,22.39377487116957,23.586243115259496,27.539961892678754,26.796743501641096,26.9837483534492,27.440691835830354,26.257291014687205,26.754880067044155,27.624968118985976,27.81993475234398,28.495474721733565,25.92390984937125,28.347169963876247,25.86695887555165,28.787530673774,27.056709588275943,21.046359172054636,27.548227781518683,28.633851526052542,29.142934026240948,26.570716678168985,26.483938370646865,23.447299705421404,26.360279734148467,27.10795538038129,20.65235330117778,21.006384647267755,27.171029405588758,22.728128397972096,25.317294710917963,25.69090556002689,26.682047949390654,0,26.594650277963378,25.05870513352442
Urdu,29.157460051313343,28.678484596981434,29.91529553424642,23.900493200282853,28.76233102927957,25.764113887782678,27.35874679854484,26.415956956825404,27.911195421420356,28.229975968514815,28.07618721150669,27.10187947090084,27.604482188589973,27.21909606660575,27.187460993935698,28.239238277805963,24.6207458911943,22.434150615673587,27.68602448935852,28.326685409313885,26.765549160341276,30.062759223504976,29.09228818504809,25.955263764630672,24.94820937493783,26.25731650119578,29.35154740037504,26.520083459442358,26.67990862585639,27.794437023627168,27.593823181449856,27.043381644702986,27.573244792556864,26.701269689923773,27.12066407214988,27.14573942675743,28.747283068959018,26.85384594573852,26.49584017757385,26.594650277963378,0,25.567829231944177
Welsh,27.829039242646285,28.61642423011293,28.334515011953112,26.329777313229442,27.818886579882662,24.479666258510935,26.4320085549725,25.540731605142103,26.532119585104514,26.141634013344866,26.94877287405406,25.18693469493687,26.092184965244346,25.85316108570277,25.913689465255995,26.659358487724802,27.483154749803045,27.75843967889685,26.118400366838905,26.575297089216566,23.97235929167307,29.655645736780855,28.332903844459278,25.330600346197993,27.056415704014533,27.82790405422885,28.766570584249962,26.348298442356512,26.892336848246625,26.93967429423539,26.364881873492692,25.877770048729626,26.253698649774037,26.078155095097255,27.587007320785926,26.401246909017736,28.29627695926054,25.680002788697177,25.78224344203061,25.05870513352442,25.567829231944177,0
