,Afrikaans,Albanian,Armenian,Bengali,Bosnian,Bulgarian,Catalan,Croatian,Czech,Danish,Dutch,English,French,Galician,German,Greek,Gujarati,Hindi,Icelandic,Irish,Italian,Latvian,Lithuanian,Macedonian,Marathi,Nepali,Norwegian,Pashto,Persian,Polish,Portuguese,Romanian,Russian,Serbian,Sinhala,Slovak,Slovenian,Spanish,Swedish,Ukrainian,Urdu,Welsh
Afrikaans,0,0.7785908641870467,0.7220161041462253,0.8443043616075204,0.7561042929819632,0.8262728094417834,0.8479696687751845,0.8117642741938389,0.8249957723685838,0.7960624104292657,0.6328723621800763,0.7863201623797013,0.8156843664499365,0.7738371585503426,0.7718378731015393,0.8485937297484589,0.8657394081245972,0.8655865274685823,0.7271919606049757,0.8254559110212197,0.7900647643025072,0.7868050838282736,0.7092969428703064,0.7944772226490726,0.8541767724641783,0.7743437521825761,0.7652788857251117,0.7816481588130509,0.7540376934106153,0.7944704089234415,0.8092418390583904,0.8114315201319733,0.7894799266577787,0.7887147142000228,0.7423769729779944,0.8207228555095001,0.8204969669304,0.8413028836693168,0.7623361545013243,0.7782859667201099,0.8259645551312874,0.7585984201073181
Albanian,0.7785908641870467,0,0.7418604178938848,0.8306827133893407,0.7989920621357518,0.8579204856519115,0.8620351175869022,0.8420327640935413,0.8604521079344727,0.8238606605918419,0.8193833463429775,0.90036566468219,0.8135905522959842,0.7556371052511249,0.8318645273793328,0.8445018141481321,0.8754170102077115,0.8728890388192485,0.7911906052251078,0.7963705670965315,0.8271988699497176,0.82505617251725,0.7346367431120624,0.8152945547525514,0.851588022834283,0.7720889414651287,0.829708690121819,0.7643525899186076,0.7750914459279865,0.8166899014585981,0.8127117736430283,0.8261179861751553,0.8248732491224465,0.8251698866086176,0.6886798539558763,0.8322289233147248,0.8467104914629072,0.85682520190943,0.8292585971832146,0.8135960989244043,0.8190530509333835,0.7987298728506206
Armenian,0.7220161041462253,0.7418604178938848,0,0.7736917346320095,0.8088034108997714,0.7883616002727521,0.7769751777103321,0.7841340322087876,0.806117087673584,0.7600363318188544,0.788605200679893,0.8293034963080168,0.7460170747119632,0.7153823486207453,0.7947147320836826,0.772196266433039,0.8151865819474331,0.8184644384507215,0.7372224824008657,0.7405578784286668,0.8383905809470493,0.8131331835836322,0.7880583632488107,0.7783061518755645,0.7725128095311357,0.7882095546838724,0.7281773846497611,0.7133949393596422,0.7685055331098127,0.835492102385579,0.7825766479099515,0.7761504268214544,0.7944982051056,0.7848359000545315,0.732230719494788,0.7766479051732917,0.7953143253682244,0.8174102398360881,0.7608279381449322,0.7899079791621992,0.7696405336002389,0.817707824284477
Bengali,0.8443043616075204,0.8306827133893407,0.7736917346320095,0,0.8070956400531328,0.8495042922619386,0.8548660304013068,0.8433077732056996,0.83253472477051,0.874194422630978,0.8566957556190994,0.8815270787116815,0.8352598641758678,0.8137145583191386,0.8606552801373539,0.8419862573701249,0.789129456783018,0.7759787927083963,0.83606787316301,0.8405387245982002,0.8110162253314042,0.8465349473320287,0.7489550662828792,0.8298052717277482,0.7838666547275253,0.711930842881654,0.854572864061267,0.8258598502310807,0.8113189565096621,0.8134622367311507,0.8271879496949792,0.8285230456951286,0.8320386945547352,0.8272698129088285,0.781144703415908,0.8378201584541396,0.8641803471382972,0.8450899492981689,0.8508550929725205,0.8108604558359499,0.7416803233034123,0.7879072447477055
Bosnian,0.7561042929819632,0.7989920621357518,0.8088034108997714,0.8070956400531328,0,0.7037930778341589,0.8214117558930109,0.6108980909930413,0.737493172075299,0.7741063788158546,0.8106462744916856,0.8564892067522782,0.7723412506623094,0.7535259147602393,0.8260129784250648,0.812135428255176,0.8441159717441271,0.837808357477947,0.789513183548719,0.7836447120080662,0.8215757097393276,0.8121085928731594,0.7678742154658087,0.6235890488129336,0.8094590441953038,0.8097431490921232,0.7669885298955252,0.770037347049727,0.8283561031402972,0.7376818852208126,0.7968062967329025,0.7988965754705473,0.6783305750932768,0.5147876903188205,0.7998515780624083,0.681873300654362,0.7023056162506939,0.8234179227920083,0.8051102033818578,0.6803929700949792,0.7968875697746959,0.8305360884526569
Bulgarian,0.8262728094417834,0.8579204856519115,0.7883616002727521,0.8495042922619386,0.7037930778341589,0,0.8410073255983735,0.6773936209875747,0.7550866279990148,0.8477391040293398,0.8448773471079638,0.8546699203198216,0.8225072693361533,0.79785176334529,0.8704616835298509,0.8309956156475535,0.8727558594380423,0.8777702283920975,0.8307409671142676,0.8393119289464936,0.7784549779518776,0.8402356868320142,0.7443694533597474,0.6624848456410463,0.8562786875450857,0.8354399952100519,0.8394624270813942,0.8210452204990892,0.828255283514424,0.7541109632271046,0.8313976850289887,0.8329913458654296,0.7392960745002516,0.6976268093718027,0.8116131598720583,0.7529208458784948,0.7473481932214935,0.8373108715058434,0.8437762450021521,0.7348813708767065,0.8286388537415905,0.76754444350031
Catalan,0.8479696687751845,0.8620351175869022,0.7769751777103321,0.8548660304013068,0.8214117558930109,0.8410073255983735,0,0.8321538089510262,0.851000242470215,0.8789065808570694,0.851513689787557,0.857345350133226,0.7927469789580812,0.7388854500585273,0.8654990421389129,0.8432030813059407,0.8729568763765482,0.8689924660330134,0.8346898028199967,0.8516934853265069,0.7120651566791274,0.8524980428978006,0.753534082646468,0.8273660660953016,0.8576362535200012,0.8436087413901837,0.8403539972703137,0.8615733554014569,0.821726698159574,0.8337507695823462,0.7372990327446521,0.7864975848577833,0.8438275339145134,0.8385793487001366,0.8218430574093698,0.8557377107450092,0.86053387058242,0.7300991822037216,0.8512699808838352,0.8228007546804967,0.8440299051541584,0.784747724931028
Croatian,0.8117642741938389,0.8420327640935413,0.7841340322087876,0.8433077732056996,0.6108980909930413,0.6773936209875747,0.8321538089510262,0,0.7317962264725647,0.82278332473655,0.8382991002606749,0.8578132307439599,0.8006952557310067,0.7901695500686614,0.8635419004648077,0.8373021851008658,0.8737887614467837,0.8769074354215171,0.8211463362450768,0.8280486037798147,0.7934192704611367,0.8594169933818515,0.737915405470435,0.6687886903881484,0.8395961927524352,0.8242938130790541,0.8259106933985394,0.7997915536272728,0.8237245391570088,0.750595852702608,0.8346088674124291,0.8203992189112371,0.7330477844756388,0.5884883036489067,0.802746239283081,0.704658418563642,0.6790386800672596,0.8328654883155768,0.8373749567081038,0.7042247428733278,0.8245378780667321,0.7827129184292689
Czech,0.8249957723685838,0.8604521079344727,0.806117087673584,0.83253472477051,0.737493172075299,0.7550866279990148,0.851000242470215,0.7317962264725647,0,0.8196996790247842,0.8435738064132331,0.8612573371234473,0.8177891182721341,0.8145228917378045,0.8823763439233877,0.8510678704452137,0.8852148580402779,0.8860530281253487,0.8335328503836114,0.8376647222992385,0.819596430037613,0.8497132006045564,0.785594009640809,0.7576541562545275,0.8603310224081739,0.8194348817302765,0.8302071552349276,0.8151546532533339,0.8324381491593587,0.7520797428611491,0.8419715711702853,0.834844544743434,0.7571077951928392,0.7267938337215325,0.8137638678425652,0.668246420060686,0.753151227861072,0.8487003878850672,0.8453344814526075,0.7294090640865882,0.8273773044685007,0.7928082989728686
Danish,0.7960624104292657,0.8238606605918419,0.7600363318188544,0.874194422630978,0.7741063788158546,0.8477391040293398,0.8789065808570694,0.82278332473655,0.8196996790247842,0,0.7824895580443848,0.8361925810500194,0.8264399042070194,0.8199416775803386,0.7948111407294878,0.8530604225271616,0.8879743310449584,0.8739729221037349,0.749985161770092,0.8598403940231879,0.7590993143936234,0.829385653957055,0.7390604935014071,0.8154135378793761,0.8777163454319115,0.778267948138724,0.7677150052815576,0.8318684889630424,0.7986932560211469,0.7980376702316848,0.8385540666854768,0.8262936515862994,0.8082329221551707,0.8215879570585417,0.7658222769571096,0.8414730854790679,0.8440402092490938,0.8572726768521151,0.7586338791071393,0.7905102169389574,0.8422559047487204,0.7448005213363904
Dutch,0.6328723621800763,0.8193833463429775,0.788605200679893,0.8566957556190994,0.8106462744916856,0.8448773471079638,0.851513689787557,0.8382991002606749,0.8435738064132331,0.7824895580443848,0,0.8173075479217831,0.8256878716215904,0.8072832426839562,0.7565067412530896,0.8452389113753357,0.8762704572803894,0.8832376837815692,0.7837026897967756,0.8253780631838127,0.8113775190354061,0.8453249924537086,0.7624199812291843,0.8209266792825427,0.8599477624039681,0.8256423235241773,0.7673681575806097,0.8307033311477435,0.808520628129702,0.8319391339825744,0.817765118457883,0.8399689855114967,0.8348200920558442,0.8259273250829268,0.8035112609213771,0.8382871598664384,0.8284983761578848,0.8358143755716231,0.796156754488513,0.8192262277508491,0.8416995326380529,0.7981138093680669
English,0.7863201623797013,0.90036566468219,0.8293034963080168,0.8815270787116815,0.8564892067522782,0.8546699203198216,0.857345350133226,0.8578132307439599,0.8612573371234473,0.8361925810500194,0.8173075479217831,0,0.8427931026184816,0.8399805658011387,0.8360040806998215,0.8782872704237504,0.8819594969010961,0.8832342070230234,0.8367171389913353,0.838990215979232,0.8257111629632398,0.8821531646445726,0.7865712493785247,0.8577116470202658,0.8638911904370025,0.8639466014833659,0.8083693803508201,0.8652824343606195,0.8545769400460815,0.8600843978225434,0.8489741622974848,0.8629726998825519,0.8598248841295512,0.8509651976510202,0.864287608187249,0.8642448098620579,0.8762195209073851,0.8851265955230656,0.8528368007039405,0.8567263315267099,0.87128357624804,0.8096772938655623
French,0.8156843664499365,0.8135905522959842,0.7460170747119632,0.8352598641758678,0.7723412506623094,0.8225072693361533,0.7927469789580812,0.8006952557310067,0.8177891182721341,0.8264399042070194,0.8256878716215904,0.8427931026184816,0,0.774505051586877,0.8432642635599584,0.8289945605186292,0.8658601639156469,0.8710247846772394,0.8005130216996426,0.8402477087165859,0.7195543646061998,0.8175981685054469,0.7279292197712004,0.7979510783340552,0.8408555583283187,0.7856463322458004,0.8299528010474336,0.805315374775083,0.7923767614343944,0.7966830969243305,0.7955996120782021,0.774607341755484,0.7999185700372967,0.800635488761491,0.7558419092012659,0.8364212622938887,0.8157009106289532,0.8032182149351508,0.8249514274612841,0.7765532776328222,0.8223881608367349,0.7419078902542845
Galician,0.7738371585503426,0.7556371052511249,0.7153823486207453,0.8137145583191386,0.7535259147602393,0.79785176334529,0.7388854500585273,0.7901695500686614,0.8145228917378045,0.8199416775803386,0.8072832426839562,0.8399805658011387,0.774505051586877,0,0.8258701297269126,0.806711422672119,0.8444720927481855,0.8413199570333908,0.7445867787876026,0.7925445007811891,0.6946785190203925,0.7992595706936053,0.7145019432529365,0.7785121214991754,0.8275448315380898,0.76604100963588,0.818542373246251,0.773807164485179,0.7441929941471831,0.7947591423683025,0.6674920227349226,0.7574303717500835,0.7866060574154259,0.7804624794673983,0.7104045163758866,0.8133976874720997,0.8164640027155716,0.638349647197136,0.7993941547405355,0.7668326868595369,0.803678795609148,0.7390204148022602
German,0.7718378731015393,0.8318645273793328,0.7947147320836826,0.8606552801373539,0.8260129784250648,0.8704616835298509,0.8654990421389129,0.8635419004648077,0.8823763439233877,0.7948111407294878,0.7565067412530896,0.8360040806998215,0.8432642635599584,0.8258701297269126,0,0.8608530365817602,0.8873080914198522,0.8853542872143244,0.8111443319067523,0.8370614464552414,0.8292854695295743,0.8562556985604293,0.7577192728764118,0.8476263758951973,0.8727997405143105,0.8146327004945044,0.8048099828837026,0.8328458743203813,0.8256169677847855,0.8445676431371019,0.8558483138534329,0.842478588963726,0.8573142385027829,0.8481453510399114,0.8095514787699856,0.8618396883588227,0.846830878217775,0.8670610624313442,0.809564721947681,0.8396809928359327,0.8483108502071866,0.8062224478246699
Greek,0.8485937297484589,0.8445018141481321,0.772196266433039,0.8419862573701249,0.812135428255176,0.8309956156475535,0.8432030813059407,0.8373021851008658,0.8510678704452137,0.8530604225271616,0.8452389113753357,0.8782872704237504,0.8289945605186292,0.806711422672119,0.8608530365817602,0,0.8682981530022499,0.8499639624729161,0.8362958681556563,0.8380010189521181,0.8007190188312736,0.8367860510945803,0.7511382736124879,0.831024934371052,0.8422117397543792,0.805596138707942,0.8344150390466282,0.821763766516046,0.818650656260278,0.827155694260122,0.8280936525219144,0.8270639183539493,0.8420049281881212,0.8324459515904903,0.7941323573360718,0.8483757483515925,0.84746149971343,0.8178533307479305,0.8505316036252781,0.8230291625646788,0.8200212348455225,0.7786397071515325
Gujarati,0.8657394081245972,0.8754170102077115,0.8151865819474331,0.789129456783018,0.8441159717441271,0.8727558594380423,0.8729568763765482,0.8737887614467837,0.8852148580402779,0.8879743310449584,0.8762704572803894,0.8819594969010961,0.8658601639156469,0.8444720927481855,0.8873080914198522,0.8682981530022499,0,0.69178986276319,0.8681847512482801,0.8650644159291452,0.8413227658751403,0.8837573052868785,0.7748803764544323,0.8614775600192606,0.6631359429287554,0.7809200392376555,0.869638732688771,0.8452925437763738,0.8519082779542887,0.8511235418124418,0.8627626497230115,0.8617276552920456,0.8685059563297273,0.8593104041432778,0.8221213795904839,0.8816072378849549,0.8816157239479852,0.8668707191129201,0.8862248465880669,0.8472743034056348,0.7713192869522133,0.8230369358676571
Hindi,0.8655865274685823,0.8728890388192485,0.8184644384507215,0.7759787927083963,0.837808357477947,0.8777702283920975,0.8689924660330134,0.8769074354215171,0.8860530281253487,0.8739729221037349,0.8832376837815692,0.8832342070230234,0.8710247846772394,0.8413199570333908,0.8853542872143244,0.8499639624729161,0.69178986276319,0,0.8559908389139391,0.8579135222169773,0.8426856402196214,0.8911887281982691,0.7821155656908269,0.8605109646490731,0.7160598591541476,0.7650737594377703,0.8627379165549568,0.8404026935423614,0.8594818979472378,0.8584800086083555,0.8706740342865957,0.8346031736423755,0.8687974887574456,0.8668727555546694,0.8232813903867402,0.875020640224816,0.8765866320585197,0.8662523293308929,0.8681059901072664,0.8576168607405589,0.6710926417463272,0.8276120058673339
Icelandic,0.7271919606049757,0.7911906052251078,0.7372224824008657,0.83606787316301,0.789513183548719,0.8307409671142676,0.8346898028199967,0.8211463362450768,0.8335328503836114,0.749985161770092,0.7837026897967756,0.8367171389913353,0.8005130216996426,0.7445867787876026,0.8111443319067523,0.8362958681556563,0.8681847512482801,0.8559908389139391,0,0.8015273046251048,0.8180820891039849,0.8243910048319617,0.7346739006932287,0.8063717852148645,0.8389761185334706,0.8089739877804297,0.7274107000307353,0.7780836310029161,0.7698657438986722,0.826513084722035,0.8203618783994492,0.8164401070801943,0.806758815993783,0.807927489624051,0.7389586164127574,0.8281510885626826,0.8247669816742392,0.8437103633921679,0.7328750656186975,0.7970029230126987,0.8188366415395675,0.7895231179077743
Irish,0.8254559110212197,0.7963705670965315,0.7405578784286668,0.8405387245982002,0.7836447120080662,0.8393119289464936,0.8516934853265069,0.8280486037798147,0.8376647222992385,0.8598403940231879,0.8253780631838127,0.838990215979232,0.8402477087165859,0.7925445007811891,0.8370614464552414,0.8380010189521181,0.8650644159291452,0.8579135222169773,0.8015273046251048,0,0.7868313437192694,0.8080769811676932,0.7162931490142954,0.8057625355148569,0.8473846935335314,0.7813085366618617,0.8586495268587904,0.8114238768263563,0.7689950888550269,0.799143573565831,0.8031173713453001,0.8203967163016183,0.8158393050865913,0.8161089064629105,0.7478784092968496,0.8410449539274735,0.8358827816228295,0.8098276420178108,0.8259859048416357,0.8007467321941353,0.8169942082253222,0.730835633894035
Italian,0.7900647643025072,0.8271988699497176,0.8383905809470493,0.8110162253314042,0.8215757097393276,0.7784549779518776,0.7120651566791274,0.7934192704611367,0.819596430037613,0.7590993143936234,0.8113775190354061,0.8257111629632398,0.7195543646061998,0.6946785190203925,0.8292854695295743,0.8007190188312736,0.8413227658751403,0.8426856402196214,0.8180820891039849,0.7868313437192694,0,0.8796763493078987,0.8340001956700797,0.7929320157891842,0.8060173436361411,0.8290946946782316,0.7696110345322164,0.7891870938435244,0.8517026364804774,0.8590936359651911,0.7452531232771612,0.7285959992587158,0.8229386156280337,0.799929060161352,0.8260765325795898,0.7996596455502688,0.8091968151404639,0.7328420572416945,0.8163245551803205,0.804871038443593,0.8009649258716777,0.7777789863005271
Latvian,0.7868050838282736,0.82505617251725,0.8131331835836322,0.8465349473320287,0.8121085928731594,0.8402356868320142,0.8524980428978006,0.8594169933818515,0.8497132006045564,0.829385653957055,0.8453249924537086,0.8821531646445726,0.8175981685054469,0.7992595706936053,0.8562556985604293,0.8367860510945803,0.8837573052868785,0.8911887281982691,0.8243910048319617,0.8080769811676932,0.8796763493078987,0,0.6898138747269532,0.8231127518304255,0.8583695923650623,0.8366535299161918,0.8032219694183205,0.8126712869503309,0.8472950176678222,0.8207345950643897,0.8470671697834005,0.8456462311560015,0.8131925139668342,0.8180314608319267,0.8116101369608397,0.8123255744557423,0.8384687742307293,0.8926789047332897,0.8455865127521113,0.8314649721525167,0.8464515547481758,0.8617334552668532
Lithuanian,0.7092969428703064,0.7346367431120624,0.7880583632488107,0.7489550662828792,0.7678742154658087,0.7443694533597474,0.753534082646468,0.737915405470435,0.785594009640809,0.7390604935014071,0.7624199812291843,0.7865712493785247,0.7279292197712004,0.7145019432529365,0.7577192728764118,0.7511382736124879,0.7748803764544323,0.7821155656908269,0.7346739006932287,0.7162931490142954,0.8340001956700797,0.6898138747269532,0,0.7397991428721166,0.7538765536928309,0.7678228089752357,0.7064914603895098,0.7174215101097053,0.7965070896710423,0.7998418641902268,0.7567737898682317,0.7572096724445792,0.7516764433956985,0.7213758784736406,0.7490795244129391,0.739076280579377,0.749606768960878,0.7850595505609912,0.7412493283253613,0.7474724432966774,0.7421442236846599,0.8367151964949955
Macedonian,0.7944772226490726,0.8152945547525514,0.7783061518755645,0.8298052717277482,0.6235890488129336,0.6624848456410463,0.8273660660953016,0.6687886903881484,0.7576541562545275,0.8154135378793761,0.8209266792825427,0.8577116470202658,0.7979510783340552,0.7785121214991754,0.8476263758951973,0.831024934371052,0.8614775600192606,0.8605109646490731,0.8063717852148645,0.8057625355148569,0.7929320157891842,0.8231127518304255,0.7397991428721166,0,0.8379785878511127,0.8090828547763506,0.8102890221296919,0.7978753517089611,0.8210847552920367,0.7491031400550376,0.8102157503932911,0.8212158354688827,0.6895885275886451,0.5780338138320772,0.7851153133249639,0.719188613729553,0.7332473224715061,0.8229707855289143,0.8197189214143538,0.6741946155602236,0.8180145608828071,0.7867516718589946
Marathi,0.8541767724641783,0.851588022834283,0.7725128095311357,0.7838666547275253,0.8094590441953038,0.8562786875450857,0.8576362535200012,0.8395961927524352,0.8603310224081739,0.8777163454319115,0.8599477624039681,0.8638911904370025,0.8408555583283187,0.8275448315380898,0.8727997405143105,0.8422117397543792,0.6631359429287554,0.7160598591541476,0.8389761185334706,0.8473846935335314,0.8060173436361411,0.8583695923650623,0.7538765536928309,0.8379785878511127,0,0.7687203163380747,0.8665957480003489,0.8314207505857266,0.8205025143169137,0.8280001027557501,0.8426117100294238,0.8419095602612966,0.8347196177975318,0.8336026528826578,0.7907935010138416,0.857661507317853,0.8629771641501901,0.837936149055743,0.8715933421707104,0.8196719685545741,0.7727119921459458,0.7848038237627339
Nepali,0.7743437521825761,0.7720889414651287,0.7882095546838724,0.711930842881654,0.8097431490921232,0.8354399952100519,0.8436087413901837,0.8242938130790541,0.8194348817302765,0.778267948138724,0.8256423235241773,0.8639466014833659,0.7856463322458004,0.76604100963588,0.8146327004945044,0.805596138707942,0.7809200392376555,0.7650737594377703,0.8089739877804297,0.7813085366618617,0.8290946946782316,0.8366535299161918,0.7678228089752357,0.8090828547763506,0.7687203163380747,0,0.7900791788263133,0.7426808591535304,0.8109979925406783,0.8213469044005296,0.8048487758475882,0.7994318213916256,0.8202060689066182,0.8127160900953527,0.7364902204774052,0.7967963219540249,0.828433458496541,0.8488881958668799,0.8142981562307952,0.8145241382281161,0.7209489721199706,0.807606995669258
Norwegian,0.7652788857251117,0.829708690121819,0.7281773846497611,0.854572864061267,0.7669885298955252,0.8394624270813942,0.8403539972703137,0.8259106933985394,0.8302071552349276,0.7677150052815576,0.7673681575806097,0.8083693803508201,0.8299528010474336,0.818542373246251,0.8048099828837026,0.8344150390466282,0.869638732688771,0.8627379165549568,0.7274107000307353,0.8586495268587904,0.7696110345322164,0.8032219694183205,0.7064914603895098,0.8102890221296919,0.8665957480003489,0.7900791788263133,0,0.841117335443802,0.7881883839764324,0.7853363758742842,0.8224220516237805,0.816933449647279,0.8082878121012961,0.8078456292775864,0.7746899320177679,0.8297812904977607,0.8364444568764215,0.8221565709592202,0.6716463391443769,0.8012146909039352,0.8223572297529452,0.7593475321999098
Pashto,0.7816481588130509,0.7643525899186076,0.7133949393596422,0.8258598502310807,0.770037347049727,0.8210452204990892,0.8615733554014569,0.7997915536272728,0.8151546532533339,0.8318684889630424,0.8307033311477435,0.8652824343606195,0.805315374775083,0.773807164485179,0.8328458743203813,0.821763766516046,0.8452925437763738,0.8404026935423614,0.7780836310029161,0.8114238768263563,0.7891870938435244,0.8126712869503309,0.7174215101097053,0.7978753517089611,0.8314207505857266,0.7426808591535304,0.841117335443802,0,0.7167328048114378,0.7957840371847488,0.8160707785454823,0.8019403998951543,0.789008725093168,0.8021700234668697,0.7096819245410434,0.820561136938694,0.8175499685945665,0.8391813174858188,0.8136092829285777,0.7802553230800743,0.7914843813642997,0.7539817470679894
Persian,0.7540376934106153,0.7750914459279865,0.7685055331098127,0.8113189565096621,0.8283561031402972,0.828255283514424,0.821726698159574,0.8237245391570088,0.8324381491593587,0.7986932560211469,0.808520628129702,0.8545769400460815,0.7923767614343944,0.7441929941471831,0.8256169677847855,0.818650656260278,0.8519082779542887,0.8594818979472378,0.7698657438986722,0.7689950888550269,0.8517026364804774,0.8472950176678222,0.7965070896710423,0.8210847552920367,0.8205025143169137,0.8109979925406783,0.7881883839764324,0.7167328048114378,0,0.8567206090601812,0.802783614591295,0.8196700186667821,0.820427124250354,0.8167563111311112,0.7827117068146143,0.8085037274317108,0.8223978119687475,0.8331583490976787,0.8062465969764202,0.8093560519845497,0.7850213223673814,0.8162294625534423
Polish,0.7944704089234415,0.8166899014585981,0.835492102385579,0.8134622367311507,0.7376818852208126,0.7541109632271046,0.8337507695823462,0.750595852702608,0.7520797428611491,0.7980376702316848,0.8319391339825744,0.8600843978225434,0.7966830969243305,0.7947591423683025,0.8445676431371019,0.827155694260122,0.8511235418124418,0.8584800086083555,0.826513084722035,0.799143573565831,0.8590936359651911,0.8207345950643897,0.7998418641902268,0.7491031400550376,0.8280001027557501,0.8213469044005296,0.7853363758742842,0.7957840371847488,0.8567206090601812,0,0.8102820669234186,0.828587469523968,0.7472518208771023,0.7222416754838628,0.8140335897485932,0.6684944193129004,0.7575078038287341,0.8435314618787146,0.8183663336927723,0.7276851680713601,0.8152179558230966,0.8530305305239066
Portuguese,0.8092418390583904,0.8127117736430283,0.7825766479099515,0.8271879496949792,0.7968062967329025,0.8313976850289887,0.7372990327446521,0.8346088674124291,0.8419715711702853,0.8385540666854768,0.817765118457883,0.8489741622974848,0.7955996120782021,0.6674920227349226,0.8558483138534329,0.8280936525219144,0.8627626497230115,0.8706740342865957,0.8203618783994492,0.8031173713453001,0.7452531232771612,0.8470671697834005,0.7567737898682317,0.8102157503932911,0.8426117100294238,0.8048487758475882,0.8224220516237805,0.8160707785454823,0.802783614591295,0.8102820669234186,0,0.7966118305211406,0.8230953656172378,0.813273124177287,0.7953256632099855,0.8223573685252523,0.8260294459492373,0.6679128383272109,0.8417973527604066,0.8011891330389458,0.8161074174546117,0.7854927764484356
Romanian,0.8114315201319733,0.8261179861751553,0.7761504268214544,0.8285230456951286,0.7988965754705473,0.8329913458654296,0.7864975848577833,0.8203992189112371,0.834844544743434,0.8262936515862994,0.8399689855114967,0.8629726998825519,0.774607341755484,0.7574303717500835,0.842478588963726,0.8270639183539493,0.8617276552920456,0.8346031736423755,0.8164401070801943,0.8203967163016183,0.7285959992587158,0.8456462311560015,0.7572096724445792,0.8212158354688827,0.8419095602612966,0.7994318213916256,0.816933449647279,0.8019403998951543,0.8196700186667821,0.828587469523968,0.7966118305211406,0,0.825530647242853,0.8199125566115313,0.7867224043033072,0.8317182816567883,0.8376380977366299,0.8131937602907894,0.8327870392768701,0.8222190547653222,0.8192420722203174,0.7809336886247493
Russian,0.7894799266577787,0.8248732491224465,0.7944982051056,0.8320386945547352,0.6783305750932768,0.7392960745002516,0.8438275339145134,0.7330477844756388,0.7571077951928392,0.8082329221551707,0.8348200920558442,0.8598248841295512,0.7999185700372967,0.7866060574154259,0.8573142385027829,0.8420049281881212,0.8685059563297273,0.8687974887574456,0.806758815993783,0.8158393050865913,0.8229386156280337,0.8131925139668342,0.7516764433956985,0.6895885275886451,0.8347196177975318,0.8202060689066182,0.8082878121012961,0.789008725093168,0.820427124250354,0.7472518208771023,0.8230953656172378,0.825530647242853,0,0.6772811574587169,0.7872235143703142,0.7210886243350556,0.7635544100026282,0.8567122699716317,0.8229692578673259,0.6459390520652558,0.8323723933724525,0.8129940087950753
Serbian,0.7887147142000228,0.8251698866086176,0.7848359000545315,0.8272698129088285,0.5147876903188205,0.6976268093718027,0.8385793487001366,0.5884883036489067,0.7267938337215325,0.8215879570585417,0.8259273250829268,0.8509651976510202,0.800635488761491,0.7804624794673983,0.8481453510399114,0.8324459515904903,0.8593104041432778,0.8668727555546694,0.807927489624051,0.8161089064629105,0.799929060161352,0.8180314608319267,0.7213758784736406,0.5780338138320772,0.8336026528826578,0.8127160900953527,0.8078456292775864,0.8021700234668697,0.8167563111311112,0.7222416754838628,0.813273124177287,0.8199125566115313,0.6772811574587169,0,0.803474718126087,0.6915819596957001,0.6929551302667541,0.8288668545419563,0.823490148112014,0.6626168940805826,0.8192156222399205,0.7902752604298585
Sinhala,0.7423769729779944,0.6886798539558763,0.732230719494788,0.781144703415908,0.7998515780624083,0.8116131598720583,0.8218430574093698,0.802746239283081,0.8137638678425652,0.7658222769571096,0.8035112609213771,0.864287608187249,0.7558419092012659,0.7104045163758866,0.8095514787699856,0.7941323573360718,0.8221213795904839,0.8232813903867402,0.7389586164127574,0.7478784092968496,0.8260765325795898,0.8116101369608397,0.7490795244129391,0.7851153133249639,0.7907935010138416,0.7364902204774052,0.7746899320177679,0.7096819245410434,0.7827117068146143,0.8140335897485932,0.7953256632099855,0.7867224043033072,0.7872235143703142,0.803474718126087,0,0.7936053444126046,0.8139207768585718,0.813206225784884,0.7765531193423887,0.7814358498984034,0.7788750047504643,0.7903728056767888
Slovak,0.8207228555095001,0.8322289233147248,0.7766479051732917,0.8378201584541396,0.681873300654362,0.7529208458784948,0.8557377107450092,0.704658418563642,0.668246420060686,0.8414730854790679,0.8382871598664384,0.8642448098620579,0.8364212622938887,0.8133976874720997,0.8618396883588227,0.8483757483515925,0.8816072378849549,0.875020640224816,0.8281510885626826,0.8410449539274735,0.7996596455502688,0.8123255744557423,0.739076280579377,0.719188613729553,0.857661507317853,0.7967963219540249,0.8297812904977607,0.820561136938694,0.8085037274317108,0.6684944193129004,0.8223573685252523,0.8317182816567883,0.7210886243350556,0.6915819596957001,0.7936053444126046,0,0.7333636986041892,0.8447426202575301,0.84248310705753,0.7037501546306267,0.8266296125329549,0.7817294584465398
Slovenian,0.8204969669304,0.8467104914629072,0.7953143253682244,0.8641803471382972,0.7023056162506939,0.7473481932214935,0.86053387058242,0.6790386800672596,0.753151227861072,0.8440402092490938,0.8284983761578848,0.8762195209073851,0.8157009106289532,0.8164640027155716,0.846830878217775,0.84746149971343,0.8816157239479852,0.8765866320585197,0.8247669816742392,0.8358827816228295,0.8091968151404639,0.8384687742307293,0.749606768960878,0.7332473224715061,0.8629771641501901,0.828433458496541,0.8364444568764215,0.8175499685945665,0.8223978119687475,0.7575078038287341,0.8260294459492373,0.8376380977366299,0.7635544100026282,0.6929551302667541,0.8139207768585718,0.7333636986041892,0,0.8469897039301496,0.8518609479393412,0.7561606750584584,0.8441242993007472,0.7971720070491815
Spanish,0.8413028836693168,0.85682520190943,0.8174102398360881,0.8450899492981689,0.8234179227920083,0.8373108715058434,0.7300991822037216,0.8328654883155768,0.8487003878850672,0.8572726768521151,0.8358143755716231,0.8851265955230656,0.8032182149351508,0.638349647197136,0.8670610624313442,0.8178533307479305,0.8668707191129201,0.8662523293308929,0.8437103633921679,0.8098276420178108,0.7328420572416945,0.8926789047332897,0.7850595505609912,0.8229707855289143,0.837936149055743,0.8488881958668799,0.8221565709592202,0.8391813174858188,0.8331583490976787,0.8435314618787146,0.6679128383272109,0.8131937602907894,0.8567122699716317,0.8288668545419563,0.813206225784884,0.8447426202575301,0.8469897039301496,0,0.8691610037998464,0.8191898061857503,0.8310767021623781,0.801299927481152
Swedish,0.7623361545013243,0.8292585971832146,0.7608279381449322,0.8508550929725205,0.8051102033818578,0.8437762450021521,0.8512699808838352,0.8373749567081038,0.8453344814526075,0.7586338791071393,0.796156754488513,0.8528368007039405,0.8249514274612841,0.7993941547405355,0.809564721947681,0.8505316036252781,0.8862248465880669,0.8681059901072664,0.7328750656186975,0.8259859048416357,0.8163245551803205,0.8455865127521113,0.7412493283253613,0.8197189214143538,0.8715933421707104,0.8142981562307952,0.6716463391443769,0.8136092829285777,0.8062465969764202,0.8183663336927723,0.8417973527604066,0.8327870392768701,0.8229692578673259,0.823490148112014,0.7765531193423887,0.84248310705753,0.8518609479393412,0.8691610037998464,0,0.8244708462670315,0.8350548301272667,0.7934365201772938
Ukrainian,0.7782859667201099,0.8135960989244043,0.7899079791621992,0.8108604558359499,0.6803929700949792,0.7348813708767065,0.8228007546804967,0.7042247428733278,0.7294090640865882,0.7905102169389574,0.8192262277508491,0.8567263315267099,0.7765532776328222,0.7668326868595369,0.8396809928359327,0.8230291625646788,0.8472743034056348,0.8576168607405589,0.7970029230126987,0.8007467321941353,0.804871038443593,0.8314649721525167,0.7474724432966774,0.6741946155602236,0.8196719685545741,0.8145241382281161,0.8012146909039352,0.7802553230800743,0.8093560519845497,0.7276851680713601,0.8011891330389458,0.8222190547653222,0.6459390520652558,0.6626168940805826,0.7814358498984034,0.7037501546306267,0.7561606750584584,0.8191898061857503,0.8244708462670315,0,0.8136928503512829,0.7967528282561366
Urdu,0.8259645551312874,0.8190530509333835,0.7696405336002389,0.7416803233034123,0.7968875697746959,0.8286388537415905,0.8440299051541584,0.8245378780667321,0.8273773044685007,0.8422559047487204,0.8416995326380529,0.87128357624804,0.8223881608367349,0.803678795609148,0.8483108502071866,0.8200212348455225,0.7713192869522133,0.6710926417463272,0.8188366415395675,0.8169942082253222,0.8009649258716777,0.8464515547481758,0.7421442236846599,0.8180145608828071,0.7727119921459458,0.7209489721199706,0.8223572297529452,0.7914843813642997,0.7850213223673814,0.8152179558230966,0.8161074174546117,0.8192420722203174,0.8323723933724525,0.8192156222399205,0.7788750047504643,0.8266296125329549,0.8441242993007472,0.8310767021623781,0.8350548301272667,0.8136928503512829,0,0.779365442038744
Welsh,0.7585984201073181,0.7987298728506206,0.817707824284477,0.7879072447477055,0.8305360884526569,0.76754444350031,0.784747724931028,0.7827129184292689,0.7928082989728686,0.7448005213363904,0.7981138093680669,0.8096772938655623,0.7419078902542845,0.7390204148022602,0.8062224478246699,0.7786397071515325,0.8230369358676571,0.8276120058673339,0.7895231179077743,0.730835633894035,0.7777789863005271,0.8617334552668532,0.8367151964949955,0.7867516718589946,0.7848038237627339,0.807606995669258,0.7593475321999098,0.7539817470679894,0.8162294625534423,0.8530305305239066,0.7854927764484356,0.7809336886247493,0.8129940087950753,0.7902752604298585,0.7903728056767888,0.7817294584465398,0.7971720070491815,0.801299927481152,0.7934365201772938,0.7967528282561366,0.779365442038744,0
