,Afrikaans,Albanian,Armenian,Bengali,Bosnian,Bulgarian,Catalan,Croatian,Czech,Danish,Dutch,English,French,Galician,German,Greek,Gujarati,Hindi,Icelandic,Irish,Italian,Latvian,Lithuanian,Macedonian,Marathi,Nepali,Norwegian,Pashto,Persian,Polish,Portuguese,Romanian,Russian,Serbian,Sinhala,Slovak,Slovenian,Spanish,Swedish,Ukrainian,Urdu,Welsh
Afrikaans,0,0.26608675383302083,0.2442672537638129,0.2752979704348544,0.24844223661671705,0.27205997767511114,0.2788633496979949,0.2662615759531057,0.26645533968889434,0.279065206339763,0.23143867724492348,0.25679847292179514,0.28148532286862804,0.279221258649712,0.2599888872806463,0.2758295953145683,0.27510238809748605,0.27292914988670786,0.25342615140894387,0.29119691185769936,0.2551404763979254,0.25277251645013427,0.23081932471590444,0.263458739488608,0.282619468375597,0.2582842135239881,0.27360998422852356,0.27653832343426815,0.25449480719944245,0.2519028800032036,0.26819195811809937,0.2698501816405091,0.2593590282001761,0.26247795299146487,0.2592362609746845,0.275756446933473,0.2771534045947004,0.2714269200214343,0.258379212392657,0.2577622933874761,0.27288636083876167,0.24667741672331484
Albanian,0.26608675383302083,0,0.2321331288937776,0.2626186461578464,0.23968593934791732,0.25983885614029295,0.2677869999165967,0.25416204639035134,0.25829140948339935,0.2803484224443436,0.25841988014821693,0.25874495059746644,0.2697687176422481,0.2680112727919435,0.2617446747128459,0.26329585794475546,0.2646126168641708,0.2608890686949631,0.2534945843587054,0.2800671925938893,0.2433085353760961,0.24547836825668534,0.22367552646111571,0.25191884914088597,0.26963087207489184,0.24879425991831805,0.27691705200895955,0.2658796422477438,0.24412029275990857,0.2426359183714644,0.256897808373953,0.25893018676603485,0.24934766496611113,0.2535849075984739,0.24520615513283653,0.26534043220655973,0.26626164273084924,0.25909126661033255,0.2610306423576895,0.24850345630483692,0.2606614982516818,0.23676343533562375
Armenian,0.2442672537638129,0.2321331288937776,0,0.24388540392845115,0.21983154745404226,0.24032894733195823,0.2480012720414269,0.23566030290150722,0.2370964828291974,0.2559857190965128,0.23861662695066768,0.23778269981863406,0.24986638139304043,0.24802753598822685,0.2396481374055304,0.24181759036183237,0.2452693393850109,0.24201749971421246,0.22957637959535124,0.25634603107632975,0.22567012350968715,0.22265870310149524,0.20317165781053934,0.23269580080485203,0.24958585180687445,0.23116866708790904,0.25217781694511265,0.24345908204972447,0.2216025558111865,0.224591653526601,0.2385453779487042,0.239798495842826,0.229868548243392,0.23265992067879257,0.22656093482193607,0.24444325254657884,0.24614269557153468,0.24185937669785934,0.23751010467005765,0.22994085214540042,0.24077319767856215,0.2178391067366597
Bengali,0.2752979704348544,0.2626186461578464,0.24388540392845115,0,0.2439857331473556,0.2605070983287352,0.2692456587138654,0.25789065903648106,0.2580876567316497,0.2807429975223613,0.26133486114876553,0.25981442231009777,0.27149380272168905,0.27136512193162343,0.26123812426633447,0.26374789368105045,0.24776245675282396,0.2455395519067639,0.2601654540361667,0.28515487465000766,0.2424709755433031,0.247869327949022,0.22613178063411804,0.254807955151819,0.2567652530684896,0.23399137742900047,0.28078408159905605,0.2684421361443992,0.248508374098314,0.24101217607902414,0.2610640031104503,0.2601722517473222,0.25251810815772513,0.2561742501313629,0.2484689176003216,0.2673227299067499,0.2660689638703926,0.25974548134065495,0.2612854442969965,0.2506988412731381,0.24707703950632484,0.2391324997913486
Bosnian,0.24844223661671705,0.23968593934791732,0.21983154745404226,0.2439857331473556,0,0.22659387085154678,0.24896818560155856,0.20506708132391713,0.22799124496200926,0.2592748700024105,0.24143145498226598,0.24144041040757827,0.25142761418676535,0.2506561484530134,0.2427423244337595,0.24638269067137514,0.2478629513003239,0.24484981975557324,0.23668961578087477,0.26459369732118726,0.2233098670224397,0.22132085677359556,0.20389485008651276,0.20607731860769993,0.2528913754350874,0.23232693048736242,0.2572253068098174,0.24961063394770686,0.2283673433886968,0.2107579838352456,0.23985114378496056,0.23927138255392863,0.20979445372530486,0.1869616546214864,0.23290748170260742,0.22929699721027835,0.2336155673379708,0.24164397112865638,0.24190256386930795,0.2091770260391088,0.24307419512456468,0.2209435834079296
Bulgarian,0.27205997767511114,0.25983885614029295,0.24032894733195823,0.2605070983287352,0.22659387085154678,0,0.26499751101490354,0.22883054939638073,0.24200554347041642,0.2764515613190629,0.25938385526915475,0.2548492630749318,0.2719498051920268,0.26733296085561814,0.260824799024989,0.2634636847644784,0.26051634665745205,0.25773505914115175,0.2565035228538739,0.2827351278007768,0.2384987547656663,0.24527834036969498,0.22028549314893653,0.22698670085777578,0.26533168200685764,0.2507169604641959,0.27578158777702994,0.26838179139190993,0.24604552798831378,0.23183690741415489,0.25894920528904747,0.25668050140449633,0.23838636469334015,0.2352273715793989,0.24935624913740712,0.24847667101487464,0.2517319397653261,0.2554412198901009,0.25725326794800707,0.23659493463203887,0.25996016152675405,0.23490805104601029
Catalan,0.2788633496979949,0.2677869999165967,0.2480012720414269,0.2692456587138654,0.24896818560155856,0.26499751101490354,0,0.2591989536181317,0.2628226638909525,0.2828161988550653,0.26304578875856793,0.2605758992948164,0.2704870799774679,0.25828961882724777,0.26568891653700905,0.26823262325874164,0.26925196840332694,0.26609967855135525,0.2649152473160549,0.2874886598848556,0.23798952348740718,0.25275157395485764,0.2281661386363039,0.25866429742071584,0.27425561872737364,0.259239907231275,0.2811289985664196,0.2759253565461773,0.2555943872637933,0.24646664679115712,0.2479297787948084,0.2543262486601383,0.25690576531962106,0.2597777417206167,0.2587161548665384,0.27026780626358743,0.2700053686027276,0.24485436917891812,0.2644240992274475,0.2553579153985608,0.26710757551541636,0.24375447864375238
Croatian,0.2662615759531057,0.25416204639035134,0.23566030290150722,0.25789065903648106,0.20506708132391713,0.22883054939638073,0.2591989536181317,0,0.23781417215580206,0.2721333778094095,0.2531566930546277,0.2517054984698754,0.26587067770268,0.2632608275474157,0.2553692364532178,0.2572518733529427,0.25768839415774614,0.2557455658420798,0.25094215839766254,0.27758245759719063,0.2354064278922765,0.23981110641395811,0.2163581921545864,0.22387814718658788,0.26309016906332555,0.24729508245977405,0.2708025203894126,0.2622186887747686,0.24105500188577936,0.22233517687901289,0.2534904739359886,0.2502616146427794,0.23038643506100462,0.2105914898362858,0.24528185863874966,0.23748223732021306,0.2378183081610768,0.25121422749284067,0.25378522966451006,0.22619830874194885,0.25482986663781626,0.23305859808750323
Czech,0.26645533968889434,0.25829140948339935,0.2370964828291974,0.2580876567316497,0.22799124496200926,0.24200554347041642,0.2628226638909525,0.23781417215580206,0,0.27105719418089164,0.25447043925294677,0.25287216848153443,0.2677194741793511,0.264115295953281,0.25739784171302565,0.26098999040511006,0.25991688653861805,0.2580554269321234,0.25265329251786944,0.27763756337881956,0.23969499128772098,0.24074391720196553,0.22119105740432285,0.239029096964429,0.26622344958724575,0.24480072579268172,0.27119048755471653,0.2641209401731333,0.24227901541910332,0.22382825535871784,0.256814347162609,0.2535346994339506,0.23342580568528992,0.23572525348700737,0.24703998281785128,0.23274181702027874,0.24954541827020119,0.25341474676481185,0.2548591826853018,0.2318166698422604,0.25771075543046934,0.23419344121810648
Danish,0.279065206339763,0.2803484224443436,0.2559857190965128,0.2807429975223613,0.2592748700024105,0.2764515613190629,0.2828161988550653,0.2721333778094095,0.27105719418089164,0,0.2657980745763594,0.2596983858543265,0.287978621525566,0.28495825818457216,0.2635394277017431,0.2812723490517598,0.27794354015823086,0.2767330431526433,0.2613526471960036,0.2956846745273893,0.25608337860095515,0.2650004052460624,0.23675314774922035,0.27243235846768227,0.2842306430650589,0.2655909741840561,0.27350580854228024,0.28502033636570523,0.262489126822785,0.25669444383535023,0.27498705045412475,0.27302174698231707,0.2701495816652048,0.2729097901464055,0.2672073074929066,0.2811027642451505,0.280890815866172,0.2738109662862564,0.25914213861517704,0.26814950159817375,0.27710296240439314,0.24875698267860705
Dutch,0.23143867724492348,0.25841988014821693,0.23861662695066768,0.26133486114876553,0.24143145498226598,0.25938385526915475,0.26304578875856793,0.2531566930546277,0.25447043925294677,0.2657980745763594,0,0.24106701398894653,0.27056615526651645,0.2683866058398025,0.2409321318058303,0.2619886775740867,0.25973140800868955,0.25720646572613576,0.24615038480305912,0.2799562824288438,0.24333770252840842,0.24216446746627118,0.22042919600530533,0.2515441464774524,0.2656799061585938,0.25108837713723403,0.26365040829712605,0.26749023548210643,0.2437165863694084,0.24025680242552439,0.25643488537451936,0.2549939997036908,0.24879923742622342,0.2522042479797795,0.24950533074491338,0.2628927539979269,0.26120905719258264,0.25655140619727146,0.24615853921878075,0.24736477494126224,0.25950865542198354,0.23672397194095926
English,0.25679847292179514,0.25874495059746644,0.23778269981863406,0.25981442231009777,0.24144041040757827,0.2548492630749318,0.2605758992948164,0.2517054984698754,0.25287216848153443,0.2596983858543265,0.24106701398894653,0,0.267127879040591,0.2669507109516779,0.2461912816698179,0.2622068224499955,0.25688823384182624,0.25778619042415163,0.24988393635831155,0.2724198286156961,0.23890336071246007,0.24234838768529135,0.22048566385328366,0.25253803769076366,0.26371225148544897,0.24929475398267997,0.26063582668798335,0.26593429726369794,0.24419366054771444,0.23917157398393185,0.2548616386092117,0.2549297243835512,0.24928727671990572,0.25141645221222986,0.2503086312686751,0.25926063661277343,0.2626574785057557,0.25454835609062393,0.24608581604726765,0.247455321960023,0.2582674131894345,0.2302664693562331
French,0.28148532286862804,0.2697687176422481,0.24986638139304043,0.27149380272168905,0.25142761418676535,0.2719498051920268,0.2704870799774679,0.26587067770268,0.2677194741793511,0.287978621525566,0.27056615526651645,0.267127879040591,0,0.2734373049404064,0.27061187828613087,0.27499716040586575,0.2733236736909295,0.27206950357380644,0.2692939241331744,0.2917194138978646,0.2447173903553743,0.25610609874103174,0.2327771861874706,0.2650554443846566,0.27827697462068895,0.25959320517585466,0.28884850593075695,0.27829076936014757,0.25817898018654606,0.2508388171582656,0.26309037435178656,0.2640154576693685,0.262078838041784,0.26462778932711917,0.26241194581247435,0.2752831964895409,0.27377652829475596,0.26310284555633084,0.2704436598891235,0.25980815231103715,0.271495545866307,0.24514298648425958
Galician,0.279221258649712,0.2680112727919435,0.24802753598822685,0.27136512193162343,0.2506561484530134,0.26733296085561814,0.25828961882724777,0.2632608275474157,0.264115295953281,0.28495825818457216,0.2683866058398025,0.2669507109516779,0.2734373049404064,0,0.27140441070123456,0.2728008033515387,0.27225128584077296,0.27048494938676076,0.26421535558779635,0.2899601101572666,0.23602282272776204,0.2562641290451589,0.2311640407927975,0.2623620288788112,0.27844049183884273,0.25908089150976826,0.2877336728561524,0.27816003151946056,0.25437704252796534,0.25091928827408966,0.2397816598380421,0.2616544238084713,0.25978790508954247,0.2626332330104436,0.25819773801757573,0.27335228523209404,0.27323831131602866,0.2302070021739047,0.26733164745510174,0.2584011532059142,0.2710817379213826,0.24167352078211707
German,0.2599888872806463,0.2617446747128459,0.2396481374055304,0.26123812426633447,0.2427423244337595,0.260824799024989,0.26568891653700905,0.2553692364532178,0.25739784171302565,0.2635394277017431,0.2409321318058303,0.2461912816698179,0.27061187828613087,0.27140441070123456,0,0.26105742259623566,0.26316768378979727,0.26005337592360916,0.24904038538704162,0.28009599075221936,0.24248481419699242,0.24257439837936665,0.22358959626298353,0.2545305784020646,0.26928161738988887,0.2513177001184359,0.26844094998413803,0.27020744680300024,0.2463875340471452,0.242077554686727,0.2621110683870045,0.2555553359856425,0.25198300136571977,0.2548337648248216,0.25283671353932263,0.26520261268396883,0.2634693766974841,0.2604100893364344,0.24674568973382435,0.2502447239700676,0.26039002303448266,0.23741536078358896
Greek,0.2758295953145683,0.26329585794475546,0.24181759036183237,0.26374789368105045,0.24638269067137514,0.2634636847644784,0.26823262325874164,0.2572518733529427,0.26098999040511006,0.2812723490517598,0.2619886775740867,0.2622068224499955,0.27499716040586575,0.2728008033515387,0.26105742259623566,0,0.264629400630598,0.2633942772678445,0.2577385625934146,0.2866186806532446,0.24520962155998105,0.24739044394343418,0.2230388644967504,0.25821729312331854,0.2729009531174531,0.2529053210487048,0.28090345485361706,0.2694743819095301,0.24984328694417318,0.24537016374594364,0.2618695548247202,0.25901709127526584,0.25494527914650295,0.2582266047047463,0.2513620194972486,0.2686212145062231,0.2674039422778151,0.25947168050194025,0.26272194928217146,0.2523361055579096,0.26272675937059153,0.23884851148563924
Gujarati,0.27510238809748605,0.2646126168641708,0.2452693393850109,0.24776245675282396,0.2478629513003239,0.26051634665745205,0.26925196840332694,0.25768839415774614,0.25991688653861805,0.27794354015823086,0.25973140800868955,0.25688823384182624,0.2733236736909295,0.27225128584077296,0.26316768378979727,0.264629400630598,0,0.2279530829328805,0.26226265514233554,0.2849595180978683,0.2460196274321973,0.2511566293063102,0.22638496752907902,0.2565153410086573,0.2301559196722305,0.24158153661823104,0.2790664593283668,0.26779467027362547,0.25033723296307936,0.24458059067811774,0.26310071558844195,0.2610898911420256,0.25677653618249346,0.25803432989573766,0.2525798514129635,0.2684821998080651,0.2649019768934312,0.25921079583718987,0.2620686576346585,0.2539129739161275,0.24810618975808774,0.2394703973180835
Hindi,0.27292914988670786,0.2608890686949631,0.24201749971421246,0.2455395519067639,0.24484981975557324,0.25773505914115175,0.26609967855135525,0.2557455658420798,0.2580554269321234,0.2767330431526433,0.25720646572613576,0.25778619042415163,0.27206950357380644,0.27048494938676076,0.26005337592360916,0.2633942772678445,0.2279530829328805,0,0.26001103884677235,0.2815229169410998,0.24432864821655575,0.2500517256381636,0.22433872645976355,0.2535531215786945,0.24013021260394354,0.23873503765265117,0.2760556784606437,0.2642322767522319,0.24584698852243841,0.24376942761874995,0.26032965558639515,0.25674151118103655,0.2538042751454627,0.25644531127804815,0.24928012565683352,0.2641846355301753,0.2633051261084956,0.2561104143514455,0.25810056882480403,0.25084372158081836,0.23539463933089957,0.23998648534355113
Icelandic,0.25342615140894387,0.2534945843587054,0.22957637959535124,0.2601654540361667,0.23668961578087477,0.2565035228538739,0.2649152473160549,0.25094215839766254,0.25265329251786944,0.2613526471960036,0.24615038480305912,0.24988393635831155,0.2692939241331744,0.26421535558779635,0.24904038538704162,0.2577385625934146,0.26226265514233554,0.26001103884677235,0,0.27751933906897847,0.2412353034432586,0.23774782259267796,0.21513548090592888,0.24921515067746025,0.2664391320283873,0.2482655237898326,0.2614081123329762,0.26414420188744564,0.23889381227107293,0.2393067597063266,0.25597323397200855,0.25500331130443754,0.2442685173660469,0.24819722563665134,0.24457240913366485,0.2615052663258035,0.26442049521936295,0.2585219887273342,0.2417679013899191,0.24383705898205246,0.2588528700158441,0.23207964916921345
Irish,0.29119691185769936,0.2800671925938893,0.25634603107632975,0.28515487465000766,0.26459369732118726,0.2827351278007768,0.2874886598848556,0.27758245759719063,0.27763756337881956,0.2956846745273893,0.2799562824288438,0.2724198286156961,0.2917194138978646,0.2899601101572666,0.28009599075221936,0.2866186806532446,0.2849595180978683,0.2815229169410998,0.27751933906897847,0,0.26360707045557974,0.2673459268941448,0.24022862277222298,0.2749214346881619,0.2908226625683465,0.26967532605900063,0.2953058899520761,0.28797247516073704,0.2655873955798541,0.2616853709174616,0.27867789772728724,0.27888948024887805,0.27396547795273024,0.2777524846151554,0.2706593907987951,0.2867475772300815,0.28491317627900237,0.2783787589316399,0.27657632312720276,0.27057632273096904,0.28262612309201635,0.25053903270471684
Italian,0.2551404763979254,0.2433085353760961,0.22567012350968715,0.2424709755433031,0.2233098670224397,0.2384987547656663,0.23798952348740718,0.2354064278922765,0.23969499128772098,0.25608337860095515,0.24333770252840842,0.23890336071246007,0.2447173903553743,0.23602282272776204,0.24248481419699242,0.24520962155998105,0.2460196274321973,0.24432864821655575,0.2412353034432586,0.26360707045557974,0,0.22974236543683116,0.2081728811976418,0.23494875232444268,0.25064434446544015,0.2327290108463988,0.2588644500567531,0.250051233673344,0.2317250636734106,0.22439728053764563,0.22948500497642635,0.23047445589818627,0.23316457558750547,0.23500311986436379,0.2347369239302265,0.24524777359122416,0.24504847227402843,0.2263124887016204,0.2417044348305546,0.2320207726981375,0.2434631019856106,0.21591096464017936
Latvian,0.25277251645013427,0.24547836825668534,0.22265870310149524,0.247869327949022,0.22132085677359556,0.24527834036969498,0.25275157395485764,0.23981110641395811,0.24074391720196553,0.2650004052460624,0.24216446746627118,0.24234838768529135,0.25610609874103174,0.2562641290451589,0.24257439837936665,0.24739044394343418,0.2511566293063102,0.2500517256381636,0.23774782259267796,0.2673459268941448,0.22974236543683116,0,0.19330584459505074,0.2348077097014195,0.2552806881246166,0.23995984378964863,0.26032451499432385,0.25564862393845034,0.2338498676489923,0.22123536762015975,0.2431773445040066,0.243641158026745,0.22789664746745056,0.23286117525232186,0.23847913732221523,0.2445681413692385,0.24822147744051382,0.24830982569617827,0.24610232912054916,0.23063405552464938,0.2474196339771926,0.22448921978054603
Lithuanian,0.23081932471590444,0.22367552646111571,0.20317165781053934,0.22613178063411804,0.20389485008651276,0.22028549314893653,0.2281661386363039,0.2163581921545864,0.22119105740432285,0.23675314774922035,0.22042919600530533,0.22048566385328366,0.2327771861874706,0.2311640407927975,0.22358959626298353,0.2230388644967504,0.22638496752907902,0.22433872645976355,0.21513548090592888,0.24022862277222298,0.2081728811976418,0.19330584459505074,0,0.2143924798719741,0.2306905840222122,0.2177058612191013,0.2336420899658443,0.22911031952207064,0.21152983407455014,0.20445895302417366,0.22390735765130784,0.21970880136104332,0.21081090967902247,0.2134981106544704,0.21476111643271611,0.22438523992336076,0.22419854294668937,0.22270870856051497,0.22146338393218476,0.21071621613632388,0.22482344820183367,0.2051359536060068
Macedonian,0.263458739488608,0.25191884914088597,0.23269580080485203,0.254807955151819,0.20607731860769993,0.22698670085777578,0.25866429742071584,0.22387814718658788,0.239029096964429,0.27243235846768227,0.2515441464774524,0.25253803769076366,0.2650554443846566,0.2623620288788112,0.2545305784020646,0.25821729312331854,0.2565153410086573,0.2535531215786945,0.24921515067746025,0.2749214346881619,0.23494875232444268,0.2348077097014195,0.2143924798719741,0,0.2620736120486447,0.24439212035368887,0.2699685945275711,0.2611494334819852,0.2391078557904988,0.22315199328913934,0.2512876976008547,0.2504061365499639,0.21982722230493848,0.2062320119729937,0.24324338679567664,0.24106123161166426,0.24721532685411968,0.25072746990527417,0.25187068931809936,0.21824950441765917,0.2531533768189657,0.23180363020324213
Marathi,0.282619468375597,0.26963087207489184,0.24958585180687445,0.2567652530684896,0.2528913754350874,0.26533168200685764,0.27425561872737364,0.26309016906332555,0.26622344958724575,0.2842306430650589,0.2656799061585938,0.26371225148544897,0.27827697462068895,0.27844049183884273,0.26928161738988887,0.2729009531174531,0.2301559196722305,0.24013021260394354,0.2664391320283873,0.2908226625683465,0.25064434446544015,0.2552806881246166,0.2306905840222122,0.2620736120486447,0,0.2511166494863844,0.2846886923348782,0.27526544457339,0.25526774683390374,0.24864320847389906,0.26609464288934787,0.2659120281244201,0.26035822503289174,0.26372216760405376,0.25795638766639134,0.27217459756742785,0.2725180521822687,0.2643936247588176,0.2681825215914005,0.2587042703720988,0.25776271969935993,0.24511375616528683
Nepali,0.2582842135239881,0.24879425991831805,0.23116866708790904,0.23399137742900047,0.23232693048736242,0.2507169604641959,0.259239907231275,0.24729508245977405,0.24480072579268172,0.2655909741840561,0.25108837713723403,0.24929475398267997,0.25959320517585466,0.25908089150976826,0.2513177001184359,0.2529053210487048,0.24158153661823104,0.23873503765265117,0.2482655237898326,0.26967532605900063,0.2327290108463988,0.23995984378964863,0.2177058612191013,0.24439212035368887,0.2511166494863844,0,0.26760847007292615,0.25492865035784473,0.2374014982300931,0.2333347781948865,0.24960096845453444,0.24964579835791795,0.24299202003532364,0.245916163594889,0.23796982576165585,0.25614817333750833,0.2549752828459846,0.24879656101592662,0.2493278723028114,0.2400357194057071,0.23908774810201075,0.22728693603548777
Norwegian,0.27360998422852356,0.27691705200895955,0.25217781694511265,0.28078408159905605,0.2572253068098174,0.27578158777702994,0.2811289985664196,0.2708025203894126,0.27119048755471653,0.27350580854228024,0.26365040829712605,0.26063582668798335,0.28884850593075695,0.2877336728561524,0.26844094998413803,0.28090345485361706,0.2790664593283668,0.2760556784606437,0.2614081123329762,0.2953058899520761,0.2588644500567531,0.26032451499432385,0.2336420899658443,0.2699685945275711,0.2846886923348782,0.26760847007292615,0,0.2869673479618454,0.26219380718994073,0.2554712045097791,0.27455901521997605,0.27269605337825953,0.26753759013696227,0.27050964072072975,0.26755049749754223,0.279555887751364,0.2797117715286972,0.2753019922892236,0.24947542216535074,0.2646664948764306,0.2777776510877593,0.2522568580892239
Pashto,0.27653832343426815,0.2658796422477438,0.24345908204972447,0.2684421361443992,0.24961063394770686,0.26838179139190993,0.2759253565461773,0.2622186887747686,0.2641209401731333,0.28502033636570523,0.26749023548210643,0.26593429726369794,0.27829076936014757,0.27816003151946056,0.27020744680300024,0.2694743819095301,0.26779467027362547,0.2642322767522319,0.26414420188744564,0.28797247516073704,0.250051233673344,0.25564862393845034,0.22911031952207064,0.2611494334819852,0.27526544457339,0.25492865035784473,0.2869673479618454,0,0.24324386449059124,0.24996008908688394,0.2666078754599428,0.2660271629774844,0.25858716559945205,0.2618031524599375,0.2542517806854395,0.27398841837607857,0.27252398152919927,0.26660506464007816,0.2668472626302012,0.257185145239849,0.2617099559356572,0.24264386843814417
Persian,0.25449480719944245,0.24412029275990857,0.2216025558111865,0.248508374098314,0.2283673433886968,0.24604552798831378,0.2555943872637933,0.24105500188577936,0.24227901541910332,0.262489126822785,0.2437165863694084,0.24419366054771444,0.25817898018654606,0.25437704252796534,0.2463875340471452,0.24984328694417318,0.25033723296307936,0.24584698852243841,0.23889381227107293,0.2655873955798541,0.2317250636734106,0.2338498676489923,0.21152983407455014,0.2391078557904988,0.25526774683390374,0.2374014982300931,0.26219380718994073,0.24324386449059124,0,0.23008783219102724,0.24695876294353591,0.24513568806838512,0.23718817754305208,0.24035397221260363,0.2356698782944837,0.2517334731699472,0.25210282364958686,0.24731260328992968,0.24412094808976945,0.2354382266536636,0.24244708949226032,0.22526533107178978
Polish,0.2519028800032036,0.2426359183714644,0.224591653526601,0.24101217607902414,0.2107579838352456,0.23183690741415489,0.24646664679115712,0.22233517687901289,0.22382825535871784,0.25669444383535023,0.24025680242552439,0.23917157398393185,0.2508388171582656,0.25091928827408966,0.242077554686727,0.24537016374594364,0.24458059067811774,0.24376942761874995,0.2393067597063266,0.2616853709174616,0.22439728053764563,0.22123536762015975,0.20445895302417366,0.22315199328913934,0.24864320847389906,0.2333347781948865,0.2554712045097791,0.24996008908688394,0.23008783219102724,0,0.23812822012020463,0.2367023582143211,0.21731951841549044,0.22131630540245614,0.23505547455307238,0.22291594949372845,0.2345844151054913,0.23981922354328442,0.24106247805490114,0.21389945354756743,0.24260317317044724,0.22130057735563866
Portuguese,0.26819195811809937,0.256897808373953,0.2385453779487042,0.2610640031104503,0.23985114378496056,0.25894920528904747,0.2479297787948084,0.2534904739359886,0.256814347162609,0.27498705045412475,0.25643488537451936,0.2548616386092117,0.26309037435178656,0.2397816598380421,0.2621110683870045,0.2618695548247202,0.26310071558844195,0.26032965558639515,0.25597323397200855,0.27867789772728724,0.22948500497642635,0.2431773445040066,0.22390735765130784,0.2512876976008547,0.26609464288934787,0.24960096845453444,0.27455901521997605,0.2666078754599428,0.24695876294353591,0.23812822012020463,0,0.25118219882920184,0.2470796135763781,0.2512758636817365,0.24913540687258456,0.260858189634374,0.26152815318279893,0.2315695925741546,0.25700307696291136,0.24683781062434046,0.25996018277690536,0.23444886331591874
Romanian,0.2698501816405091,0.25893018676603485,0.239798495842826,0.2601722517473222,0.23927138255392863,0.25668050140449633,0.2543262486601383,0.2502616146427794,0.2535346994339506,0.27302174698231707,0.2549939997036908,0.2549297243835512,0.2640154576693685,0.2616544238084713,0.2555553359856425,0.25901709127526584,0.2610898911420256,0.25674151118103655,0.25500331130443754,0.27888948024887805,0.23047445589818627,0.243641158026745,0.21970880136104332,0.2504061365499639,0.2659120281244201,0.24964579835791795,0.27269605337825953,0.2660271629774844,0.24513568806838512,0.2367023582143211,0.25118219882920184,0,0.24856972028515917,0.2511074893349761,0.251276986462861,0.26146765127125937,0.26030475212414306,0.25019896158946664,0.2561588586571717,0.24692447193943995,0.259596433837397,0.23479195479521422
Russian,0.2593590282001761,0.24934766496611113,0.229868548243392,0.25251810815772513,0.20979445372530486,0.23838636469334015,0.25690576531962106,0.23038643506100462,0.23342580568528992,0.2701495816652048,0.24879923742622342,0.24928727671990572,0.262078838041784,0.25978790508954247,0.25198300136571977,0.25494527914650295,0.25677653618249346,0.2538042751454627,0.2442685173660469,0.27396547795273024,0.23316457558750547,0.22789664746745056,0.21081090967902247,0.21982722230493848,0.26035822503289174,0.24299202003532364,0.26753759013696227,0.25858716559945205,0.23718817754305208,0.21731951841549044,0.2470796135763781,0.24856972028515917,0,0.21703978054260248,0.24210143306089266,0.23598023566032167,0.24769130073208828,0.2495728711358473,0.2501313118412232,0.20478117517091254,0.2531081137798992,0.22889505549468547
Serbian,0.26247795299146487,0.2535849075984739,0.23265992067879257,0.2561742501313629,0.1869616546214864,0.2352273715793989,0.2597777417206167,0.2105914898362858,0.23572525348700737,0.2729097901464055,0.2522042479797795,0.25141645221222986,0.26462778932711917,0.2626332330104436,0.2548337648248216,0.2582266047047463,0.25803432989573766,0.25644531127804815,0.24819722563665134,0.2777524846151554,0.23500311986436379,0.23286117525232186,0.2134981106544704,0.2062320119729937,0.26372216760405376,0.245916163594889,0.27050964072072975,0.2618031524599375,0.24035397221260363,0.22131630540245614,0.2512758636817365,0.2511074893349761,0.21703978054260248,0,0.24498469330742728,0.23706741771848536,0.24020659873319924,0.2526474797754162,0.25376678619592513,0.21578347342973653,0.2544119975441627,0.23205654378931054
Sinhala,0.2592362609746845,0.24520615513283653,0.22656093482193607,0.2484689176003216,0.23290748170260742,0.24935624913740712,0.2587161548665384,0.24528185863874966,0.24703998281785128,0.2672073074929066,0.24950533074491338,0.2503086312686751,0.26241194581247435,0.25819773801757573,0.25283671353932263,0.2513620194972486,0.2525798514129635,0.24928012565683352,0.24457240913366485,0.2706593907987951,0.2347369239302265,0.23847913732221523,0.21476111643271611,0.24324338679567664,0.25795638766639134,0.23796982576165585,0.26755049749754223,0.2542517806854395,0.2356698782944837,0.23505547455307238,0.24913540687258456,0.251276986462861,0.24210143306089266,0.24498469330742728,0,0.25536794338362645,0.25720590162855006,0.24856439145805637,0.2501601614858116,0.24048998403991126,0.2482183565965632,0.22811210152825803
Slovak,0.275756446933473,0.26534043220655973,0.24444325254657884,0.2673227299067499,0.22929699721027835,0.24847667101487464,0.27026780626358743,0.23748223732021306,0.23274181702027874,0.2811027642451505,0.2628927539979269,0.25926063661277343,0.2752831964895409,0.27335228523209404,0.26520261268396883,0.2686212145062231,0.2684821998080651,0.2641846355301753,0.2615052663258035,0.2867475772300815,0.24524777359122416,0.2445681413692385,0.22438523992336076,0.24106123161166426,0.27217459756742785,0.25614817333750833,0.279555887751364,0.27398841837607857,0.2517334731699472,0.22291594949372845,0.260858189634374,0.26146765127125937,0.23598023566032167,0.23706741771848536,0.25536794338362645,0,0.25518118415009367,0.2600151236584044,0.26266066479977773,0.23445221723106585,0.2655181592221516,0.24136506052095286
Slovenian,0.2771534045947004,0.26626164273084924,0.24614269557153468,0.2660689638703926,0.2336155673379708,0.2517319397653261,0.2700053686027276,0.2378183081610768,0.24954541827020119,0.280890815866172,0.26120905719258264,0.2626574785057557,0.27377652829475596,0.27323831131602866,0.2634693766974841,0.2674039422778151,0.2649019768934312,0.2633051261084956,0.26442049521936295,0.28491317627900237,0.24504847227402843,0.24822147744051382,0.22419854294668937,0.24721532685411968,0.2725180521822687,0.2549752828459846,0.2797117715286972,0.27252398152919927,0.25210282364958686,0.2345844151054913,0.26152815318279893,0.26030475212414306,0.24769130073208828,0.24020659873319924,0.25720590162855006,0.25518118415009367,0,0.2588256245983332,0.26474433049532464,0.2455756135386876,0.2636680937277954,0.2425032354272276
Spanish,0.2714269200214343,0.25909126661033255,0.24185937669785934,0.25974548134065495,0.24164397112865638,0.2554412198901009,0.24485436917891812,0.25121422749284067,0.25341474676481185,0.2738109662862564,0.25655140619727146,0.25454835609062393,0.26310284555633084,0.2302070021739047,0.2604100893364344,0.25947168050194025,0.25921079583718987,0.2561104143514455,0.2585219887273342,0.2783787589316399,0.2263124887016204,0.24830982569617827,0.22270870856051497,0.25072746990527417,0.2643936247588176,0.24879656101592662,0.2753019922892236,0.26660506464007816,0.24731260328992968,0.23981922354328442,0.2315695925741546,0.25019896158946664,0.2495728711358473,0.2526474797754162,0.24856439145805637,0.2600151236584044,0.2588256245983332,0,0.25828241838788996,0.24628817497331093,0.25819323836515756,0.23532677665667773
Swedish,0.258379212392657,0.2610306423576895,0.23751010467005765,0.2612854442969965,0.24190256386930795,0.25725326794800707,0.2644240992274475,0.25378522966451006,0.2548591826853018,0.25914213861517704,0.24615853921878075,0.24608581604726765,0.2704436598891235,0.26733164745510174,0.24674568973382435,0.26272194928217146,0.2620686576346585,0.25810056882480403,0.2417679013899191,0.27657632312720276,0.2417044348305546,0.24610232912054916,0.22146338393218476,0.25187068931809936,0.2681825215914005,0.2493278723028114,0.24947542216535074,0.2668472626302012,0.24412094808976945,0.24106247805490114,0.25700307696291136,0.2561588586571717,0.2501313118412232,0.25376678619592513,0.2501601614858116,0.26266066479977773,0.26474433049532464,0.25828241838788996,0,0.24762082404918306,0.2588971445094442,0.23424585432773795
Ukrainian,0.2577622933874761,0.24850345630483692,0.22994085214540042,0.2506988412731381,0.2091770260391088,0.23659493463203887,0.2553579153985608,0.22619830874194885,0.2318166698422604,0.26814950159817375,0.24736477494126224,0.247455321960023,0.25980815231103715,0.2584011532059142,0.2502447239700676,0.2523361055579096,0.2539129739161275,0.25084372158081836,0.24383705898205246,0.27057632273096904,0.2320207726981375,0.23063405552464938,0.21071621613632388,0.21824950441765917,0.2587042703720988,0.2400357194057071,0.2646664948764306,0.257185145239849,0.2354382266536636,0.21389945354756743,0.24683781062434046,0.24692447193943995,0.20478117517091254,0.21578347342973653,0.24048998403991126,0.23445221723106585,0.2455756135386876,0.24628817497331093,0.24762082404918306,0,0.25014485464136255,0.22786268382089636
Urdu,0.27288636083876167,0.2606614982516818,0.24077319767856215,0.24707703950632484,0.24307419512456468,0.25996016152675405,0.26710757551541636,0.25482986663781626,0.25771075543046934,0.27710296240439314,0.25950865542198354,0.2582674131894345,0.271495545866307,0.2710817379213826,0.26039002303448266,0.26272675937059153,0.24810618975808774,0.23539463933089957,0.2588528700158441,0.28262612309201635,0.2434631019856106,0.2474196339771926,0.22482344820183367,0.2531533768189657,0.25776271969935993,0.23908774810201075,0.2777776510877593,0.2617099559356572,0.24244708949226032,0.24260317317044724,0.25996018277690536,0.259596433837397,0.2531081137798992,0.2544119975441627,0.2482183565965632,0.2655181592221516,0.2636680937277954,0.25819323836515756,0.2588971445094442,0.25014485464136255,0,0.23722705532906546
Welsh,0.24667741672331484,0.23676343533562375,0.2178391067366597,0.2391324997913486,0.2209435834079296,0.23490805104601029,0.24375447864375238,0.23305859808750323,0.23419344121810648,0.24875698267860705,0.23672397194095926,0.2302664693562331,0.24514298648425958,0.24167352078211707,0.23741536078358896,0.23884851148563924,0.2394703973180835,0.23998648534355113,0.23207964916921345,0.25053903270471684,0.21591096464017936,0.22448921978054603,0.2051359536060068,0.23180363020324213,0.24511375616528683,0.22728693603548777,0.2522568580892239,0.24264386843814417,0.22526533107178978,0.22130057735563866,0.23444886331591874,0.23479195479521422,0.22889505549468547,0.23205654378931054,0.22811210152825803,0.24136506052095286,0.2425032354272276,0.23532677665667773,0.23424585432773795,0.22786268382089636,0.23722705532906546,0
