,Afrikaans,Albanian,Armenian,Bengali,Bosnian,Bulgarian,Catalan,Croatian,Czech,Danish,Dutch,English,French,Galician,German,Greek,Gujarati,Hindi,Icelandic,Irish,Italian,Latvian,Lithuanian,Macedonian,Marathi,Nepali,Norwegian,Pashto,Persian,Polish,Portuguese,Romanian,Russian,Serbian,Sinhala,Slovak,Slovenian,Spanish,Swedish,Ukrainian,Urdu,Welsh
Afrikaans,0,3.368219302203898,3.303860197863124,3.385835233303562,3.301251283815429,3.3438334568890475,3.371356504448171,3.292792511633904,3.3579819918243,3.2424995007309247,2.6482952279380014,3.2966152062295166,3.354557243255661,3.3176147801311013,3.18385602805623,3.4173380447188295,3.4115693441136976,3.4096287023566667,3.1505518529722214,3.4466649037670156,3.3918146905209907,3.3371516712678644,3.2828343899010557,3.3120506965638774,3.4195274558297886,3.3910330325158013,3.168716972644432,3.324334713917375,3.3235004960108463,3.322748339198381,3.3571791808728184,3.3224712355492905,3.32398793356217,3.315620897902468,3.4246042869673827,3.3220234650782756,3.331543423058004,3.3985929687427743,3.1012665450601222,3.3096655855845696,3.3665033485593283,3.4265578648550976
Albanian,3.368219302203898,0,3.303057762144966,3.4163984386637747,3.3038207543558147,3.3963010943531673,3.443366825852892,3.3550008805302167,3.4411868049126535,3.46050737841265,3.429577002779112,3.5352617462115608,3.4323297581165804,3.3449996370876867,3.4221414002641444,3.4233689621788312,3.46891404074604,3.4459509673760187,3.337533325095093,3.5090269320114444,3.4324771035984685,3.353398195682623,3.2902902301563675,3.3226948982451905,3.451682879093822,3.422502178598589,3.431473257428791,3.403814815190118,3.3221994819938248,3.338667023274141,3.4119550626815287,3.3636432860907726,3.295693118005492,3.3258329629903005,3.3229015136569338,3.3437569568741368,3.4415918067506293,3.4412708093870994,3.3741987709946613,3.297930063743585,3.3942019802683983,3.4605528148698577
Armenian,3.303860197863124,3.303057762144966,0,3.36660689059213,3.2868632463639207,3.406541168259402,3.3927092821048594,3.3168577074123458,3.3601427933493757,3.4236781225327664,3.3686490013463755,3.4193930169074593,3.4019051643460427,3.3693340982028444,3.363900283884494,3.3858179764802174,3.4093001184349867,3.419576350359495,3.256472790226594,3.4599182203933547,3.3957579116436287,3.241611706463177,3.2010778353747185,3.3107988732896843,3.412673197338953,3.377047076030295,3.3987198858984216,3.3410828139911146,3.255902502079383,3.297837025644584,3.3620143328205576,3.3403391424617257,3.310631375847429,3.325485927390566,3.3545055570742397,3.356487826601399,3.3764951654823996,3.420353324607016,3.2905815293004625,3.322711657382617,3.3385478151019288,3.4026625211182266
Bengali,3.385835233303562,3.4163984386637747,3.36660689059213,0,3.363459938603851,3.350237947230049,3.3637366188335656,3.377260936673742,3.3595302137001153,3.4526827068136043,3.36902102256817,3.3863412904478967,3.397726352742701,3.4026696847303244,3.368417430509864,3.3542175672731958,3.148169411879351,3.156056998600657,3.348740899233222,3.4553580848338,3.3699228464312596,3.3589054230005595,3.314789439154832,3.3574481356989105,3.184461900776562,3.1497263937145346,3.4413721318226864,3.3971543970264064,3.341771152504301,3.3066538888487678,3.3381327627638457,3.3706356499504992,3.3564763544070026,3.3664328656132274,3.396977298442472,3.366804056131633,3.3977802392152454,3.3134031863640803,3.347815896111328,3.3568199710664364,3.096672486057797,3.42078141640435
Bosnian,3.301251283815429,3.3038207543558147,3.2868632463639207,3.363459938603851,0,2.990518288793017,3.3398601117300797,2.5717520483424336,3.031825809162084,3.3516025954220723,3.321942782535658,3.418918113303846,3.3571859576850183,3.300328951403515,3.328532615554869,3.337415727936083,3.369407384468921,3.376785265577452,3.287159445323192,3.4412113268089373,3.292790596067098,3.142909013981979,3.1887142195062474,2.6478277527312413,3.3723549303912352,3.341352153402323,3.2891491073179235,3.366349764519339,3.294540440571862,3.0408985995876283,3.28954609107172,3.279958343457789,2.8213233445790573,2.2877223634020862,3.352816871297099,2.894208076889902,2.9537046062398704,3.282905862936277,3.281981403039938,2.8256381036995024,3.3113301744035093,3.356785947565927
Bulgarian,3.3438334568890475,3.3963010943531673,3.406541168259402,3.350237947230049,2.990518288793017,0,3.2568699789884237,2.8120882886434813,2.9927228057665527,3.3671443057332313,3.30171892266848,3.305122124464173,3.3641255369043557,3.280145080803278,3.341812810916767,3.295808931742705,3.3140049872237083,3.3393505403820956,3.318059312207631,3.4168061215964873,3.2563676928339693,3.295112174456879,3.2984568936782708,2.7880881597066383,3.3173750731039013,3.4541771646993324,3.3662294996058573,3.384666862646481,3.310255759361593,3.079284385640865,3.2683923641675476,3.2937235237758236,3.0558670588292256,2.899519239746182,3.410441899026202,2.9646624667448003,3.075956177937924,3.2713826982441288,3.311843205538672,3.03794795669755,3.326286823221785,3.328122606391953
Catalan,3.371356504448171,3.443366825852892,3.3927092821048594,3.3637366188335656,3.3398601117300797,3.2568699789884237,0,3.283924405006704,3.314646008096352,3.367660767715621,3.3106859082995035,3.3189525092178367,3.2481543790492395,3.046825493166248,3.3462802666605533,3.2830996797863667,3.3329955494573626,3.339885270708806,3.335552645940637,3.4011587938267853,3.0337526835416058,3.3564686766337504,3.316895403141161,3.3065704790190344,3.3300370339517995,3.460268643018399,3.356017809915828,3.42504281343022,3.366994898034051,3.3103170495038614,2.960695569341906,3.192027858143153,3.329033350113025,3.321102359261027,3.4373172375233114,3.3177839262155513,3.3289840722455826,2.9093382246913984,3.2958236777755485,3.309473613910286,3.326638728817148,3.3669292965220516
Croatian,3.292792511633904,3.3550008805302167,3.3168577074123458,3.377260936673742,2.5717520483424336,2.8120882886434813,3.283924405006704,0,2.9848047794540533,3.3331145775909414,3.3229069268174203,3.3213215702403605,3.3561402374451212,3.2944025637131586,3.3369514595569756,3.3432840567469277,3.3217783028622545,3.3452113764758646,3.2909336223425347,3.4321168080545887,3.2807592707211195,3.2815886172177944,3.238880143021728,2.7772668564749674,3.3253558677227804,3.406299178872297,3.313083767355216,3.348682068305995,3.287471439505993,3.061445246701021,3.292459550061999,3.275728619757965,2.9501049206655807,2.4921487932208537,3.3681429416694897,2.8600237505900594,2.891248952539808,3.302103609653302,3.2899793347722266,2.93489750494223,3.311452328965483,3.3466015145984263
Czech,3.3579819918243,3.4411868049126535,3.3601427933493757,3.3595302137001153,3.031825809162084,2.9927228057665527,3.314646008096352,2.9848047794540533,0,3.3391662235174246,3.3358188073542494,3.355081215686778,3.3718742236228834,3.3271284148536857,3.3319859682541937,3.342721089760257,3.38488454428234,3.3934218785829793,3.3214305840366722,3.4294601164432015,3.2908782198272326,3.2616527776932136,3.3100113696199096,3.0545644309192928,3.3957012890599216,3.42071187966961,3.3371552728593303,3.3919501069957603,3.3040363063464406,3.0375342796637477,3.3019006050154105,3.3024744962884736,3.062948581387221,2.9861809812825184,3.437469613886877,2.7658776740329327,3.0661752221776353,3.320768039358821,3.3364370116011743,3.026914706849532,3.3358744996716148,3.324528404977751
Danish,3.2424995007309247,3.46050737841265,3.4236781225327664,3.4526827068136043,3.3516025954220723,3.3671443057332313,3.367660767715621,3.3331145775909414,3.3391662235174246,0,3.2879321231916756,3.3581262167160384,3.4042980120779727,3.373601350352769,3.2871943222700732,3.425196112789989,3.4310269507726576,3.45290335782022,3.209215579016808,3.43615612399917,3.3533277324105306,3.4229682020544057,3.378977082626064,3.34377172947601,3.451607887324458,3.47192412091112,3.135832096884939,3.469100505493346,3.3937978371121638,3.3589504874863545,3.3784914686394365,3.3668095005897603,3.36608993681927,3.3663309915662074,3.4309702581026134,3.3458913104155523,3.3555787037432028,3.376043853516929,3.1550992411956296,3.3222211707290854,3.4109669115362404,3.421633632982943
Dutch,2.6482952279380014,3.429577002779112,3.3686490013463755,3.36902102256817,3.321942782535658,3.30171892266848,3.3106859082995035,3.3229069268174203,3.3358188073542494,3.2879321231916756,0,3.2596052538988802,3.366792239297288,3.382305071839343,3.078682494928746,3.3528472271231418,3.3480447714861836,3.3591229582489657,3.209774527811402,3.4360776716877885,3.31523942115903,3.341201809882882,3.3094704083385738,3.3209365291832706,3.3825909980862576,3.4460687687974842,3.228011343017165,3.4232367492007265,3.3519233683748015,3.284326997458867,3.3157937219155764,3.331004939119163,3.339546351761278,3.3323052796913757,3.4498221101412105,3.3169281715996703,3.33494366492226,3.3183456902198754,3.1591121342878394,3.3344303945220863,3.359417223477797,3.385516259455558
English,3.2966152062295166,3.5352617462115608,3.4193930169074593,3.3863412904478967,3.418918113303846,3.305122124464173,3.3189525092178367,3.3213215702403605,3.355081215686778,3.3581262167160384,3.2596052538988802,0,3.419449919561194,3.4180800889582317,3.3350680805177904,3.393727013101395,3.3497095278801385,3.415970634292776,3.371212876083153,3.412852618705526,3.353396788733436,3.3916680744131478,3.394565630082809,3.3623340326424422,3.3708177654507656,3.460927093794963,3.3328425261739936,3.480586672739875,3.4070945920160116,3.4041420479859226,3.3339574755267773,3.388991215430405,3.4014713428482457,3.3543048223671956,3.4925383949402447,3.382228019102498,3.3755742049101,3.296088189093479,3.3587318782805053,3.3456878075718515,3.373507616561662,3.394140084346815
French,3.354557243255661,3.4323297581165804,3.4019051643460427,3.397726352742701,3.3571859576850183,3.3641255369043557,3.2481543790492395,3.3561402374451212,3.3718742236228834,3.4042980120779727,3.366792239297288,3.419449919561194,0,3.2951366144889054,3.3436533940555866,3.3986012474807734,3.418493570395677,3.4477127644728025,3.3641326882048035,3.446883798761801,3.254430614472211,3.375772834803907,3.343145496822228,3.34436131873912,3.4107556911333776,3.4523567256726877,3.3823810995393826,3.4256732597882644,3.3731345547117106,3.3418882568972785,3.2669881622467223,3.3043450638896883,3.3728539502714807,3.369756995632552,3.4518623604840863,3.366443201704729,3.368683882378579,3.269586216901108,3.3253432841289428,3.368249229815033,3.3971493611181085,3.4114274081804736
Galician,3.3176147801311013,3.3449996370876867,3.3693340982028444,3.4026696847303244,3.300328951403515,3.280145080803278,3.046825493166248,3.2944025637131586,3.3271284148536857,3.373601350352769,3.382305071839343,3.4180800889582317,3.2951366144889054,0,3.395650809034201,3.3541970875685116,3.4030926428386845,3.4257077381202197,3.2636353361131403,3.4082806481297445,3.1246814646779932,3.359373906093803,3.3272782752404235,3.3046220287740264,3.39337090073556,3.4247732915050535,3.3668177178598975,3.38677939974095,3.3047205294748014,3.3479208434707544,2.8529178083236895,3.214873346055809,3.3152584665552767,3.3064212526576187,3.3454671167838548,3.3020126942299037,3.3562015191666537,2.66440461395719,3.3272939311325485,3.2875335197648354,3.397686738769261,3.377238306606158
German,3.18385602805623,3.4221414002641444,3.363900283884494,3.368417430509864,3.328532615554869,3.341812810916767,3.3462802666605533,3.3369514595569756,3.3319859682541937,3.2871943222700732,3.078682494928746,3.3350680805177904,3.3436533940555866,3.395650809034201,0,3.3612803388511097,3.374450429013697,3.3799260901815003,3.2694904978901436,3.4238716349827403,3.295393924824619,3.326099778327783,3.302694152620442,3.3458164418029157,3.4086299056766545,3.4168701101365198,3.311146662198755,3.4291324428147814,3.3313725229117774,3.2828795469862038,3.3450638779344817,3.332464755396642,3.361000894133299,3.3529383083647963,3.469707223501787,3.300764202367462,3.3370736194756243,3.3469440771255514,3.1795155457067077,3.344745210042035,3.36972008432616,3.3816072114691744
Greek,3.4173380447188295,3.4233689621788312,3.3858179764802174,3.3542175672731958,3.337415727936083,3.295808931742705,3.2830996797863667,3.3432840567469277,3.342721089760257,3.425196112789989,3.3528472271231418,3.393727013101395,3.3986012474807734,3.3541970875685116,3.3612803388511097,0,3.3426596732107896,3.3383930561652306,3.361208868652878,3.4312986576892097,3.320132870427986,3.3256491946959668,3.3208897642546797,3.2929017720363594,3.349956266892661,3.433678300781925,3.4182403778520642,3.4158335185165334,3.3790650336048125,3.3237065079735064,3.2964519239669654,3.359114765689388,3.323886711907308,3.3201139853538733,3.409812231119677,3.3134092541207334,3.371946346994509,3.2313548763726674,3.354366010275071,3.2932195570181437,3.3413273221039503,3.389268122670231
Gujarati,3.4115693441136976,3.46891404074604,3.4093001184349867,3.148169411879351,3.369407384468921,3.3140049872237083,3.3329955494573626,3.3217783028622545,3.38488454428234,3.4310269507726576,3.3480447714861836,3.3497095278801385,3.418493570395677,3.4030926428386845,3.374450429013697,3.3426596732107896,0,2.7600245012108116,3.380300097573144,3.4318104594203054,3.3819467931047575,3.4120060025671175,3.340203737204375,3.3505832691082884,2.6638590843166194,3.2420966201875405,3.4416526723950627,3.383982179631029,3.397506294126026,3.3507258119141343,3.36951475264373,3.370277055784114,3.3784300437758406,3.3350920382630598,3.4164206674395334,3.3523682053891557,3.3583285643672047,3.318219616272501,3.3622863520626427,3.335009272390689,3.0944074857128965,3.4184202934472796
Hindi,3.4096287023566667,3.4459509673760187,3.419576350359495,3.156056998600657,3.376785265577452,3.3393505403820956,3.339885270708806,3.3452113764758646,3.3934218785829793,3.45290335782022,3.3591229582489657,3.415970634292776,3.4477127644728025,3.4257077381202197,3.3799260901815003,3.3383930561652306,2.7600245012108116,0,3.3725936709725834,3.456925364019578,3.379616438023655,3.400369905809626,3.353009494639276,3.361416511082537,2.9090017342086028,3.234824203729934,3.4466084205658247,3.3865317159466106,3.365427633399949,3.336837575588379,3.3723860541706916,3.3555123852385496,3.3967215658799366,3.3663415912192076,3.3926855107107636,3.353071798416162,3.3738025762742274,3.3291254084661825,3.363407947850498,3.3687518555441938,2.8098004827159793,3.459925422232918
Icelandic,3.1505518529722214,3.337533325095093,3.256472790226594,3.348740899233222,3.287159445323192,3.318059312207631,3.335552645940637,3.2909336223425347,3.3214305840366722,3.209215579016808,3.209774527811402,3.371212876083153,3.3641326882048035,3.2636353361131403,3.2694904978901436,3.361208868652878,3.380300097573144,3.3725936709725834,0,3.4257073882783917,3.3569393061408506,3.3068342992591693,3.2475965677711245,3.290295046144867,3.376929034363698,3.3970757916892036,3.1900955889643017,3.343238473901612,3.2809835006223422,3.292958663872501,3.3084375631757754,3.3183167639964037,3.278944460987358,3.2990010452935468,3.2985094139077598,3.3095325905913757,3.3630401429998193,3.347795821368971,3.073041901195189,3.2934435921636553,3.3276074622858465,3.3958824597794957
Irish,3.4466649037670156,3.5090269320114444,3.4599182203933547,3.4553580848338,3.4412113268089373,3.4168061215964873,3.4011587938267853,3.4321168080545887,3.4294601164432015,3.43615612399917,3.4360776716877885,3.412852618705526,3.446883798761801,3.4082806481297445,3.4238716349827403,3.4312986576892097,3.4318104594203054,3.456925364019578,3.4257073882783917,0,3.435246628931392,3.448135127595596,3.4023328575225595,3.4142768442899682,3.4183297609074392,3.502912280703581,3.441838960234671,3.4636454697772416,3.4390725662311508,3.428378125222821,3.3796930416549396,3.4256319002480558,3.4384310845407065,3.4298259639539967,3.5061747533933856,3.4042790256463475,3.4219638659555813,3.361816893466047,3.41797568073997,3.4332923391492005,3.4497602809370247,3.387867753167293
Italian,3.3918146905209907,3.4324771035984685,3.3957579116436287,3.3699228464312596,3.292790596067098,3.2563676928339693,3.0337526835416058,3.2807592707211195,3.2908782198272326,3.3533277324105306,3.31523942115903,3.353396788733436,3.254430614472211,3.1246814646779932,3.295393924824619,3.320132870427986,3.3819467931047575,3.379616438023655,3.3569393061408506,3.435246628931392,0,3.3879938659330358,3.3274988812476405,3.282454536801209,3.37756951969175,3.4143300600678415,3.4137064387826452,3.44830452983674,3.3575714345360845,3.28236120508312,3.084819514694406,3.1717198671028304,3.310643466522594,3.2914275180163006,3.439878837545789,3.291050580652787,3.338690083510161,3.0288765688028114,3.310335884844458,3.282942713323311,3.3666925426458767,3.2369146477660093
Latvian,3.3371516712678644,3.353398195682623,3.241611706463177,3.3589054230005595,3.142909013981979,3.295112174456879,3.3564686766337504,3.2815886172177944,3.2616527776932136,3.4229682020544057,3.341201809882882,3.3916680744131478,3.375772834803907,3.359373906093803,3.326099778327783,3.3256491946959668,3.4120060025671175,3.400369905809626,3.3068342992591693,3.448135127595596,3.3879938659330358,0,3.0093418971851977,3.2343916821553957,3.41000522618749,3.3701752915120373,3.3474874174240816,3.380531586227274,3.3055160776336527,3.19282179237183,3.3322431990832,3.3586356331828884,3.188529381019713,3.2166441854773136,3.3794089974193966,3.2258427620583903,3.2366754785560543,3.3874031977560515,3.333582270117714,3.2034952205060834,3.3350893876668852,3.4267987886427873
Lithuanian,3.2828343899010557,3.2902902301563675,3.2010778353747185,3.314789439154832,3.1887142195062474,3.2984568936782708,3.316895403141161,3.238880143021728,3.3100113696199096,3.378977082626064,3.3094704083385738,3.394565630082809,3.343145496822228,3.3272782752404235,3.302694152620442,3.3208897642546797,3.340203737204375,3.353009494639276,3.2475965677711245,3.4023328575225595,3.3274988812476405,3.0093418971851977,0,3.228022413354943,3.359911456212132,3.321975253592648,3.330807687684631,3.331589616552227,3.2736463305234818,3.193396076175068,3.294900901919168,3.2874743912429776,3.2000538923872828,3.219120759765024,3.3114321525850556,3.2715695035165653,3.2923592735749487,3.31208182764117,3.2631870305722033,3.225327427346748,3.2879897456448264,3.3883005685389382
Macedonian,3.3120506965638774,3.3226948982451905,3.3107988732896843,3.3574481356989105,2.6478277527312413,2.7880881597066383,3.3065704790190344,2.7772668564749674,3.0545644309192928,3.34377172947601,3.3209365291832706,3.3623340326424422,3.34436131873912,3.3046220287740264,3.3458164418029157,3.2929017720363594,3.3505832691082884,3.361416511082537,3.290295046144867,3.4142768442899682,3.282454536801209,3.2343916821553957,3.228022413354943,0,3.345124850115131,3.377106256592261,3.32100558218894,3.367484362558377,3.3224028885581554,3.1002889355702226,3.2710616002167408,3.2801310350519057,2.8419017969051965,2.478822776202031,3.33561717905538,2.9410650132948537,3.0075129873093758,3.2763189949168905,3.2960566304627874,2.846933331840253,3.3064116513424713,3.3679545912854207
Marathi,3.4195274558297886,3.451682879093822,3.412673197338953,3.184461900776562,3.3723549303912352,3.3173750731039013,3.3300370339517995,3.3253558677227804,3.3957012890599216,3.451607887324458,3.3825909980862576,3.3708177654507656,3.4107556911333776,3.39337090073556,3.4086299056766545,3.349956266892661,2.6638590843166194,2.9090017342086028,3.376929034363698,3.4183297609074392,3.37756951969175,3.41000522618749,3.359911456212132,3.345124850115131,0,3.3037330552457562,3.4399850995931835,3.4068828056881655,3.4027532419054194,3.3736831844354613,3.3503539770466575,3.3800858657721466,3.356239041323087,3.3305977149873978,3.4008408152936407,3.3467694826866703,3.3564221270652035,3.2978614591350848,3.3892316269984266,3.333188098987073,3.1626344558285937,3.428471420148944
Nepali,3.3910330325158013,3.422502178598589,3.377047076030295,3.1497263937145346,3.341352153402323,3.4541771646993324,3.460268643018399,3.406299178872297,3.42071187966961,3.47192412091112,3.4460687687974842,3.460927093794963,3.4523567256726877,3.4247732915050535,3.4168701101365198,3.433678300781925,3.2420966201875405,3.234824203729934,3.3970757916892036,3.502912280703581,3.4143300600678415,3.3701752915120373,3.321975253592648,3.377106256592261,3.3037330552457562,0,3.4532749969340073,3.3618910674120275,3.364189013090186,3.3601823291747968,3.4168228704362402,3.4317897486966005,3.3928134066997555,3.3812204718290864,3.4032236179251654,3.412008954620389,3.4159886101640793,3.432197212415237,3.381822501434751,3.3834785545476134,3.168107530033703,3.45472613415232
Norwegian,3.168716972644432,3.431473257428791,3.3987198858984216,3.4413721318226864,3.2891491073179235,3.3662294996058573,3.356017809915828,3.313083767355216,3.3371552728593303,3.135832096884939,3.228011343017165,3.3328425261739936,3.3823810995393826,3.3668177178598975,3.311146662198755,3.4182403778520642,3.4416526723950627,3.4466084205658247,3.1900955889643017,3.441838960234671,3.4137064387826452,3.3474874174240816,3.330807687684631,3.32100558218894,3.4399850995931835,3.4532749969340073,0,3.42870919250569,3.3488482048561834,3.3273592035121733,3.3423277974822447,3.3536210536503877,3.345703460197008,3.3076205879753973,3.45218590975116,3.2992833322968402,3.278096061534599,3.340924019693506,2.9525194225183258,3.3224254629783156,3.3863815334500047,3.4733117644897584
Pashto,3.324334713917375,3.403814815190118,3.3410828139911146,3.3971543970264064,3.366349764519339,3.384666862646481,3.42504281343022,3.348682068305995,3.3919501069957603,3.469100505493346,3.4232367492007265,3.480586672739875,3.4256732597882644,3.38677939974095,3.4291324428147814,3.4158335185165334,3.383982179631029,3.3865317159466106,3.343238473901612,3.4636454697772416,3.44830452983674,3.380531586227274,3.331589616552227,3.367484362558377,3.4068828056881655,3.3618910674120275,3.42870919250569,0,3.2306797328553927,3.3782441084762667,3.4036791250978404,3.395527209612166,3.360423682127606,3.375528091269458,3.390103492987453,3.3860088113579705,3.3809927556563975,3.4343579862659066,3.3768559755755967,3.36052906750488,3.307641627779824,3.459030969711394
Persian,3.3235004960108463,3.3221994819938248,3.255902502079383,3.341771152504301,3.294540440571862,3.310255759361593,3.366994898034051,3.287471439505993,3.3040363063464406,3.3937978371121638,3.3519233683748015,3.4070945920160116,3.3731345547117106,3.3047205294748014,3.3313725229117774,3.3790650336048125,3.397506294126026,3.365427633399949,3.2809835006223422,3.4390725662311508,3.3575714345360845,3.3055160776336527,3.2736463305234818,3.3224028885581554,3.4027532419054194,3.364189013090186,3.3488482048561834,3.2306797328553927,0,3.2746976851238743,3.3271060338471807,3.3381590395221226,3.307642951208993,3.3236717483586697,3.3815421901745024,3.2943608887389617,3.353783676557244,3.3571658198502563,3.3232942748836436,3.3180478054552225,3.2640405020948076,3.3608207852302128
Polish,3.322748339198381,3.338667023274141,3.297837025644584,3.3066538888487678,3.0408985995876283,3.079284385640865,3.3103170495038614,3.061445246701021,3.0375342796637477,3.3589504874863545,3.284326997458867,3.4041420479859226,3.3418882568972785,3.3479208434707544,3.2828795469862038,3.3237065079735064,3.3507258119141343,3.336837575588379,3.292958663872501,3.428378125222821,3.28236120508312,3.19282179237183,3.193396076175068,3.1002889355702226,3.3736831844354613,3.3601823291747968,3.3273592035121733,3.3782441084762667,3.2746976851238743,0,3.2736845678724777,3.2898693628134064,3.0628366087976064,3.0673784666399433,3.408323360484784,2.896996678458738,3.146854520715833,3.321821897477781,3.2578068505264755,3.0191064893409747,3.312765579230128,3.3749746996212138
Portuguese,3.3571791808728184,3.4119550626815287,3.3620143328205576,3.3381327627638457,3.28954609107172,3.2683923641675476,2.960695569341906,3.292459550061999,3.3019006050154105,3.3784914686394365,3.3157937219155764,3.3339574755267773,3.2669881622467223,2.8529178083236895,3.3450638779344817,3.2964519239669654,3.36951475264373,3.3723860541706916,3.3084375631757754,3.3796930416549396,3.084819514694406,3.3322431990832,3.294900901919168,3.2710616002167408,3.3503539770466575,3.4168228704362402,3.3423277974822447,3.4036791250978404,3.3271060338471807,3.2736845678724777,0,3.1910466232370225,3.3123968686745107,3.2962931163523574,3.399369734000946,3.2633156198413733,3.3102235136776796,2.750463363166332,3.321386466839204,3.26690710698247,3.328686182974567,3.3587312123007225
Romanian,3.3224712355492905,3.3636432860907726,3.3403391424617257,3.3706356499504992,3.279958343457789,3.2937235237758236,3.192027858143153,3.275728619757965,3.3024744962884736,3.3668095005897603,3.331004939119163,3.388991215430405,3.3043450638896883,3.214873346055809,3.332464755396642,3.359114765689388,3.370277055784114,3.3555123852385496,3.3183167639964037,3.4256319002480558,3.1717198671028304,3.3586356331828884,3.2874743912429776,3.2801310350519057,3.3800858657721466,3.4317897486966005,3.3536210536503877,3.395527209612166,3.3381590395221226,3.2898693628134064,3.1910466232370225,0,3.3135175636512177,3.29342127706437,3.417249095305836,3.2952204807537897,3.3173589837100153,3.207112857573664,3.3061419374791905,3.278008401950393,3.3310773405908853,3.379695391876838
Russian,3.32398793356217,3.295693118005492,3.310631375847429,3.3564763544070026,2.8213233445790573,3.0558670588292256,3.329033350113025,2.9501049206655807,3.062948581387221,3.36608993681927,3.339546351761278,3.4014713428482457,3.3728539502714807,3.3152584665552767,3.361000894133299,3.323886711907308,3.3784300437758406,3.3967215658799366,3.278944460987358,3.4384310845407065,3.310643466522594,3.188529381019713,3.2000538923872828,2.8419017969051965,3.356239041323087,3.3928134066997555,3.345703460197008,3.360423682127606,3.307642951208993,3.0628366087976064,3.3123968686745107,3.3135175636512177,0,2.8214589561972243,3.339204566119888,2.9869611975516057,3.108593465300221,3.323508402100913,3.297118398571544,2.677893853323271,3.352518048265377,3.366630333774426
Serbian,3.315620897902468,3.3258329629903005,3.325485927390566,3.3664328656132274,2.2877223634020862,2.899519239746182,3.321102359261027,2.4921487932208537,2.9861809812825184,3.3663309915662074,3.3323052796913757,3.3543048223671956,3.369756995632552,3.3064212526576187,3.3529383083647963,3.3201139853538733,3.3350920382630598,3.3663415912192076,3.2990010452935468,3.4298259639539967,3.2914275180163006,3.2166441854773136,3.219120759765024,2.478822776202031,3.3305977149873978,3.3812204718290864,3.3076205879753973,3.375528091269458,3.3236717483586697,3.0673784666399433,3.2962931163523574,3.29342127706437,2.8214589561972243,0,3.367594106687249,2.84944266556716,2.8808253906437993,3.3021785399653534,3.3083007285246966,2.813878924947404,3.3213395461030117,3.352622890591699
Sinhala,3.4246042869673827,3.3229015136569338,3.3545055570742397,3.396977298442472,3.352816871297099,3.410441899026202,3.4373172375233114,3.3681429416694897,3.437469613886877,3.4309702581026134,3.4498221101412105,3.4925383949402447,3.4518623604840863,3.3454671167838548,3.469707223501787,3.409812231119677,3.4164206674395334,3.3926855107107636,3.2985094139077598,3.5061747533933856,3.439878837545789,3.3794089974193966,3.3114321525850556,3.33561717905538,3.4008408152936407,3.4032236179251654,3.45218590975116,3.390103492987453,3.3815421901745024,3.408323360484784,3.399369734000946,3.417249095305836,3.339204566119888,3.367594106687249,0,3.4058679293722793,3.4280919420332854,3.394067964257104,3.3678318370372464,3.338654157430423,3.3797731863736686,3.4765708778825113
Slovak,3.3220234650782756,3.3437569568741368,3.356487826601399,3.366804056131633,2.894208076889902,2.9646624667448003,3.3177839262155513,2.8600237505900594,2.7658776740329327,3.3458913104155523,3.3169281715996703,3.382228019102498,3.366443201704729,3.3020126942299037,3.300764202367462,3.3134092541207334,3.3523682053891557,3.353071798416162,3.3095325905913757,3.4042790256463475,3.291050580652787,3.2258427620583903,3.2715695035165653,2.9410650132948537,3.3467694826866703,3.412008954620389,3.2992833322968402,3.3860088113579705,3.2943608887389617,2.896996678458738,3.2633156198413733,3.2952204807537897,2.9869611975516057,2.84944266556716,3.4058679293722793,0,3.0235323354278907,3.290127118425496,3.304376031054747,2.9443389659782824,3.3386648607256566,3.369025876819397
Slovenian,3.331543423058004,3.4415918067506293,3.3764951654823996,3.3977802392152454,2.9537046062398704,3.075956177937924,3.3289840722455826,2.891248952539808,3.0661752221776353,3.3555787037432028,3.33494366492226,3.3755742049101,3.368683882378579,3.3562015191666537,3.3370736194756243,3.371946346994509,3.3583285643672047,3.3738025762742274,3.3630401429998193,3.4219638659555813,3.338690083510161,3.2366754785560543,3.2923592735749487,3.0075129873093758,3.3564221270652035,3.4159886101640793,3.278096061534599,3.3809927556563975,3.353783676557244,3.146854520715833,3.3102235136776796,3.3173589837100153,3.108593465300221,2.8808253906437993,3.4280919420332854,3.0235323354278907,0,3.2929645858830745,3.3305650453934224,3.103921360036753,3.315758349227898,3.401477264822015
Spanish,3.3985929687427743,3.4412708093870994,3.420353324607016,3.3134031863640803,3.282905862936277,3.2713826982441288,2.9093382246913984,3.302103609653302,3.320768039358821,3.376043853516929,3.3183456902198754,3.296088189093479,3.269586216901108,2.66440461395719,3.3469440771255514,3.2313548763726674,3.318219616272501,3.3291254084661825,3.347795821368971,3.361816893466047,3.0288765688028114,3.3874031977560515,3.31208182764117,3.2763189949168905,3.2978614591350848,3.432197212415237,3.340924019693506,3.4343579862659066,3.3571658198502563,3.321821897477781,2.750463363166332,3.207112857573664,3.323508402100913,3.3021785399653534,3.394067964257104,3.290127118425496,3.2929645858830745,0,3.3537441488178423,3.258793368261167,3.3193419500685617,3.3467354985758955
Swedish,3.1012665450601222,3.3741987709946613,3.2905815293004625,3.347815896111328,3.281981403039938,3.311843205538672,3.2958236777755485,3.2899793347722266,3.3364370116011743,3.1550992411956296,3.1591121342878394,3.3587318782805053,3.3253432841289428,3.3272939311325485,3.1795155457067077,3.354366010275071,3.3622863520626427,3.363407947850498,3.073041901195189,3.41797568073997,3.310335884844458,3.333582270117714,3.2631870305722033,3.2960566304627874,3.3892316269984266,3.381822501434751,2.9525194225183258,3.3768559755755967,3.3232942748836436,3.2578068505264755,3.321386466839204,3.3061419374791905,3.297118398571544,3.3083007285246966,3.3678318370372464,3.304376031054747,3.3305650453934224,3.3537441488178423,0,3.2978849659905025,3.335960578455708,3.393861728754487
Ukrainian,3.3096655855845696,3.297930063743585,3.322711657382617,3.3568199710664364,2.8256381036995024,3.03794795669755,3.309473613910286,2.93489750494223,3.026914706849532,3.3222211707290854,3.3344303945220863,3.3456878075718515,3.368249229815033,3.2875335197648354,3.344745210042035,3.2932195570181437,3.335009272390689,3.3687518555441938,3.2934435921636553,3.4332923391492005,3.282942713323311,3.2034952205060834,3.225327427346748,2.846933331840253,3.333188098987073,3.3834785545476134,3.3224254629783156,3.36052906750488,3.3180478054552225,3.0191064893409747,3.26690710698247,3.278008401950393,2.677893853323271,2.813878924947404,3.338654157430423,2.9443389659782824,3.103921360036753,3.258793368261167,3.2978849659905025,0,3.3292444513408253,3.34808719131697
Urdu,3.3665033485593283,3.3942019802683983,3.3385478151019288,3.096672486057797,3.3113301744035093,3.326286823221785,3.326638728817148,3.311452328965483,3.3358744996716148,3.4109669115362404,3.359417223477797,3.373507616561662,3.3971493611181085,3.397686738769261,3.36972008432616,3.3413273221039503,3.0944074857128965,2.8098004827159793,3.3276074622858465,3.4497602809370247,3.3666925426458767,3.3350893876668852,3.2879897456448264,3.3064116513424713,3.1626344558285937,3.168107530033703,3.3863815334500047,3.307641627779824,3.2640405020948076,3.312765579230128,3.328686182974567,3.3310773405908853,3.352518048265377,3.3213395461030117,3.3797731863736686,3.3386648607256566,3.315758349227898,3.3193419500685617,3.335960578455708,3.3292444513408253,0,3.404785093107037
Welsh,3.4265578648550976,3.4605528148698577,3.4026625211182266,3.42078141640435,3.356785947565927,3.328122606391953,3.3669292965220516,3.3466015145984263,3.324528404977751,3.421633632982943,3.385516259455558,3.394140084346815,3.4114274081804736,3.377238306606158,3.3816072114691744,3.389268122670231,3.4184202934472796,3.459925422232918,3.3958824597794957,3.387867753167293,3.2369146477660093,3.4267987886427873,3.3883005685389382,3.3679545912854207,3.428471420148944,3.45472613415232,3.4733117644897584,3.459030969711394,3.3608207852302128,3.3749746996212138,3.3587312123007225,3.379695391876838,3.366630333774426,3.352622890591699,3.4765708778825113,3.369025876819397,3.401477264822015,3.3467354985758955,3.393861728754487,3.34808719131697,3.404785093107037,0
