,Afrikaans,Albanian,Armenian,Bengali,Bosnian,Bulgarian,Catalan,Croatian,Czech,Danish,Dutch,English,French,Galician,German,Greek,Gujarati,Hindi,Icelandic,Irish,Italian,Latvian,Lithuanian,Macedonian,Marathi,Nepali,Norwegian,Pashto,Persian,Polish,Portuguese,Romanian,Russian,Serbian,Sinhala,Slovak,Slovenian,Spanish,Swedish,Ukrainian,Urdu,Welsh
Afrikaans,0,0.03528627964885659,0.03416046919934104,0.03941019499420881,0.035129550077059805,0.03615193769646392,0.03888602134225299,0.03475794746903232,0.03442820758954049,0.032288680611935815,0.029162426458447074,0.03232892252075736,0.03686608490688884,0.0352973082918493,0.036277607236201125,0.03893292689294472,0.04183567717745071,0.04044554924412838,0.031624054302321646,0.03677639447769432,0.03902937508481257,0.03750050782886707,0.03833247106951996,0.035804968961041087,0.03865117169521093,0.035010178988606915,0.0314810363517325,0.03706449032222867,0.03827914439848153,0.03989137460475027,0.036929166502624504,0.0373812553079217,0.03761050481240081,0.03590464162959835,0.03328750369362112,0.03596588648332517,0.037919697962939744,0.03717273370829658,0.032312784669399616,0.03530367224770881,0.03655746866370049,0.035827623533114854
Albanian,0.03528627964885659,0,0.03281732026672695,0.036929239649601805,0.034639994628320875,0.03476880778372415,0.039087500903369786,0.03380371136696084,0.03429212810821817,0.03558806027335971,0.036760787516186146,0.03646091231133424,0.034619024718354374,0.03428432967710993,0.03964077508857397,0.03740320374120976,0.041341527999903406,0.038342427032071115,0.03430114345096534,0.034075893966080247,0.036597690866947905,0.0394879628889777,0.03809139644278074,0.03517127731910093,0.03738078975444581,0.033005987344069926,0.03542334897034993,0.035825749930585044,0.03470119704815871,0.03856110205383799,0.03633603247325115,0.035484025825969275,0.03698304893734415,0.03457114170854415,0.031233803423702126,0.035475361307453324,0.03628444957313006,0.03412878031653062,0.034095170445470196,0.03285424217096712,0.03420651485496802,0.034254008135976344
Armenian,0.03416046919934104,0.03281732026672695,0,0.03758441445823802,0.033068445342086326,0.03435692006175242,0.038888271636083355,0.03361599705243896,0.03258240049518619,0.03629483543644902,0.03617469760625076,0.035699003097158184,0.036694062467934725,0.034269805151189464,0.03729746917104209,0.03504183559811864,0.038957546818907014,0.037637989192657484,0.03211845037293923,0.03453872368392662,0.03750232594763485,0.03553896751390373,0.03384991534096205,0.03393701137590433,0.03659488463778409,0.03479763003577427,0.03482950771464878,0.034272581073215354,0.03375123168201319,0.03885074757078737,0.036727278453838975,0.0350101386725205,0.03494237418196078,0.03394911936861727,0.032043362927356864,0.034284630113631774,0.03674043092946711,0.03608399148487201,0.032952335232167784,0.03314460211213003,0.03445859187476306,0.033827183364760455
Bengali,0.03941019499420881,0.036929239649601805,0.03758441445823802,0,0.03670277410627058,0.03611684908650613,0.040059038559899396,0.03588837965616053,0.036359253942291864,0.03967925488620294,0.039068941617372364,0.038951098025234006,0.03746957624908054,0.03798136403623076,0.04195209044922176,0.040106344879305415,0.036276842405724305,0.033365513214552535,0.03814481000891622,0.04028656080514134,0.03756990120271271,0.041203158344059125,0.04111361116838431,0.037026402219084716,0.03308057018212931,0.030219261675435826,0.039627128409722115,0.0383937545367475,0.03884408041306848,0.040041240221626605,0.03826246444317804,0.038354367373349456,0.039854332546078446,0.0374771700016174,0.033151802982192995,0.03858782762979196,0.03896630576351376,0.03639162458763968,0.037456267446518275,0.036531859569486826,0.032407392453655474,0.03732756993986089
Bosnian,0.035129550077059805,0.034639994628320875,0.033068445342086326,0.03670277410627058,0,0.029975487871168174,0.03677775741157008,0.026656838983822026,0.02926075761228831,0.03711689990198891,0.03768633062260185,0.03748970781146364,0.03577505596104032,0.035120825225638405,0.04126834370590365,0.03783251636360187,0.03952268168576178,0.03845473903757368,0.033373008592664136,0.03779211684758841,0.0359326896439923,0.034796205952818494,0.033588694525842046,0.026508467686613166,0.03751577585130141,0.034957004382775395,0.03484446870875825,0.036374404924093204,0.03493444645106836,0.03227917748115183,0.035465170565294364,0.03518885472866647,0.029465847207088464,0.022233022014874714,0.03321116050078774,0.029503039002120104,0.032778856195323676,0.035651635521472054,0.03396537203204431,0.028105626865414474,0.03549179332406462,0.03484189204419984
Bulgarian,0.03615193769646392,0.03476880778372415,0.03435692006175242,0.03611684908650613,0.029975487871168174,0,0.036169346786735834,0.02613682248266418,0.029221487530296825,0.034682883501699305,0.037084924870461305,0.03559549615510981,0.03456518869640855,0.0326641351657986,0.0400786249149614,0.03625963040059902,0.03950200504505226,0.037440793715652135,0.0358286835468039,0.034852497993662,0.033571208119155566,0.04017953644869967,0.03779339681622178,0.028102767104213017,0.03641422165406969,0.03286480771186856,0.036143629458218564,0.03599686863155176,0.03582435124976721,0.03603701119512213,0.035252520720249834,0.035027621884149165,0.033253102285612283,0.029775637622677806,0.03099599316702023,0.031000612387472048,0.031896594373792574,0.03129024199605387,0.03479624274360037,0.02998193252384303,0.03295619701684573,0.031185492029373284
Catalan,0.03888602134225299,0.039087500903369786,0.038888271636083355,0.040059038559899396,0.03677775741157008,0.036169346786735834,0,0.03353203782662844,0.035471188715759515,0.03949988750947047,0.03999629150259591,0.038415546499459406,0.03457901694973707,0.031453987659433476,0.043605992144173364,0.04019863617164929,0.043530117682917396,0.04183852315259286,0.039061006079838395,0.038159425426582856,0.032770385733666224,0.041058266239183724,0.03985183695162084,0.03685852730597052,0.039684543727918783,0.036331700753700624,0.03867631554948435,0.03900797837361753,0.03933559828494745,0.040860050628483614,0.03231606078381861,0.03448818230417213,0.03939704149646,0.03727678088485121,0.0350957245675984,0.036863602945114086,0.03865517945662763,0.029930807352111587,0.03781994349300231,0.036891146318159124,0.03793832086644575,0.035814084954750976
Croatian,0.03475794746903232,0.03380371136696084,0.03361599705243896,0.03588837965616053,0.026656838983822026,0.02613682248266418,0.03353203782662844,0,0.02763505621926693,0.03415048571903176,0.036201544285849846,0.034671871355031476,0.033681733500383386,0.031765257264718336,0.039614828642755576,0.03655933984860585,0.038625870703747636,0.03799643355045719,0.03457512567980575,0.03358592410109693,0.03257216459450696,0.03762102138892981,0.03639145587402591,0.02844858998367848,0.03592214660482604,0.03253741912279498,0.034136485936461965,0.03480358414762113,0.03459344928069137,0.03238316812644451,0.032510178866411686,0.03400933827885006,0.03143470712757169,0.02585912414800566,0.03020090436096727,0.027886443894584733,0.029674014427498438,0.03126121993070656,0.033479648426616285,0.02972110209723509,0.03246774069202711,0.031465003768857185
Czech,0.03442820758954049,0.03429212810821817,0.03258240049518619,0.036359253942291864,0.02926075761228831,0.029221487530296825,0.035471188715759515,0.02763505621926693,0,0.035662056077146634,0.036101767434053564,0.03643423692599349,0.03430101751210511,0.03281194764038322,0.03915280180112797,0.03641327679667692,0.03825664667967858,0.03730382026525675,0.03352994022070463,0.035552023316157366,0.03403726049995397,0.03518628689954851,0.03585561098287387,0.030193432907964043,0.03566581466879874,0.03283462314335852,0.034607757215539825,0.03507459174137953,0.03590302851852176,0.03222783827757593,0.03463302127730703,0.0340081190494678,0.031040693002729203,0.02888385333898165,0.03132293001321479,0.02501124746584671,0.03211131547568068,0.033410906222494846,0.03416542846254806,0.02907986558388134,0.03306916291787347,0.03303295245673277
Danish,0.032288680611935815,0.03558806027335971,0.03629483543644902,0.03967925488620294,0.03711689990198891,0.034682883501699305,0.03949988750947047,0.03415048571903176,0.035662056077146634,0,0.03529995242675404,0.03205863050279955,0.03703148625090205,0.03396761524794067,0.03456655302930171,0.039044122816045204,0.04416724745148843,0.040877976607821144,0.031212193618750526,0.03418227843834271,0.03697734755763459,0.04376536075008387,0.04211182901702919,0.03745802275750985,0.038805793609062306,0.034395862012833144,0.028405193882344245,0.03809560704820759,0.03686993736724371,0.04251323948554546,0.03741852513321931,0.03751903802571154,0.04073992570926477,0.036730801623752515,0.03238845477235383,0.03714511904525646,0.03851803571449153,0.034438668861726085,0.03074052401173181,0.03689041090996482,0.035802379996275405,0.03378555014700045
Dutch,0.029162426458447074,0.036760787516186146,0.03617469760625076,0.039068941617372364,0.03768633062260185,0.037084924870461305,0.03999629150259591,0.036201544285849846,0.036101767434053564,0.03529995242675404,0,0.03304871343609082,0.03899413083720645,0.03783500261388892,0.03328756510181557,0.03823513516072436,0.04195314571998492,0.039355512428587626,0.03347278877521483,0.03927702322903248,0.03844539435683425,0.040310402774258104,0.03909987354896281,0.03774030103880817,0.03919747399632914,0.03528444697239044,0.034506617474528704,0.040121164117018215,0.038768901211636536,0.04036158149036223,0.03853692272729597,0.03816100106857131,0.04036408354263335,0.037869433863550024,0.03486009280661195,0.03843620685846718,0.038879911977482105,0.03753230091642661,0.03333537543482103,0.036965719642684886,0.03702986796652565,0.03603991035419606
English,0.03232892252075736,0.03646091231133424,0.035699003097158184,0.038951098025234006,0.03748970781146364,0.03559549615510981,0.038415546499459406,0.034671871355031476,0.03643423692599349,0.03205863050279955,0.03304871343609082,0,0.03716639785077041,0.035572455472862974,0.034578257525097085,0.03874903872039891,0.04146766421100059,0.040213028468828106,0.033145438387559276,0.035530506976063414,0.03624614997538997,0.04192288254377605,0.040167475454374255,0.037575130948596824,0.03902505390211918,0.035610000422424716,0.03153397918233253,0.03858609921826369,0.037755404626561635,0.04097280073761335,0.036238199717449744,0.03750518822069038,0.039459037646925425,0.03800128643454385,0.034483530007688924,0.03718345031343257,0.03842005568859581,0.034956424467912625,0.031738491873961015,0.03703086718055414,0.03632033797553449,0.033813773781756866
French,0.03686608490688884,0.034619024718354374,0.036694062467934725,0.03746957624908054,0.03577505596104032,0.03456518869640855,0.03457901694973707,0.033681733500383386,0.03430101751210511,0.03703148625090205,0.03899413083720645,0.03716639785077041,0,0.031923538363377614,0.042210335018108724,0.03822462896053877,0.041343100470892305,0.03905147172486259,0.03664556137314958,0.03539274493419603,0.033816945768949745,0.040097448232397775,0.04039245690763716,0.035860693899395946,0.036916362255689075,0.03406254881495274,0.03557654150569053,0.036283158045553716,0.03809592922856934,0.039701219541570236,0.03391231728307124,0.03447284584904906,0.03819656130403189,0.035891136802547394,0.033126165036726225,0.035716278041561654,0.03765400957947661,0.03184371719801522,0.036566587373016594,0.035535905628634776,0.03507192076603539,0.035417779493168405
Galician,0.0352973082918493,0.03428432967710993,0.034269805151189464,0.03798136403623076,0.035120825225638405,0.0326641351657986,0.031453987659433476,0.031765257264718336,0.03281194764038322,0.03396761524794067,0.03783500261388892,0.035572455472862974,0.031923538363377614,0,0.040480327315637686,0.0377192897375025,0.04240898530897861,0.03971544065823781,0.034974441422141685,0.03374360813442655,0.031227530312907714,0.04080062467145638,0.03966092501814935,0.0354549637882583,0.03846157961141587,0.03294323918687203,0.03524541465449357,0.03565349835807868,0.03590671949777878,0.04158381285604558,0.028342026756061952,0.03360116276033582,0.03829565999404264,0.03505931783391653,0.031212082492925824,0.034615726652638665,0.03691518061117019,0.02455578578648098,0.03443727168523977,0.034533711988988865,0.03431264927012088,0.032014570060845064
German,0.036277607236201125,0.03964077508857397,0.03729746917104209,0.04195209044922176,0.04126834370590365,0.0400786249149614,0.043605992144173364,0.039614828642755576,0.03915280180112797,0.03456655302930171,0.03328756510181557,0.034578257525097085,0.042210335018108724,0.040480327315637686,0,0.0391192314165236,0.04520916564868072,0.041714293284055216,0.03550565813045814,0.03959296663453002,0.039958746488731434,0.04402421798416601,0.040864759489712056,0.041720884390300354,0.04222920482415412,0.03788430369509102,0.037346434750652954,0.04180395647407029,0.03952589806013489,0.04461100771748323,0.042495329451020504,0.041227659769538974,0.04405289046116235,0.04206460389096646,0.03709144411119406,0.04203770444858677,0.04283860668470787,0.040059732411136854,0.034119093656488124,0.0406460004129942,0.039981201998541424,0.03727462362299267
Greek,0.03893292689294472,0.03740320374120976,0.03504183559811864,0.040106344879305415,0.03783251636360187,0.03625963040059902,0.04019863617164929,0.03655933984860585,0.03641327679667692,0.039044122816045204,0.03823513516072436,0.03874903872039891,0.03822462896053877,0.0377192897375025,0.0391192314165236,0,0.04176779603902543,0.04010435397560571,0.035929569178076465,0.03943373240390105,0.038620146335867016,0.03982293677061151,0.03648648119797811,0.03826647997160029,0.03959329685556167,0.03604028607561585,0.039508031491059664,0.03924536482741812,0.03791842265262519,0.04286196924554153,0.038718451939711504,0.0367275247074769,0.040726969678798415,0.038270522717162005,0.03578603292151979,0.03996941236652509,0.04115421633275641,0.036189627143639734,0.036418920641087836,0.036893025986536564,0.03742819563662461,0.03542793016363304
Gujarati,0.04183567717745071,0.041341527999903406,0.038957546818907014,0.036276842405724305,0.03952268168576178,0.03950200504505226,0.043530117682917396,0.038625870703747636,0.03825664667967858,0.04416724745148843,0.04195314571998492,0.04146766421100059,0.041343100470892305,0.04240898530897861,0.04520916564868072,0.04176779603902543,0,0.03387074995351671,0.04042021182205773,0.044182310661064164,0.042136788160091296,0.042150748418599344,0.041262066412045995,0.039159605441308,0.03209139439944846,0.034888236027641746,0.04324158330369761,0.04151773222415155,0.04266583695168564,0.04213676565728698,0.041441791576780684,0.04115864272788543,0.041526720978124106,0.03988550801166914,0.03825953024796403,0.040105308522278726,0.04350187550566967,0.04128748502888842,0.04057479056693948,0.03856371270171748,0.03487552737035535,0.04019245206923574
Hindi,0.04044554924412838,0.038342427032071115,0.037637989192657484,0.033365513214552535,0.03845473903757368,0.037440793715652135,0.04183852315259286,0.03799643355045719,0.03730382026525675,0.040877976607821144,0.039355512428587626,0.040213028468828106,0.03905147172486259,0.03971544065823781,0.041714293284055216,0.04010435397560571,0.03387074995351671,0,0.039073546481307654,0.040198620733406194,0.03972578044482708,0.04347382614211228,0.04110392539825446,0.0377330890287106,0.03290252662861496,0.03076219860431569,0.04149591992577239,0.038610493835140924,0.03871763880292898,0.04077871978981313,0.039299842037845055,0.039274644319585904,0.04155607687442406,0.03877338403575198,0.034810215617833117,0.039263509994032934,0.04209408063261515,0.037769205612388626,0.03781905610185228,0.03701493730948055,0.028145112316510734,0.03916132181437264
Icelandic,0.031624054302321646,0.03430114345096534,0.03211845037293923,0.03814481000891622,0.033373008592664136,0.0358286835468039,0.039061006079838395,0.03457512567980575,0.03352994022070463,0.031212193618750526,0.03347278877521483,0.033145438387559276,0.03664556137314958,0.034974441422141685,0.03550565813045814,0.035929569178076465,0.04042021182205773,0.039073546481307654,0,0.03570373417457204,0.037901919648769475,0.036413244699206725,0.035166111005808236,0.03556374084486086,0.0376292996009434,0.03395521312374668,0.030184163831656747,0.036388899298772745,0.03512755163211872,0.03869266703227764,0.036946455620096894,0.03531600059977474,0.036007637908882825,0.03422225459187248,0.03266792398961789,0.03541239710158532,0.03790159602519175,0.03642588391693457,0.02983335421001254,0.03378482437994374,0.035670078772098275,0.03449632122388522
Irish,0.03677639447769432,0.034075893966080247,0.03453872368392662,0.04028656080514134,0.03779211684758841,0.034852497993662,0.038159425426582856,0.03358592410109693,0.035552023316157366,0.03418227843834271,0.03927702322903248,0.035530506976063414,0.03539274493419603,0.03374360813442655,0.03959296663453002,0.03943373240390105,0.044182310661064164,0.040198620733406194,0.03570373417457204,0,0.03749792570530037,0.04295787677491769,0.04117167979713368,0.037353581161765646,0.03917101069074999,0.034456224482541625,0.03603768300034292,0.034808157147922764,0.03710366084253714,0.04284772491763938,0.036828220260048825,0.0370972691695747,0.04007951370252798,0.03799797150955415,0.03174237275132754,0.03670863198501497,0.03887871487230974,0.03330282276923171,0.035023380494044624,0.0364452648300807,0.03564827911531287,0.03383990269586068
Italian,0.03902937508481257,0.036597690866947905,0.03750232594763485,0.03756990120271271,0.0359326896439923,0.033571208119155566,0.032770385733666224,0.03257216459450696,0.03403726049995397,0.03697734755763459,0.03844539435683425,0.03624614997538997,0.033816945768949745,0.031227530312907714,0.039958746488731434,0.038620146335867016,0.042136788160091296,0.03972578044482708,0.037901919648769475,0.03749792570530037,0,0.043485667656592376,0.03886832287658559,0.03643012548921163,0.03920518971287922,0.03384726412821939,0.03858501131056325,0.03823524697533353,0.035674484572296945,0.0377839668568202,0.03273953408881116,0.03366389352874679,0.039169098854979593,0.03710649657611754,0.032735236096863435,0.03614871961528368,0.03595397433841781,0.028104314348725908,0.03524531244371374,0.035676488900424366,0.035344258079220196,0.03056205652174544
Latvian,0.03750050782886707,0.0394879628889777,0.03553896751390373,0.041203158344059125,0.034796205952818494,0.04017953644869967,0.041058266239183724,0.03762102138892981,0.03518628689954851,0.04376536075008387,0.040310402774258104,0.04192288254377605,0.040097448232397775,0.04080062467145638,0.04402421798416601,0.03982293677061151,0.042150748418599344,0.04347382614211228,0.036413244699206725,0.04295787677491769,0.043485667656592376,0,0.032488764073679934,0.037165172366849984,0.039826120436186434,0.04118473350356098,0.03916994399852925,0.04032039334472699,0.041256696765081154,0.038975424839644425,0.03987768908171674,0.03816201139830938,0.034478927345050245,0.035723616438926284,0.03871464881149768,0.03659249599234194,0.039455049857796354,0.04357597226848564,0.037743477349870096,0.036075537895237084,0.04045866364034305,0.0399345763517227
Lithuanian,0.03833247106951996,0.03809139644278074,0.03384991534096205,0.04111361116838431,0.033588694525842046,0.03779339681622178,0.03985183695162084,0.03639145587402591,0.03585561098287387,0.04211182901702919,0.03909987354896281,0.040167475454374255,0.04039245690763716,0.03966092501814935,0.040864759489712056,0.03648648119797811,0.041262066412045995,0.04110392539825446,0.035166111005808236,0.04117167979713368,0.03886832287658559,0.032488764073679934,0,0.035789233300776706,0.0404347867407059,0.03832523073355492,0.039698649651671095,0.038644968976873556,0.03827607245639061,0.03863263642990932,0.039442426631027185,0.037212888066002404,0.03579329076468483,0.03528948325634506,0.03682632727036153,0.03775950127047071,0.03988428540267187,0.0394068460037082,0.036452754833352745,0.03462408685905107,0.03954988811021523,0.037077945916020344
Macedonian,0.035804968961041087,0.03517127731910093,0.03393701137590433,0.037026402219084716,0.026508467686613166,0.028102767104213017,0.03685852730597052,0.02844858998367848,0.030193432907964043,0.03745802275750985,0.03774030103880817,0.037575130948596824,0.035860693899395946,0.0354549637882583,0.041720884390300354,0.03826647997160029,0.039159605441308,0.0377330890287106,0.03556374084486086,0.037353581161765646,0.03643012548921163,0.037165172366849984,0.035789233300776706,0,0.03697092701599026,0.0342213831512694,0.03639894649886278,0.03725443404271901,0.036843316314095854,0.03366885723144992,0.036121352854600365,0.03544377760453539,0.03080629616230539,0.025742539029393642,0.032766916665243444,0.030682748448750203,0.0328621238186436,0.03484691872086883,0.03590341384713881,0.028396026854232086,0.03446207661355322,0.0354951455173016
Marathi,0.03865117169521093,0.03738078975444581,0.03659488463778409,0.03308057018212931,0.03751577585130141,0.03641422165406969,0.039684543727918783,0.03592214660482604,0.03566581466879874,0.038805793609062306,0.03919747399632914,0.03902505390211918,0.036916362255689075,0.03846157961141587,0.04222920482415412,0.03959329685556167,0.03209139439944846,0.03290252662861496,0.0376292996009434,0.03917101069074999,0.03920518971287922,0.039826120436186434,0.0404347867407059,0.03697092701599026,0,0.032096977465929835,0.038535009571294646,0.03733318365005018,0.040155206788206235,0.039240039477852054,0.03752957420617893,0.0380286413182121,0.03825760159920611,0.036925298046834,0.03348812120401852,0.036707140083487605,0.04023940198000024,0.03735609158617855,0.03667116374623383,0.03683813977057797,0.03276775304863087,0.037134761394563134
Nepali,0.035010178988606915,0.033005987344069926,0.03479763003577427,0.030219261675435826,0.034957004382775395,0.03286480771186856,0.036331700753700624,0.03253741912279498,0.03283462314335852,0.034395862012833144,0.03528444697239044,0.035610000422424716,0.03406254881495274,0.03294323918687203,0.03788430369509102,0.03604028607561585,0.034888236027641746,0.03076219860431569,0.03395521312374668,0.034456224482541625,0.03384726412821939,0.04118473350356098,0.03832523073355492,0.0342213831512694,0.032096977465929835,0,0.03563945103778657,0.034002035837499195,0.03497169919883884,0.037327222424967166,0.03493126247945727,0.03507928517885841,0.03786075787310905,0.03553207356607377,0.029200866048317592,0.03477586592161466,0.03624965883648907,0.03226892438262245,0.03310973098747858,0.0336746043827619,0.02900106754120016,0.03395198489873157
Norwegian,0.0314810363517325,0.03542334897034993,0.03482950771464878,0.039627128409722115,0.03484446870875825,0.036143629458218564,0.03867631554948435,0.034136485936461965,0.034607757215539825,0.028405193882344245,0.034506617474528704,0.03153397918233253,0.03557654150569053,0.03524541465449357,0.037346434750652954,0.039508031491059664,0.04324158330369761,0.04149591992577239,0.030184163831656747,0.03603768300034292,0.03858501131056325,0.03916994399852925,0.039698649651671095,0.03639894649886278,0.038535009571294646,0.03563945103778657,0,0.038451252926127874,0.03773276953561442,0.040154899566133564,0.0358253285228988,0.03744919322219854,0.037559531326856896,0.0350330454941836,0.03316470142129657,0.035569026601193855,0.03767413874553039,0.035723875725745736,0.028447349245874946,0.035583176282720064,0.03680422101866785,0.03569860415554297
Pashto,0.03706449032222867,0.035825749930585044,0.034272581073215354,0.0383937545367475,0.036374404924093204,0.03599686863155176,0.03900797837361753,0.03480358414762113,0.03507459174137953,0.03809560704820759,0.040121164117018215,0.03858609921826369,0.036283158045553716,0.03565349835807868,0.04180395647407029,0.03924536482741812,0.04151773222415155,0.038610493835140924,0.036388899298772745,0.034808157147922764,0.03823524697533353,0.04032039334472699,0.038644968976873556,0.03725443404271901,0.03733318365005018,0.034002035837499195,0.038451252926127874,0,0.03414929796554778,0.04128589435545967,0.03702466977227733,0.03692792663592259,0.03902977781565605,0.03690984259136669,0.03226695031198418,0.0371032803515131,0.03958272724729534,0.03607630315836092,0.036320511674871915,0.03579472359630343,0.03371226756167951,0.035228749665767715
Persian,0.03827914439848153,0.03470119704815871,0.03375123168201319,0.03884408041306848,0.03493444645106836,0.03582435124976721,0.03933559828494745,0.03459344928069137,0.03590302851852176,0.03686993736724371,0.038768901211636536,0.037755404626561635,0.03809592922856934,0.03590671949777878,0.03952589806013489,0.03791842265262519,0.04266583695168564,0.03871763880292898,0.03512755163211872,0.03710366084253714,0.035674484572296945,0.041256696765081154,0.03827607245639061,0.036843316314095854,0.040155206788206235,0.03497169919883884,0.03773276953561442,0.03414929796554778,0,0.0400086614165967,0.0387670821062486,0.036541782357943677,0.039178717874713734,0.036311944775955486,0.0331495823852709,0.03740534369451331,0.03770083896344253,0.035813179231456244,0.03630227083336361,0.03530099528678323,0.03421555582460294,0.034306640613500826
Polish,0.03989137460475027,0.03856110205383799,0.03885074757078737,0.040041240221626605,0.03227917748115183,0.03603701119512213,0.040860050628483614,0.03238316812644451,0.03222783827757593,0.04251323948554546,0.04036158149036223,0.04097280073761335,0.039701219541570236,0.04158381285604558,0.04461100771748323,0.04286196924554153,0.04213676565728698,0.04077871978981313,0.03869266703227764,0.04284772491763938,0.0377839668568202,0.038975424839644425,0.03863263642990932,0.03366885723144992,0.039240039477852054,0.037327222424967166,0.040154899566133564,0.04128589435545967,0.0400086614165967,0,0.03861049643809644,0.038683644617600293,0.0330202544387229,0.03285392438286607,0.03808094546156231,0.031251561863822316,0.03618773802583756,0.04016599613558159,0.03830592282889434,0.03153844950208992,0.039335900109673194,0.0381707687728075
Portuguese,0.036929166502624504,0.03633603247325115,0.036727278453838975,0.03826246444317804,0.035465170565294364,0.035252520720249834,0.03231606078381861,0.032510178866411686,0.03463302127730703,0.03741852513321931,0.03853692272729597,0.036238199717449744,0.03391231728307124,0.028342026756061952,0.042495329451020504,0.038718451939711504,0.041441791576780684,0.039299842037845055,0.036946455620096894,0.036828220260048825,0.03273953408881116,0.03987768908171674,0.039442426631027185,0.036121352854600365,0.03752957420617893,0.03493126247945727,0.0358253285228988,0.03702466977227733,0.0387670821062486,0.03861049643809644,0,0.03396848772996728,0.036961464706236465,0.035893905988042964,0.03349267628390704,0.03473246670692763,0.037347641864793564,0.02856741948344375,0.03589298983960012,0.03536482577064077,0.03606649437155225,0.03399635307273571
Romanian,0.0373812553079217,0.035484025825969275,0.0350101386725205,0.038354367373349456,0.03518885472866647,0.035027621884149165,0.03448818230417213,0.03400933827885006,0.0340081190494678,0.03751903802571154,0.03816100106857131,0.03750518822069038,0.03447284584904906,0.03360116276033582,0.041227659769538974,0.0367275247074769,0.04115864272788543,0.039274644319585904,0.03531600059977474,0.0370972691695747,0.03366389352874679,0.03816201139830938,0.037212888066002404,0.03544377760453539,0.0380286413182121,0.03507928517885841,0.03744919322219854,0.03692792663592259,0.036541782357943677,0.038683644617600293,0.03396848772996728,0,0.03725024470931306,0.03612092993685125,0.034115592477605323,0.03656894937658447,0.03826006935038402,0.033621586621052,0.03578101916642673,0.03466874989233645,0.0357966428900194,0.03389262847492914
Russian,0.03761050481240081,0.03698304893734415,0.03494237418196078,0.039854332546078446,0.029465847207088464,0.033253102285612283,0.03939704149646,0.03143470712757169,0.031040693002729203,0.04073992570926477,0.04036408354263335,0.039459037646925425,0.03819656130403189,0.03829565999404264,0.04405289046116235,0.040726969678798415,0.041526720978124106,0.04155607687442406,0.036007637908882825,0.04007951370252798,0.039169098854979593,0.034478927345050245,0.03579329076468483,0.03080629616230539,0.03825760159920611,0.03786075787310905,0.037559531326856896,0.03902977781565605,0.039178717874713734,0.0330202544387229,0.036961464706236465,0.03725024470931306,0,0.02948039542432345,0.03513136235674661,0.030500266667992156,0.034980149854651546,0.039054912839281336,0.036774158628442626,0.028158314197200256,0.037809198333372256,0.03744451813561715
Serbian,0.03590464162959835,0.03457114170854415,0.03394911936861727,0.0374771700016174,0.022233022014874714,0.029775637622677806,0.03727678088485121,0.02585912414800566,0.02888385333898165,0.036730801623752515,0.037869433863550024,0.03800128643454385,0.035891136802547394,0.03505931783391653,0.04206460389096646,0.038270522717162005,0.03988550801166914,0.03877338403575198,0.03422225459187248,0.03799797150955415,0.03710649657611754,0.035723616438926284,0.03528948325634506,0.025742539029393642,0.036925298046834,0.03553207356607377,0.0350330454941836,0.03690984259136669,0.036311944775955486,0.03285392438286607,0.035893905988042964,0.03612092993685125,0.02948039542432345,0,0.03345206104734251,0.029156692510423927,0.031933511135776665,0.0358774158788117,0.03474177252785109,0.028343938686048193,0.035229738750192446,0.03548358480690978
Sinhala,0.03328750369362112,0.031233803423702126,0.032043362927356864,0.033151802982192995,0.03321116050078774,0.03099599316702023,0.0350957245675984,0.03020090436096727,0.03132293001321479,0.03238845477235383,0.03486009280661195,0.034483530007688924,0.033126165036726225,0.031212082492925824,0.03709144411119406,0.03578603292151979,0.03825953024796403,0.034810215617833117,0.03266792398961789,0.03174237275132754,0.032735236096863435,0.03871464881149768,0.03682632727036153,0.032766916665243444,0.03348812120401852,0.029200866048317592,0.03316470142129657,0.03226695031198418,0.0331495823852709,0.03808094546156231,0.03349267628390704,0.034115592477605323,0.03513136235674661,0.03345206104734251,0,0.032985708496255865,0.03456999137016793,0.031078485371009913,0.03189414290497588,0.03264747383015481,0.03047372221768311,0.03076247983335038
Slovak,0.03596588648332517,0.035475361307453324,0.034284630113631774,0.03858782762979196,0.029503039002120104,0.031000612387472048,0.036863602945114086,0.027886443894584733,0.02501124746584671,0.03714511904525646,0.03843620685846718,0.03718345031343257,0.035716278041561654,0.034615726652638665,0.04203770444858677,0.03996941236652509,0.040105308522278726,0.039263509994032934,0.03541239710158532,0.03670863198501497,0.03614871961528368,0.03659249599234194,0.03775950127047071,0.030682748448750203,0.036707140083487605,0.03477586592161466,0.035569026601193855,0.0371032803515131,0.03740534369451331,0.031251561863822316,0.03473246670692763,0.03656894937658447,0.030500266667992156,0.029156692510423927,0.032985708496255865,0,0.03305212551350289,0.03551626269034519,0.03542526695246428,0.029987906692742018,0.03515270919338195,0.0350729246077482
Slovenian,0.037919697962939744,0.03628444957313006,0.03674043092946711,0.03896630576351376,0.032778856195323676,0.031896594373792574,0.03865517945662763,0.029674014427498438,0.03211131547568068,0.03851803571449153,0.038879911977482105,0.03842005568859581,0.03765400957947661,0.03691518061117019,0.04283860668470787,0.04115421633275641,0.04350187550566967,0.04209408063261515,0.03790159602519175,0.03887871487230974,0.03595397433841781,0.039455049857796354,0.03988428540267187,0.0328621238186436,0.04023940198000024,0.03624965883648907,0.03767413874553039,0.03958272724729534,0.03770083896344253,0.03618773802583756,0.037347641864793564,0.03826006935038402,0.034980149854651546,0.031933511135776665,0.03456999137016793,0.03305212551350289,0,0.035967644128549324,0.03752209593575067,0.03322953338535355,0.03762530438503178,0.03455297815971907
Spanish,0.03717273370829658,0.03412878031653062,0.03608399148487201,0.03639162458763968,0.035651635521472054,0.03129024199605387,0.029930807352111587,0.03126121993070656,0.033410906222494846,0.034438668861726085,0.03753230091642661,0.034956424467912625,0.03184371719801522,0.02455578578648098,0.040059732411136854,0.036189627143639734,0.04128748502888842,0.037769205612388626,0.03642588391693457,0.03330282276923171,0.028104314348725908,0.04357597226848564,0.0394068460037082,0.03484691872086883,0.03735609158617855,0.03226892438262245,0.035723875725745736,0.03607630315836092,0.035813179231456244,0.04016599613558159,0.02856741948344375,0.033621586621052,0.039054912839281336,0.0358774158788117,0.031078485371009913,0.03551626269034519,0.035967644128549324,0,0.03403533423811267,0.03395064853030916,0.03309744915856007,0.031070751441157375
Swedish,0.032312784669399616,0.034095170445470196,0.032952335232167784,0.037456267446518275,0.03396537203204431,0.03479624274360037,0.03781994349300231,0.033479648426616285,0.03416542846254806,0.03074052401173181,0.03333537543482103,0.031738491873961015,0.036566587373016594,0.03443727168523977,0.034119093656488124,0.036418920641087836,0.04057479056693948,0.03781905610185228,0.02983335421001254,0.035023380494044624,0.03524531244371374,0.037743477349870096,0.036452754833352745,0.03590341384713881,0.03667116374623383,0.03310973098747858,0.028447349245874946,0.036320511674871915,0.03630227083336361,0.03830592282889434,0.03589298983960012,0.03578101916642673,0.036774158628442626,0.03474177252785109,0.03189414290497588,0.03542526695246428,0.03752209593575067,0.03403533423811267,0,0.03380918989282101,0.03437594536382793,0.03314223504424025
Ukrainian,0.03530367224770881,0.03285424217096712,0.03314460211213003,0.036531859569486826,0.028105626865414474,0.02998193252384303,0.036891146318159124,0.02972110209723509,0.02907986558388134,0.03689041090996482,0.036965719642684886,0.03703086718055414,0.035535905628634776,0.034533711988988865,0.0406460004129942,0.036893025986536564,0.03856371270171748,0.03701493730948055,0.03378482437994374,0.0364452648300807,0.035676488900424366,0.036075537895237084,0.03462408685905107,0.028396026854232086,0.03683813977057797,0.0336746043827619,0.035583176282720064,0.03579472359630343,0.03530099528678323,0.03153844950208992,0.03536482577064077,0.03466874989233645,0.028158314197200256,0.028343938686048193,0.03264747383015481,0.029987906692742018,0.03322953338535355,0.03395064853030916,0.03380918989282101,0,0.0335679225885755,0.034076425179090805
Urdu,0.03655746866370049,0.03420651485496802,0.03445859187476306,0.032407392453655474,0.03549179332406462,0.03295619701684573,0.03793832086644575,0.03246774069202711,0.03306916291787347,0.035802379996275405,0.03702986796652565,0.03632033797553449,0.03507192076603539,0.03431264927012088,0.039981201998541424,0.03742819563662461,0.03487552737035535,0.028145112316510734,0.035670078772098275,0.03564827911531287,0.035344258079220196,0.04045866364034305,0.03954988811021523,0.03446207661355322,0.03276775304863087,0.02900106754120016,0.03680422101866785,0.03371226756167951,0.03421555582460294,0.039335900109673194,0.03606649437155225,0.0357966428900194,0.037809198333372256,0.035229738750192446,0.03047372221768311,0.03515270919338195,0.03762530438503178,0.03309744915856007,0.03437594536382793,0.0335679225885755,0,0.034086629757108154
Welsh,0.035827623533114854,0.034254008135976344,0.033827183364760455,0.03732756993986089,0.03484189204419984,0.031185492029373284,0.035814084954750976,0.031465003768857185,0.03303295245673277,0.03378555014700045,0.03603991035419606,0.033813773781756866,0.035417779493168405,0.032014570060845064,0.03727462362299267,0.03542793016363304,0.04019245206923574,0.03916132181437264,0.03449632122388522,0.03383990269586068,0.03056205652174544,0.0399345763517227,0.037077945916020344,0.0354951455173016,0.037134761394563134,0.03395198489873157,0.03569860415554297,0.035228749665767715,0.034306640613500826,0.0381707687728075,0.03399635307273571,0.03389262847492914,0.03744451813561715,0.03548358480690978,0.03076247983335038,0.0350729246077482,0.03455297815971907,0.031070751441157375,0.03314223504424025,0.034076425179090805,0.034086629757108154,0
