,Afrikaans,Albanian,Armenian,Bengali,Bosnian,Bulgarian,Catalan,Croatian,Czech,Danish,Dutch,English,French,Galician,German,Greek,Gujarati,Hindi,Icelandic,Irish,Italian,Latvian,Lithuanian,Macedonian,Marathi,Nepali,Norwegian,Pashto,Persian,Polish,Portuguese,Romanian,Russian,Serbian,Sinhala,Slovak,Slovenian,Spanish,Swedish,Ukrainian,Urdu,Welsh
Afrikaans,0,0.3806571992684829,0.31119255007196406,0.3881601017688284,0.3249264576469063,0.3825872811241756,0.39132503006455843,0.3697797756568597,0.368260888501219,0.4052181568089241,0.32287091257779327,0.36390551084435074,0.3938067353363458,0.39545498090628856,0.3719400810750154,0.38107008319897767,0.38847640638830067,0.37982243740619687,0.35543119866901385,0.4095260098831782,0.32767816624314794,0.33597946234453696,0.27066024177225645,0.3650659303971084,0.39891295221592377,0.3563279919375096,0.39519123395262074,0.39268393821012704,0.3448069867759647,0.3275798613497772,0.37863630906233275,0.3703732432748948,0.3530949791175986,0.362141125229754,0.35589206661938105,0.3775354297691746,0.3752305409341821,0.37706609483989517,0.37021032247129265,0.3484108563574995,0.38521478690987326,0.3116368922015943
Albanian,0.3806571992684829,0,0.31616738481321677,0.37681347543665805,0.32845306997662393,0.37339835889564343,0.38189724850603485,0.3657704376462952,0.3661458360160496,0.3936171672213984,0.3699069951424425,0.3754055160828086,0.3798356149610661,0.3806366740887656,0.3747936507080227,0.3741909401290774,0.38658166741965944,0.37516588288335245,0.3628651181425714,0.391266137213274,0.32631927837037467,0.3402911321520681,0.27505661520044156,0.35693072908507184,0.3891266372546313,0.3596250881285377,0.38855990860189726,0.38541473794457487,0.34527226140704964,0.32817154741142657,0.36821615232916627,0.3665282684066411,0.3511770894716849,0.35748240957106564,0.3501443507038406,0.37789559343416756,0.3712586340981203,0.37125786608020606,0.3731045281512209,0.3493052855127505,0.37889168552447505,0.31883505586043304
Armenian,0.31119255007196406,0.31616738481321677,0,0.3218524603699397,0.3100434951630706,0.31948695595022514,0.31723080800573084,0.3188658459259232,0.31441271231612766,0.3205844284436999,0.3159234181310244,0.3223523390204818,0.3181453739352099,0.31098423695559557,0.3127164139827793,0.3137461005408345,0.3248230493641724,0.3240780113076191,0.31223666734699396,0.31317338498606745,0.3055948653330017,0.31226554991232264,0.27535892346594854,0.3155175840935152,0.3215159935040234,0.3266699646446529,0.3152878101101022,0.3200631819925202,0.3087533160360993,0.31048070197601146,0.31720885178590896,0.31384197446829226,0.31128954308101214,0.31506914447354734,0.31388649952819747,0.313474908082489,0.32263351021608666,0.31902676427100796,0.3161370209290973,0.3152736899294991,0.32447190471680387,0.3081470256710018
Bengali,0.3881601017688284,0.37681347543665805,0.3218524603699397,0,0.32936804560964733,0.37643436469400765,0.37801820392372465,0.36872160502344986,0.35520480881118727,0.3940914436340549,0.3694386228471019,0.3772365715202501,0.3800828025031524,0.3837172596367726,0.36713864547535857,0.37169897263452745,0.3575493243175613,0.345851441754802,0.370496688547463,0.3878633084942959,0.32361221488933006,0.3379809733221446,0.2714233021147448,0.3590775583403043,0.36545263584921495,0.3343612421346478,0.38601988371649953,0.3847350704459438,0.34571037913602537,0.32008220210541666,0.36570806264677747,0.36354460764109625,0.3517231158483773,0.36086745847747287,0.3521108337871165,0.36553685450762874,0.36975639017190004,0.3702965080859688,0.3693203975395776,0.34671249438651597,0.3523855640623464,0.3172192254266602
Bosnian,0.3249264576469063,0.32845306997662393,0.3100434951630706,0.32936804560964733,0,0.30667448708530226,0.3269798902705144,0.2895088795266116,0.30481932818394974,0.3345819595116642,0.3284108172893837,0.33816793624019414,0.32596924512365083,0.32435990721519437,0.3309388970598062,0.3202098522309326,0.3313689719758561,0.32991074231425993,0.31963479239413584,0.32975704484617085,0.30711569271909517,0.310961992984834,0.2675457595484672,0.2864448530280015,0.33187061586343886,0.3398407805356853,0.32786209094856117,0.3315696157408458,0.3202781376147067,0.2957316684316072,0.3226794287401948,0.32110137423431073,0.2894482890394174,0.2630782421594434,0.32584092175936247,0.2975474936210334,0.31391652011718196,0.32870736941830897,0.32281831919010434,0.2955749962401311,0.3307493216876928,0.31250534829172644
Bulgarian,0.3825872811241756,0.37339835889564343,0.31948695595022514,0.37643436469400765,0.30667448708530226,0,0.37130154441686475,0.3257752137028583,0.34105851578156926,0.39194943952061334,0.37105728214178657,0.36773671231276966,0.3785228608008636,0.37578775535226155,0.37147969578376966,0.3669190206867739,0.3756448231080296,0.37149471663091466,0.3635385438691409,0.3864005435436229,0.3179908178464013,0.33676600155462416,0.2696734274083341,0.3311846749492156,0.38593083747711776,0.358491905959428,0.38905776476572496,0.3797407420515644,0.3461189698961053,0.3138437712627667,0.3671269744935276,0.3628642594892263,0.3319175550801311,0.33459496085449314,0.3512523056514279,0.35290508938706455,0.35004250565643485,0.36141285964031944,0.36478661780454613,0.3318723303542091,0.37488989943824097,0.30675312881477973
Catalan,0.39132503006455843,0.38189724850603485,0.31723080800573084,0.37801820392372465,0.3269798902705144,0.37130154441686475,0,0.3570319621958179,0.35768543258902247,0.4039018998621032,0.3727196096394386,0.3718821294259513,0.3751562301246029,0.3719145556732572,0.37172826799681247,0.3749550819544805,0.37678005334782466,0.36894663814025713,0.36361001014558847,0.3982903021346446,0.30070675631191657,0.3390858412820209,0.2707725835306862,0.35431244583828625,0.38592091602380696,0.3604710186677261,0.4015573771854446,0.3947708751902949,0.3479834129306191,0.3239139710664017,0.3490977562844582,0.35822795837840693,0.3455086547315307,0.35867784872058395,0.3512112669226261,0.37074674669937946,0.37352016418194184,0.35009164080434185,0.3686622029093716,0.3453595471803499,0.3767663764508589,0.3084010444802335
Croatian,0.3697797756568597,0.3657704376462952,0.3188658459259232,0.36872160502344986,0.2895088795266116,0.3257752137028583,0.3570319621958179,0,0.3318250179550392,0.3765785194084843,0.36447296040907573,0.3645313141311205,0.36742335180800506,0.361920501924041,0.3681303430429874,0.361218970447829,0.37043927800579546,0.36844683280929313,0.35276526900393484,0.37183999556608444,0.31824873417036276,0.3346854922168814,0.2686389944610243,0.32220374572554844,0.3724963828018562,0.36006174018437825,0.37242868690776104,0.3699797757307557,0.34145248969738723,0.3102863337736408,0.3603356080835371,0.3517684318436035,0.3252226851442928,0.31009933538326206,0.34769232352090956,0.3354418518027048,0.33188931593466703,0.35755923358985425,0.35573618485759456,0.31963763344386575,0.36792982305528604,0.30973644755156354
Czech,0.368260888501219,0.3661458360160496,0.31441271231612766,0.35520480881118727,0.30481932818394974,0.34105851578156926,0.35768543258902247,0.3318250179550392,0,0.37388334439631005,0.36280501273173443,0.3568666941401823,0.3671856661010409,0.36598794316436284,0.371742282600575,0.3530218776061088,0.3619627693035548,0.36213867278485057,0.3535278237958408,0.37445420850657957,0.3228461575729525,0.3266672528221209,0.27350760568284554,0.3371712019868638,0.36705382655112545,0.35192474104050975,0.3714950634443676,0.36925348812259823,0.3415038604015638,0.31514124331293913,0.36072538520742276,0.3502791932722758,0.3256440554719293,0.32958460816066304,0.34269674907105296,0.3311067811418607,0.338298146242596,0.3577328824858514,0.3539885257542589,0.3233245984640083,0.3575320719382241,0.3112138384863013
Danish,0.4052181568089241,0.3936171672213984,0.3205844284436999,0.3940914436340549,0.3345819595116642,0.39194943952061334,0.4039018998621032,0.3765785194084843,0.37388334439631005,0,0.37291769847386974,0.3679179213140481,0.41481736369085037,0.40950839778064674,0.36826987093230623,0.38959606653105344,0.38927796900547484,0.3831256474192346,0.3644859496617972,0.4168338710150467,0.32431757141292505,0.34625319507903474,0.27316209152563603,0.3750065282706667,0.4034437782260279,0.35705039899392127,0.4138728132196659,0.4078504181446176,0.35055285662468627,0.3305725455732781,0.3816033302373161,0.3802648095791834,0.3646225030733322,0.3757758476372224,0.3571626075266413,0.3910300226855649,0.39359509490574246,0.3821675682908113,0.37570175532855066,0.35989527901250273,0.38627383224223105,0.307162333559467
Dutch,0.32287091257779327,0.3699069951424425,0.3159234181310244,0.3694386228471019,0.3284108172893837,0.37105728214178657,0.3727196096394386,0.36447296040907573,0.36280501273173443,0.37291769847386974,0,0.35002759359324376,0.37583853051835425,0.3788117910932014,0.3513309101562509,0.3649798223492191,0.37143182075718234,0.3660669316603942,0.3541456491759373,0.3832048790616586,0.323439590294765,0.3339510201358062,0.2728295277580006,0.353921140079542,0.37518650436699924,0.35577694180533714,0.36583149494048106,0.3832858048706056,0.3498032253050449,0.32769856072209486,0.36612672956475634,0.3625188443337,0.3495030201625382,0.3564636070677787,0.3548329171963007,0.3658919814887551,0.3596096738259551,0.36232938537581816,0.34928198575305164,0.3438553648429314,0.3680232472873733,0.3126867177099036
English,0.36390551084435074,0.3754055160828086,0.3223523390204818,0.3772365715202501,0.33816793624019414,0.36773671231276966,0.3718821294259513,0.3645313141311205,0.3568666941401823,0.3679179213140481,0.35002759359324376,0,0.3749114043084999,0.3741799128788321,0.346344553204805,0.37130840746656096,0.37141214166141245,0.36613778948457065,0.35528511438992133,0.3732836576337816,0.32466136355437075,0.3475063184724335,0.279583886882675,0.3595036038324595,0.3760846944264287,0.3593412572425075,0.36960556274241385,0.38141404629628456,0.3465291738279509,0.3294632046087227,0.3588621523873682,0.3628717471299518,0.3536202587362747,0.36136160027707565,0.35673773575574286,0.364627184436979,0.372449937525195,0.36319204981789155,0.36145960557458373,0.3535618868721152,0.376470626270858,0.31969297799068147
French,0.3938067353363458,0.3798356149610661,0.3181453739352099,0.3800828025031524,0.32596924512365083,0.3785228608008636,0.3751562301246029,0.36742335180800506,0.3671856661010409,0.41481736369085037,0.37583853051835425,0.3749114043084999,0,0.3892588676304755,0.38404679643754625,0.3741518403092955,0.3789692261723334,0.37549047077226977,0.3663076216358928,0.40605343583998577,0.30892496234570616,0.3389116457994146,0.27235288258888507,0.35705647505357596,0.3875945396582979,0.358424992448028,0.40121187274500264,0.399315309070097,0.351617442826968,0.3251405063182395,0.3680270625851816,0.3578532934368595,0.3518155923860721,0.36046163897687494,0.35606719891299066,0.38328791952406066,0.37422283601585227,0.3606928048373304,0.3705133233530907,0.34472484297346495,0.3776368511970979,0.30924973746145495
Galician,0.39545498090628856,0.3806366740887656,0.31098423695559557,0.3837172596367726,0.32435990721519437,0.37578775535226155,0.3719145556732572,0.361920501924041,0.36598794316436284,0.40950839778064674,0.3788117910932014,0.3741799128788321,0.3892588676304755,0,0.37775382131944385,0.3814500651576337,0.3848179031248582,0.380993613754032,0.3651651790021059,0.4053505996236988,0.30530991446498756,0.3403038905447138,0.26914089661643137,0.36007875895739694,0.3972997539303199,0.35770400127821317,0.40831995267087734,0.39905473794496465,0.3447998835683308,0.3283855689811586,0.3485211239860761,0.36383528955825883,0.3540278248857351,0.35968192189445547,0.3487608556338203,0.38195427404469284,0.3779160735907194,0.3366026739878267,0.3759561012286166,0.3508545577652738,0.3826586517531917,0.30460278012006237
German,0.3719400810750154,0.3747936507080227,0.3127164139827793,0.36713864547535857,0.3309388970598062,0.37147969578376966,0.37172826799681247,0.3681303430429874,0.371742282600575,0.36826987093230623,0.3513309101562509,0.346344553204805,0.38404679643754625,0.37775382131944385,0,0.3654249011651471,0.3785280725513301,0.36706840231936744,0.35257463191849586,0.3849096759068087,0.32400334580067264,0.3384633516998396,0.26746896751783605,0.35923686475048755,0.381949486597774,0.3514609140678109,0.37457141219137513,0.3843016649008472,0.34703786435933576,0.33044799283987014,0.37053398725999936,0.3596893110830524,0.35132421284344467,0.36253502645956803,0.3513723251699122,0.37347639259288695,0.36517801349536216,0.35795020448677173,0.3530058936771429,0.35126063455537965,0.36784490709079865,0.30864759160810645
Greek,0.38107008319897767,0.3741909401290774,0.3137461005408345,0.37169897263452745,0.3202098522309326,0.3669190206867739,0.3749550819544805,0.361218970447829,0.3530218776061088,0.38959606653105344,0.3649798223492191,0.37130840746656096,0.3741518403092955,0.3814500651576337,0.3654249011651471,0,0.37180698322312844,0.3659037079457119,0.3626960814036003,0.3874327506000892,0.32019645251018725,0.33253854671217653,0.26756265685095004,0.34812851307723347,0.37953765396728384,0.3560315803135306,0.38657940611975466,0.3780834812273063,0.3398776214486185,0.3222615567921737,0.36835034019900853,0.3569715278813647,0.3449322767451913,0.35221719691122355,0.3548916719477621,0.36489189510091735,0.3673551087286305,0.3625862267156112,0.36393344598015065,0.33920344369115774,0.36999453597588516,0.3103241861498214
Gujarati,0.38847640638830067,0.38658166741965944,0.3248230493641724,0.3575493243175613,0.3313689719758561,0.3756448231080296,0.37678005334782466,0.37043927800579546,0.3619627693035548,0.38927796900547484,0.37143182075718234,0.37141214166141245,0.3789692261723334,0.3848179031248582,0.3785280725513301,0.37180698322312844,0,0.33126536225352954,0.37495514340231445,0.38900126713448774,0.3283350089399614,0.3429053902339139,0.28010531980768416,0.36275083136400554,0.3307811352072122,0.3459127085011469,0.3855644878314803,0.38677320963729594,0.35273544381199384,0.3304188090078958,0.3699338938440363,0.36455350832325606,0.3575837221114796,0.3660395182265017,0.35696204084376615,0.3730169765468699,0.3693066058230798,0.37092351717487176,0.36828039393631473,0.3514303993210485,0.3580981126798476,0.31736402401660274
Hindi,0.37982243740619687,0.37516588288335245,0.3240780113076191,0.345851441754802,0.32991074231425993,0.37149471663091466,0.36894663814025713,0.36844683280929313,0.36213867278485057,0.3831256474192346,0.3660669316603942,0.36613778948457065,0.37549047077226977,0.380993613754032,0.36706840231936744,0.3659037079457119,0.33126536225352954,0,0.3622244357085153,0.37927637318816254,0.3279810851387241,0.3399446507729835,0.276222240717757,0.3561646663900167,0.3430112969615708,0.3414341915869619,0.3776862630933053,0.38121870110996603,0.3509279731776534,0.3309229853052442,0.36895959802368833,0.3612444754260179,0.35045791987474756,0.3625540763295959,0.3536926986166802,0.3682167156628653,0.3630388003237972,0.36546816067130167,0.36040581649790265,0.34763884887290564,0.33262638500783503,0.31826656280747145
Icelandic,0.35543119866901385,0.3628651181425714,0.31223666734699396,0.370496688547463,0.31963479239413584,0.3635385438691409,0.36361001014558847,0.35276526900393484,0.3535278237958408,0.3644859496617972,0.3541456491759373,0.35528511438992133,0.3663076216358928,0.3651651790021059,0.35257463191849586,0.3626960814036003,0.37495514340231445,0.3622244357085153,0,0.37462261558709803,0.31968945409393046,0.3315868541246247,0.2667814675592775,0.3480846333850453,0.3725669370241248,0.35710896369682643,0.36166835674965747,0.37201386044042817,0.33565221629581476,0.3230155942997281,0.3593754978303097,0.354366323104754,0.3389520960271994,0.3462976204409657,0.3413864972111545,0.3593316921255646,0.3584945107144016,0.36077798917656917,0.34402675024714474,0.3362139320455414,0.3688334626647336,0.31267591881938306
Irish,0.4095260098831782,0.391266137213274,0.31317338498606745,0.3878633084942959,0.32975704484617085,0.3864005435436229,0.3982903021346446,0.37183999556608444,0.37445420850657957,0.4168338710150467,0.3832048790616586,0.3732836576337816,0.40605343583998577,0.4053505996236988,0.3849096759068087,0.3874327506000892,0.38900126713448774,0.37927637318816254,0.37462261558709803,0,0.3244945823939771,0.34103083128293993,0.27146590558126704,0.36548475876640923,0.39638527551126385,0.35768705143318047,0.41577766280736794,0.4049019755825087,0.3496042210230932,0.3307221991712554,0.38234543480056427,0.37177215730590824,0.36052666118672366,0.3700034513942516,0.35709982583908634,0.3934934245298452,0.3842726074913832,0.37285308643789006,0.37845376687564214,0.351150294399347,0.383198017678257,0.3048042149990321
Italian,0.32767816624314794,0.32631927837037467,0.3055948653330017,0.32361221488933006,0.30711569271909517,0.3179908178464013,0.30070675631191657,0.31824873417036276,0.3228461575729525,0.32431757141292505,0.323439590294765,0.32466136355437075,0.30892496234570616,0.30530991446498756,0.32400334580067264,0.32019645251018725,0.3283350089399614,0.3279810851387241,0.31968945409393046,0.3244945823939771,0,0.31389939863184374,0.2739082961506671,0.3118148723781223,0.32865943163466116,0.3310271826662887,0.32656600245922734,0.3307572529519061,0.3244742470926804,0.31010062425932383,0.303664627372608,0.30737445119126394,0.31506818997698993,0.31469570453689594,0.31790274298844723,0.31899602085648743,0.32144039069364977,0.30359934892529006,0.3171567388902021,0.31340655147599067,0.32751935181658115,0.2933912189113659
Latvian,0.33597946234453696,0.3402911321520681,0.31226554991232264,0.3379809733221446,0.310961992984834,0.33676600155462416,0.3390858412820209,0.3346854922168814,0.3266672528221209,0.34625319507903474,0.3339510201358062,0.3475063184724335,0.3389116457994146,0.3403038905447138,0.3384633516998396,0.33253854671217653,0.3429053902339139,0.3399446507729835,0.3315868541246247,0.34103083128293993,0.31389939863184374,0,0.2568462858915094,0.3253685929814269,0.3440374971636638,0.33957575765962766,0.3414739618570511,0.346613438456419,0.3267638106174513,0.3062729894450525,0.33460118856649196,0.33373989669983006,0.3155947506758628,0.3258291342699464,0.33703529631051365,0.32291500394689493,0.3333082049936637,0.34000846495648035,0.3388608386959972,0.31941443279280407,0.34203233353935475,0.3123781920396444
Lithuanian,0.27066024177225645,0.27505661520044156,0.27535892346594854,0.2714233021147448,0.2675457595484672,0.2696734274083341,0.2707725835306862,0.2686389944610243,0.27350760568284554,0.27316209152563603,0.2728295277580006,0.279583886882675,0.27235288258888507,0.26914089661643137,0.26746896751783605,0.26756265685095004,0.28010531980768416,0.276222240717757,0.2667814675592775,0.27146590558126704,0.2739082961506671,0.2568462858915094,0,0.26880699853435,0.2785578373861576,0.27996239928683925,0.2695323021605422,0.2729595880565461,0.27695825243242894,0.2698165207295045,0.2710033024092354,0.27041913152815783,0.2668587237165029,0.2649929568225636,0.2757385299322155,0.2659663942230713,0.2707322614175797,0.27298536140085483,0.2677637388019033,0.26614103122581895,0.2757573565644833,0.2792096188694892
Macedonian,0.3650659303971084,0.35693072908507184,0.3155175840935152,0.3590775583403043,0.2864448530280015,0.3311846749492156,0.35431244583828625,0.32220374572554844,0.3371712019868638,0.3750065282706667,0.353921140079542,0.3595036038324595,0.35705647505357596,0.36007875895739694,0.35923686475048755,0.34812851307723347,0.36275083136400554,0.3561646663900167,0.3480846333850453,0.36548475876640923,0.3118148723781223,0.3253685929814269,0.26880699853435,0,0.36656365993317064,0.35413739385337983,0.3665892310863376,0.3682408185397426,0.3398228164495684,0.3069387939021462,0.3482221916702143,0.34664197037782246,0.30854011441104556,0.29636480907792406,0.3424025662655083,0.3336571695449775,0.33806309870756424,0.3505357750767125,0.3468053919180248,0.31050271716059274,0.3576653010353288,0.31223957148097836
Marathi,0.39891295221592377,0.3891266372546313,0.3215159935040234,0.36545263584921495,0.33187061586343886,0.38593083747711776,0.38592091602380696,0.3724963828018562,0.36705382655112545,0.4034437782260279,0.37518650436699924,0.3760846944264287,0.3875945396582979,0.3972997539303199,0.381949486597774,0.37953765396728384,0.3307811352072122,0.3430112969615708,0.3725669370241248,0.39638527551126385,0.32865943163466116,0.3440374971636638,0.2785578373861576,0.36656365993317064,0,0.351584539622269,0.3959420511962972,0.3950868984999196,0.35239621760027745,0.3303881500932131,0.37237841292505036,0.3694545932357859,0.35843423081683917,0.3693546861251644,0.35680317898727065,0.3802623190427728,0.3797761057943103,0.37511028005011965,0.37419848162149594,0.35347393816003586,0.364573826291289,0.314011323504913
Nepali,0.3563279919375096,0.3596250881285377,0.3266699646446529,0.3343612421346478,0.3398407805356853,0.358491905959428,0.3604710186677261,0.36006174018437825,0.35192474104050975,0.35705039899392127,0.35577694180533714,0.3593412572425075,0.358424992448028,0.35770400127821317,0.3514609140678109,0.3560315803135306,0.3459127085011469,0.3414341915869619,0.35710896369682643,0.35768705143318047,0.3310271826662887,0.33957575765962766,0.27996239928683925,0.35413739385337983,0.351584539622269,0,0.3586029077776693,0.3579366509729734,0.34302203725545083,0.33004891383509594,0.35718504842508036,0.3533769736644814,0.3497634589015906,0.35739094984399705,0.3437849810159432,0.3556409729903595,0.35552406391904134,0.35656581600749526,0.3571639731425777,0.34816743843315656,0.344426210937994,0.32537164371804916
Norwegian,0.39519123395262074,0.38855990860189726,0.3152878101101022,0.38601988371649953,0.32786209094856117,0.38905776476572496,0.4015573771854446,0.37242868690776104,0.3714950634443676,0.4138728132196659,0.36583149494048106,0.36960556274241385,0.40121187274500264,0.40831995267087734,0.37457141219137513,0.38657940611975466,0.3855644878314803,0.3776862630933053,0.36166835674965747,0.41577766280736794,0.32656600245922734,0.3414739618570511,0.2695323021605422,0.3665892310863376,0.3959420511962972,0.3586029077776693,0,0.40892419485457104,0.3520240967011263,0.3256311752418618,0.3750196898293054,0.3784472651095238,0.3571088414109537,0.36746017527568225,0.3597006898785317,0.3889323548046613,0.3825395108094527,0.37167860769614985,0.3497497613676239,0.35401710253868485,0.38769862684617684,0.3139479322314269
Pashto,0.39268393821012704,0.38541473794457487,0.3200631819925202,0.3847350704459438,0.3315696157408458,0.3797407420515644,0.3947708751902949,0.3699797757307557,0.36925348812259823,0.4078504181446176,0.3832858048706056,0.38141404629628456,0.399315309070097,0.39905473794496465,0.3843016649008472,0.3780834812273063,0.38677320963729594,0.38121870110996603,0.37201386044042817,0.4049019755825087,0.3307572529519061,0.346613438456419,0.2729595880565461,0.3682408185397426,0.3950868984999196,0.3579366509729734,0.40892419485457104,0,0.3382480669076168,0.32999542515848956,0.3812007392558975,0.3713297683836576,0.3584035531126154,0.3685504796490278,0.35573251104003856,0.3828000910579886,0.38066570833678626,0.3801681007589454,0.3802381525151706,0.3518358195133232,0.3805082285682444,0.3172639721497101
Persian,0.3448069867759647,0.34527226140704964,0.3087533160360993,0.34571037913602537,0.3202781376147067,0.3461189698961053,0.3479834129306191,0.34145248969738723,0.3415038604015638,0.35055285662468627,0.3498032253050449,0.3465291738279509,0.351617442826968,0.3447998835683308,0.34703786435933576,0.3398776214486185,0.35273544381199384,0.3509279731776534,0.33565221629581476,0.3496042210230932,0.3244742470926804,0.3267638106174513,0.27695825243242894,0.3398228164495684,0.35239621760027745,0.34302203725545083,0.3520240967011263,0.3382480669076168,0,0.32321364412278597,0.34302397522703626,0.33951663905136154,0.33179379275802634,0.33845301067378647,0.3363324847460858,0.34447575787676094,0.3465837293081828,0.34694917456604096,0.34131424723115406,0.32831827475710484,0.3434015782425703,0.310775360411475
Polish,0.3275798613497772,0.32817154741142657,0.31048070197601146,0.32008220210541666,0.2957316684316072,0.3138437712627667,0.3239139710664017,0.3102863337736408,0.31514124331293913,0.3305725455732781,0.32769856072209486,0.3294632046087227,0.3251405063182395,0.3283855689811586,0.33044799283987014,0.3222615567921737,0.3304188090078958,0.3309229853052442,0.3230155942997281,0.3307221991712554,0.31010062425932383,0.3062729894450525,0.2698165207295045,0.3069387939021462,0.3303881500932131,0.33004891383509594,0.3256311752418618,0.32999542515848956,0.32321364412278597,0,0.3227760984639796,0.3201639966394596,0.3006495453499269,0.302895594370806,0.3218441441817984,0.2977120393943162,0.30743760509062557,0.3279320548865403,0.31626166180323423,0.2952461062850238,0.3281924328613149,0.30974433287838954
Portuguese,0.37863630906233275,0.36821615232916627,0.31720885178590896,0.36570806264677747,0.3226794287401948,0.3671269744935276,0.3490977562844582,0.3603356080835371,0.36072538520742276,0.3816033302373161,0.36612672956475634,0.3588621523873682,0.3680270625851816,0.3485211239860761,0.37053398725999936,0.36835034019900853,0.3699338938440363,0.36895959802368833,0.3593754978303097,0.38234543480056427,0.303664627372608,0.33460118856649196,0.2710033024092354,0.3482221916702143,0.37237841292505036,0.35718504842508036,0.3750196898293054,0.3812007392558975,0.34302397522703626,0.3227760984639796,0,0.34845763387060674,0.33976421069192736,0.3515416878933433,0.34963258777993705,0.36574514703544575,0.3595303033370366,0.33466368304900856,0.35751041063267663,0.3426869575106529,0.3677669807251156,0.30771259231348363
Romanian,0.3703732432748948,0.3665282684066411,0.31384197446829226,0.36354460764109625,0.32110137423431073,0.3628642594892263,0.35822795837840693,0.3517684318436035,0.3502791932722758,0.3802648095791834,0.3625188443337,0.3628717471299518,0.3578532934368595,0.36383528955825883,0.3596893110830524,0.3569715278813647,0.36455350832325606,0.3612444754260179,0.354366323104754,0.37177215730590824,0.30737445119126394,0.33373989669983006,0.27041913152815783,0.34664197037782246,0.3694545932357859,0.3533769736644814,0.3784472651095238,0.3713297683836576,0.33951663905136154,0.3201639966394596,0.34845763387060674,0,0.34143969381431577,0.349095299395605,0.3423390598387865,0.3564477919848061,0.36116447869800367,0.35717673052224447,0.3625297100949501,0.3401703584709444,0.3652148073611842,0.3102492297740435
Russian,0.3530949791175986,0.3511770894716849,0.31128954308101214,0.3517231158483773,0.2894482890394174,0.3319175550801311,0.3455086547315307,0.3252226851442928,0.3256440554719293,0.3646225030733322,0.3495030201625382,0.3536202587362747,0.3518155923860721,0.3540278248857351,0.35132421284344467,0.3449322767451913,0.3575837221114796,0.35045791987474756,0.3389520960271994,0.36052666118672366,0.31506818997698993,0.3155947506758628,0.2668587237165029,0.30854011441104556,0.35843423081683917,0.3497634589015906,0.3571088414109537,0.3584035531126154,0.33179379275802634,0.3006495453499269,0.33976421069192736,0.34143969381431577,0,0.30640350700608443,0.33673964161322906,0.32063195036885733,0.3341455296023149,0.34709338567885323,0.34505142435262826,0.2962384768966904,0.35450594950616005,0.31443716933949617
Serbian,0.362141125229754,0.35748240957106564,0.31506914447354734,0.36086745847747287,0.2630782421594434,0.33459496085449314,0.35867784872058395,0.31009933538326206,0.32958460816066304,0.3757758476372224,0.3564636070677787,0.36136160027707565,0.36046163897687494,0.35968192189445547,0.36253502645956803,0.35221719691122355,0.3660395182265017,0.3625540763295959,0.3462976204409657,0.3700034513942516,0.31469570453689594,0.3258291342699464,0.2649929568225636,0.29636480907792406,0.3693546861251644,0.35739094984399705,0.36746017527568225,0.3685504796490278,0.33845301067378647,0.302895594370806,0.3515416878933433,0.349095299395605,0.30640350700608443,0,0.3477793922682484,0.33062673426701994,0.3376716080213259,0.35435216179295914,0.3506700584500977,0.3094215605319967,0.36162153641712974,0.3150156742319565
Sinhala,0.35589206661938105,0.3501443507038406,0.31388649952819747,0.3521108337871165,0.32584092175936247,0.3512523056514279,0.3512112669226261,0.34769232352090956,0.34269674907105296,0.3571626075266413,0.3548329171963007,0.35673773575574286,0.35606719891299066,0.3487608556338203,0.3513723251699122,0.3548916719477621,0.35696204084376615,0.3536926986166802,0.3413864972111545,0.35709982583908634,0.31790274298844723,0.33703529631051365,0.2757385299322155,0.3424025662655083,0.35680317898727065,0.3437849810159432,0.3597006898785317,0.35573251104003856,0.3363324847460858,0.3218441441817984,0.34963258777993705,0.3423390598387865,0.33673964161322906,0.3477793922682484,0,0.35059298588439075,0.3521560836949669,0.34841194396281094,0.3495112599800587,0.34059427103893875,0.35517811570485214,0.30782735176069537
Slovak,0.3775354297691746,0.37789559343416756,0.313474908082489,0.36553685450762874,0.2975474936210334,0.35290508938706455,0.37074674669937946,0.3354418518027048,0.3311067811418607,0.3910300226855649,0.3658919814887551,0.364627184436979,0.38328791952406066,0.38195427404469284,0.37347639259288695,0.36489189510091735,0.3730169765468699,0.3682167156628653,0.3593316921255646,0.3934934245298452,0.31899602085648743,0.32291500394689493,0.2659663942230713,0.3336571695449775,0.3802623190427728,0.3556409729903595,0.3889323548046613,0.3828000910579886,0.34447575787676094,0.2977120393943162,0.36574514703544575,0.3564477919848061,0.32063195036885733,0.33062673426701994,0.35059298588439075,0,0.35269928103483644,0.3648160230931544,0.36400755374068355,0.3235719962618623,0.36788776044831906,0.310412749530807
Slovenian,0.3752305409341821,0.3712586340981203,0.32263351021608666,0.36975639017190004,0.31391652011718196,0.35004250565643485,0.37352016418194184,0.33188931593466703,0.338298146242596,0.39359509490574246,0.3596096738259551,0.372449937525195,0.37422283601585227,0.3779160735907194,0.36517801349536216,0.3673551087286305,0.3693066058230798,0.3630388003237972,0.3584945107144016,0.3842726074913832,0.32144039069364977,0.3333082049936637,0.2707322614175797,0.33806309870756424,0.3797761057943103,0.35552406391904134,0.3825395108094527,0.38066570833678626,0.3465837293081828,0.30743760509062557,0.3595303033370366,0.36116447869800367,0.3341455296023149,0.3376716080213259,0.3521560836949669,0.35269928103483644,0,0.36005816387295264,0.3632494278849881,0.3375497820121129,0.3691220832067829,0.313345204069986
Spanish,0.37706609483989517,0.37125786608020606,0.31902676427100796,0.3702965080859688,0.32870736941830897,0.36141285964031944,0.35009164080434185,0.35755923358985425,0.3577328824858514,0.3821675682908113,0.36232938537581816,0.36319204981789155,0.3606928048373304,0.3366026739878267,0.35795020448677173,0.3625862267156112,0.37092351717487176,0.36546816067130167,0.36077798917656917,0.37285308643789006,0.30359934892529006,0.34000846495648035,0.27298536140085483,0.3505357750767125,0.37511028005011965,0.35656581600749526,0.37167860769614985,0.3801681007589454,0.34694917456604096,0.3279320548865403,0.33466368304900856,0.35717673052224447,0.34709338567885323,0.35435216179295914,0.34841194396281094,0.3648160230931544,0.36005816387295264,0,0.361679063803233,0.34613544732812623,0.37127935429488595,0.30861768090847913
Swedish,0.37021032247129265,0.3731045281512209,0.3161370209290973,0.3693203975395776,0.32281831919010434,0.36478661780454613,0.3686622029093716,0.35573618485759456,0.3539885257542589,0.37570175532855066,0.34928198575305164,0.36145960557458373,0.3705133233530907,0.3759561012286166,0.3530058936771429,0.36393344598015065,0.36828039393631473,0.36040581649790265,0.34402675024714474,0.37845376687564214,0.3171567388902021,0.3388608386959972,0.2677637388019033,0.3468053919180248,0.37419848162149594,0.3571639731425777,0.3497497613676239,0.3802381525151706,0.34131424723115406,0.31626166180323423,0.35751041063267663,0.3625297100949501,0.34505142435262826,0.3506700584500977,0.3495112599800587,0.36400755374068355,0.3632494278849881,0.361679063803233,0,0.34254305465218027,0.36816435912212164,0.3138248688650151
Ukrainian,0.3484108563574995,0.3493052855127505,0.3152736899294991,0.34671249438651597,0.2955749962401311,0.3318723303542091,0.3453595471803499,0.31963763344386575,0.3233245984640083,0.35989527901250273,0.3438553648429314,0.3535618868721152,0.34472484297346495,0.3508545577652738,0.35126063455537965,0.33920344369115774,0.3514303993210485,0.34763884887290564,0.3362139320455414,0.351150294399347,0.31340655147599067,0.31941443279280407,0.26614103122581895,0.31050271716059274,0.35347393816003586,0.34816743843315656,0.35401710253868485,0.3518358195133232,0.32831827475710484,0.2952461062850238,0.3426869575106529,0.3401703584709444,0.2962384768966904,0.3094215605319967,0.34059427103893875,0.3235719962618623,0.3375497820121129,0.34613544732812623,0.34254305465218027,0,0.35358092844705075,0.3102632147777696
Urdu,0.38521478690987326,0.37889168552447505,0.32447190471680387,0.3523855640623464,0.3307493216876928,0.37488989943824097,0.3767663764508589,0.36792982305528604,0.3575320719382241,0.38627383224223105,0.3680232472873733,0.376470626270858,0.3776368511970979,0.3826586517531917,0.36784490709079865,0.36999453597588516,0.3580981126798476,0.33262638500783503,0.3688334626647336,0.383198017678257,0.32751935181658115,0.34203233353935475,0.2757573565644833,0.3576653010353288,0.364573826291289,0.344426210937994,0.38769862684617684,0.3805082285682444,0.3434015782425703,0.3281924328613149,0.3677669807251156,0.3652148073611842,0.35450594950616005,0.36162153641712974,0.35517811570485214,0.36788776044831906,0.3691220832067829,0.37127935429488595,0.36816435912212164,0.35358092844705075,0,0.3198139505954945
Welsh,0.3116368922015943,0.31883505586043304,0.3081470256710018,0.3172192254266602,0.31250534829172644,0.30675312881477973,0.3084010444802335,0.30973644755156354,0.3112138384863013,0.307162333559467,0.3126867177099036,0.31969297799068147,0.30924973746145495,0.30460278012006237,0.30864759160810645,0.3103241861498214,0.31736402401660274,0.31826656280747145,0.31267591881938306,0.3048042149990321,0.2933912189113659,0.3123781920396444,0.2792096188694892,0.31223957148097836,0.314011323504913,0.32537164371804916,0.3139479322314269,0.3172639721497101,0.310775360411475,0.30974433287838954,0.30771259231348363,0.3102492297740435,0.31443716933949617,0.3150156742319565,0.30782735176069537,0.310412749530807,0.313345204069986,0.30861768090847913,0.3138248688650151,0.3102632147777696,0.3198139505954945,0
