,Afrikaans,Albanian,Armenian,Bengali,Bosnian,Bulgarian,Catalan,Croatian,Czech,Danish,Dutch,English,French,Galician,German,Greek,Gujarati,Hindi,Icelandic,Irish,Italian,Latvian,Lithuanian,Macedonian,Marathi,Nepali,Norwegian,Pashto,Persian,Polish,Portuguese,Romanian,Russian,Serbian,Sinhala,Slovak,Slovenian,Spanish,Swedish,Ukrainian,Urdu,Welsh
Afrikaans,0,5235.8025168614295,6941.07665226679,6267.846985198136,7133.789327555244,6870.49502407386,7168.230448580694,7428.19668371908,8345.88407946353,6328.39043934388,5455.892040672588,7255.136707202263,6575.655583446096,5248.376987120868,6088.660789198735,8216.053861813632,6903.997172635063,7971.656032069569,5099.570289607079,5955.742587146611,8162.570269432456,7758.313552912427,7046.315169835445,6320.262843923096,6426.230287319478,6286.358384434724,5569.948619661382,5669.144359061723,6076.964991084373,9016.072545231835,6871.306866096578,7259.794587059553,6704.916365290501,6395.970650167121,5544.437953753418,7337.2252185361285,7956.3401491205595,7984.320527119542,5795.728128259544,6772.917411974376,6531.904951116167,7893.151514918541
Albanian,5235.8025168614295,0,7007.824542799744,6239.421567687046,7363.775148619002,7307.464340546817,7660.464999799735,7843.263301939185,8780.419064179256,7411.657602801969,7464.689266368391,8825.669305213449,6970.73167658248,5345.268339699599,7245.217221752611,8382.231308835644,7119.845263208414,8364.145100614298,5933.351765403301,6057.852525892368,8742.82976012594,7897.710700071156,7207.149709650315,6535.7600400086985,6626.952989300853,6159.740823172816,6709.466447644873,5690.987455000117,6108.414528425699,9339.38730948639,7102.893089884408,7656.6109080094,6802.42452146134,6693.919018136844,4963.616248395976,7525.712149034807,8598.023465038748,8263.307105589534,6809.368707659117,6844.846815847429,6637.274284382395,8315.2640575531
Armenian,6941.07665226679,7007.824542799744,0,7511.739198679311,8027.722398336452,8231.186602511552,8380.73334328026,8285.735660893291,9272.748790876958,8551.960375093859,8447.52188094412,8944.683273529792,8033.9794772031155,7122.5341717811925,8115.217729195788,8786.088259416887,8070.791504888935,8842.835954266997,7050.833829665979,7651.763828833653,8986.703812627029,8471.699523281683,7742.043665240851,7497.744530771589,7838.738650410852,7391.931116333253,7797.6969198940415,7022.425428321139,7227.935753751385,9575.947426286992,8066.548794945599,8332.677883108528,7826.921168292512,7536.417792294023,6960.48100318249,8384.167768437244,9041.885073451462,9028.778738581193,7681.578719282788,7735.953409649494,7615.4034116113435,8442.791852984183
Bengali,6267.846985198136,6239.421567687046,7511.739198679311,0,7956.295999700762,7371.156273142048,7463.065323355423,8005.995972398741,8685.461922539429,7910.5566447489955,7506.247872914588,8153.274333086036,7223.640060462486,6425.312826803057,7478.867402767092,8092.266441751565,6156.584155329818,7003.2930175254805,6688.892451709657,6666.023289157473,8518.075693241066,8532.84634204999,7569.65233354082,7009.300561104814,6060.239417705162,5929.649371476674,7178.519219239902,6501.693503107911,6848.418944119259,9087.219020785149,7085.95784218507,7867.730574198173,7521.6955392976815,7124.967148918344,6310.6541963063755,7844.034338981284,8704.313396193056,7775.54679909337,7100.991354990263,7400.56156187192,6002.387233678737,8174.323146978756
Bosnian,7133.789327555244,7363.775148619002,8027.722398336452,7956.295999700762,0,6926.904965779841,8765.351391083726,5835.138836062294,8218.238476062876,8563.96643171282,8469.016645888736,9395.411437032375,8159.279174991167,7426.783473453065,8463.528085692002,9220.852805321956,8648.330096623878,9306.653964121475,7515.903772573195,8079.368518329709,9140.420884290825,8173.64187494835,8052.055412815785,5565.3630675651875,8317.920973110873,7757.759583107497,7698.3880432496935,7607.426587487806,7733.209017925413,8288.206759640168,8359.533212495338,8703.605795692023,6294.619519865957,4493.8502656624005,7422.409848742508,6842.703581109794,7282.132793093709,9143.346613326421,8042.112970710567,6366.0588461019925,7948.602016590804,9118.268246883355
Bulgarian,6870.49502407386,7307.464340546817,8231.186602511552,7371.156273142048,6926.904965779841,0,7676.946067773439,6251.856674031109,7545.198913698327,8013.807214759171,7877.555094987644,8222.431281752053,7577.324120047491,6682.244661542728,7878.918944831947,8307.102533064857,7767.93533360262,8371.934845334381,7106.365178252456,7471.217845738222,8166.30770448174,8866.922163439538,8204.690339920091,5475.506671424604,7430.327719840408,7829.803532404214,7519.81433993699,7193.249859413146,7574.300848168541,8495.728473520807,7705.85482878251,8058.034684373021,6580.0051108171265,5911.952179842408,7241.722093421997,6866.319132458158,7321.287622417393,8142.20345305781,7583.573068595752,6647.268151700731,7376.36913498149,8091.11189219988
Catalan,7168.230448580694,7660.464999799735,8380.73334328026,7463.065323355423,8765.351391083726,7676.946067773439,0,8281.423397358354,9189.480847144267,8227.698346065414,8074.106867055672,8187.456730299601,7192.724528719684,6087.7606917596795,7957.948117459652,8362.018547354535,7637.461794474786,8272.341443275725,7412.618101867391,7404.017655199365,7149.6511160090795,9548.503474912137,8494.754736944291,7647.864680138106,7382.689170897253,7996.834265354087,7538.8200948713,7597.914031842717,7864.62241597071,9780.060174187192,6377.653166383368,7669.183536619374,8194.838488830062,7804.369603770574,7582.436465731251,8383.642764852684,8908.349731991739,6391.363666008247,7615.479021007081,7995.9231687617,7588.955152957131,8300.869633253951
Croatian,7428.19668371908,7843.263301939185,8285.735660893291,8005.995972398741,5835.138836062294,6251.856674031109,8281.423397358354,0,7357.485708169198,8423.272633283717,8378.080988610709,8872.715123151966,8161.493786814388,7487.978155314098,8345.333549922796,8936.366078566825,8330.177441113769,8887.116213541593,7642.155271415186,8073.351233766311,8765.119131571566,9432.37823665687,8340.166481647982,5977.194043687899,8053.965113064797,8098.4928014833295,7974.04342623294,7667.093675771076,7949.937805861474,8517.461298770813,8168.160543486513,8648.75823011933,6924.150425647356,4992.155256621803,7778.076179324239,6580.891113318275,6827.817508836714,8697.585081422434,8105.970991562347,6692.699655013154,7916.339028742757,8655.06823332122
Czech,8345.88407946353,8780.419064179256,9272.748790876958,8685.461922539429,8218.238476062876,7545.198913698327,9189.480847144267,7357.485708169198,0,8819.731039901197,8884.270475970181,9757.619635966386,8931.251975688143,8432.355414913645,8924.655034457453,9606.688126708132,9172.008073671019,9680.800214391389,8496.151338767184,8726.084114111134,9511.486947286223,9892.515754129807,9406.768482298286,7577.422217180093,8952.079083641363,8795.223877417024,8720.34299283807,8457.471645517322,8719.526355067996,8588.439624205424,8784.76396443277,9441.889928626033,7790.445883129664,7371.546170597539,8856.976191331913,6224.807433040231,8004.808192210936,9374.553015926373,8985.607906528669,7335.681810050953,8685.799016318622,9345.653712932011
Danish,6328.39043934388,7411.657602801969,8551.960375093859,7910.5566447489955,8563.96643171282,8013.807214759171,8227.698346065414,8423.272633283717,8819.731039901197,0,7409.017980927035,8500.295328154554,7747.231565522412,7069.825189669238,7257.009935107003,9116.927201075496,8357.263928346081,9133.659333608815,6276.61370250854,7475.829567674105,8832.112110085112,9364.175385056895,8826.493687676397,7784.6142428851535,8076.283592022232,7841.9351535463065,6043.292266832889,7440.634745194828,7778.027647089646,9833.313531077565,8183.478386299147,8575.42714049964,8163.794437244693,7922.378427061419,7413.293060122666,8358.220896894569,8657.511864509333,8856.014230089944,6695.721619268726,7936.336314557974,8036.956738373586,8682.311430451704
Dutch,5455.892040672588,7464.689266368391,8447.52188094412,7506.247872914588,8469.016645888736,7877.555094987644,8074.106867055672,8378.080988610709,8884.270475970181,7409.017980927035,0,8148.129006315613,7900.957477097738,7323.802433168364,6476.352722130674,8794.452682440879,7998.360647892825,8856.740613229073,6659.601417208541,7417.7747512678225,8880.601553811133,9337.11518210442,8456.622861168249,7617.615117599216,7765.1681985577925,7838.771165364143,6835.253517806091,7616.6193230047065,7697.890218383965,9513.407953287393,7525.089149114294,8640.285699890288,8272.620926011905,7691.145264035732,7595.233471571263,8216.903022099157,8778.888104485455,8297.876991116707,7273.386283713705,8082.109678186808,7800.505797733438,8696.681022950856
English,7255.136707202263,8825.669305213449,8944.683273529792,8153.274333086036,9395.411437032375,8222.431281752053,8187.456730299601,8872.715123151966,9757.619635966386,8500.295328154554,8148.129006315613,0,8344.165186037706,8010.943795080216,7934.660995236165,9353.667509157865,8334.778615102898,9081.720864014262,7652.589048856469,8244.91461043456,8923.717446496135,9768.329855407448,9075.741171442069,8255.31368475088,8209.034940039914,8655.554967167747,7714.062412923004,8335.324193850143,8486.301119656358,10401.47591633923,8562.735718026304,8845.986663701386,8730.721656810116,8302.703568769462,8459.925967266194,9220.106206872782,9402.85675268442,9052.541214839459,7919.866774517121,8657.320573790672,8199.420931117442,8787.82102072845
French,6575.655583446096,6970.73167658248,8033.9794772031155,7223.640060462486,8159.279174991167,7577.324120047491,7192.724528719684,8161.493786814388,8931.251975688143,7747.231565522412,7900.957477097738,8344.165186037706,0,6348.4851354857665,7607.6929809124085,8481.622185104641,7774.264747674559,8590.222045076202,6903.535357606225,7112.029092107834,7778.967220208812,8825.5585731065,8134.254573963907,7323.684528048115,7375.418680360528,7500.328119803602,7222.095144393028,6946.774908236007,7307.473040118166,9468.829148877843,7280.889596195428,7708.324630049589,7713.833796231889,7472.24380646257,6932.409226631418,8156.721230409703,8639.677212524202,7914.855273134721,7426.925205176582,7703.432781121557,7481.413814758705,8212.052664513789
Galician,5248.376987120868,5345.268339699599,7122.5341717811925,6425.312826803057,7426.783473453065,6682.244661542728,6087.7606917596795,7487.978155314098,8432.355414913645,7069.825189669238,7323.802433168364,8010.943795080216,6348.4851354857665,0,7146.916149120916,8044.6158381598625,6982.862196219288,7973.135178741525,5698.4221030621475,6065.93666538103,7151.784535429821,7837.842319843245,7373.747698815338,6489.121558483054,6529.375072924259,6649.948113348621,6566.361823775559,6009.0899053617495,6243.255535494202,9272.588643973424,5756.182888633435,6817.198945130716,6721.408528955666,6633.173802774423,5524.26073823319,7536.936303131071,8078.530964435311,6260.502372644174,6586.320159851831,6763.382490773796,6692.650042042114,7748.49937458509
German,6088.660789198735,7245.217221752611,8115.217729195788,7478.867402767092,8463.528085692002,7878.918944831947,7957.948117459652,8345.333549922796,8924.655034457453,7257.009935107003,6476.352722130674,7934.660995236165,7607.6929809124085,7146.916149120916,0,8620.759696463547,7808.77889344808,8573.471022812588,6739.958138384415,7188.661839130937,8565.582203533384,9112.60590831245,8252.703404574919,7631.213327891134,7659.2570197437035,7627.006006792104,7083.981043618324,7297.227266190707,7509.912879593607,9492.227765309826,7733.723107033291,8280.163333063601,8163.5120544743695,7686.519478631333,7409.793951949985,8150.5860907728065,8776.813191678777,8448.421506537106,7070.049021947957,8036.319401767089,7563.3611624819905,8481.748265589958
Greek,8216.053861813632,8382.231308835644,8786.088259416887,8092.266441751565,9220.852805321956,8307.102533064857,8362.018547354535,8936.366078566825,9606.688126708132,9116.927201075496,8794.452682440879,9353.667509157865,8481.622185104641,8044.6158381598625,8620.759696463547,0,8465.860594484644,8927.738288444987,8248.280445010985,8308.088666219839,9103.26339436351,9470.658160313687,8975.207811055217,8303.173863381113,8341.014323655676,8470.305358216456,8519.520026259099,8276.449732564013,8551.790022632134,10116.98290259029,8332.611790646346,8994.702486341626,8795.908860083244,8411.26905044123,8293.217155640761,8922.344851663678,9469.017722738476,8441.760825722478,8572.40347579348,8540.21341695767,8229.630609295833,8967.572331399235
Gujarati,6903.997172635063,7119.845263208414,8070.791504888935,6156.584155329818,8648.330096623878,7767.93533360262,7637.461794474786,8330.177441113769,9172.008073671019,8357.263928346081,7998.360647892825,8334.778615102898,7774.264747674559,6982.862196219288,7808.77889344808,8465.860594484644,0,6326.166414371794,7230.09509311062,7035.054696386234,8838.765733890372,9344.743412297976,8078.141302656121,7502.758769511528,5117.233520824724,6474.930519512595,7688.252895005952,6935.128347259929,7567.378944839247,9697.247225541823,7625.289383832213,8380.074847652071,8098.838970065442,7600.998894181766,6972.928727098769,8280.861284429102,9015.774853637145,8126.107471716487,7527.78590202386,7796.816491016314,6294.797186565972,8411.910282229619
Hindi,7971.656032069569,8364.145100614298,8842.835954266997,7003.2930175254805,9306.653964121475,8371.934845334381,8272.341443275725,8887.116213541593,9680.800214391389,9133.659333608815,8856.740613229073,9081.720864014262,8590.222045076202,7973.135178741525,8573.471022812588,8927.738288444987,6326.166414371794,0,8151.3479321137975,8168.398866956946,9236.315541038066,10204.168273398003,8913.237735955592,8239.042894355927,6603.458036985187,7345.576789367269,8494.828156226926,7828.839028704511,8402.633610091241,10039.95083383387,8462.90462213994,8658.330592416332,8860.10562914568,8333.008477503978,7971.377795965125,8926.20532623642,9585.118813333662,8738.57842152126,8156.816528369092,8571.467937084533,5971.37571490161,9121.567422701786
Icelandic,5099.570289607079,5933.351765403301,7050.833829665979,6688.892451709657,7515.903772573195,7106.365178252456,7412.618101867391,7642.155271415186,8496.151338767184,6276.61370250854,6659.601417208541,7652.589048856469,6903.535357606225,5698.4221030621475,6739.958138384415,8248.280445010985,7230.09509311062,8151.3479321137975,0,6539.225983889899,8291.279339494386,8041.483644631322,7298.477909700185,6669.438401869676,6907.223082515135,6783.254399114478,5724.913387418418,6250.7411612432525,6457.029551332426,9193.347337878851,7216.847117392261,7528.161545585863,6981.940945542599,6769.087653996526,5892.257097409105,7674.784618832907,8335.562143775516,8119.639286238994,5807.553222897698,7026.918020486178,6874.033705621725,7987.152479903182
Irish,5955.742587146611,6057.852525892368,7651.763828833653,6666.023289157473,8079.368518329709,7471.217845738222,7404.017655199365,8073.351233766311,8726.084114111134,7475.829567674105,7417.7747512678225,8244.91461043456,7112.029092107834,6065.93666538103,7188.661839130937,8308.088666219839,7035.054696386234,8168.398866956946,6539.225983889899,0,8468.924225867926,8792.333934276709,7796.26185987023,7029.928521256505,6671.185666181966,6929.920066401771,6847.569147001552,6339.323077208334,6866.116537590578,9477.46603392176,6908.565228528444,7865.624329800258,7559.812994585928,7204.107767350447,6344.865471630864,7808.486842465916,8572.861244740503,7776.542687151159,7015.163052275046,7476.049705070422,6971.138258806597,7830.412393356878
Italian,8162.570269432456,8742.82976012594,8986.703812627029,8518.075693241066,9140.420884290825,8166.30770448174,7149.6511160090795,8765.119131571566,9511.486947286223,8832.112110085112,8880.601553811133,8923.717446496135,7778.967220208812,7151.784535429821,8565.582203533384,9103.26339436351,8838.765733890372,9236.315541038066,8291.279339494386,8468.924225867926,0,9912.690888865634,9097.90823872176,8322.559648228309,8579.199244435702,8846.111954228281,8461.44411912768,8443.190498581584,8510.93292736274,10031.495361975876,7611.362738273566,7937.560767395549,8583.463982851428,8385.849998368372,8514.976347708547,8980.084747867164,9353.345611821214,7800.575234325014,8505.70631856891,8628.07664085013,8491.222742682805,8551.875631065468
Latvian,7758.313552912427,7897.710700071156,8471.699523281683,8532.84634204999,8173.64187494835,8866.922163439538,9548.503474912137,9432.37823665687,9892.515754129807,9364.175385056895,9337.11518210442,9768.329855407448,8825.5585731065,7837.842319843245,9112.60590831245,9470.658160313687,9344.743412297976,10204.168273398003,8041.483644631322,8792.333934276709,9912.690888865634,0,7895.868582302836,8265.394134552622,9124.000541933374,8580.503834831936,8495.984754792456,8219.648501583832,8324.253792262316,9891.86026523992,9268.583396507101,9239.385731515196,7949.867663270798,8244.838051486951,8143.36567443538,8966.31789680878,9317.417170326511,10363.18416005867,8780.980158168102,8427.078188482255,8698.48993727622,9988.22445225112
Lithuanian,7046.315169835445,7207.149709650315,7742.043665240851,7569.65233354082,8052.055412815785,8204.690339920091,8494.754736944291,8340.166481647982,9406.768482298286,8826.493687676397,8456.622861168249,9075.741171442069,8134.254573963907,7373.747698815338,8252.703404574919,8975.207811055217,8078.141302656121,8913.237735955592,7298.477909700185,7796.26185987023,9097.90823872176,7895.868582302836,0,7517.008192835115,7933.969692929227,7532.716481380902,7900.272697762549,7392.739425825098,7661.801641357303,9347.061740834335,8208.821968086431,8559.06219565615,7756.48384080026,7552.668320289229,7196.775234198227,8364.694454011335,9058.03722045556,8978.936702042036,7816.670556370145,7807.711856358959,7749.7713933233035,8833.341144230446
Macedonian,6320.262843923096,6535.7600400086985,7497.744530771589,7009.300561104814,5565.3630675651875,5475.506671424604,7647.864680138106,5977.194043687899,7577.422217180093,7784.6142428851535,7617.615117599216,8255.31368475088,7323.684528048115,6489.121558483054,7631.213327891134,8303.173863381113,7502.758769511528,8239.042894355927,6669.438401869676,7029.928521256505,8322.559648228309,8265.394134552622,7517.008192835115,0,7192.458343226625,7043.45821312104,7119.080678710167,6703.341707336512,7085.476595737354,8228.355755499757,7396.175202819341,7966.418682462969,6005.875580685357,4659.393043688518,6525.144534744171,6480.999690628103,7067.995702970543,8111.026677838799,7260.6553457193095,5956.59688831312,7028.194474603799,8170.60761704929
Marathi,6426.230287319478,6626.952989300853,7838.738650410852,6060.239417705162,8317.920973110873,7430.327719840408,7382.689170897253,8053.965113064797,8952.079083641363,8076.283592022232,7765.1681985577925,8209.034940039914,7375.418680360528,6529.375072924259,7659.2570197437035,8341.014323655676,5117.233520824724,6603.458036985187,6907.223082515135,6671.185666181966,8579.199244435702,9124.000541933374,7933.969692929227,7192.458343226625,0,6461.567686733891,7327.348305273571,6693.814391603029,7296.767493456987,9560.128471626618,7356.131347122145,8066.920336683988,7668.237112952341,7258.460704096564,6501.1310913211955,8019.9561045188175,8727.669514220868,7819.7448681553715,7253.781095021985,7573.410744119622,6286.848375690405,8163.549617431346
Nepali,6286.358384434724,6159.740823172816,7391.931116333253,5929.649371476674,7757.759583107497,7829.803532404214,7996.834265354087,8098.4928014833295,8795.223877417024,7841.9351535463065,7838.771165364143,8655.554967167747,7500.328119803602,6649.948113348621,7627.006006792104,8470.305358216456,6474.930519512595,7345.576789367269,6783.254399114478,6929.920066401771,8846.111954228281,8580.503834831936,7532.716481380902,7043.45821312104,6461.567686733891,0,7283.267863206827,6353.593027892424,6981.76074790904,9289.662845343018,7559.587952090293,8081.956297411478,7622.036349566831,7164.802972346637,6124.10677643948,7856.950693232365,8626.983210827597,8496.094009268309,7184.948315626426,7418.40143114966,6257.578271692289,8371.636776314863
Norwegian,5569.948619661382,6709.466447644873,7797.6969198940415,7178.519219239902,7698.3880432496935,7519.81433993699,7538.8200948713,7974.04342623294,8720.34299283807,6043.292266832889,6835.253517806091,7714.062412923004,7222.095144393028,6566.361823775559,7083.981043618324,8519.520026259099,7688.252895005952,8494.828156226926,5724.913387418418,6847.569147001552,8461.44411912768,8495.984754792456,7900.272697762549,7119.080678710167,7327.348305273571,7283.267863206827,0,6970.467636706832,7119.671067340636,9354.450850747811,7428.486189457162,8019.598269720279,7581.789214472535,7103.083710148379,6753.219591705474,7854.094850977836,8269.942404156518,8101.116158140367,5466.966571568261,7462.28730323554,7240.423673237727,8367.86678888202
Pashto,5669.144359061723,5690.987455000117,7022.425428321139,6501.693503107911,7607.426587487806,7193.249859413146,7597.914031842717,7667.093675771076,8457.471645517322,7440.634745194828,7616.6193230047065,8335.324193850143,6946.774908236007,6009.0899053617495,7297.227266190707,8276.449732564013,6935.128347259929,7828.839028704511,6250.7411612432525,6339.323077208334,8443.190498581584,8219.648501583832,7392.739425825098,6703.341707336512,6693.814391603029,6353.593027892424,6970.467636706832,0,5921.585792598034,9190.647381760413,7266.123828589159,7595.512839490451,7015.8142980178945,6886.079567372771,5740.934836317585,7636.8389826932735,8197.992076243558,8323.55449652936,6922.691657241455,6997.465950602793,6432.154757646169,7995.041381064414
Persian,6076.964991084373,6108.414528425699,7227.935753751385,6848.418944119259,7733.209017925413,7574.300848168541,7864.62241597071,7949.937805861474,8719.526355067996,7778.027647089646,7697.890218383965,8486.301119656358,7307.473040118166,6243.255535494202,7509.912879593607,8551.790022632134,7567.378944839247,8402.633610091241,6457.029551332426,6866.116537590578,8510.93292736274,8324.253792262316,7661.801641357303,7085.476595737354,7296.767493456987,6981.76074790904,7119.671067340636,5921.585792598034,0,9217.67008375604,7536.339086028387,7809.5945321449935,7282.688585791622,7096.607856234803,6441.321522522074,7899.575699153693,8610.790424788538,8453.742795837345,7250.888042885354,7329.60741136336,6820.764676627246,8244.267082021457
Polish,9016.072545231835,9339.38730948639,9575.947426286992,9087.219020785149,8288.206759640168,8495.728473520807,9780.060174187192,8517.461298770813,8588.439624205424,9833.313531077565,9513.407953287393,10401.47591633923,9468.829148877843,9272.588643973424,9492.227765309826,10116.98290259029,9697.247225541823,10039.95083383387,9193.347337878851,9477.46603392176,10031.495361975876,9891.86026523992,9347.061740834335,8228.355755499757,9560.128471626618,9289.662845343018,9354.450850747811,9190.647381760413,9217.67008375604,0,9167.705943171737,9926.155234061005,8249.79759210358,7895.634512459512,9485.992543990289,7380.349162359346,8800.981647283412,9998.023977278877,9476.18727958407,7899.476537924527,9260.643524085019,10081.23468564141
Portuguese,6871.306866096578,7102.893089884408,8066.548794945599,7085.95784218507,8359.533212495338,7705.85482878251,6377.653166383368,8168.160543486513,8784.76396443277,8183.478386299147,7525.089149114294,8562.735718026304,7280.889596195428,5756.182888633435,7733.723107033291,8332.611790646346,7625.289383832213,8462.90462213994,7216.847117392261,6908.565228528444,7611.362738273566,9268.583396507101,8208.821968086431,7396.175202819341,7356.131347122145,7559.587952090293,7428.486189457162,7266.123828589159,7536.339086028387,9167.705943171737,0,8014.878411317431,8043.266901213457,7436.062441306055,7355.777661927257,7944.187015321984,8731.506011140546,6139.052731363204,7686.090382248233,7676.323405545101,7392.938365814667,8332.735870771601
Romanian,7259.794587059553,7656.6109080094,8332.677883108528,7867.730574198173,8703.605795692023,8058.034684373021,7669.183536619374,8648.75823011933,9441.889928626033,8575.42714049964,8640.285699890288,8845.986663701386,7708.324630049589,6817.198945130716,8280.163333063601,8994.702486341626,8380.074847652071,8658.330592416332,7528.161545585863,7865.624329800258,7937.560767395549,9239.385731515196,8559.06219565615,7966.418682462969,8066.920336683988,8081.956297411478,8019.598269720279,7595.512839490451,7809.5945321449935,9926.155234061005,8014.878411317431,0,8132.20676250805,8023.658548488856,7538.150706333847,8778.956647069714,9208.439079708269,8446.714208221036,7941.765867530371,8198.664374202202,7849.9451610489905,8612.257552686242
Russian,6704.916365290501,6802.42452146134,7826.921168292512,7521.6955392976815,6294.619519865957,6580.0051108171265,8194.838488830062,6924.150425647356,7790.445883129664,8163.794437244693,8272.620926011905,8730.721656810116,7713.833796231889,6721.408528955666,8163.5120544743695,8795.908860083244,8098.838970065442,8860.10562914568,6981.940945542599,7559.812994585928,8583.463982851428,7949.867663270798,7756.48384080026,6005.875580685357,7668.237112952341,7622.036349566831,7581.789214472535,7015.8142980178945,7282.688585791622,8249.79759210358,8043.266901213457,8132.20676250805,0,5952.829550108007,6839.287464027067,6970.948359503391,7616.8592033151535,8820.218038741546,7602.578740797952,5666.765421532259,7665.445918904481,8627.388118496689
Serbian,6395.970650167121,6693.919018136844,7536.417792294023,7124.967148918344,4493.8502656624005,5911.952179842408,7804.369603770574,4992.155256621803,7371.546170597539,7922.378427061419,7691.145264035732,8302.703568769462,7472.24380646257,6633.173802774423,7686.519478631333,8411.26905044123,7600.998894181766,8333.008477503978,6769.087653996526,7204.107767350447,8385.849998368372,8244.838051486951,7552.668320289229,4659.393043688518,7258.460704096564,7164.802972346637,7103.083710148379,6886.079567372771,7096.607856234803,7895.634512459512,7436.062441306055,8023.658548488856,5952.829550108007,0,6779.606181046895,6177.34481231581,6557.29863278497,8267.520016883373,7335.373356093817,5881.606360720811,7151.760386324868,8222.135722355573
Sinhala,5544.437953753418,4963.616248395976,6960.48100318249,6310.6541963063755,7422.409848742508,7241.722093421997,7582.436465731251,7778.076179324239,8856.976191331913,7413.293060122666,7595.233471571263,8459.925967266194,6932.409226631418,5524.26073823319,7409.793951949985,8293.217155640761,6972.928727098769,7971.377795965125,5892.257097409105,6344.865471630864,8514.976347708547,8143.36567443538,7196.775234198227,6525.144534744171,6501.1310913211955,6124.10677643948,6753.219591705474,5740.934836317585,6441.321522522074,9485.992543990289,7355.777661927257,7538.150706333847,6839.287464027067,6779.606181046895,0,7800.343335213751,8609.738479751146,8158.4357909883665,6700.871565571926,6958.121732793804,6652.703393708938,8174.362384472904
Slovak,7337.2252185361285,7525.712149034807,8384.167768437244,7844.034338981284,6842.703581109794,6866.319132458158,8383.642764852684,6580.891113318275,6224.807433040231,8358.220896894569,8216.903022099157,9220.106206872782,8156.721230409703,7536.936303131071,8150.5860907728065,8922.344851663678,8280.861284429102,8926.20532623642,7674.784618832907,7808.486842465916,8980.084747867164,8966.31789680878,8364.694454011335,6480.999690628103,8019.9561045188175,7856.950693232365,7854.094850977836,7636.8389826932735,7899.575699153693,7380.349162359346,7944.187015321984,8778.956647069714,6970.948359503391,6177.34481231581,7800.343335213751,0,7208.728166129679,8738.984849119714,8066.698250883865,6490.459759971691,7816.402211491047,8879.683134252125
Slovenian,7956.3401491205595,8598.023465038748,9041.885073451462,8704.313396193056,7282.132793093709,7321.287622417393,8908.349731991739,6827.817508836714,8004.808192210936,8657.511864509333,8778.888104485455,9402.85675268442,8639.677212524202,8078.530964435311,8776.813191678777,9469.017722738476,9015.774853637145,9585.118813333662,8335.562143775516,8572.861244740503,9353.345611821214,9317.417170326511,9058.03722045556,7067.995702970543,8727.669514220868,8626.983210827597,8269.942404156518,8197.992076243558,8610.790424788538,8800.981647283412,8731.506011140546,9208.439079708269,7616.8592033151535,6557.29863278497,8609.738479751146,7208.728166129679,0,9296.734689347973,8606.654431377277,7469.2110097804125,8512.177623943895,9387.833657788051
Spanish,7984.320527119542,8263.307105589534,9028.778738581193,7775.54679909337,9143.346613326421,8142.20345305781,6391.363666008247,8697.585081422434,9374.553015926373,8856.014230089944,8297.876991116707,9052.541214839459,7914.855273134721,6260.502372644174,8448.421506537106,8441.760825722478,8126.107471716487,8738.57842152126,8119.639286238994,7776.542687151159,7800.575234325014,10363.18416005867,8978.936702042036,8111.026677838799,7819.7448681553715,8496.094009268309,8101.116158140367,8323.55449652936,8453.742795837345,9998.023977278877,6139.052731363204,8446.714208221036,8820.218038741546,8267.520016883373,8158.4357909883665,8738.984849119714,9296.734689347973,0,8463.47101608614,8369.639566807617,8074.630723319226,8680.967817004052
Swedish,5795.728128259544,6809.368707659117,7681.578719282788,7100.991354990263,8042.112970710567,7583.573068595752,7615.479021007081,8105.970991562347,8985.607906528669,6695.721619268726,7273.386283713705,7919.866774517121,7426.925205176582,6586.320159851831,7070.049021947957,8572.40347579348,7527.78590202386,8156.816528369092,5807.553222897698,7015.163052275046,8505.70631856891,8780.980158168102,7816.670556370145,7260.6553457193095,7253.781095021985,7184.948315626426,5466.966571568261,6922.691657241455,7250.888042885354,9476.18727958407,7686.090382248233,7941.765867530371,7602.578740797952,7335.373356093817,6700.871565571926,8066.698250883865,8606.654431377277,8463.47101608614,0,7623.304707776107,7219.492345113845,8314.22472599134
Ukrainian,6772.917411974376,6844.846815847429,7735.953409649494,7400.56156187192,6366.0588461019925,6647.268151700731,7995.9231687617,6692.699655013154,7335.681810050953,7936.336314557974,8082.109678186808,8657.320573790672,7703.432781121557,6763.382490773796,8036.319401767089,8540.21341695767,7796.816491016314,8571.467937084533,7026.918020486178,7476.049705070422,8628.07664085013,8427.078188482255,7807.711856358959,5956.59688831312,7573.410744119622,7418.40143114966,7462.28730323554,6997.465950602793,7329.60741136336,7899.476537924527,7676.323405545101,8198.664374202202,5666.765421532259,5881.606360720811,6958.121732793804,6490.459759971691,7469.2110097804125,8369.639566807617,7623.304707776107,0,7409.513716775784,8394.504794829476
Urdu,6531.904951116167,6637.274284382395,7615.4034116113435,6002.387233678737,7948.602016590804,7376.36913498149,7588.955152957131,7916.339028742757,8685.799016318622,8036.956738373586,7800.505797733438,8199.420931117442,7481.413814758705,6692.650042042114,7563.3611624819905,8229.630609295833,6294.797186565972,5971.37571490161,6874.033705621725,6971.138258806597,8491.222742682805,8698.48993727622,7749.7713933233035,7028.194474603799,6286.848375690405,6257.578271692289,7240.423673237727,6432.154757646169,6820.764676627246,9260.643524085019,7392.938365814667,7849.9451610489905,7665.445918904481,7151.760386324868,6652.703393708938,7816.402211491047,8512.177623943895,8074.630723319226,7219.492345113845,7409.513716775784,0,8104.594655769458
Welsh,7893.151514918541,8315.2640575531,8442.791852984183,8174.323146978756,9118.268246883355,8091.11189219988,8300.869633253951,8655.06823332122,9345.653712932011,8682.311430451704,8696.681022950856,8787.82102072845,8212.052664513789,7748.49937458509,8481.748265589958,8967.572331399235,8411.910282229619,9121.567422701786,7987.152479903182,7830.412393356878,8551.875631065468,9988.22445225112,8833.341144230446,8170.60761704929,8163.549617431346,8371.636776314863,8367.86678888202,7995.041381064414,8244.267082021457,10081.23468564141,8332.735870771601,8612.257552686242,8627.388118496689,8222.135722355573,8174.362384472904,8879.683134252125,9387.833657788051,8680.967817004052,8314.22472599134,8394.504794829476,8104.594655769458,0
