,Afrikaans,Albanian,Armenian,Bengali,Bosnian,Bulgarian,Catalan,Croatian,Czech,Danish,Dutch,English,French,Galician,German,Greek,Gujarati,Hindi,Icelandic,Irish,Italian,Latvian,Lithuanian,Macedonian,Marathi,Nepali,Norwegian,Pashto,Persian,Polish,Portuguese,Romanian,Russian,Serbian,Sinhala,Slovak,Slovenian,Spanish,Swedish,Ukrainian,Urdu,Welsh
Afrikaans,0,49.205444781068266,45.22581960378187,52.57286597450277,47.721211893629196,51.03673746793897,52.226083967659164,50.249801483790925,52.17296797501569,48.9699546369499,40.4755132262294,47.59535888530936,50.720269514670534,48.234606000877704,47.83104162860363,53.906387052528295,53.36714418395529,54.16318539389549,45.438769791393845,50.66541453287226,48.95102533670574,50.6682079092539,45.295428211081806,49.37181678310717,52.786654437166156,48.166566331273366,47.9093905980698,48.250052608783605,46.7049006216689,49.61807159853595,50.25330392666097,51.583466760537846,49.06122984081557,49.38786934601043,46.577560759258404,51.35821841423655,50.94917392904021,51.22476579128628,47.39886493090963,48.716881709396155,51.72210655969572,46.737798578667835
Albanian,49.205444781068266,0,47.57159750234936,51.63320149372782,51.210243183673235,53.20600501410792,52.75317809935749,51.87323830800801,55.323815903134225,52.640356275900366,52.804821416965524,55.27561519397515,51.22094151262031,47.291848738590836,53.599977193119564,54.46518948638407,53.54296377538884,54.708370234318345,51.09002876382468,50.01944494169977,51.52075838777183,53.346275338693474,46.44341314703295,51.22344340858083,51.79407530493796,49.15778784149756,52.7793195908553,48.01533391663466,48.32709350497798,52.29901071729296,51.08744684881349,53.20295424415414,51.737369171419594,51.55934582532141,43.44276196834912,52.73392445407092,53.13868457593846,52.13414395416115,52.525711617739994,51.41844973792869,51.21597073142267,50.077578739400465
Armenian,45.22581960378187,47.57159750234936,0,49.04885078135873,51.30998556253427,49.35055885161318,48.83116690342136,48.74282403374891,51.93639595101712,47.21763129698718,49.37728814813535,51.024886249966066,46.69648623246051,45.557666359132405,49.35173732420586,48.61468872584613,51.192105131475465,51.73857080775776,46.09253511957729,45.6058719823061,51.45294488095365,52.04578217771366,50.09164108244192,49.2143127612705,48.783107491216434,50.56262393976136,46.35655220908897,44.86844371730138,47.874597540473125,52.69132914167091,48.82758555595826,49.381280226104415,49.65692083001639,49.35437160342631,46.58115292347506,48.79976899732402,49.73855917854789,50.06348670582043,48.41940081940635,49.92794757841344,49.208190707819874,50.75361942275586
Bengali,52.57286597450277,51.63320149372782,49.04885078135873,0,51.1634706531967,52.642040223134,53.028970351114936,52.24629386329803,53.444733709692976,53.5918318102267,53.504447938500064,54.58446037247397,52.314293511134174,50.95329015268547,53.438781592864274,53.485328566672905,48.018540372593904,47.769458260320505,53.155199663851924,52.065447464447125,50.40907890577893,53.74648290213804,47.34380496850904,51.648626576396715,48.35844908632093,43.857629157149795,54.38586748743514,50.75562446811895,50.63708820083401,50.87850567599016,51.87982470321401,52.808196836340336,52.55819857052811,52.1786338523834,47.8808687726449,52.72871026592799,53.07716664802371,52.133868535985386,53.024275178570996,51.46788066970755,47.01502820010161,49.57536404532239
Bosnian,47.721211893629196,51.210243183673235,51.30998556253427,51.1634706531967,0,43.82269456713045,51.33844984122052,38.50732202899642,46.55279952089979,48.71073898247883,51.11345672029361,53.084753620430355,48.57491710556574,48.10223090382084,51.594202166396144,52.11029638447401,53.21156515781274,53.65413586902425,49.92080419975544,49.29021669226788,51.27250194573571,50.73945608913189,47.91982098060789,39.74453850560517,51.4340665488741,51.58223777780344,48.643755960464766,48.76832847459188,51.51786116776577,45.82656651318624,50.08485147381342,51.052155684221674,42.38707768927052,33.91378541785415,50.71763965553851,42.42547591375858,43.4311817868571,51.20315611247021,51.21038068217985,42.30286634318625,50.97633073791273,52.42769773286691
Bulgarian,51.03673746793897,53.20600501410792,49.35055885161318,52.642040223134,43.82269456713045,0,51.78990701268859,42.96602886556475,47.69627082217052,52.14842491200605,52.04132946840016,52.683144184281275,51.43664766848514,49.80860355842282,53.57671861807361,53.03533540649386,54.28384278359962,54.60032862740881,51.6543636471662,51.61171445752216,48.306977668483114,53.325070224264394,46.278385854284835,42.29826072647121,53.47986847318354,51.885163265066986,52.71321855400343,50.86489025913035,50.93296120106985,46.6982888866065,51.27381839019028,52.60322467633345,46.085523982476275,44.19851403958081,50.14313060801184,47.066951245688976,46.733775146602355,50.96894846879242,52.65947173479355,45.67184188506827,51.78536165503885,47.70535225915365
Catalan,52.226083967659164,52.75317809935749,48.83116690342136,53.028970351114936,51.33844984122052,51.78990701268859,0,50.73766470577842,53.18828661008165,53.0082711765176,51.9721626624842,52.15634672444606,48.63561473515394,45.15589341798918,53.011873016234084,53.005359564069906,53.30934072115697,53.733977547952534,51.83697134207419,51.54598794963777,44.76691924285444,55.061394020736515,47.30768877072923,51.11543553476869,52.68572343368249,51.42954461438152,52.90387022398795,52.30899134784678,50.58905659060558,50.969714027484976,45.541176849669476,49.44763538591828,52.230708381671384,52.02792435874497,49.750313202201454,52.6072897390036,52.85015232781418,44.635623697281716,51.94467336366187,50.866041288489754,52.748726599971576,48.58927027972697
Croatian,50.249801483790925,51.87323830800801,48.74282403374891,52.24629386329803,38.50732202899642,42.96602886556475,50.73766470577842,0,46.100083450644206,50.061775005747506,51.78492478090387,52.66402634141855,49.960628377966216,48.879839911757514,52.95760941285993,52.26807938095712,53.532155197692056,54.24001853054219,51.03702934427267,50.36186248388501,48.54950542442332,53.88339162988878,45.12839139987261,42.507192649334826,51.805275389818526,51.03936229253438,51.30600172289248,49.48734249516525,50.21003459585976,45.7490748895088,51.275517771054425,51.34543056185651,45.5918222905055,38.459241960727525,49.15673407834893,44.290462069098695,42.294884569436796,50.44821383430079,51.756774774309775,43.67528309868345,51.722455451813836,48.06581438295164
Czech,52.17296797501569,55.323815903134225,51.93639595101712,53.444733709692976,46.55279952089979,47.69627082217052,53.18828661008165,46.100083450644206,0,51.15914995288362,53.00449798426461,53.87035671029333,51.93517037973304,52.24641286346193,55.381520943205444,55.38750454513698,56.33076751468969,57.137653149591664,53.37039044899549,52.56648773631588,52.03294762320758,54.143536869877956,49.38830171304391,48.06887047887957,55.07151545175049,52.548193263715454,52.719315045063986,52.08149684641985,52.993487991849946,46.961543691527076,53.2560750884521,54.363712629253435,47.045448482614425,46.06041898056569,52.307260876893935,42.511245932367615,46.92525706826512,53.11987198401163,53.542475149660824,45.64839545333843,52.93923534565131,50.23021418130759
Danish,48.9699546369499,52.640356275900366,47.21763129698718,53.5918318102267,48.71073898247883,52.14842491200605,53.0082711765176,50.061775005747506,51.15914995288362,0,47.87090455129389,48.13765690616261,50.936711717593155,50.841836442238915,47.69133760941076,52.73386614936514,53.70079064737504,53.67126883248397,46.24313248737158,51.76503389446443,47.126599415631254,52.8179666848221,46.34985164622743,51.04283252965386,53.632424878571186,47.65471534368302,46.99825840560665,51.35620272452168,49.563421020680636,49.21723487232167,50.818439846096105,51.50833505917707,50.743125706159425,51.31321302953015,48.83012655431645,51.51945216096322,50.85226954675676,51.53348241292885,45.90588582158667,49.50106431668152,51.82045927893636,45.062139665240494
Dutch,40.4755132262294,52.804821416965524,49.37728814813535,53.504447938500064,51.11345672029361,52.04132946840016,51.9721626624842,51.78492478090387,53.00449798426461,47.87090455129389,0,48.632985549313794,51.58107142941191,50.98770910896894,46.46689698944318,53.245314147765185,53.953583899508374,54.88090218153018,48.77972152012888,51.10507998905572,50.3525978665491,53.95184997912129,48.24963012794695,51.52277932840651,53.38766352049363,51.239055154749536,47.96229529356558,51.487770860676505,50.57460783975221,52.156291777122945,51.091936452700345,53.121452947864185,52.397675273564566,51.98294280178447,51.02252036945804,52.5163052794805,51.10362227398253,51.63504456696987,48.65724427463349,51.51885580047678,52.71561800519523,48.95692642006966
English,47.59535888530936,55.27561519397515,51.024886249966066,54.58446037247397,53.084753620430355,52.683144184281275,52.15634672444606,52.66402634141855,53.87035671029333,48.13765690616261,48.632985549313794,0,51.62871277515922,51.16171127922073,49.521244316927074,54.92622805250694,54.24537496363055,55.025517005214326,50.47044299120933,50.7403411502944,50.36693663127063,55.77629495900289,49.22564342999949,53.08033171017812,53.36434573879851,52.499741636331564,48.65805803640956,52.44914081116896,52.06171913445061,52.73275076472573,51.908783000979454,53.579412884918725,53.14092138153383,53.18508147663298,52.513530381883214,53.16675420130461,53.51054825799804,52.92464190218423,50.587216182811986,52.652304203053866,53.38773061335629,49.081049365160965
French,50.720269514670534,51.22094151262031,46.69648623246051,52.314293511134174,48.57491710556574,51.43664766848514,48.63561473515394,49.960628377966216,51.93517037973304,50.936711717593155,51.58107142941191,51.62871277515922,0,48.01329823804986,52.338938214275856,52.185619373598236,53.82091094719734,54.143357429786896,50.67208659748885,51.31274302574431,44.600963164410885,51.79836543832357,45.84594375785598,50.23042965792119,52.346340159082274,48.78258014578501,52.25363299201565,49.79128015264213,49.262191414350184,49.772310964373304,48.12894298852865,49.16842045450662,50.04928913511403,50.49479061363838,48.127068219779346,51.69444108197031,50.37095782207668,47.941761594160404,51.70897151859121,49.033275513215486,51.15872123333866,46.20992220164424
Galician,48.234606000877704,47.291848738590836,45.557666359132405,50.95329015268547,48.10223090382084,49.80860355842282,45.15589341798918,48.879839911757514,52.24641286346193,50.841836442238915,50.98770910896894,51.16171127922073,48.01329823804986,0,51.68175301452632,52.26233501757372,52.2713443726753,52.953860565036784,47.78347026654858,48.97085481703093,43.17233673638048,52.091779934790694,45.172919108686465,48.684357156177285,51.20903870339255,47.86165127013523,51.6519965240067,48.177819660139356,46.275694950474936,49.8502670478481,41.71697067202423,48.322743792859804,49.10990313489778,48.952225647720965,44.11534985445149,51.1214660266484,50.99994624691943,39.17539140542955,49.58744827378184,48.243205727867654,50.64600364994685,45.93860611624233
German,47.83104162860363,53.599977193119564,49.35173732420586,53.438781592864274,51.594202166396144,53.57671861807361,53.011873016234084,52.95760941285993,55.381520943205444,47.69133760941076,46.46689698944318,49.521244316927074,52.338938214275856,51.68175301452632,0,53.13942836044368,54.509364331711936,54.86972009062706,49.97144392987177,51.5881397227541,50.282477097069176,54.72520145192159,48.051492543793714,53.17014462877412,53.912515578509144,50.782088222859834,49.80038306380968,51.80758414703612,51.51303956802918,53.075176291975474,53.745796666420716,52.926957641108366,53.510041217708824,53.04030676767961,51.66559123343386,53.9812364931955,51.98922220931664,52.95981521413877,48.81179475667578,52.446046576749104,52.732553253511014,48.999864183327134
Greek,53.906387052528295,54.46518948638407,48.61468872584613,53.485328566672905,52.11029638447401,53.03533540649386,53.005359564069906,52.26807938095712,55.38750454513698,52.73386614936514,53.245314147765185,54.92622805250694,52.185619373598236,52.26233501757372,53.13942836044368,0,54.37381013867923,53.34334657693752,52.674519523477905,52.81585251417377,49.33373808285854,54.12623444970674,47.63105514653996,53.07973057746468,53.512771004507925,50.658132357545064,54.12351266384694,51.53971215644159,51.991150012696274,52.41387847365395,53.17163132868336,52.014253265748316,53.26870235591582,53.41811357400931,50.20083184056136,54.25460911621031,53.46959803191196,51.650987900401354,54.06842598144324,51.8511293117681,52.65225084746715,48.665070176822965
Gujarati,53.36714418395529,53.54296377538884,51.192105131475465,48.018540372593904,53.21156515781274,54.28384278359962,53.30934072115697,53.532155197692056,56.33076751468969,53.70079064737504,53.953583899508374,54.24537496363055,53.82091094719734,52.2713443726753,54.509364331711936,54.37381013867923,0,43.86354870405307,54.67144837673659,53.18664982219618,52.18947077711255,56.59487918670648,48.26219278999733,53.068829434379964,42.00859011285402,46.51062738103035,54.68973166322797,51.14897604659234,52.22093651898095,53.10394618790614,54.34623089051622,54.040090074667376,54.61353425526323,53.96441174557164,49.61037339955812,55.057241342081895,53.858168044803264,52.9284725677545,53.73372545415749,53.19962510123102,48.32099651231048,51.37946172254659
Hindi,54.16318539389549,54.708370234318345,51.73857080775776,47.769458260320505,53.65413586902425,54.60032862740881,53.733977547952534,54.24001853054219,57.137653149591664,53.67126883248397,54.88090218153018,55.025517005214326,54.143357429786896,52.953860565036784,54.86972009062706,53.34334657693752,43.86354870405307,0,54.45791036299373,53.389652287937466,52.61733551470505,57.31995577585431,49.54666325255759,53.40798318498783,45.24065420739743,46.51933732630999,54.389087040612615,51.46077954874692,53.11199925983967,53.77568466844831,55.231437110208596,53.00850060146826,54.91418146286112,55.28493283824128,50.62659941741589,55.07608812788641,54.581003643354805,53.34623356676549,53.55516314663739,53.9994935299962,43.58041025169904,52.03518817274085
Icelandic,45.438769791393845,51.09002876382468,46.09253511957729,53.155199663851924,49.92080419975544,51.6543636471662,51.83697134207419,51.03702934427267,53.37039044899549,46.24313248737158,48.77972152012888,50.47044299120933,50.67208659748885,47.78347026654858,49.97144392987177,52.674519523477905,54.67144837673659,54.45791036299373,0,50.02037531404123,50.41746988950186,52.03600214295707,46.08276703284847,50.518038394805224,53.11833682833083,51.46999456317357,45.68703822354784,49.10942344121208,48.19455552504616,51.9073368080048,51.3042629060336,51.76874089595847,49.968660142365906,50.357813574878634,47.26185445055321,52.152643726236604,51.671667143476455,52.210984776751864,46.10986228910923,49.518275396452196,52.110879332241666,48.77690815644389
Irish,50.66541453287226,50.01944494169977,45.6058719823061,52.065447464447125,49.29021669226788,51.61171445752216,51.54598794963777,50.36186248388501,52.56648773631588,51.76503389446443,51.10507998905572,50.7403411502944,51.31274302574431,48.97085481703093,51.5881397227541,52.81585251417377,53.18664982219618,53.389652287937466,50.02037531404123,0,48.1615691737645,52.388716687451776,45.69618550770907,49.97968397081553,51.84443537934263,47.9018257828978,53.73641641721799,49.06682627763659,47.74717948085365,49.879494596493615,48.95189864429313,51.30405046138727,50.769665588089396,51.204477556197205,46.366126439678276,52.005396149350986,51.43560475704058,48.33686611638648,50.50902167793863,49.5179275451253,50.65948696056183,44.36415534942236
Italian,48.95102533670574,51.52075838777183,51.45294488095365,50.40907890577893,51.27250194573571,48.306977668483114,44.76691924285444,48.54950542442332,52.03294762320758,47.126599415631254,50.3525978665491,50.36693663127063,44.600963164410885,43.17233673638048,50.282477097069176,49.33373808285854,52.18947077711255,52.61733551470505,50.41746988950186,48.1615691737645,0,55.18242755077316,51.753646601395644,49.46307284353967,50.23101975578344,51.31125912782907,48.21109584894301,48.564769556253744,52.23631984135376,52.94012920434681,46.10602106391134,45.68412458157981,50.5943142115519,49.91022920617957,51.1929987453501,49.62336547532369,49.32509832384271,44.9097252254702,50.231259675009774,49.77795981959416,50.63267308711107,48.57820185462476
Latvian,50.6682079092539,53.346275338693474,52.04578217771366,53.74648290213804,50.73945608913189,53.325070224264394,55.061394020736515,53.88339162988878,54.143536869877956,52.8179666848221,53.95184997912129,55.77629495900289,51.79836543832357,52.091779934790694,54.72520145192159,54.12623444970674,56.59487918670648,57.31995577585431,52.03600214295707,52.388716687451776,55.18242755077316,0,43.61436630318254,52.14632802249965,55.119115140161085,54.92348791708015,51.49870330312692,52.368816641943496,54.326191075968886,51.52851921178043,54.252080693416175,54.619571160270155,50.33362737094655,51.28196186456152,52.759809782471784,51.12320293537832,52.44012258048115,56.74512123142369,54.61842242182281,52.30334000681187,53.787928888144116,54.96955132351103
Lithuanian,45.295428211081806,46.44341314703295,50.09164108244192,47.34380496850904,47.91982098060789,46.278385854284835,47.30768877072923,45.12839139987261,49.38830171304391,46.34985164622743,48.24963012794695,49.22564342999949,45.84594375785598,45.172919108686465,48.051492543793714,47.63105514653996,48.26219278999733,49.54666325255759,46.08276703284847,45.69618550770907,51.753646601395644,43.61436630318254,0,46.32337105108249,47.35976797536226,49.298093175808596,44.73734470901545,45.27809386594248,49.49418409817984,49.924315088979995,48.01788609641205,47.91445321092488,46.472620852873476,44.77252122251189,47.06079735178716,45.84522122595943,46.23155278895021,48.29205239950402,46.99956893870498,46.44886089589427,47.46375268922628,52.85739553963457
Macedonian,49.37181678310717,51.22344340858083,49.2143127612705,51.648626576396715,39.74453850560517,42.29826072647121,51.11543553476869,42.507192649334826,48.06887047887957,51.04283252965386,51.52277932840651,53.08033171017812,50.23042965792119,48.684357156177285,53.17014462877412,53.07973057746468,53.068829434379964,53.40798318498783,50.518038394805224,49.97968397081553,49.46307284353967,52.14632802249965,46.32337105108249,0,51.97104159732022,50.73647415698926,51.253308686520676,49.50595034225682,50.41554277380965,46.526756103658066,50.42998008435802,52.100456631461434,43.08717507783402,38.08881416085864,48.73855005853454,45.2278962262207,46.09775770014359,50.45108775175105,51.36682253754616,42.472795076611256,51.07006153786744,49.52283828836168
Marathi,52.786654437166156,51.79407530493796,48.783107491216434,48.35844908632093,51.4340665488741,53.47986847318354,52.68572343368249,51.805275389818526,55.07151545175049,53.632424878571186,53.38766352049363,53.36434573879851,52.346340159082274,51.20903870339255,53.912515578509144,53.512771004507925,42.00859011285402,45.24065420739743,53.11833682833083,51.84443537934263,50.23101975578344,55.119115140161085,47.35976797536226,51.97104159732022,0,46.58015632303196,54.351691639425624,50.36400801070669,50.98448897431758,51.74790446578074,52.56363187506972,52.93001815010015,52.47128216656728,52.75077220382852,47.85578103736113,53.55073063535479,53.21896686081919,51.140545150065826,53.35775136557576,51.56305579578149,48.28236576763864,49.19237894907214
Nepali,48.166566331273366,49.15778784149756,50.56262393976136,43.857629157149795,51.58223777780344,51.885163265066986,51.42954461438152,51.03936229253438,52.548193263715454,47.65471534368302,51.239055154749536,52.499741636331564,48.78258014578501,47.86165127013523,50.782088222859834,50.658132357545064,46.51062738103035,46.51933732630999,51.46999456317357,47.9018257828978,51.31125912782907,54.92348791708015,49.298093175808596,50.73647415698926,46.58015632303196,0,49.73014857639663,45.920594733403135,50.84353747798214,52.86090368315115,50.79732920490088,50.70193948044915,52.298509464833,51.33995944875971,46.75377380183003,50.377964676846275,50.82276282275627,51.50133521750889,50.223216187162706,51.61067787271609,45.223472247825924,50.57324960371227
Norwegian,47.9093905980698,52.7793195908553,46.35655220908897,54.38586748743514,48.643755960464766,52.71321855400343,52.90387022398795,51.30600172289248,52.719315045063986,46.99825840560665,47.96229529356558,48.65805803640956,52.25363299201565,51.6519965240067,49.80038306380968,54.12351266384694,54.68973166322797,54.389087040612615,45.68703822354784,53.73641641721799,48.21109584894301,51.49870330312692,44.73734470901545,51.253308686520676,54.351691639425624,49.73014857639663,0,53.11164251995056,49.59813953472195,49.32870003674261,51.23724796874377,52.029460325817,50.874350495935644,51.29651047706781,49.09927231379422,52.3803820947871,52.426044495631466,51.3541003509252,42.46144611852857,50.30444125827191,52.20943462934604,47.509431150220855
Pashto,48.250052608783605,48.01533391663466,44.86844371730138,50.75562446811895,48.76832847459188,50.86489025913035,52.30899134784678,49.48734249516525,52.08149684641985,51.35620272452168,51.487770860676505,52.44914081116896,49.79128015264213,48.177819660139356,51.80758414703612,51.53971215644159,51.14897604659234,51.46077954874692,49.10942344121208,49.06682627763659,48.564769556253744,52.368816641943496,45.27809386594248,49.50595034225682,50.36400801070669,45.920594733403135,53.11164251995056,0,44.486350076862365,50.07154183792808,50.16526409205462,50.68483766736619,49.560401958358874,50.25429200301082,44.2972004214813,51.69292604311636,50.40944760202193,50.18205506799621,50.9174003274781,48.99107991060724,48.665502502217166,46.76963522330282
Persian,46.7049006216689,48.32709350497798,47.874597540473125,50.63708820083401,51.51786116776577,50.93296120106985,50.58905659060558,50.21003459585976,52.993487991849946,49.563421020680636,50.57460783975221,52.06171913445061,49.262191414350184,46.275694950474936,51.51303956802918,51.991150012696274,52.22093651898095,53.11199925983967,48.19455552504616,47.74717948085365,52.23631984135376,54.326191075968886,49.49418409817984,50.41554277380965,50.98448897431758,50.84353747798214,49.59813953472195,44.486350076862365,0,53.1446313692186,50.39588429376301,51.50836386647451,50.88471180834143,50.47420279874363,48.075311794038555,50.88590822637337,51.15284278326424,50.83964581866371,49.55870704804571,49.75924288445406,48.52143827744163,50.58965474274404
Polish,49.61807159853595,52.29901071729296,52.69132914167091,50.87850567599016,45.82656651318624,46.6982888866065,50.969714027484976,45.7490748895088,46.961543691527076,49.21723487232167,52.156291777122945,52.73275076472573,49.772310964373304,49.8502670478481,53.075176291975474,52.41387847365395,53.10394618790614,53.77568466844831,51.9073368080048,49.879494596493615,52.94012920434681,51.52851921178043,49.924315088979995,46.526756103658066,51.74790446578074,52.86090368315115,49.32870003674261,50.07154183792808,53.1446313692186,0,50.496286540835065,51.91666225046742,45.90661840420604,44.72604802348605,51.849875328830805,41.6734333443478,45.83112064898146,51.87217478224224,51.340705337074375,44.97450099906617,51.41562403587229,52.82930217294616
Portuguese,50.25330392666097,51.08744684881349,48.82758555595826,51.87982470321401,50.08485147381342,51.27381839019028,45.541176849669476,51.275517771054425,53.2560750884521,50.818439846096105,51.091936452700345,51.908783000979454,48.12894298852865,41.71697067202423,53.745796666420716,53.17163132868336,54.34623089051622,55.231437110208596,51.3042629060336,48.95189864429313,46.10602106391134,54.252080693416175,48.01788609641205,50.42998008435802,52.56363187506972,50.79732920490088,51.23724796874377,50.16526409205462,50.39588429376301,50.496286540835065,0,50.07147925724664,50.80057511650189,50.734233380658054,49.809051046762285,51.05642701030517,50.4858169414194,41.7375460874606,51.46022332418335,49.983742420950925,51.502369421477376,48.38510561137386
Romanian,51.583466760537846,53.20295424415414,49.381280226104415,52.808196836340336,51.052155684221674,52.60322467633345,49.44763538591828,51.34543056185651,54.363712629253435,51.50833505917707,53.121452947864185,53.579412884918725,49.16842045450662,48.322743792859804,52.926957641108366,52.014253265748316,54.040090074667376,53.00850060146826,51.76874089595847,51.30405046138727,45.68412458157981,54.619571160270155,47.91445321092488,52.100456631461434,52.93001815010015,50.70193948044915,52.029460325817,50.68483766736619,51.50836386647451,51.91666225046742,50.07147925724664,0,52.235241138449275,52.21954751050939,49.88919485389188,52.50631650759706,52.55497125240884,50.201866370004176,52.25214926710293,51.766394948177805,52.512100739606396,49.26067281294516
Russian,49.06122984081557,51.737369171419594,49.65692083001639,52.55819857052811,42.38707768927052,46.085523982476275,52.230708381671384,45.5918222905055,47.045448482614425,50.743125706159425,52.397675273564566,53.14092138153383,50.04928913511403,49.10990313489778,53.510041217708824,53.26870235591582,54.61353425526323,54.91418146286112,49.968660142365906,50.769665588089396,50.5943142115519,50.33362737094655,46.472620852873476,43.08717507783402,52.47128216656728,52.298509464833,50.874350495935644,49.560401958358874,50.88471180834143,45.90661840420604,50.80057511650189,52.235241138449275,0,41.837080447637234,49.224148293353714,44.27255581545206,47.20413541985997,52.10988864715238,52.0886954005615,40.299104007844605,52.42304668743906,50.75154827289637
Serbian,49.38786934601043,51.55934582532141,49.35437160342631,52.1786338523834,33.91378541785415,44.19851403958081,52.02792435874497,38.459241960727525,46.06041898056569,51.31321302953015,51.98294280178447,53.18508147663298,50.49479061363838,48.952225647720965,53.04030676767961,53.41811357400931,53.96441174557164,55.28493283824128,50.357813574878634,51.204477556197205,49.91022920617957,51.28196186456152,44.77252122251189,38.08881416085864,52.75077220382852,51.33995944875971,51.29651047706781,50.25429200301082,50.47420279874363,44.72604802348605,50.734233380658054,52.21954751050939,41.837080447637234,0,49.86082473942878,43.50572492148689,43.367549728767514,51.04169006858375,52.04523942869723,41.35113129170602,51.99594693522865,49.90378566689731
Sinhala,46.577560759258404,43.44276196834912,46.58115292347506,47.8808687726449,50.71763965553851,50.14313060801184,49.750313202201454,49.15673407834893,52.307260876893935,48.83012655431645,51.02252036945804,52.513530381883214,48.127068219779346,44.11534985445149,51.66559123343386,50.20083184056136,49.61037339955812,50.62659941741589,47.26185445055321,46.366126439678276,51.1929987453501,52.759809782471784,47.06079735178716,48.73855005853454,47.85578103736113,46.75377380183003,49.09927231379422,44.2972004214813,48.075311794038555,51.849875328830805,49.809051046762285,49.88919485389188,49.224148293353714,49.86082473942878,0,49.89615411794129,50.93651298584882,48.63585853636894,48.78696530694013,49.26311307561782,47.900483359455045,49.39917579126966
Slovak,51.35821841423655,52.73392445407092,48.79976899732402,52.72871026592799,42.42547591375858,47.066951245688976,52.6072897390036,44.290462069098695,42.511245932367615,51.51945216096322,52.5163052794805,53.16675420130461,51.69444108197031,51.1214660266484,53.9812364931955,54.25460911621031,55.057241342081895,55.07608812788641,52.152643726236604,52.005396149350986,49.62336547532369,51.12320293537832,45.84522122595943,45.2278962262207,53.55073063535479,50.377964676846275,52.3803820947871,51.69292604311636,50.88590822637337,41.6734333443478,51.05642701030517,52.50631650759706,44.27255581545206,43.50572492148689,49.89615411794129,0,45.459770484231946,51.636156033292416,52.631541865571116,43.824543356675576,52.035825730697034,48.18970874784216
Slovenian,50.94917392904021,53.13868457593846,49.73855917854789,53.07716664802371,43.4311817868571,46.733775146602355,52.85015232781418,42.294884569436796,46.92525706826512,50.85226954675676,51.10362227398253,53.51054825799804,50.37095782207668,50.99994624691943,51.98922220931664,53.46959803191196,53.858168044803264,54.581003643354805,51.671667143476455,51.43560475704058,49.32509832384271,52.44012258048115,46.23155278895021,46.09775770014359,53.21896686081919,50.82276282275627,52.426044495631466,50.40944760202193,51.15284278326424,45.83112064898146,50.4858169414194,52.55497125240884,47.20413541985997,43.367549728767514,50.93651298584882,45.459770484231946,0,50.915223417744365,52.83794946870204,46.68830269297095,52.51559187937102,48.83359153369127
Spanish,51.22476579128628,52.13414395416115,50.06348670582043,52.133868535985386,51.20315611247021,50.96894846879242,44.635623697281716,50.44821383430079,53.11987198401163,51.53348241292885,51.63504456696987,52.92464190218423,47.941761594160404,39.17539140542955,52.95981521413877,51.650987900401354,52.9284725677545,53.34623356676549,52.210984776751864,48.33686611638648,44.9097252254702,56.74512123142369,48.29205239950402,50.45108775175105,51.140545150065826,51.50133521750889,51.3541003509252,50.18205506799621,50.83964581866371,51.87217478224224,41.7375460874606,50.201866370004176,52.10988864715238,51.04169006858375,48.63585853636894,51.636156033292416,50.915223417744365,0,52.521179309548714,50.523248285234004,51.8239153319387,48.81636041482673
Swedish,47.39886493090963,52.525711617739994,48.41940081940635,53.024275178570996,51.21038068217985,52.65947173479355,51.94467336366187,51.756774774309775,53.542475149660824,45.90588582158667,48.65724427463349,50.587216182811986,51.70897151859121,49.58744827378184,48.81179475667578,54.06842598144324,53.73372545415749,53.55516314663739,46.10986228910923,50.50902167793863,50.231259675009774,54.61842242182281,46.99956893870498,51.36682253754616,53.35775136557576,50.223216187162706,42.46144611852857,50.9174003274781,49.55870704804571,51.340705337074375,51.46022332418335,52.25214926710293,52.0886954005615,52.04523942869723,48.78696530694013,52.631541865571116,52.83794946870204,52.521179309548714,0,51.63039052027962,51.98829666343039,48.79834913381295
Ukrainian,48.716881709396155,51.41844973792869,49.92794757841344,51.46788066970755,42.30286634318625,45.67184188506827,50.866041288489754,43.67528309868345,45.64839545333843,49.50106431668152,51.51885580047678,52.652304203053866,49.033275513215486,48.243205727867654,52.446046576749104,51.8511293117681,53.19962510123102,53.9994935299962,49.518275396452196,49.5179275451253,49.77795981959416,52.30334000681187,46.44886089589427,42.472795076611256,51.56305579578149,51.61067787271609,50.30444125827191,48.99107991060724,49.75924288445406,44.97450099906617,49.983742420950925,51.766394948177805,40.299104007844605,41.35113129170602,49.26311307561782,43.824543356675576,46.68830269297095,50.523248285234004,51.63039052027962,0,51.77165277127032,49.2986060452912
Urdu,51.72210655969572,51.21597073142267,49.208190707819874,47.01502820010161,50.97633073791273,51.78536165503885,52.748726599971576,51.722455451813836,52.93923534565131,51.82045927893636,52.71561800519523,53.38773061335629,51.15872123333866,50.64600364994685,52.732553253511014,52.65225084746715,48.32099651231048,43.58041025169904,52.110879332241666,50.65948696056183,50.63267308711107,53.787928888144116,47.46375268922628,51.07006153786744,48.28236576763864,45.223472247825924,52.20943462934604,48.665502502217166,48.52143827744163,51.41562403587229,51.502369421477376,52.512100739606396,52.42304668743906,51.99594693522865,47.900483359455045,52.035825730697034,52.51559187937102,51.8239153319387,51.98829666343039,51.77165277127032,0,48.858901660242495
Welsh,46.737798578667835,50.077578739400465,50.75361942275586,49.57536404532239,52.42769773286691,47.70535225915365,48.58927027972697,48.06581438295164,50.23021418130759,45.062139665240494,48.95692642006966,49.081049365160965,46.20992220164424,45.93860611624233,48.999864183327134,48.665070176822965,51.37946172254659,52.03518817274085,48.77690815644389,44.36415534942236,48.57820185462476,54.96955132351103,52.85739553963457,49.52283828836168,49.19237894907214,50.57324960371227,47.509431150220855,46.76963522330282,50.58965474274404,52.82930217294616,48.38510561137386,49.26067281294516,50.75154827289637,49.90378566689731,49.39917579126966,48.18970874784216,48.83359153369127,48.81636041482673,48.79834913381295,49.2986060452912,48.858901660242495,0
