,Afrikaans,Albanian,Armenian,Bengali,Bosnian,Bulgarian,Catalan,Croatian,Czech,Danish,Dutch,English,French,Galician,German,Greek,Gujarati,Hindi,Icelandic,Irish,Italian,Latvian,Lithuanian,Macedonian,Marathi,Nepali,Norwegian,Pashto,Persian,Polish,Portuguese,Romanian,Russian,Serbian,Sinhala,Slovak,Slovenian,Spanish,Swedish,Ukrainian,Urdu,Welsh
Afrikaans,0,0.47633372929861667,0.3907722882308736,0.4849678840282494,0.4148329459237182,0.4852830226931241,0.4899957574080727,0.47879774051110807,0.46782801734513363,0.4932985527863271,0.40300851751854505,0.45006480662801684,0.4984753745296326,0.49562569252851413,0.4630028875011329,0.4904861731138781,0.4822358227276991,0.47750771112623736,0.441646565818203,0.5071826692100526,0.42497407783023744,0.42689986710839967,0.3444052445672815,0.4623959703119267,0.49846077317205595,0.44045209126833906,0.4889748150599495,0.4885101148078571,0.4292781686484353,0.4165209981080297,0.48072302033670505,0.46922756593813103,0.4474755375140704,0.4610776426549594,0.4476336255690478,0.47979021718292963,0.4729701590673896,0.480035155784265,0.46783797583092107,0.4465123044429297,0.4826971866450581,0.3980024500073698
Albanian,0.47633372929861667,0,0.40158074023507356,0.4744928453366906,0.4232230295864548,0.4737542615238461,0.4757010605280984,0.46525600260355454,0.4696475972536925,0.4884921642436899,0.46507003870256425,0.47209585060001774,0.47592056413337197,0.4760001452232516,0.46968488360133887,0.48012934460674994,0.4798679147924539,0.47382653372330424,0.46067322167895053,0.4831404066603341,0.4207289315292334,0.436845564513096,0.3544880585811623,0.45548898872790367,0.483075951303492,0.44712254283634556,0.48952553897539813,0.47877525728959625,0.43378683958002173,0.4247482895709547,0.4648738153802048,0.4693411986630757,0.45204990834340436,0.4568338006325714,0.4367701005618616,0.4818613775042207,0.46765833065401313,0.46885710594367963,0.47658987214356463,0.4508504361205989,0.4739864579413331,0.4061487884089112
Armenian,0.3907722882308736,0.40158074023507356,0,0.40853570992220817,0.4033778859494521,0.4111816935436434,0.40336256900441136,0.4139229189105767,0.4098891761462142,0.40343640329177705,0.40255203813805324,0.4089882732889394,0.4038842541287541,0.3994937447470085,0.4033712964419405,0.4083441540715296,0.4126145066186525,0.41007721356024535,0.3913505831258193,0.3940538221816672,0.4049415714278468,0.4052681196902375,0.3573544196184373,0.4051640129457335,0.40720446553706535,0.41370325715145395,0.39830111000089036,0.39865949531854755,0.3892198036594644,0.4029526981717076,0.4097753608674871,0.40792317827552876,0.4037421295715291,0.40689153657482163,0.40370251133223367,0.4066977606966176,0.4088721779157071,0.4134291389322145,0.40475495535343525,0.40927856178282573,0.4116493746941529,0.39881366319748157
Bengali,0.4849678840282494,0.4744928453366906,0.40853570992220817,0,0.42368899178182245,0.47208855674391126,0.4768800104130054,0.46968985056649104,0.45655987856278063,0.4915178021275011,0.4692172734476613,0.47620009520824313,0.47926128689164593,0.4811175551191214,0.4657559257503711,0.47220803663287936,0.45048033937919285,0.4363995501348023,0.4665550983132753,0.4876211992601867,0.4216840188138098,0.4333581883088912,0.35016219524984826,0.4592427765079051,0.46187655116536536,0.40427429802643206,0.4895581493903391,0.4767312314072813,0.4326688242498828,0.41223525516122095,0.46939166219721984,0.4643909101768928,0.4511801694569925,0.46153543255312174,0.4395941121213313,0.4705344704677476,0.4669036173924928,0.46881000124861866,0.47341933056437047,0.4466115092218674,0.43847025837161824,0.40428460722187815
Bosnian,0.4148329459237182,0.4232230295864548,0.4033778859494521,0.42368899178182245,0,0.3947571126624855,0.42032454062981384,0.3724203055755252,0.3980597517589739,0.4225324085959996,0.4238669578845826,0.42961848487841375,0.4183958242151701,0.4195677137029105,0.4213270411679405,0.4268892158843948,0.42791147115550643,0.42901486156341395,0.41674032162604263,0.4205115339953824,0.4109949233357835,0.4026579642158201,0.34907172497482203,0.36174909580566816,0.4256053118181068,0.42820254166052885,0.41967790950308187,0.422467296413018,0.41092409077533615,0.3846262494379971,0.4229950449820672,0.42434707288437507,0.3704868907123722,0.32292498964081867,0.42266297469548497,0.3881718333830074,0.3937083108640089,0.424578040398625,0.42395704408903806,0.3735340611173007,0.42898607504873687,0.4062606983844745
Bulgarian,0.4852830226931241,0.4737542615238461,0.4111816935436434,0.47208855674391126,0.3947571126624855,0,0.46907412112487906,0.4172798632786909,0.4355609274175104,0.49084558187936467,0.4709107602191188,0.4636353188873067,0.4745838854060086,0.48155347264071185,0.4676554942124487,0.4664029345029843,0.47830609350795217,0.4720740620747654,0.46617346338118437,0.49089993482117544,0.4045135963437635,0.42424708492883295,0.3417156134690731,0.42094897408991755,0.4877229585373169,0.4456982163884238,0.4883281761210382,0.4835627194041658,0.4361465047098778,0.3950661335926194,0.46588785694515866,0.463211627671206,0.429505993344791,0.4310377417190089,0.44753090439479754,0.4512102532207189,0.44736980770138435,0.45769230881661127,0.46843987338155396,0.4271281760502692,0.4731125531742678,0.39923161771065635
Catalan,0.4899957574080727,0.4757010605280984,0.40336256900441136,0.4768800104130054,0.42032454062981384,0.46907412112487906,0,0.4611490031462383,0.4541452524883533,0.5024198647000702,0.4702235380057546,0.4664801927282756,0.4741918248552368,0.4672346339739503,0.4687702374974527,0.47318706781352016,0.4740236021403172,0.4678716051973577,0.4601446930492682,0.4962757255160875,0.397215730131884,0.4283302692727458,0.34473436562771087,0.4541304137223195,0.4869518888330797,0.4440800393231825,0.49823513961093663,0.4871171772610809,0.4325188274977659,0.409638662904159,0.44337759544737554,0.4573581124714364,0.44524237420521956,0.4575934128065264,0.4460295695292727,0.4714775722055792,0.473785680930291,0.44083274857946936,0.472634895705435,0.4445222526693474,0.4745326510043447,0.40342671853612444
Croatian,0.47879774051110807,0.46525600260355454,0.4139229189105767,0.46968985056649104,0.3724203055755252,0.4172798632786909,0.4611490031462383,0,0.43078900673266257,0.48056697268030707,0.4621794543902276,0.4587706340246164,0.46601864550047983,0.47226992429651676,0.46282306982338817,0.46251799690798395,0.47133758115208013,0.4757572182458447,0.4633477253164904,0.48048993279169283,0.4099672738581187,0.4255713222377574,0.3428547636124936,0.42005887981079276,0.47205964641428827,0.4483498162737161,0.4809610119467528,0.47528261642690384,0.43809984547233993,0.39250391331236945,0.4646718980033479,0.4540514321488385,0.42433249384166144,0.3992749525011949,0.44706299706464525,0.43523175079278265,0.4246824254580919,0.4529970094352176,0.46591119839466727,0.4169360142178968,0.47309650684228377,0.40811670794454424
Czech,0.46782801734513363,0.4696475972536925,0.4098891761462142,0.45655987856278063,0.3980597517589739,0.4355609274175104,0.4541452524883533,0.43078900673266257,0,0.4684704558306921,0.4588753796375766,0.4488044853983464,0.46313744469400886,0.46944513515857733,0.4695128082081421,0.4659562657947991,0.4643571452352156,0.4676432046969446,0.457827359926668,0.4728636691991135,0.42055991826219735,0.42021579253467206,0.35174085948559,0.4314160612733487,0.4691013570945866,0.43831458221267827,0.4682354236445745,0.4701521807515609,0.43734757710312616,0.3913852053574391,0.45847880637858224,0.4546597377838384,0.4157075397619762,0.42573033553482775,0.43924135153546456,0.41732102711984387,0.4300307108005146,0.4515927040277389,0.4557375605180989,0.4159290316103506,0.4627713481476773,0.4047006959290207
Danish,0.4932985527863271,0.4884921642436899,0.40343640329177705,0.4915178021275011,0.4225324085959996,0.49084558187936467,0.5024198647000702,0.48056697268030707,0.4684704558306921,0,0.4692265818495115,0.4564476050393738,0.5058657073942746,0.5063310508061498,0.46489170898387394,0.4897972736899488,0.4859624577558026,0.4778012149860273,0.4565558523679304,0.5127996313123724,0.42218100500971756,0.4380565154985707,0.3489192285238136,0.4705306018097815,0.5025559531167625,0.440110191101022,0.4967424119343524,0.5040848617745817,0.4356918127660299,0.41533718540420983,0.4822299515419737,0.48069463053843114,0.4571204865301418,0.47010935662643133,0.4561350120953909,0.48900777485708374,0.48603553969971264,0.47940596933543816,0.4643441102330688,0.4544716121786409,0.48158849837742407,0.3960130735313809
Dutch,0.40300851751854505,0.46507003870256425,0.40255203813805324,0.4692172734476613,0.4238669578845826,0.4709107602191188,0.4702235380057546,0.4621794543902276,0.4588753796375766,0.4692265818495115,0,0.4411048157400872,0.4760770170182847,0.48195573733494634,0.4372949077088674,0.4687928435201418,0.4693983735438201,0.4643334569456321,0.4471640248297757,0.48503647550816253,0.4181226004082201,0.4267309760404938,0.34716806516008364,0.4553319423542332,0.47688608657926335,0.44525298442608213,0.46910597151298156,0.48005166056852344,0.432492876452006,0.4178201090760918,0.46648945707972717,0.45956213431764553,0.4461329299360462,0.45572724298538786,0.44757520281243596,0.469320045559685,0.45787051374877696,0.46354231005318697,0.4493598656471615,0.4459586782597286,0.4684045655587144,0.40414174897612437
English,0.45006480662801684,0.47209585060001774,0.4089882732889394,0.47620009520824313,0.42961848487841375,0.4636353188873067,0.4664801927282756,0.4587706340246164,0.4488044853983464,0.4564476050393738,0.4411048157400872,0,0.47091443653204085,0.4729036550225494,0.44157615645878273,0.474374523009992,0.47013557673864576,0.4678334220539341,0.450601808634455,0.4657647555437928,0.41276500832485447,0.4393647787182475,0.3549193027500161,0.45871423835711245,0.4739793753526825,0.44736395379176597,0.46615008783895956,0.4754568169265525,0.4324104791146211,0.4184943393143836,0.4549886304071373,0.45987700768510725,0.4460322678790527,0.45762581813544756,0.45166242968834214,0.4608353824905654,0.469376672716687,0.4655222329962901,0.45967398904726964,0.4475109793870549,0.4758965160093198,0.403448665811097
French,0.4984753745296326,0.47592056413337197,0.4038842541287541,0.47926128689164593,0.4183958242151701,0.4745838854060086,0.4741918248552368,0.46601864550047983,0.46313744469400886,0.5058657073942746,0.4760770170182847,0.47091443653204085,0,0.49165969213094,0.47928655213064275,0.47837047463254173,0.48022615366190147,0.4782687538276648,0.47058156739498697,0.5075509423796916,0.404319392387206,0.42746558153756875,0.3444297492922704,0.4596774067233271,0.49002897426061526,0.4394746202228818,0.5061373025560744,0.49477979954569556,0.4366385859113239,0.41132028855518415,0.4639295566448993,0.4611449787077115,0.4494173719064061,0.462145885656037,0.4509968221378863,0.48176701269561156,0.46854579503006355,0.4542889967317772,0.4764259080244409,0.4427222550611339,0.47764678921868975,0.4009490004887295
Galician,0.49562569252851413,0.4760001452232516,0.3994937447470085,0.4811175551191214,0.4195677137029105,0.48155347264071185,0.4672346339739503,0.47226992429651676,0.46944513515857733,0.5063310508061498,0.48195573733494634,0.4729036550225494,0.49165969213094,0,0.4816574856460621,0.48932263217107674,0.4838112864594041,0.4775169246256713,0.46145615482792796,0.5016801169191911,0.3977053517976203,0.4395610467611281,0.3481092331106021,0.4602771256750259,0.4963225238064819,0.44004625476173526,0.5056960866187581,0.4918577249966743,0.43343700443175276,0.42109213791436817,0.4414778793114533,0.46746659141247987,0.4541278061136948,0.46187877784121195,0.4428460641529974,0.4882145428120318,0.47228858766461446,0.4125041003418449,0.4772374742490238,0.45251459502574237,0.48116879191138784,0.40013723902586984
German,0.4630028875011329,0.46968488360133887,0.4033712964419405,0.4657559257503711,0.4213270411679405,0.4676554942124487,0.4687702374974527,0.46282306982338817,0.4695128082081421,0.46489170898387394,0.4372949077088674,0.44157615645878273,0.47928655213064275,0.4816574856460621,0,0.46654299933219523,0.4732345435934696,0.4735437344873487,0.45016606830685685,0.48396427756284405,0.41426499318756194,0.42953889604055084,0.3473652743947598,0.4589304375485406,0.4807420902555351,0.44411849622533645,0.472178775646525,0.4811737841624178,0.43341279896458296,0.4217355846245138,0.4728355506536237,0.45854615845073216,0.4499495903655069,0.45784337808848674,0.4533426821020691,0.4756253428378782,0.45513670578512544,0.45962404726891476,0.448118469215057,0.44395262314148304,0.4693746647744754,0.4013189763775257
Greek,0.4904861731138781,0.48012934460674994,0.4083441540715296,0.47220803663287936,0.4268892158843948,0.4664029345029843,0.47318706781352016,0.46251799690798395,0.4659562657947991,0.4897972736899488,0.4687928435201418,0.474374523009992,0.47837047463254173,0.48932263217107674,0.46654299933219523,0,0.4766054459968157,0.4642888460178859,0.4667848495311453,0.4910033313757579,0.41525604255062976,0.4372967914551646,0.34891512397830754,0.4605466223425308,0.48357686126035543,0.44482644234962965,0.4929705162783294,0.48057457801421427,0.4355314352070538,0.41755476005743675,0.4684260017540093,0.4634149266661423,0.45342687016481364,0.46071498383522536,0.44264810198005816,0.4813195558202903,0.46964433320447113,0.4645894294282303,0.4707362535328994,0.44817599509197936,0.46687083090852355,0.40265313459711954
Gujarati,0.4822358227276991,0.4798679147924539,0.4126145066186525,0.45048033937919285,0.42791147115550643,0.47830609350795217,0.4740236021403172,0.47133758115208013,0.4643571452352156,0.4859624577558026,0.4693983735438201,0.47013557673864576,0.48022615366190147,0.4838112864594041,0.4732345435934696,0.4766054459968157,0,0.4126283050509559,0.469488888179105,0.4915242914760826,0.4267702862177464,0.43999826551250476,0.35604697329686436,0.4631311388599543,0.4152655930077156,0.42384086467908666,0.489028681980017,0.47605505749869964,0.439221653976756,0.42174096177123954,0.47477211376847755,0.4645967413349899,0.4538653015793782,0.46387354533932124,0.44921809248985256,0.4765636984018208,0.46544632222827287,0.47065638713400004,0.4750398126439228,0.45246106574090816,0.4532662106612638,0.41139485537011133
Hindi,0.47750771112623736,0.47382653372330424,0.41007721356024535,0.4363995501348023,0.42901486156341395,0.4720740620747654,0.4678716051973577,0.4757572182458447,0.4676432046969446,0.4778012149860273,0.4643334569456321,0.4678334220539341,0.4782687538276648,0.4775169246256713,0.4735437344873487,0.4642888460178859,0.4126283050509559,0,0.4584207189156308,0.48054865510052175,0.42803927260316577,0.43971172257237534,0.35367312806317647,0.45356856618707714,0.4268955697476478,0.4106622157631851,0.4821449975595008,0.46855776262716003,0.4376850888440811,0.4266450470411391,0.4746594111584881,0.4593459085361868,0.4515256102482861,0.4669141488920699,0.4431531525451169,0.47366446581288824,0.4627788418701531,0.46177113285790145,0.466920250374114,0.45103685465333654,0.4144387845299667,0.4079566880970386
Icelandic,0.441646565818203,0.46067322167895053,0.3913505831258193,0.4665550983132753,0.41674032162604263,0.46617346338118437,0.4601446930492682,0.4633477253164904,0.457827359926668,0.4565558523679304,0.4471640248297757,0.450601808634455,0.47058156739498697,0.46145615482792796,0.45016606830685685,0.4667848495311453,0.469488888179105,0.4584207189156308,0,0.46857766704242426,0.41985872924824946,0.425086286897433,0.34367658795099115,0.4489234929656657,0.4738739880787856,0.44554898670894383,0.4547282682874722,0.4653409945927611,0.4193873959835175,0.41913817555827876,0.461393610561289,0.45376104298993464,0.44224144600008325,0.4495029897844064,0.43286777097897794,0.4652314108006022,0.4547065215379283,0.46299401072737395,0.4405406242025989,0.43814062634029016,0.46390705422579825,0.4005881644038347
Irish,0.5071826692100526,0.4831404066603341,0.3940538221816672,0.4876211992601867,0.4205115339953824,0.49089993482117544,0.4962757255160875,0.48048993279169283,0.4728636691991135,0.5127996313123724,0.48503647550816253,0.4657647555437928,0.5075509423796916,0.5016801169191911,0.48396427756284405,0.4910033313757579,0.4915242914760826,0.48054865510052175,0.46857766704242426,0,0.4216886951879201,0.43503658716786486,0.34583682023631435,0.4656288413683302,0.5037021998638758,0.4354759759341699,0.5154550721592487,0.49943561168690964,0.43075703291791057,0.4156617493919618,0.48265692699288537,0.4749752964591723,0.45696058366076464,0.4687397470030904,0.44796345751222777,0.4927279681701238,0.477482675109603,0.4741872044982489,0.4771022170933132,0.4504799688513422,0.4832629944440006,0.38991243832235717
Italian,0.42497407783023744,0.4207289315292334,0.4049415714278468,0.4216840188138098,0.4109949233357835,0.4045135963437635,0.397215730131884,0.4099672738581187,0.42055991826219735,0.42218100500971756,0.4181226004082201,0.41276500832485447,0.404319392387206,0.3977053517976203,0.41426499318756194,0.41525604255062976,0.4267702862177464,0.42803927260316577,0.41985872924824946,0.4216886951879201,0,0.4073402739799941,0.35521039574349433,0.4129133014345339,0.4251190373705803,0.4201262531722951,0.4260003632756919,0.4263014032959306,0.41906274637117735,0.40918471704309534,0.3980661256348974,0.39676566322314766,0.4180790410310956,0.41873949105039987,0.41608655438391434,0.422198197320499,0.41884121643307654,0.38846722507201187,0.4192395630126946,0.4131357002772138,0.4276248345453939,0.38636163151315817
Latvian,0.42689986710839967,0.436845564513096,0.4052681196902375,0.4333581883088912,0.4026579642158201,0.42424708492883295,0.4283302692727458,0.4255713222377574,0.42021579253467206,0.4380565154985707,0.4267309760404938,0.4393647787182475,0.42746558153756875,0.4395610467611281,0.42953889604055084,0.4372967914551646,0.43999826551250476,0.43971172257237534,0.425086286897433,0.43503658716786486,0.4073402739799941,0,0.32125921585577816,0.4200293938233735,0.4401409785844866,0.43724041328852364,0.43077519042354256,0.44142955037205545,0.41855291902625047,0.3927015738283661,0.4249797852550351,0.43030778736753517,0.4124316978082638,0.42069398324360674,0.43208762797699163,0.4224513905644549,0.42337027709435676,0.4350429793389712,0.43291027884302763,0.4179741543320227,0.4401623299145703,0.4040775675444624
Lithuanian,0.3444052445672815,0.3544880585811623,0.3573544196184373,0.35016219524984826,0.34907172497482203,0.3417156134690731,0.34473436562771087,0.3428547636124936,0.35174085948559,0.3489192285238136,0.34716806516008364,0.3549193027500161,0.3444297492922704,0.3481092331106021,0.3473652743947598,0.34891512397830754,0.35604697329686436,0.35367312806317647,0.34367658795099115,0.34583682023631435,0.35521039574349433,0.32125921585577816,0,0.34528632541152554,0.3549295385757191,0.36326371169699745,0.3423289539816116,0.35164986096664064,0.35491964475695603,0.35021008417913163,0.3481293170623607,0.34664530034877417,0.3491643197389553,0.34167745274056394,0.36000169088809725,0.3455645610008437,0.34226516711828725,0.35045541528378765,0.34728012305639955,0.3471027444096046,0.3562267759479168,0.36067850879869356
Macedonian,0.4623959703119267,0.45548898872790367,0.4051640129457335,0.4592427765079051,0.36174909580566816,0.42094897408991755,0.4541304137223195,0.42005887981079276,0.4314160612733487,0.4705306018097815,0.4553319423542332,0.45871423835711245,0.4596774067233271,0.4602771256750259,0.4589304375485406,0.4605466223425308,0.4631311388599543,0.45356856618707714,0.4489234929656657,0.4656288413683302,0.4129133014345339,0.4200293938233735,0.34528632541152554,0,0.46644176641593066,0.4410842157829045,0.4680958640252885,0.46727855164976034,0.427378870416558,0.3975477603703697,0.4518812598817178,0.4543807074060135,0.39721193549875994,0.38018423149076835,0.4373856573961041,0.4327308379607166,0.43589457023458256,0.4499897943798161,0.4549085656529999,0.39544081081864607,0.4580412093139563,0.40636331789982666
Marathi,0.49846077317205595,0.483075951303492,0.40720446553706535,0.46187655116536536,0.4256053118181068,0.4877229585373169,0.4869518888330797,0.47205964641428827,0.4691013570945866,0.5025559531167625,0.47688608657926335,0.4739793753526825,0.49002897426061526,0.4963225238064819,0.4807420902555351,0.48357686126035543,0.4152655930077156,0.4268955697476478,0.4738739880787856,0.5037021998638758,0.4251190373705803,0.4401409785844866,0.3549295385757191,0.46644176641593066,0,0.4278196632300193,0.5067850925806145,0.48722635237172485,0.43822367847378585,0.42084063665493343,0.4805854271528786,0.47004189364032245,0.4547913522277765,0.4683539007232212,0.44829500856610327,0.4856291059376277,0.4790726449023466,0.4760880520450984,0.4868816431956025,0.45298282594561634,0.46317106089038823,0.4085489774899585
Nepali,0.44045209126833906,0.44712254283634556,0.41370325715145395,0.40427429802643206,0.42820254166052885,0.4456982163884238,0.4440800393231825,0.4483498162737161,0.43831458221267827,0.440110191101022,0.44525298442608213,0.44736395379176597,0.4394746202228818,0.44004625476173526,0.44411849622533645,0.44482644234962965,0.42384086467908666,0.4106622157631851,0.44554898670894383,0.4354759759341699,0.4201262531722951,0.43724041328852364,0.36326371169699745,0.4410842157829045,0.4278196632300193,0,0.44552822043063733,0.43473435586062087,0.4236762603914234,0.4199818831319609,0.4483882420331187,0.442284715349774,0.4418876927059559,0.44573164254058734,0.42602136604698576,0.4443975718192985,0.4390037186178239,0.4426706069699941,0.4463864178216337,0.44056099588691683,0.4104578301524772,0.4074786348086969
Norwegian,0.4889748150599495,0.48952553897539813,0.39830111000089036,0.4895581493903391,0.41967790950308187,0.4883281761210382,0.49823513961093663,0.4809610119467528,0.4682354236445745,0.4967424119343524,0.46910597151298156,0.46615008783895956,0.5061373025560744,0.5056960866187581,0.472178775646525,0.4929705162783294,0.489028681980017,0.4821449975595008,0.4547282682874722,0.5154550721592487,0.4260003632756919,0.43077519042354256,0.3423289539816116,0.4680958640252885,0.5067850925806145,0.44552822043063733,0,0.5045810094624672,0.4363325438102034,0.40838390981245254,0.48144407473199047,0.48037249459256903,0.4517494082810191,0.47002176794252326,0.45648382494703515,0.48479902683759024,0.4797778287952569,0.47813853551704427,0.43591108797243444,0.45234871230582163,0.4835256172578106,0.4041052260538282
Pashto,0.4885101148078571,0.47877525728959625,0.39865949531854755,0.4767312314072813,0.422467296413018,0.4835627194041658,0.4871171772610809,0.47528261642690384,0.4701521807515609,0.5040848617745817,0.48005166056852344,0.4754568169265525,0.49477979954569556,0.4918577249966743,0.4811737841624178,0.48057457801421427,0.47605505749869964,0.46855776262716003,0.4653409945927611,0.49943561168690964,0.4263014032959306,0.44142955037205545,0.35164986096664064,0.46727855164976034,0.48722635237172485,0.43473435586062087,0.5045810094624672,0,0.41856758796285665,0.42374614789791026,0.4823457554736573,0.47085898119740494,0.4551448003464023,0.46574199601456806,0.4423652190158784,0.4883920272311593,0.474149744673214,0.47435891514548406,0.48134903697568027,0.4530310024258021,0.46992349622850504,0.40340965436848436
Persian,0.4292781686484353,0.43378683958002173,0.3892198036594644,0.4326688242498828,0.41092409077533615,0.4361465047098778,0.4325188274977659,0.43809984547233993,0.43734757710312616,0.4356918127660299,0.432492876452006,0.4324104791146211,0.4366385859113239,0.43343700443175276,0.43341279896458296,0.4355314352070538,0.439221653976756,0.4376850888440811,0.4193873959835175,0.43075703291791057,0.41906274637117735,0.41855291902625047,0.35491964475695603,0.427378870416558,0.43822367847378585,0.4236762603914234,0.4363325438102034,0.41856758796285665,0,0.41542432983344535,0.4350737586063328,0.43407008176794015,0.4258171819008856,0.43043328832972216,0.4244834129757114,0.4377426745241197,0.4313509435290365,0.43426637956967745,0.42799604279245157,0.4225866331298706,0.42655615621068044,0.398882279063244
Polish,0.4165209981080297,0.4247482895709547,0.4029526981717076,0.41223525516122095,0.3846262494379971,0.3950661335926194,0.409638662904159,0.39250391331236945,0.3913852053574391,0.41533718540420983,0.4178201090760918,0.4184943393143836,0.41132028855518415,0.42109213791436817,0.4217355846245138,0.41755476005743675,0.42174096177123954,0.4266450470411391,0.41913817555827876,0.4156617493919618,0.40918471704309534,0.3927015738283661,0.35021008417913163,0.3975477603703697,0.42084063665493343,0.4199818831319609,0.40838390981245254,0.42374614789791026,0.41542432983344535,0,0.4144296106737408,0.4151262186908221,0.39026204339021503,0.3950080382294037,0.41768872232948173,0.3774990005867206,0.3932238438809907,0.416260464671768,0.4113006735720154,0.3837289366073239,0.421121781176576,0.4000888900212799
Portuguese,0.48072302033670505,0.4648738153802048,0.4097753608674871,0.46939166219721984,0.4229950449820672,0.46588785694515866,0.44337759544737554,0.4646718980033479,0.45847880637858224,0.4822299515419737,0.46648945707972717,0.4549886304071373,0.4639295566448993,0.4414778793114533,0.4728355506536237,0.4684260017540093,0.47477211376847755,0.4746594111584881,0.461393610561289,0.48265692699288537,0.3980661256348974,0.4249797852550351,0.3481293170623607,0.4518812598817178,0.4805854271528786,0.4483882420331187,0.48144407473199047,0.4823457554736573,0.4350737586063328,0.4144296106737408,0,0.4511501026911346,0.4401087685791519,0.4572539086188491,0.44668458223835045,0.4704422447540319,0.4613444052589542,0.41802074150042806,0.46248561420681206,0.44227108566746703,0.4699525753099327,0.4024209841729721
Romanian,0.46922756593813103,0.4693411986630757,0.40792317827552876,0.4643909101768928,0.42434707288437507,0.463211627671206,0.4573581124714364,0.4540514321488385,0.4546597377838384,0.48069463053843114,0.45956213431764553,0.45987700768510725,0.4611449787077115,0.46746659141247987,0.45854615845073216,0.4634149266661423,0.4645967413349899,0.4593459085361868,0.45376104298993464,0.4749752964591723,0.39676566322314766,0.43030778736753517,0.34664530034877417,0.4543807074060135,0.47004189364032245,0.442284715349774,0.48037249459256903,0.47085898119740494,0.43407008176794015,0.4151262186908221,0.4511501026911346,0,0.44634641457889407,0.4547145709510648,0.4449946227845723,0.4636399207185506,0.4596825166641075,0.45643306630136815,0.4680886300303454,0.449365152235665,0.4713802130126557,0.40521943656452836
Russian,0.4474755375140704,0.45204990834340436,0.4037421295715291,0.4511801694569925,0.3704868907123722,0.429505993344791,0.44524237420521956,0.42433249384166144,0.4157075397619762,0.4571204865301418,0.4461329299360462,0.4460322678790527,0.4494173719064061,0.4541278061136948,0.4499495903655069,0.45342687016481364,0.4538653015793782,0.4515256102482861,0.44224144600008325,0.45696058366076464,0.4180790410310956,0.4124316978082638,0.3491643197389553,0.39721193549875994,0.4547913522277765,0.4418876927059559,0.4517494082810191,0.4551448003464023,0.4258171819008856,0.39026204339021503,0.4401087685791519,0.44634641457889407,0,0.3923483117242229,0.43267465184781845,0.41265166563227135,0.4285444142080623,0.4466205395488751,0.44854191839210766,0.3752786029892901,0.45377395792442293,0.40727086844033356
Serbian,0.4610776426549594,0.4568338006325714,0.40689153657482163,0.46153543255312174,0.32292498964081867,0.4310377417190089,0.4575934128065264,0.3992749525011949,0.42573033553482775,0.47010935662643133,0.45572724298538786,0.45762581813544756,0.462145885656037,0.46187877784121195,0.45784337808848674,0.46071498383522536,0.46387354533932124,0.4669141488920699,0.4495029897844064,0.4687397470030904,0.41873949105039987,0.42069398324360674,0.34167745274056394,0.38018423149076835,0.4683539007232212,0.44573164254058734,0.47002176794252326,0.46574199601456806,0.43043328832972216,0.3950080382294037,0.4572539086188491,0.4547145709510648,0.3923483117242229,0,0.4440693166104297,0.42534777408497404,0.42577309521601114,0.45159640014668945,0.4609549116829506,0.3898574292430064,0.4649221259511514,0.4077641194540524
Sinhala,0.4476336255690478,0.4367701005618616,0.40370251133223367,0.4395941121213313,0.42266297469548497,0.44753090439479754,0.4460295695292727,0.44706299706464525,0.43924135153546456,0.4561350120953909,0.44757520281243596,0.45166242968834214,0.4509968221378863,0.4428460641529974,0.4533426821020691,0.44264810198005816,0.44921809248985256,0.4431531525451169,0.43286777097897794,0.44796345751222777,0.41608655438391434,0.43208762797699163,0.36000169088809725,0.4373856573961041,0.44829500856610327,0.42602136604698576,0.45648382494703515,0.4423652190158784,0.4244834129757114,0.41768872232948173,0.44668458223835045,0.4449946227845723,0.43267465184781845,0.4440693166104297,0,0.4478413156338822,0.4477563162510389,0.44231882780426524,0.4480014926049239,0.433697202046321,0.442758202432099,0.4011789859194874
Slovak,0.47979021718292963,0.4818613775042207,0.4066977606966176,0.4705344704677476,0.3881718333830074,0.4512102532207189,0.4714775722055792,0.43523175079278265,0.41732102711984387,0.48900777485708374,0.469320045559685,0.4608353824905654,0.48176701269561156,0.4882145428120318,0.4756253428378782,0.4813195558202903,0.4765636984018208,0.47366446581288824,0.4652314108006022,0.4927279681701238,0.422198197320499,0.4224513905644549,0.3455645610008437,0.4327308379607166,0.4856291059376277,0.4443975718192985,0.48479902683759024,0.4883920272311593,0.4377426745241197,0.3774990005867206,0.4704422447540319,0.4636399207185506,0.41265166563227135,0.42534777408497404,0.4478413156338822,0,0.4431803849553981,0.4653603700572675,0.469146682585626,0.4151815913894498,0.474592669683283,0.40620824787352416
Slovenian,0.4729701590673896,0.46765833065401313,0.4088721779157071,0.4669036173924928,0.3937083108640089,0.44736980770138435,0.473785680930291,0.4246824254580919,0.4300307108005146,0.48603553969971264,0.45787051374877696,0.469376672716687,0.46854579503006355,0.47228858766461446,0.45513670578512544,0.46964433320447113,0.46544632222827287,0.4627788418701531,0.4547065215379283,0.477482675109603,0.41884121643307654,0.42337027709435676,0.34226516711828725,0.43589457023458256,0.4790726449023466,0.4390037186178239,0.4797778287952569,0.474149744673214,0.4313509435290365,0.3932238438809907,0.4613444052589542,0.4596825166641075,0.4285444142080623,0.42577309521601114,0.4477563162510389,0.4431803849553981,0,0.4542527238867125,0.4701033787629895,0.43218661234598404,0.46863723963849263,0.4077113059061737
Spanish,0.480035155784265,0.46885710594367963,0.4134291389322145,0.46881000124861866,0.424578040398625,0.45769230881661127,0.44083274857946936,0.4529970094352176,0.4515927040277389,0.47940596933543816,0.46354231005318697,0.4655222329962901,0.4542889967317772,0.4125041003418449,0.45962404726891476,0.4645894294282303,0.47065638713400004,0.46177113285790145,0.46299401072737395,0.4741872044982489,0.38846722507201187,0.4350429793389712,0.35045541528378765,0.4499897943798161,0.4760880520450984,0.4426706069699941,0.47813853551704427,0.47435891514548406,0.43426637956967745,0.416260464671768,0.41802074150042806,0.45643306630136815,0.4466205395488751,0.45159640014668945,0.44231882780426524,0.4653603700572675,0.4542527238867125,0,0.46792512908183037,0.44282968212036083,0.46899592448987676,0.405864263167526
Swedish,0.46783797583092107,0.47658987214356463,0.40475495535343525,0.47341933056437047,0.42395704408903806,0.46843987338155396,0.472634895705435,0.46591119839466727,0.4557375605180989,0.4643441102330688,0.4493598656471615,0.45967398904726964,0.4764259080244409,0.4772374742490238,0.448118469215057,0.4707362535328994,0.4750398126439228,0.466920250374114,0.4405406242025989,0.4771022170933132,0.4192395630126946,0.43291027884302763,0.34728012305639955,0.4549085656529999,0.4868816431956025,0.4463864178216337,0.43591108797243444,0.48134903697568027,0.42799604279245157,0.4113006735720154,0.46248561420681206,0.4680886300303454,0.44854191839210766,0.4609549116829506,0.4480014926049239,0.469146682585626,0.4701033787629895,0.46792512908183037,0,0.4473628019556128,0.4695863954054852,0.40300547115361485
Ukrainian,0.4465123044429297,0.4508504361205989,0.40927856178282573,0.4466115092218674,0.3735340611173007,0.4271281760502692,0.4445222526693474,0.4169360142178968,0.4159290316103506,0.4544716121786409,0.4459586782597286,0.4475109793870549,0.4427222550611339,0.45251459502574237,0.44395262314148304,0.44817599509197936,0.45246106574090816,0.45103685465333654,0.43814062634029016,0.4504799688513422,0.4131357002772138,0.4179741543320227,0.3471027444096046,0.39544081081864607,0.45298282594561634,0.44056099588691683,0.45234871230582163,0.4530310024258021,0.4225866331298706,0.3837289366073239,0.44227108566746703,0.449365152235665,0.3752786029892901,0.3898574292430064,0.433697202046321,0.4151815913894498,0.43218661234598404,0.44282968212036083,0.4473628019556128,0,0.4534469420012975,0.40341146106677533
Urdu,0.4826971866450581,0.4739864579413331,0.4116493746941529,0.43847025837161824,0.42898607504873687,0.4731125531742678,0.4745326510043447,0.47309650684228377,0.4627713481476773,0.48158849837742407,0.4684045655587144,0.4758965160093198,0.47764678921868975,0.48116879191138784,0.4693746647744754,0.46687083090852355,0.4532662106612638,0.4144387845299667,0.46390705422579825,0.4832629944440006,0.4276248345453939,0.4401623299145703,0.3562267759479168,0.4580412093139563,0.46317106089038823,0.4104578301524772,0.4835256172578106,0.46992349622850504,0.42655615621068044,0.421121781176576,0.4699525753099327,0.4713802130126557,0.45377395792442293,0.4649221259511514,0.442758202432099,0.474592669683283,0.46863723963849263,0.46899592448987676,0.4695863954054852,0.4534469420012975,0,0.40776420902127114
Welsh,0.3980024500073698,0.4061487884089112,0.39881366319748157,0.40428460722187815,0.4062606983844745,0.39923161771065635,0.40342671853612444,0.40811670794454424,0.4047006959290207,0.3960130735313809,0.40414174897612437,0.403448665811097,0.4009490004887295,0.40013723902586984,0.4013189763775257,0.40265313459711954,0.41139485537011133,0.4079566880970386,0.4005881644038347,0.38991243832235717,0.38636163151315817,0.4040775675444624,0.36067850879869356,0.40636331789982666,0.4085489774899585,0.4074786348086969,0.4041052260538282,0.40340965436848436,0.398882279063244,0.4000888900212799,0.4024209841729721,0.40521943656452836,0.40727086844033356,0.4077641194540524,0.4011789859194874,0.40620824787352416,0.4077113059061737,0.405864263167526,0.40300547115361485,0.40341146106677533,0.40776420902127114,0
