,Afrikaans,Albanian,Armenian,Bengali,Bosnian,Bulgarian,Catalan,Croatian,Czech,Danish,Dutch,English,French,Galician,German,Greek,Gujarati,Hindi,Icelandic,Irish,Italian,Latvian,Lithuanian,Macedonian,Marathi,Nepali,Norwegian,Pashto,Persian,Polish,Portuguese,Romanian,Russian,Serbian,Sinhala,Slovak,Slovenian,Spanish,Swedish,Ukrainian,Urdu,Welsh
Afrikaans,0,11.247261496889621,13.401110033092529,11.117122921248425,12.846379885168984,11.05094817400166,10.957073083713121,11.406090936731752,11.544886355580713,10.294521573338583,11.320464389565808,11.39209618501564,10.551907094695814,10.48703752389345,11.387986509879385,11.285906022669309,11.688702151045293,11.898208847707592,11.604664118257354,9.937859421424228,12.96752183260674,12.796316915834627,15.844419925030252,11.58266391785245,11.004690621894987,12.429728920758837,10.24004615023294,10.837853198193573,12.771660348467877,13.596866690079585,11.267070011065883,11.486022877012907,12.046654016079826,11.466084190552388,11.775390551153263,11.029273282843285,11.577149173912197,11.179466089999964,11.282645452666234,12.005273560103891,10.995599313178372,13.285781616108574
Albanian,11.247261496889621,0,13.875223263201049,11.614446812378437,13.322222829019783,11.505476879388906,11.459147959899898,11.821901465119744,11.958951858232663,10.795529417369801,11.97378426287459,11.913363880227138,11.00805742370993,10.89202612898604,11.912918171148766,11.794993998269666,12.235080738284097,12.434676419221821,12.1781298485476,10.425766688028029,13.456599430974116,13.284194390082764,16.283858511750473,12.043931731913865,11.50299929058202,12.943281646509151,10.72162891771836,11.390811988142092,13.1604698011865,14.0812075649582,11.673951690822475,11.94935125877196,12.507293969789226,11.924707918539879,12.1391442880297,11.455752859088161,12.094639020698848,11.574283937426493,11.770028340994088,12.447506711501545,11.44643785574681,13.762950684869633
Armenian,13.401110033092529,13.875223263201049,0,13.73297114875481,15.464026525677754,13.744952940094311,13.622217213971613,14.060629694519854,14.173330384852543,13.052946350698388,14.164005498856254,14.079350409014596,13.224532345145935,13.103094730173463,14.055526561428515,13.891310254122963,14.381227362062209,14.550895468458924,14.255156552887117,12.622571306585485,15.561679505523056,15.379403581846988,18.283642903133046,14.212779744332426,13.656964768105091,15.026841133119056,12.982702662700506,13.511072367229096,15.325560968745759,16.210493745876782,13.859573927922863,14.13608712432287,14.672458009345288,14.104832032744003,14.290986909432998,13.676267424610495,14.271478911114052,13.73299765790163,13.941131138046346,14.649273680459181,13.624870633704818,15.821348036247924
Bengali,11.117122921248425,11.614446812378437,13.73297114875481,0,13.105504648591927,11.330170524112084,11.265136044894364,11.667610413730158,11.863825411302477,10.652483192741323,11.82179686056607,11.708403268395838,10.82635685568548,10.820497599431825,11.737134594370888,11.603187846178866,12.00145508688,12.197149103874876,12.035289993013857,10.26491203323925,13.235605465023534,13.057581889161646,16.050440229519182,11.84724467152177,11.312107432539698,12.620300129887415,10.612676879684782,11.222228006077717,13.1135030929601,13.886508980627163,11.534717888224423,11.807464077919663,12.3097242276275,11.73252511831973,12.087530201976739,11.33971554777839,11.910488035526562,11.421658066074645,11.588351780167587,12.263752183560715,11.220582575300769,13.560082396431186
Bosnian,12.846379885168984,13.322222829019783,15.464026525677754,13.105504648591927,0,12.954936177394721,12.995027239574032,13.240505141138891,13.473941240505095,12.384712210210882,13.525716234427808,13.356287274564556,12.58391956730926,12.509962089220553,13.42707647666456,13.294767087976197,13.789328395420647,13.97523510511418,13.739200937623712,12.003380585451906,14.87111535179862,14.724083612667553,17.674206580821767,13.3396925973058,13.08081604675755,14.421224377629706,12.3096661571743,12.995866676535998,14.79233579028801,15.471053984973508,13.2390402172594,13.455422101415248,13.814295718312527,13.17895318173843,13.785430929387573,12.989675694157107,13.574718815365687,13.129107556844078,13.302819889256744,13.731712280912076,12.939500567634031,15.191235398606489
Bulgarian,11.05094817400166,11.505476879388906,13.744952940094311,11.330170524112084,12.954936177394721,0,11.186467157467524,11.421956041793457,11.660477695542045,10.539953413276725,11.708737656781073,11.517306726395798,10.751354175165472,10.745457890593638,11.661483340439545,11.510553101712226,11.993142557511383,12.167727021107417,11.969508253232492,10.205909606808131,13.09019526585044,12.937138979418451,15.975611052677305,11.692932838511823,11.28431179735922,12.644921608919974,10.488857230670469,11.197044037107567,13.030431038317055,13.741062547423441,11.441271307247808,11.647665635541099,12.163705665476,11.580326299913134,12.011689784774175,11.196668880613954,11.808918674698077,11.33517344973287,11.494028118659573,12.09333377230773,11.160501817000393,13.405469531399893
Catalan,10.957073083713121,11.459147959899898,13.622217213971613,11.265136044894364,12.995027239574032,11.186467157467524,0,11.54148710626853,11.717991774847315,10.48724268065523,11.651855322238966,11.577003490400775,10.673391881803564,10.61021086654498,11.574877292273447,11.423555808171223,11.88297013855989,12.104028495856413,11.882510135948156,10.096199554788923,13.08219904860635,12.93517168611458,15.968052344890875,11.737347558143183,11.191904785886576,12.578816674003352,10.44342152452761,11.061953766406587,12.98471724177014,13.761679550930394,11.341025472705708,11.604775440278454,12.20090195373375,11.619337577115989,11.978991535017572,11.192899878462033,11.750828566617631,11.223393503230305,11.40944719520163,12.145693105941048,11.146670549147562,13.457461684276744
Croatian,11.406090936731752,11.821901465119744,14.060629694519854,11.667610413730158,13.240505141138891,11.421956041793457,11.54148710626853,0,12.015806449229018,10.901643676139797,12.05253462544585,11.880654578871326,11.08368607655301,11.078950297513833,12.004493493330623,11.837177986839006,12.33273706560518,12.525716504763977,12.322982343059387,10.568278234767678,13.422926651829586,13.294236703531366,16.262396601806987,12.013609899534886,11.619701421820775,12.971806720727836,10.855674157951686,11.556364201597834,13.34285903473578,14.054952217523685,11.754517068104416,12.0214298231516,12.487239511448825,11.877264825594779,12.3249796041208,11.5272188987407,12.146532895747802,11.665620365657038,11.860738131384597,12.41069076785597,11.519254192848026,13.753419456379616
Czech,11.544886355580713,11.958951858232663,14.173330384852543,11.863825411302477,13.473941240505095,11.660477695542045,11.717991774847315,12.015806449229018,0,11.06810482707644,12.22042504056934,12.109714025303658,11.269583318349211,11.208322103589087,12.149760614352378,12.032774263101214,12.51596720696657,12.70273487253764,12.456084037587331,10.694792093280379,13.637313502929471,13.480780944746986,16.46976395611247,12.247600423683377,11.806716814914182,13.163136029899864,10.964727284290403,11.691564171788718,13.482669027245745,14.234977381087639,11.915574152849086,12.156223568690775,12.68558562495785,12.107394926370153,12.48212187243116,11.662876174055757,12.348459413924806,11.82906206927163,12.019572382545018,12.636680244831195,11.667255515720745,13.948102838538125
Danish,10.294521573338583,10.795529417369801,13.052946350698388,10.652483192741323,12.384712210210882,10.539953413276725,10.48724268065523,10.901643676139797,11.06810482707644,0,11.030742309027607,10.896589418733392,10.065698085894388,10.013787728609335,10.95142427387705,10.859820252716156,11.266811440793303,11.486954524659565,11.238038755031367,9.469108719338527,12.514623132603866,12.333148610358691,15.414752134574252,11.10693128964181,10.56267090930933,11.972173432390374,9.715970191280604,10.448666740168035,12.337351721927158,13.157733221301363,10.78865034879538,11.029958441066283,11.585182265383194,10.990882646881479,11.33023265254211,10.554800731972586,11.120096870839728,10.68332073274054,10.795004549119858,11.532777176127222,10.515438186988613,12.853936446237107
Dutch,11.320464389565808,11.97378426287459,14.164005498856254,11.82179686056607,13.525716234427808,11.708737656781073,11.651855322238966,12.05253462544585,12.22042504056934,11.030742309027607,0,12.070373851159875,11.261469697976912,11.228166638766167,12.023391637901916,11.976435162343453,12.403456219615272,12.600921736567596,12.37802311861154,10.669133234289644,13.59432747536115,13.481259649221434,16.483642697094393,12.284136731580666,11.716552359985984,13.114409176454117,10.954821606867858,11.625852102806254,13.481356321417387,14.242862916392776,11.950720940220089,12.143190651394233,12.73804598324707,12.15445144712416,12.523110862213601,11.75284140031075,12.308990849598764,11.86484675753912,11.966038768239281,12.675986524182346,11.695345717630007,13.944053999840957
English,11.39209618501564,11.913363880227138,14.079350409014596,11.708403268395838,13.356287274564556,11.517306726395798,11.577003490400775,11.880654578871326,12.109714025303658,10.896589418733392,12.070373851159875,0,11.173651356086985,11.127138542667993,12.00502843030775,11.887512163325647,12.364058984300932,12.541005684298376,12.302270585216641,10.581469806211738,13.438227319021578,13.31569755647506,16.302602197598045,12.124443881727117,11.64839050510519,13.013458356323305,10.885728038696831,11.556715311055978,13.411910355978568,14.126923732272274,11.860548910760292,12.031462631928378,12.570442911964964,11.998020447659272,12.391665823867982,11.609237900724004,12.20955816507595,11.764379586395133,11.891387802658777,12.523918527420339,11.575247065943632,13.75171613019765
French,10.551907094695814,11.00805742370993,13.224532345145935,10.82635685568548,12.58391956730926,10.751354175165472,10.673391881803564,11.08368607655301,11.269583318349211,10.065698085894388,11.261469697976912,11.173651356086985,0,10.213601794719954,11.164910743464349,11.044548349321804,11.501574832071595,11.70109949917426,11.489362835316022,9.677395810915131,12.669793002789898,12.519729891785103,15.5500175406697,11.306201343694296,10.784921282075041,12.145939296562856,10.00110509616512,10.674882540900265,12.555872580334832,13.329728859789348,10.90201609785485,11.234477263717526,11.761739454904816,11.180680552644787,11.51993326086952,10.758614480562626,11.350399958336057,10.808697446792461,11.030878737897462,11.726858283993554,10.701283734701063,13.044857038314655
Galician,10.48703752389345,10.89202612898604,13.103094730173463,10.820497599431825,12.509962089220553,10.745457890593638,10.61021086654498,11.078950297513833,11.208322103589087,10.013787728609335,11.228166638766167,11.127138542667993,10.213601794719954,0,11.119575388685279,11.023381368849599,11.452160761359586,11.699730212048093,11.394198773733722,9.611367891307548,12.654187752002779,12.52069191361641,15.53030788730759,11.25580518996144,10.749689176385754,12.168511519069858,9.945680759195799,10.589678229071717,12.444233374247547,13.327965431515679,10.820931799668493,11.181909408989405,11.72354036779595,11.129974588575832,11.430289987564176,10.702586244801923,11.295999779769046,10.686023107878647,10.956604455266145,11.669360755806332,10.657985204259312,12.997919645869096
German,11.387986509879385,11.912918171148766,14.055526561428515,11.737134594370888,13.42707647666456,11.661483340439545,11.574877292273447,12.004493493330623,12.149760614352378,10.95142427387705,12.023391637901916,12.00502843030775,11.164910743464349,11.119575388685279,0,11.890233886387813,12.363375480018048,12.554170467154323,12.326017244081127,10.570082631114634,13.527471114451124,13.392966542081645,16.40290353057929,12.193190895726973,11.653005763734187,13.066890252514971,10.883308424324893,11.559402889796266,13.412376221551549,14.19655820301235,11.842432665356824,12.1060612679456,12.658547326419411,12.065505610504108,12.412483841845482,11.66710412077355,12.238067124727225,11.757906147564993,11.890629684529413,12.604806452825285,11.602078931076864,13.889930606359314
Greek,11.285906022669309,11.794993998269666,13.891310254122963,11.603187846178866,13.294767087976197,11.510553101712226,11.423555808171223,11.837177986839006,12.032774263101214,10.859820252716156,11.976435162343453,11.887512163325647,11.044548349321804,11.023381368849599,11.890233886387813,0,12.17892469625536,12.384094076360592,12.181691645848835,10.478027248568218,13.363322358249832,13.230770048703453,16.21221443445383,12.05543297523445,11.494121151825174,12.861422518668387,10.823373746583885,11.418256333808646,13.28446735663124,14.037716432406656,11.721701136143011,11.939350781134443,12.517781861291375,11.939395236818639,12.271299165580531,11.542520244247493,12.107606127129872,11.617568043081725,11.781546580190016,12.440268841809555,11.473323065800335,13.683102538814127
Gujarati,11.688702151045293,12.235080738284097,14.381227362062209,12.00145508688,13.789328395420647,11.993142557511383,11.88297013855989,12.33273706560518,12.51596720696657,11.266811440793303,12.403456219615272,12.364058984300932,11.501574832071595,11.452160761359586,12.363375480018048,12.17892469625536,0,12.626348246160225,12.622439546179608,10.9125097708387,13.890167209303684,13.730253896488703,16.767344080947097,12.53819861992629,11.701467067437598,13.286366833806255,11.227877763354156,11.795090224477777,13.761775264856054,14.536171685085135,12.217394133603712,12.43106427610458,12.999995012929348,12.424273638958478,12.746921675337314,12.011770220226573,12.525219479468822,12.129397192057116,12.234941832895634,12.942398623663289,11.901988123220857,14.219181581265945
Hindi,11.898208847707592,12.434676419221821,14.550895468458924,12.197149103874876,13.97523510511418,12.167727021107417,12.104028495856413,12.525716504763977,12.70273487253764,11.486954524659565,12.600921736567596,12.541005684298376,11.70109949917426,11.699730212048093,12.554170467154323,12.384094076360592,12.626348246160225,0,12.8247385967495,11.123057862105819,14.060335793201842,13.925020774972982,16.911996605875164,12.72739603116453,11.990626462359645,13.44898801058309,11.454879705340486,12.014952829759626,13.920421928035072,14.696230083729409,12.443885215866379,12.607210045103912,13.20219564464087,12.616702873953496,12.905580225914767,12.191013848396386,12.722446001749462,12.35623716782075,12.442333725624065,13.136436694111225,12.071777263422364,14.368434884015251
Icelandic,11.604664118257354,12.1781298485476,14.255156552887117,12.035289993013857,13.739200937623712,11.969508253232492,11.882510135948156,12.322982343059387,12.456084037587331,11.238038755031367,12.37802311861154,12.302270585216641,11.489362835316022,11.394198773733722,12.326017244081127,12.181691645848835,12.622439546179608,12.8247385967495,0,10.875289248400003,13.846943271305836,13.692372901985504,16.6634035526941,12.483666744044761,11.909989433522721,13.31496093356062,11.182272183183244,11.77205551036396,13.657832586185346,14.480405409559207,12.191892155621437,12.395784629413837,12.951739949044141,12.374748963119133,12.662000837153991,11.946647801638065,12.51191439926398,12.066318697925752,12.193248236660892,12.90370567975475,11.89741444702115,14.13981573543236
Irish,9.937859421424228,10.425766688028029,12.622571306585485,10.26491203323925,12.003380585451906,10.205909606808131,10.096199554788923,10.568278234767678,10.694792093280379,9.469108719338527,10.669133234289644,10.581469806211738,9.677395810915131,9.611367891307548,10.570082631114634,10.478027248568218,10.9125097708387,11.123057862105819,10.875289248400003,0,12.148255969124262,11.95149591185583,15.015381119891245,10.724346563241637,10.187113934087561,11.60153398567088,9.39727480962853,10.037164958767637,11.971911813010347,12.785151539280056,10.350727846183396,10.665130578317891,11.199340574437963,10.617747844400329,10.960810722099893,10.187401851238846,10.754476074080724,10.246978819430169,10.428500320692404,11.154168807841875,10.128125753028783,12.478449075610492
Italian,12.96752183260674,13.456599430974116,15.561679505523056,13.235605465023534,14.87111535179862,13.09019526585044,13.08219904860635,13.422926651829586,13.637313502929471,12.514623132603866,13.59432747536115,13.438227319021578,12.669793002789898,12.654187752002779,13.527471114451124,13.363322358249832,13.890167209303684,14.060335793201842,13.846943271305836,12.148255969124262,0,14.863990246129324,17.79313608979177,13.65039759381579,13.19542944544538,14.503130917860384,12.470891363035296,13.116693398232334,14.903518771196984,15.641424336906105,13.368650114505577,13.538105128625705,14.102794483515032,13.528523695097228,13.923889000147947,13.178497146917612,13.758097776385087,13.243716378419027,13.418150290323398,14.031206303294844,13.106495226239094,15.218105279408537
Latvian,12.796316915834627,13.284194390082764,15.379403581846988,13.057581889161646,14.724083612667553,12.937138979418451,12.93517168611458,13.294236703531366,13.480780944746986,12.333148610358691,13.481259649221434,13.31569755647506,12.519729891785103,12.52069191361641,13.392966542081645,13.230770048703453,13.730253896488703,13.925020774972982,13.692372901985504,11.95149591185583,14.863990246129324,0,17.491552245746558,13.474094091240227,13.01404275077144,14.329664944996585,12.283574234661257,12.908255832306,14.780096412857965,15.472738485507312,13.203419809718831,13.427478701947251,13.928119389155805,13.370713453208843,13.734760153832719,12.961890279517066,13.550562449480724,13.107245118005892,13.283925106973475,13.909469648167454,12.93523426204596,15.142627533991163
Lithuanian,15.844419925030252,16.283858511750473,18.283642903133046,16.050440229519182,17.674206580821767,15.975611052677305,15.968052344890875,16.262396601806987,16.46976395611247,15.414752134574252,16.483642697094393,16.302602197598045,15.5500175406697,15.53030788730759,16.40290353057929,16.21221443445383,16.767344080947097,16.911996605875164,16.6634035526941,15.015381119891245,17.79313608979177,17.491552245746558,0,16.44811952403226,16.040273527785445,17.257305787851248,15.348874675706208,15.967883159893688,17.735286916324238,18.408798341464045,16.212241227027118,16.400150657128822,16.897939841892107,16.35092855696992,16.69643145429691,16.002675362072203,16.614531338142292,16.0601807467561,16.2717601462289,16.865906146329014,15.914190844772081,18.022365105021095
Macedonian,11.58266391785245,12.043931731913865,14.212779744332426,11.84724467152177,13.3396925973058,11.692932838511823,11.737347558143183,12.013609899534886,12.247600423683377,11.10693128964181,12.284136731580666,12.124443881727117,11.306201343694296,11.25580518996144,12.193190895726973,12.05543297523445,12.53819861992629,12.72739603116453,12.483666744044761,10.724346563241637,13.65039759381579,13.474094091240227,16.44811952403226,0,11.814176649924493,13.164896443985384,11.053965215276996,11.72353270862265,13.55236181808379,14.261344651100954,11.970538993786052,12.216461132921777,12.564906451380141,11.935371747415678,12.544658393033567,11.738572522588871,12.311725302942834,11.86134905904501,12.049268284765294,12.49526235812039,11.68800838555937,13.974278842531863
Marathi,11.004690621894987,11.50299929058202,13.656964768105091,11.312107432539698,13.08081604675755,11.28431179735922,11.191904785886576,11.619701421820775,11.806716814914182,10.56267090930933,11.716552359985984,11.64839050510519,10.784921282075041,10.749689176385754,11.653005763734187,11.494121151825174,11.701467067437598,11.990626462359645,11.909989433522721,10.187113934087561,13.19542944544538,13.01404275077144,16.040273527785445,11.814176649924493,0,12.590690981641961,10.533450641213937,11.096943429687109,13.038245568920326,13.818989815296506,11.506110704919639,11.722889265927254,12.27358920311818,11.700303521430572,12.02518559628596,11.276100318069641,11.804098001638861,11.404752019362665,11.539282212956158,12.232537281017558,11.188650280116933,13.519525890533338
Nepali,12.429728920758837,12.943281646509151,15.026841133119056,12.620300129887415,14.421224377629706,12.644921608919974,12.578816674003352,12.971806720727836,13.163136029899864,11.972173432390374,13.114409176454117,13.013458356323305,12.145939296562856,12.168511519069858,13.066890252514971,12.861422518668387,13.286366833806255,13.44898801058309,13.31496093356062,11.60153398567088,14.503130917860384,14.329664944996585,17.257305787851248,13.164896443985384,12.590690981641961,0,11.940363705572992,12.498145564668748,14.423285528523499,15.162614432899282,12.889173769209336,13.082434297375867,13.632862550780152,13.059981839827088,13.385592839739884,12.666820838210793,13.22315625887571,12.785665256085846,12.908014169363758,13.600240171824064,12.528803120878564,14.780882464958838
Norwegian,10.24004615023294,10.72162891771836,12.982702662700506,10.612676879684782,12.3096661571743,10.488857230670469,10.44342152452761,10.855674157951686,10.964727284290403,9.715970191280604,10.954821606867858,10.885728038696831,10.00110509616512,9.945680759195799,10.883308424324893,10.823373746583885,11.227877763354156,11.454879705340486,11.182272183183244,9.39727480962853,12.470891363035296,12.283574234661257,15.348874675706208,11.053965215276996,10.533450641213937,11.940363705572992,0,10.388750206802234,12.25247310487259,13.080795628945207,10.701963306500378,10.976491780180806,11.502924806291984,10.917695867828696,11.2912111385054,10.499326615507634,11.062831052120027,10.606762605111523,10.72826648976816,11.454523540362667,10.450114231037489,12.818096496359551
Pashto,10.837853198193573,11.390811988142092,13.511072367229096,11.222228006077717,12.995866676535998,11.197044037107567,11.061953766406587,11.556364201597834,11.691564171788718,10.448666740168035,11.625852102806254,11.556715311055978,10.674882540900265,10.589678229071717,11.559402889796266,11.418256333808646,11.795090224477777,12.014952829759626,11.77205551036396,10.037164958767637,13.116693398232334,12.908255832306,15.967883159893688,11.72353270862265,11.096943429687109,12.498145564668748,10.388750206802234,0,12.898180658545886,13.74750920949458,11.393351289381776,11.619359880731587,12.191121607756607,11.602052644601496,11.860189296361645,11.165960927696384,11.667660709684808,11.299483431230618,11.42255486391751,12.16050883174631,11.096036601181375,13.424306382382053
Persian,12.771660348467877,13.1604698011865,15.325560968745759,13.1135030929601,14.79233579028801,13.030431038317055,12.98471724177014,13.34285903473578,13.482669027245745,12.337351721927158,13.481356321417387,13.411910355978568,12.555872580334832,12.444233374247547,13.412376221551549,13.28446735663124,13.761775264856054,13.920421928035072,13.657832586185346,11.971911813010347,14.903518771196984,14.780096412857965,17.735286916324238,13.55236181808379,13.038245568920326,14.423285528523499,12.25247310487259,12.898180658545886,0,15.53701014496449,13.20421800606631,13.477952702428784,14.020771011112878,13.420956389363694,13.681443126487332,12.996574741121355,13.618110128214486,13.118104970388556,13.298258187075922,13.948198980495839,12.936999753885544,15.202163724902372
Polish,13.596866690079585,14.0812075649582,16.210493745876782,13.886508980627163,15.471053984973508,13.741062547423441,13.761679550930394,14.054952217523685,14.234977381087639,13.157733221301363,14.242862916392776,14.126923732272274,13.329728859789348,13.327965431515679,14.19655820301235,14.037716432406656,14.536171685085135,14.696230083729409,14.480405409559207,12.785151539280056,15.641424336906105,15.472738485507312,18.408798341464045,14.261344651100954,13.818989815296506,15.162614432899282,13.080795628945207,13.74750920949458,15.53701014496449,0,14.001022595222246,14.233582848574217,14.69593173662675,14.131053135653783,14.572672165534113,13.742761582856923,14.37196361173034,13.925213566507306,14.08455598511169,14.645617822616774,13.732166431135829,15.935106956135744
Portuguese,11.267070011065883,11.673951690822475,13.859573927922863,11.534717888224423,13.2390402172594,11.441271307247808,11.341025472705708,11.754517068104416,11.915574152849086,10.78865034879538,11.950720940220089,11.860548910760292,10.90201609785485,10.820931799668493,11.842432665356824,11.721701136143011,12.217394133603712,12.443885215866379,12.191892155621437,10.350727846183396,13.368650114505577,13.203419809718831,16.212241227027118,11.970538993786052,11.506110704919639,12.889173769209336,10.701963306500378,11.393351289381776,13.20421800606631,14.001022595222246,0,11.897707400751974,12.44189355658824,11.855373276390726,12.195339009730564,11.426569456924302,12.063367689091532,11.3648764005045,11.688641527086748,12.382404772351672,11.389156001154133,13.721221019807963
Romanian,11.486022877012907,11.94935125877196,14.13608712432287,11.807464077919663,13.455422101415248,11.647665635541099,11.604775440278454,12.0214298231516,12.156223568690775,11.029958441066283,12.143190651394233,12.031462631928378,11.234477263717526,11.181909408989405,12.1060612679456,11.939350781134443,12.43106427610458,12.607210045103912,12.395784629413837,10.665130578317891,13.538105128625705,13.427478701947251,16.400150657128822,12.216461132921777,11.722889265927254,13.082434297375867,10.976491780180806,11.619359880731587,13.477952702428784,14.233582848574217,11.897707400751974,0,12.667968061049969,12.118693180794036,12.465398306263907,11.708119189651551,12.28767526689538,11.806460667559989,11.947907890997858,12.612178530939444,11.650065348795648,13.852613543960972
Russian,12.046654016079826,12.507293969789226,14.672458009345288,12.3097242276275,13.814295718312527,12.163705665476,12.20090195373375,12.487239511448825,12.68558562495785,11.585182265383194,12.73804598324707,12.570442911964964,11.761739454904816,11.72354036779595,12.658547326419411,12.517781861291375,12.999995012929348,13.20219564464087,12.951739949044141,11.199340574437963,14.102794483515032,13.928119389155805,16.897939841892107,12.564906451380141,12.27358920311818,13.632862550780152,11.502924806291984,12.191121607756607,14.020771011112878,14.69593173662675,12.44189355658824,12.667968061049969,0,12.433338866202275,13.000621945231623,12.192390280682998,12.787366438854741,12.31674500517539,12.511173791368362,12.908256143674151,12.131575872609325,14.404065382405042
Serbian,11.466084190552388,11.924707918539879,14.104832032744003,11.73252511831973,13.17895318173843,11.580326299913134,11.619337577115989,11.877264825594779,12.107394926370153,10.990882646881479,12.15445144712416,11.998020447659272,11.180680552644787,11.129974588575832,12.065505610504108,11.939395236818639,12.424273638958478,12.616702873953496,12.374748963119133,10.617747844400329,13.528523695097228,13.370713453208843,16.35092855696992,11.935371747415678,11.700303521430572,13.059981839827088,10.917695867828696,11.602052644601496,13.420956389363694,14.131053135653783,11.855373276390726,12.118693180794036,12.433338866202275,0,12.418611325272366,11.606130127060126,12.175080387860845,11.745836314999849,11.929045156296109,12.378768421150204,11.560296556893972,13.868824142958626
Sinhala,11.775390551153263,12.1391442880297,14.290986909432998,12.087530201976739,13.785430929387573,12.011689784774175,11.978991535017572,12.3249796041208,12.48212187243116,11.33023265254211,12.523110862213601,12.391665823867982,11.51993326086952,11.430289987564176,12.412483841845482,12.271299165580531,12.746921675337314,12.905580225914767,12.662000837153991,10.960810722099893,13.923889000147947,13.734760153832719,16.69643145429691,12.544658393033567,12.02518559628596,13.385592839739884,11.2912111385054,11.860189296361645,13.681443126487332,14.572672165534113,12.195339009730564,12.465398306263907,13.000621945231623,12.418611325272366,0,11.941803426284514,12.597829985582367,12.07048566831038,12.297487620074408,12.955658302389137,11.920022319088298,14.172984935491474
Slovak,11.029273282843285,11.455752859088161,13.676267424610495,11.33971554777839,12.989675694157107,11.196668880613954,11.192899878462033,11.5272188987407,11.662876174055757,10.554800731972586,11.75284140031075,11.609237900724004,10.758614480562626,10.702586244801923,11.66710412077355,11.542520244247493,12.011770220226573,12.191013848396386,11.946647801638065,10.187401851238846,13.178497146917612,12.961890279517066,16.002675362072203,11.738572522588871,11.276100318069641,12.666820838210793,10.499326615507634,11.165960927696384,12.996574741121355,13.742761582856923,11.426569456924302,11.708119189651551,12.192390280682998,11.606130127060126,11.941803426284514,0,11.783696325216972,11.337042506219037,11.504951475031866,12.164748200484205,11.184945348063135,13.483382750627785
Slovenian,11.577149173912197,12.094639020698848,14.271478911114052,11.910488035526562,13.574718815365687,11.808918674698077,11.750828566617631,12.146532895747802,12.348459413924806,11.120096870839728,12.308990849598764,12.20955816507595,11.350399958336057,11.295999779769046,12.238067124727225,12.107606127129872,12.525219479468822,12.722446001749462,12.51191439926398,10.754476074080724,13.758097776385087,13.550562449480724,16.614531338142292,12.311725302942834,11.804098001638861,13.22315625887571,11.062831052120027,11.667660709684808,13.618110128214486,14.37196361173034,12.063367689091532,12.28767526689538,12.787366438854741,12.175080387860845,12.597829985582367,11.783696325216972,0,11.957619291487488,12.086663829741928,12.73125343020177,11.775005210938106,14.089679358797703
Spanish,11.179466089999964,11.574283937426493,13.73299765790163,11.421658066074645,13.129107556844078,11.33517344973287,11.223393503230305,11.665620365657038,11.82906206927163,10.68332073274054,11.86484675753912,11.764379586395133,10.808697446792461,10.686023107878647,11.757906147564993,11.617568043081725,12.129397192057116,12.35623716782075,12.066318697925752,10.246978819430169,13.243716378419027,13.107245118005892,16.0601807467561,11.86134905904501,11.404752019362665,12.785665256085846,10.606762605111523,11.299483431230618,13.118104970388556,13.925213566507306,11.3648764005045,11.806460667559989,12.31674500517539,11.745836314999849,12.07048566831038,11.337042506219037,11.957619291487488,0,11.576572027284374,12.280154069506276,11.274661266803632,13.582630868044715
Swedish,11.282645452666234,11.770028340994088,13.941131138046346,11.588351780167587,13.302819889256744,11.494028118659573,11.40944719520163,11.860738131384597,12.019572382545018,10.795004549119858,11.966038768239281,11.891387802658777,11.030878737897462,10.956604455266145,11.890629684529413,11.781546580190016,12.234941832895634,12.442333725624065,12.193248236660892,10.428500320692404,13.418150290323398,13.283925106973475,16.2717601462289,12.049268284765294,11.539282212956158,12.908014169363758,10.72826648976816,11.42255486391751,13.298258187075922,14.08455598511169,11.688641527086748,11.947907890997858,12.511173791368362,11.929045156296109,12.297487620074408,11.504951475031866,12.086663829741928,11.576572027284374,0,12.458592657598787,11.454914977106228,13.750301822686119
Ukrainian,12.005273560103891,12.447506711501545,14.649273680459181,12.263752183560715,13.731712280912076,12.09333377230773,12.145693105941048,12.41069076785597,12.636680244831195,11.532777176127222,12.675986524182346,12.523918527420339,11.726858283993554,11.669360755806332,12.604806452825285,12.440268841809555,12.942398623663289,13.136436694111225,12.90370567975475,11.154168807841875,14.031206303294844,13.909469648167454,16.865906146329014,12.49526235812039,12.232537281017558,13.600240171824064,11.454523540362667,12.16050883174631,13.948198980495839,14.645617822616774,12.382404772351672,12.612178530939444,12.908256143674151,12.378768421150204,12.955658302389137,12.164748200484205,12.73125343020177,12.280154069506276,12.458592657598787,0,12.090796540267513,14.368748474087608
Urdu,10.995599313178372,11.44643785574681,13.624870633704818,11.220582575300769,12.939500567634031,11.160501817000393,11.146670549147562,11.519254192848026,11.667255515720745,10.515438186988613,11.695345717630007,11.575247065943632,10.701283734701063,10.657985204259312,11.602078931076864,11.473323065800335,11.901988123220857,12.071777263422364,11.89741444702115,10.128125753028783,13.106495226239094,12.93523426204596,15.914190844772081,11.68800838555937,11.188650280116933,12.528803120878564,10.450114231037489,11.096036601181375,12.936999753885544,13.732166431135829,11.389156001154133,11.650065348795648,12.131575872609325,11.560296556893972,11.920022319088298,11.184945348063135,11.775005210938106,11.274661266803632,11.454914977106228,12.090796540267513,0,13.399865851486078
Welsh,13.285781616108574,13.762950684869633,15.821348036247924,13.560082396431186,15.191235398606489,13.405469531399893,13.457461684276744,13.753419456379616,13.948102838538125,12.853936446237107,13.944053999840957,13.75171613019765,13.044857038314655,12.997919645869096,13.889930606359314,13.683102538814127,14.219181581265945,14.368434884015251,14.13981573543236,12.478449075610492,15.218105279408537,15.142627533991163,18.022365105021095,13.974278842531863,13.519525890533338,14.780882464958838,12.818096496359551,13.424306382382053,15.202163724902372,15.935106956135744,13.721221019807963,13.852613543960972,14.404065382405042,13.868824142958626,14.172984935491474,13.483382750627785,14.089679358797703,13.582630868044715,13.750301822686119,14.368748474087608,13.399865851486078,0
