,Afrikaans,Albanian,Armenian,Bengali,Bosnian,Bulgarian,Catalan,Croatian,Czech,Danish,Dutch,English,French,Galician,German,Greek,Gujarati,Hindi,Icelandic,Irish,Italian,Latvian,Lithuanian,Macedonian,Marathi,Nepali,Norwegian,Pashto,Persian,Polish,Portuguese,Romanian,Russian,Serbian,Sinhala,Slovak,Slovenian,Spanish,Swedish,Ukrainian,Urdu,Welsh
Afrikaans,0,3.2572927574896298,3.0372652523739307,3.354645098504114,2.9823537832320053,3.2340087912090394,3.274832673241947,3.1385100350638924,3.1684929554687864,2.8906483952514503,2.34328931913601,3.0031036986783053,3.29528412304229,3.1765119113774998,2.9969666740166607,3.411311110344579,3.3645912748533404,3.362041934194909,2.95003398523196,3.2823836623193614,3.156645007562917,3.1738539265683268,2.908946499014375,3.145248737280591,3.3063286263531753,3.0247141133669744,2.8989920644537666,3.216320495313278,3.118865593960471,3.1578565440234163,3.30535206633474,3.228334051063434,3.128543990519866,3.1000719064445357,2.9860956181517078,3.2244841737513754,3.2152048010708936,3.313161958916006,2.9561654947477107,3.0851069120059798,3.291155628338458,3.1252126996413727
Albanian,3.2572927574896298,0,3.1696921563323333,3.329988053605686,3.139418330092692,3.2943870418433407,3.3110238424789213,3.2276208258936405,3.3699856068391223,3.300537249388175,3.3629676414415965,3.5787022785411864,3.21273531134334,3.1470024807921595,3.4959716255242794,3.4357318642749175,3.4122265899114237,3.337965402079696,3.356702759497112,3.2026011559325958,3.1850064625399295,3.4221673933993526,3.0633282269681623,3.2141544556835715,3.283380395271407,3.1428078187942394,3.3448293523331376,3.2166587528273918,3.224584898994459,3.30729769822628,3.3236648995794904,3.287881620118796,3.252238195323718,3.220533335575658,2.9402363358077546,3.3483697710230125,3.309423656147615,3.32082294653202,3.438293629567438,3.195699520677448,3.297217469238473,3.2597155224546177
Armenian,3.0372652523739307,3.1696921563323333,0,3.238879333602655,3.3649063346375505,3.2018213922094763,3.1958348996135237,3.185973916240924,3.23354519343036,3.0972266345143993,3.2695760786054384,3.4055160227742545,3.138639103528802,3.0388630861299424,3.258435618513342,3.2114135070821144,3.3195600714179414,3.3253462072952136,3.1744097332069905,2.9768770302953547,3.4161367752556644,3.4212774368742096,3.282340241552035,3.231227231480163,3.1753967804349488,3.290813151309156,3.0884319580812765,3.0365994358045763,3.196139354030308,3.498055191080072,3.274703850068464,3.2292619870502786,3.279520220415113,3.2436066305961706,3.109097767449711,3.1795145998094223,3.282384272399244,3.2994634030617793,3.238352429022307,3.2963597636900515,3.258289452009711,3.433997288382855
Bengali,3.354645098504114,3.329988053605686,3.238879333602655,0,3.205032680927143,3.2733059316789377,3.3100267106262202,3.2740964272130957,3.292314985569227,3.3634279406300673,3.408109074459345,3.531981138673936,3.314602337992373,3.2408944993664606,3.4648880145736234,3.3610555654743695,2.8711789048623193,2.7916009033277627,3.434762537001399,3.3141777224959097,3.18955068844002,3.4610295312327164,3.0609411427746007,3.2611879326957456,2.8958002514944585,2.6181231298832337,3.412095782527071,3.251998830344521,3.251644398397279,3.249842654039465,3.377347964071333,3.325298462958751,3.2923472210236144,3.273569832417829,2.990028978069075,3.34183382666337,3.314464557290442,3.291556611052287,3.4283544014061325,3.2173952043493816,2.9418801883496104,3.252123293149403
Bosnian,2.9823537832320053,3.139418330092692,3.3649063346375505,3.205032680927143,0,2.5384520437457287,3.1439769743719483,2.0450627986577157,2.6960226244692658,3.0325324802395746,3.2739710338173524,3.4764842070305,3.101787308090495,2.975020140223484,3.3513058268229075,3.2820854857755624,3.2805431818316575,3.302961483054763,3.1459752468303024,3.0827253802347028,3.2848826129403257,3.234452266812911,3.088102115900661,2.290897869069897,3.170934515195161,3.27154690371527,3.0144092275420014,3.054194148099497,3.2375839846078533,2.8396634551036626,3.267063825861363,3.1625923170488637,2.602004771254775,1.8174521658106675,3.0736705668884277,2.5734363999961207,2.5989046220826464,3.1983689167756366,3.1879953740253715,2.57513151538749,3.2325208844040243,3.4988763153566054
Bulgarian,3.2340087912090394,3.2943870418433407,3.2018213922094763,3.2733059316789377,2.5384520437457287,0,3.1402799555024097,2.5011058118092757,2.8418389746196513,3.2686852669125717,3.39647655510966,3.4506410563486636,3.267821425663251,3.0919479309767994,3.487483646910142,3.3133517598799025,3.317877621479485,3.2713120466792196,3.3881780560363928,3.2516123477660996,3.064795172999558,3.3316089182582873,2.8900667243582396,2.4658079708643874,3.262420897493537,3.1014954055110655,3.2921946369405615,3.237502435855002,3.2471202028114106,2.8981652441865284,3.3395363312779054,3.2323249602413937,2.8495048117184645,2.6089852018851363,2.9937451953778513,2.838440316062356,2.775818253268409,3.109536060893009,3.3145397976889197,2.7930224295576225,3.2449707860820043,3.143695525365516
Catalan,3.274832673241947,3.3110238424789213,3.1958348996135237,3.3100267106262202,3.1439769743719483,3.1402799555024097,0,3.134874448174075,3.229964399380388,3.290277530495949,3.3168713330899813,3.344078950427728,3.03606121388685,2.6507317779994883,3.4133561602946503,3.319436818994891,3.3384882767346484,3.273796356741171,3.341610751715583,3.2512793055369853,2.6751326863946057,3.413858124170956,2.994850479018068,3.1982197178328318,3.274003084843249,3.0941599564063553,3.3412084685859433,3.3224610422212817,3.267469794263327,3.2438142625168105,2.8201403522880084,3.0005184438470995,3.2545865273684367,3.217463438195976,3.0043275963392957,3.2953611904009747,3.246890636921744,2.617996662786341,3.3143981545249197,3.194720484041231,3.301163346153942,3.1338413861843617
Croatian,3.1385100350638924,3.2276208258936405,3.185973916240924,3.2740964272130957,2.0450627986577157,2.5011058118092757,3.134874448174075,0,2.7163884754045555,3.1622022299268124,3.3215180727891136,3.435108616340848,3.2299260477746192,3.06198814762798,3.432853419466848,3.310909994056558,3.2974776050555716,3.3143201251914394,3.2916484524153256,3.1722060857068346,3.0742762714131158,3.301333067827105,2.8584080709962723,2.474556287002033,3.2186667468863113,3.112372008295588,3.2134153174761,3.130885966130152,3.2021509109740927,2.8132749588648687,3.345228111677249,3.151926289089864,2.750708625240214,2.0758025843416075,3.008946366306892,2.662271249349166,2.5327697098563227,3.1591371501542125,3.2761684720573476,2.643474156106981,3.2625443936093372,3.207913300351582
Czech,3.1684929554687864,3.3699856068391223,3.23354519343036,3.292314985569227,2.6960226244692658,2.8418389746196513,3.229964399380388,2.7163884754045555,0,3.169259427926385,3.3873535410329696,3.410201342964145,3.3057805763011094,3.174052978167878,3.5388759828277503,3.427177436441318,3.3848448762394594,3.4174459607937804,3.36360671507156,3.203042487848674,3.315291106532115,3.302941519080839,3.0367927187672623,2.871941113281408,3.3004323973805625,3.156635707459112,3.224376043080897,3.233159915586812,3.318185853099595,2.832565599706441,3.4343501306271595,3.2758442777397248,2.813767701513586,2.7091725809253937,3.044259593283317,2.341056246149726,2.817256808068236,3.2582918991002927,3.3086420284481988,2.722887279601998,3.297565883187566,3.290134604792632
Danish,2.8906483952514503,3.300537249388175,3.0972266345143993,3.3634279406300673,3.0325324802395746,3.2686852669125717,3.290277530495949,3.1622022299268124,3.169259427926385,0,3.021414561776457,3.0179512764973273,3.279117943881654,3.177126518688548,2.9714175148102737,3.388195551552873,3.3459822813116795,3.3299659939895068,2.861112569927352,3.1424396618604287,3.064082284926261,3.3068533121827812,2.9611999852171276,3.2058770401503036,3.3272461358244425,2.9852514038366635,2.7469497013801343,3.2678837019430103,3.1047009209317085,3.160442886609444,3.283702511680004,3.2400030589032514,3.1977336748736227,3.1915857699002834,2.966916111993829,3.2592209206246685,3.230942171609497,3.245654579493213,2.7822683935643044,3.150304067140287,3.2779361663242295,3.0226234754013874
Dutch,2.34328931913601,3.3629676414415965,3.2695760786054384,3.408109074459345,3.2739710338173524,3.39647655510966,3.3168713330899813,3.3215180727891136,3.3873535410329696,3.021414561776457,0,3.0937366354402767,3.3772860469099912,3.294627738348087,2.918363374427016,3.455717308731487,3.403617396303866,3.3913341042289886,3.189657846254842,3.3200266936067457,3.3198383987500915,3.4333564287276888,3.1254782438109507,3.3455406707910877,3.360810366676362,3.232946493895556,3.016141400428872,3.364473803175622,3.2983933866588626,3.3759748162224654,3.4119252489320617,3.399643785636339,3.3769248612322484,3.345842381705729,3.17917043732033,3.4037486235179415,3.3226784840858374,3.3834421216509685,3.061564311964008,3.3528470274515727,3.3756306124397573,3.2988060506543917
English,3.0031036986783053,3.5787022785411864,3.4055160227742545,3.531981138673936,3.4764842070305,3.4506410563486636,3.344078950427728,3.435108616340848,3.410201342964145,3.0179512764973273,3.0937366354402767,0,3.396192654619266,3.3605123824928524,3.192223686816534,3.6143677219333328,3.470214776451623,3.525491638004097,3.404942732977691,3.204595119942741,3.3345962874854633,3.6787966112144552,3.2481951931320974,3.5503905872484824,3.4115330585120436,3.28129196801271,3.1718632787816174,3.457749336469625,3.4156898715842394,3.4892572060212963,3.4236170620185535,3.4943561976874133,3.5353198971569144,3.507810842538751,3.3408596419187053,3.4677186856111453,3.5040787531567705,3.460870724024957,3.275771000870131,3.522734197486489,3.5046834893847776,3.265475771259064
French,3.29528412304229,3.21273531134334,3.138639103528802,3.314602337992373,3.101787308090495,3.267821425663251,3.03606121388685,3.2299260477746192,3.3057805763011094,3.279117943881654,3.3772860469099912,3.396192654619266,0,3.039310821323851,3.44807831046245,3.358294653811998,3.3661390264143636,3.3558777064527523,3.362570201011246,3.2570307219151093,2.8988366831899817,3.353029127156192,2.9710606894817952,3.2497470555913006,3.28638311789824,3.0572951023027755,3.388605911392922,3.251221851484003,3.19985165347831,3.2327674472682117,3.153510784106378,3.094314416080407,3.2460239927263927,3.2403290760192403,3.0485096859510024,3.3439174179151845,3.215324979837604,3.076529911061895,3.3707368896195584,3.147906669181215,3.3043891605932663,3.133647755548614
Galician,3.1765119113774998,3.1470024807921595,3.0388630861299424,3.2408944993664606,2.975020140223484,3.0919479309767994,2.6507317779994883,3.06198814762798,3.174052978167878,3.177126518688548,3.294627738348087,3.3605123824928524,3.039310821323851,0,3.3823963071510224,3.31044393078698,3.2992867576782876,3.2585468803127453,3.1809260629150358,3.1761131511426717,2.5885869372716397,3.2624122388629164,2.899181232997345,3.0956145888188074,3.2334785064877645,2.9573098290711464,3.2546849840689047,3.24616329493709,3.1200553552189456,3.1920065648264666,2.594297628856242,2.9600042923695686,3.1388352692747556,3.0857143027417404,2.869420324654662,3.227781169179207,3.1675426900485393,2.2771368057202253,3.2379260692866385,3.0905958052073714,3.240144547111251,3.0135321562462614
German,2.9969666740166607,3.4959716255242794,3.258435618513342,3.4648880145736234,3.3513058268229075,3.487483646910142,3.4133561602946503,3.432853419466848,3.5388759828277503,2.9714175148102737,2.918363374427016,3.192223686816534,3.44807831046245,3.3823963071510224,0,3.464344739981863,3.5214101882365956,3.5286435530515345,3.2629593770957195,3.3365829941639733,3.308875602995282,3.5307731120993266,3.1397547645058173,3.4900066521861146,3.474248453757714,3.305930477302299,3.1870896536792785,3.45826644239633,3.343307758248527,3.476237708046735,3.6214649125969784,3.433041704715543,3.514553750463729,3.4607806590872996,3.322476869687983,3.519573949999324,3.3867537069887037,3.4654973924290458,3.0842518235737306,3.4530122473281417,3.482036252397585,3.2963684251600758
Greek,3.411311110344579,3.4357318642749175,3.2114135070821144,3.3610555654743695,3.2820854857755624,3.3133517598799025,3.319436818994891,3.310909994056558,3.427177436441318,3.388195551552873,3.455717308731487,3.6143677219333328,3.358294653811998,3.31044393078698,3.464344739981863,0,3.3924586569293624,3.334895333212575,3.4327059407224456,3.328396372781835,3.1863770776871356,3.4307697831012054,2.9226077583970596,3.3411015239868846,3.3653958299765594,3.141992445248852,3.4734469293721832,3.3131128424360825,3.2939988117321497,3.344968332946009,3.454230298149196,3.302010517771385,3.3804477631212237,3.375474273872971,3.137039135929371,3.4647402187304293,3.3989043428335024,3.3039860803077103,3.4700032981285087,3.3041025505715607,3.371697568483178,3.220021775564198
Gujarati,3.3645912748533404,3.4122265899114237,3.3195600714179414,2.8711789048623193,3.2805431818316575,3.317877621479485,3.3384882767346484,3.2974776050555716,3.3848448762394594,3.3459822813116795,3.403617396303866,3.470214776451623,3.3661390264143636,3.2992867576782876,3.5214101882365956,3.3924586569293624,0,2.592037762543909,3.525343531009099,3.33271882288814,3.227624302126116,3.574728687875748,3.096263840921545,3.341792893892786,2.4833212554375086,2.7108852242310704,3.391128710311486,3.2429018932951448,3.3004712994716447,3.3735026938093755,3.487173564251987,3.399913122595019,3.4259001923279597,3.3722723418237277,3.103851277648662,3.4255938013406753,3.3421432466846017,3.3204596954819277,3.428065834790083,3.336118803332209,2.9269781831535293,3.2696196791268344
Hindi,3.362041934194909,3.337965402079696,3.3253462072952136,2.7916009033277627,3.302961483054763,3.2713120466792196,3.273796356741171,3.3143201251914394,3.4174459607937804,3.3299659939895068,3.3913341042289886,3.525491638004097,3.3558777064527523,3.2585468803127453,3.5286435530515345,3.334895333212575,2.592037762543909,0,3.448204532793746,3.294721067744437,3.2494357841189,3.5985698192539077,3.114611036172708,3.2622400691364715,2.6973820088830887,2.655416701594854,3.360983914458759,3.1860189102685252,3.2748644271047347,3.407417408039669,3.4552370002592854,3.3387692848719754,3.3957249139346137,3.383170105412741,3.026572111410594,3.4041862272831502,3.3479533960643186,3.2351438761090283,3.3783171084851884,3.3195039942297333,2.443711009534371,3.3029024736771304
Icelandic,2.95003398523196,3.356702759497112,3.1744097332069905,3.434762537001399,3.1459752468303024,3.3881780560363928,3.341610751715583,3.2916484524153256,3.36360671507156,2.861112569927352,3.189657846254842,3.404942732977691,3.362570201011246,3.1809260629150358,3.2629593770957195,3.4327059407224456,3.525343531009099,3.448204532793746,0,3.276537014271633,3.324247825638459,3.277512999575209,2.9845524519439843,3.2856033837059053,3.407662634829432,3.314491765091966,2.8544872170898663,3.36275685510855,3.230110952416349,3.348941791779455,3.4557429246480957,3.339801171282489,3.2598879526026843,3.248384120398848,3.0752450105467783,3.3837602212306765,3.341776578652882,3.4471120178735646,2.916473343769912,3.2345269112541764,3.4287468415564564,3.3491571830291917
Irish,3.2823836623193614,3.2026011559325958,2.9768770302953547,3.3141777224959097,3.0827253802347028,3.2516123477660996,3.2512793055369853,3.1722060857068346,3.203042487848674,3.1424396618604287,3.3200266936067457,3.204595119942741,3.2570307219151093,3.1761131511426717,3.3365829941639733,3.328396372781835,3.33271882288814,3.294721067744437,3.276537014271633,0,3.050268667713493,3.309785691560699,2.910238931321344,3.1979573805389774,3.2505578378368623,2.9126311555529947,3.371144154722954,3.163362497051988,3.090941575930555,3.1636944814054715,3.228008788314675,3.2126808691801005,3.221499164401491,3.257885534449957,2.9135122861197322,3.2728073557675423,3.21268195743794,3.1350450504969114,3.260008723579189,3.138503867854624,3.231630492883738,2.8595920063820146
Italian,3.156645007562917,3.1850064625399295,3.4161367752556644,3.18955068844002,3.2848826129403257,3.064795172999558,2.6751326863946057,3.0742762714131158,3.315291106532115,3.064082284926261,3.3198383987500915,3.3345962874854633,2.8988366831899817,2.5885869372716397,3.308875602995282,3.1863770776871356,3.227624302126116,3.2494357841189,3.324247825638459,3.050268667713493,0,3.5713278158915434,3.2616515888718762,3.184559406087176,3.1212922069004003,3.1732896606574807,3.129455973622512,3.130428653016608,3.393556403992669,3.448415960289902,2.926458295910121,2.845050643017307,3.298178532205415,3.184493448875191,3.113781504767627,3.190161758660825,3.1614503228672515,2.684955126578624,3.2044731917352065,3.2293456676664154,3.252702014050662,3.2677439019263774
Latvian,3.1738539265683268,3.4221673933993526,3.4212774368742096,3.4610295312327164,3.234452266812911,3.3316089182582873,3.413858124170956,3.301333067827105,3.302941519080839,3.3068533121827812,3.4333564287276888,3.6787966112144552,3.353029127156192,3.2624122388629164,3.5307731120993266,3.4307697831012054,3.574728687875748,3.5985698192539077,3.277512999575209,3.309785691560699,3.5713278158915434,0,2.823875148528152,3.271698334764501,3.42737367986381,3.5304387678936187,3.2781103583474493,3.372807240052962,3.4873251845661675,3.3580584500349997,3.438641891823996,3.4716241109126575,3.2001315626354865,3.2104576649732945,3.3528772759010628,3.25372851885545,3.32930682995004,3.5792035889364873,3.4332327723361415,3.268186718532724,3.5045780287410486,3.6556665634159238
Lithuanian,2.908946499014375,3.0633282269681623,3.282340241552035,3.0609411427746007,3.088102115900661,2.8900667243582396,2.994850479018068,2.8584080709962723,3.0367927187672623,2.9611999852171276,3.1254782438109507,3.2481951931320974,2.9710606894817952,2.899181232997345,3.1397547645058173,2.9226077583970596,3.096263840921545,3.114611036172708,2.9845524519439843,2.910238931321344,3.2616515888718762,2.823875148528152,0,2.9475114377596174,3.0211992032995414,3.1466929305198934,2.9232146518831166,2.9513243511806815,3.205148342402148,3.308582189477801,3.1422584293446523,3.0458397993585793,2.995741501895971,2.875130944654835,3.0238348618627695,2.9582614253662403,2.9821449656922736,3.0805926986010412,3.022841606606237,2.955284838452075,3.1032433142077145,3.43202315878318
Macedonian,3.145248737280591,3.2141544556835715,3.231227231480163,3.2611879326957456,2.290897869069897,2.4658079708643874,3.1982197178328318,2.474556287002033,2.871941113281408,3.2058770401503036,3.3455406707910877,3.5503905872484824,3.2497470555913006,3.0956145888188074,3.4900066521861146,3.3411015239868846,3.341792893892786,3.2622400691364715,3.2856033837059053,3.1979573805389774,3.184559406087176,3.271698334764501,2.9475114377596174,0,3.2579756178454646,3.1741222620706497,3.219496569720255,3.1879045151671583,3.233616726099433,2.8839548932188084,3.3411565185463696,3.208579762501605,2.6876924959465525,2.2358402990445847,3.009786253062022,2.7770411925553433,2.8013198761775104,3.2348568252947683,3.295769041336759,2.654639073884937,3.2531357594614203,3.3562050484748744
Marathi,3.3063286263531753,3.283380395271407,3.1753967804349488,2.8958002514944585,3.170934515195161,3.262420897493537,3.274003084843249,3.2186667468863113,3.3004323973805625,3.3272461358244425,3.360810366676362,3.4115330585120436,3.28638311789824,3.2334785064877645,3.474248453757714,3.3653958299765594,2.4833212554375086,2.6973820088830887,3.407662634829432,3.2505578378368623,3.1212922069004003,3.42737367986381,3.0211992032995414,3.2579756178454646,0,2.717541448256276,3.3953034803347357,3.197526197306613,3.223926281896824,3.267435261476915,3.347244338775087,3.310025214829498,3.277902449897873,3.276396258103602,2.957908780556087,3.3343612107570477,3.3151877838108685,3.209223984076284,3.4078491734886263,3.2252044443250014,2.9374088657612205,3.144274658751333
Nepali,3.0247141133669744,3.1428078187942394,3.290813151309156,2.6181231298832337,3.27154690371527,3.1014954055110655,3.0941599564063553,3.112372008295588,3.156635707459112,2.9852514038366635,3.232946493895556,3.28129196801271,3.0572951023027755,2.9573098290711464,3.305930477302299,3.141992445248852,2.7108852242310704,2.655416701594854,3.314491765091966,2.9126311555529947,3.1732896606574807,3.5304387678936187,3.1466929305198934,3.1741222620706497,2.717541448256276,0,3.093231914689159,2.912641623000958,3.1628935755864314,3.365494975873873,3.244377600854355,3.186332811751898,3.26747010381945,3.222160864332744,2.8692286301827874,3.153875461419614,3.139666831897941,3.102669625267687,3.225257838999639,3.209099188614137,2.7352318482219578,3.2310097413075556
Norwegian,2.8989920644537666,3.3448293523331376,3.0884319580812765,3.412095782527071,3.0144092275420014,3.2921946369405615,3.3412084685859433,3.2134153174761,3.224376043080897,2.7469497013801343,3.016141400428872,3.1718632787816174,3.388605911392922,3.2546849840689047,3.1870896536792785,3.4734469293721832,3.391128710311486,3.360983914458759,2.8544872170898663,3.371144154722954,3.129455973622512,3.2781103583474493,2.9232146518831166,3.219496569720255,3.3953034803347357,3.093231914689159,0,3.4022588742940316,3.192586837419573,3.1339872052249977,3.3392292701573365,3.2980592547914167,3.2041786821800184,3.1879862571060515,3.0175641729893923,3.301131543090268,3.282582391743545,3.266545389540812,2.5413819505760014,3.153477602405983,3.3435409159737794,3.1624195315265577
Pashto,3.216320495313278,3.2166587528273918,3.0365994358045763,3.251998830344521,3.054194148099497,3.237502435855002,3.3224610422212817,3.130885966130152,3.233159915586812,3.2678837019430103,3.364473803175622,3.457749336469625,3.251221851484003,3.24616329493709,3.45826644239633,3.3131128424360825,3.2429018932951448,3.1860189102685252,3.36275685510855,3.163362497051988,3.130428653016608,3.372807240052962,2.9513243511806815,3.1879045151671583,3.197526197306613,2.912641623000958,3.4022588742940316,0,2.851782991111436,3.2459065944330616,3.3386357785322844,3.2231539130552807,3.189743176034128,3.1788502466367063,2.890783942825275,3.297397907450716,3.229461456462973,3.254827429570724,3.396974436615911,3.146240275180963,3.0892915893225963,3.0937082487381464
Persian,3.118865593960471,3.224584898994459,3.196139354030308,3.251644398397279,3.2375839846078533,3.2471202028114106,3.267469794263327,3.2021509109740927,3.318185853099595,3.1047009209317085,3.2983933866588626,3.4156898715842394,3.19985165347831,3.1200553552189456,3.343307758248527,3.2939988117321497,3.3004712994716447,3.2748644271047347,3.230110952416349,3.090941575930555,3.393556403992669,3.4873251845661675,3.205148342402148,3.233616726099433,3.223926281896824,3.1628935755864314,3.192586837419573,2.851782991111436,0,3.454963120723434,3.3724126684717755,3.2442354418899586,3.3108582020895434,3.2280360195462174,3.114186129807546,3.25673562658663,3.247925246101709,3.308543734573378,3.2482575553747877,3.2353384311540876,3.1035249382172667,3.344785407025044
Polish,3.1578565440234163,3.30729769822628,3.498055191080072,3.249842654039465,2.8396634551036626,2.8981652441865284,3.2438142625168105,2.8132749588648687,2.832565599706441,3.160442886609444,3.3759748162224654,3.4892572060212963,3.2327674472682117,3.1920065648264666,3.476237708046735,3.344968332946009,3.3735026938093755,3.407417408039669,3.348941791779455,3.1636944814054715,3.448415960289902,3.3580584500349997,3.308582189477801,2.8839548932188084,3.267435261476915,3.365494975873873,3.1339872052249977,3.2459065944330616,3.454963120723434,0,3.353257791121397,3.28491519549394,2.883992904915617,2.780119577942882,3.2652995551017328,2.556731525716918,2.879847507410291,3.332362222449866,3.2836739182885117,2.784618415744641,3.353538013721045,3.5671953880195466
Portuguese,3.30535206633474,3.3236648995794904,3.274703850068464,3.377347964071333,3.267063825861363,3.3395363312779054,2.8201403522880084,3.345228111677249,3.4343501306271595,3.283702511680004,3.4119252489320617,3.4236170620185535,3.153510784106378,2.594297628856242,3.6214649125969784,3.454230298149196,3.487173564251987,3.4552370002592854,3.4557429246480957,3.228008788314675,2.926458295910121,3.438641891823996,3.1422584293446523,3.3411565185463696,3.347244338775087,3.244377600854355,3.3392292701573365,3.3386357785322844,3.3724126684717755,3.353257791121397,0,3.1388255168433314,3.3363190227433535,3.3509755796963097,3.1700157902886423,3.3809703217640497,3.3356029844190003,2.752455332469205,3.3727213751351783,3.315035778906819,3.3871394262599126,3.282606000784158
Romanian,3.228334051063434,3.287881620118796,3.2292619870502786,3.325298462958751,3.1625923170488637,3.2323249602413937,3.0005184438470995,3.151926289089864,3.2758442777397248,3.2400030589032514,3.399643785636339,3.4943561976874133,3.094314416080407,2.9600042923695686,3.433041704715543,3.302010517771385,3.399913122595019,3.3387692848719754,3.339801171282489,3.2126808691801005,2.845050643017307,3.4716241109126575,3.0458397993585793,3.208579762501605,3.310025214829498,3.186332811751898,3.2980592547914167,3.2231539130552807,3.2442354418899586,3.28491519549394,3.1388255168433314,0,3.266272309104031,3.218204224832641,3.1101378857285105,3.2847508806547063,3.258986875524681,3.0944069571155066,3.364982187750525,3.2122017712311437,3.3673161181729983,3.261958641560269
Russian,3.128543990519866,3.252238195323718,3.279520220415113,3.2923472210236144,2.602004771254775,2.8495048117184645,3.2545865273684367,2.750708625240214,2.813767701513586,3.1977336748736227,3.3769248612322484,3.5353198971569144,3.2460239927263927,3.1388352692747556,3.514553750463729,3.3804477631212237,3.4259001923279597,3.3957249139346137,3.2598879526026843,3.221499164401491,3.298178532205415,3.2001315626354865,2.995741501895971,2.6876924959465525,3.277902449897873,3.26747010381945,3.2041786821800184,3.189743176034128,3.3108582020895434,2.883992904915617,3.3363190227433535,3.266272309104031,0,2.6054381008674103,3.061003338358054,2.6805662309066385,2.8935192891227666,3.3186583569176515,3.319357960267811,2.4641252777317892,3.365425802728203,3.4240247702665965
Serbian,3.1000719064445357,3.220533335575658,3.2436066305961706,3.273569832417829,1.8174521658106675,2.6089852018851363,3.217463438195976,2.0758025843416075,2.7091725809253937,3.1915857699002834,3.345842381705729,3.507810842538751,3.2403290760192403,3.0857143027417404,3.4607806590872996,3.375474273872971,3.3722723418237277,3.383170105412741,3.248384120398848,3.257885534449957,3.184493448875191,3.2104576649732945,2.875130944654835,2.2358402990445847,3.276396258103602,3.222160864332744,3.1879862571060515,3.1788502466367063,3.2280360195462174,2.780119577942882,3.3509755796963097,3.218204224832641,2.6054381008674103,0,3.070633999362524,2.6356734257231227,2.5927397748520424,3.244321478440959,3.2976270983131992,2.5504996355116276,3.3210280918276687,3.33974165551233
Sinhala,2.9860956181517078,2.9402363358077546,3.109097767449711,2.990028978069075,3.0736705668884277,2.9937451953778513,3.0043275963392957,3.008946366306892,3.044259593283317,2.966916111993829,3.17917043732033,3.3408596419187053,3.0485096859510024,2.869420324654662,3.322476869687983,3.137039135929371,3.103851277648662,3.026572111410594,3.0752450105467783,2.9135122861197322,3.113781504767627,3.3528772759010628,3.0238348618627695,3.009786253062022,2.957908780556087,2.8692286301827874,3.0175641729893923,2.890783942825275,3.114186129807546,3.2652995551017328,3.1700157902886423,3.1101378857285105,3.061003338358054,3.070633999362524,0,3.084463369562153,3.120422809286408,3.0416022067613366,3.1316739982708697,3.050945496137733,3.025161068949045,3.1451739010736164
Slovak,3.2244841737513754,3.3483697710230125,3.1795145998094223,3.34183382666337,2.5734363999961207,2.838440316062356,3.2953611904009747,2.662271249349166,2.341056246149726,3.2592209206246685,3.4037486235179415,3.4677186856111453,3.3439174179151845,3.227781169179207,3.519573949999324,3.4647402187304293,3.4255938013406753,3.4041862272831502,3.3837602212306765,3.2728073557675423,3.190161758660825,3.25372851885545,2.9582614253662403,2.7770411925553433,3.3343612107570477,3.153875461419614,3.301131543090268,3.297397907450716,3.25673562658663,2.556731525716918,3.3809703217640497,3.2847508806547063,2.6805662309066385,2.6356734257231227,3.084463369562153,0,2.8175128005759538,3.3017478021641993,3.351437090936822,2.6793042980776014,3.3390787567460323,3.2473641706377716
Slovenian,3.2152048010708936,3.309423656147615,3.282384272399244,3.314464557290442,2.5989046220826464,2.775818253268409,3.246890636921744,2.5327697098563227,2.817256808068236,3.230942171609497,3.3226784840858374,3.5040787531567705,3.215324979837604,3.1675426900485393,3.3867537069887037,3.3989043428335024,3.3421432466846017,3.3479533960643186,3.341776578652882,3.21268195743794,3.1614503228672515,3.32930682995004,2.9821449656922736,2.8013198761775104,3.3151877838108685,3.139666831897941,3.282582391743545,3.229461456462973,3.247925246101709,2.879847507410291,3.3356029844190003,3.258986875524681,2.8935192891227666,2.5927397748520424,3.120422809286408,2.8175128005759538,0,3.216332986936718,3.373380585863671,2.851383151199282,3.320078816165115,3.2496222316571908
Spanish,3.313161958916006,3.32082294653202,3.2994634030617793,3.291556611052287,3.1983689167756366,3.109536060893009,2.617996662786341,3.1591371501542125,3.2582918991002927,3.245654579493213,3.3834421216509685,3.460870724024957,3.076529911061895,2.2771368057202253,3.4654973924290458,3.3039860803077103,3.3204596954819277,3.2351438761090283,3.4471120178735646,3.1350450504969114,2.684955126578624,3.5792035889364873,3.0805926986010412,3.2348568252947683,3.209223984076284,3.102669625267687,3.266545389540812,3.254827429570724,3.308543734573378,3.332362222449866,2.752455332469205,3.0944069571155066,3.3186583569176515,3.244321478440959,3.0416022067613366,3.3017478021641993,3.216332986936718,0,3.3426979565259884,3.239988764520031,3.2853800114407483,3.193145754754629
Swedish,2.9561654947477107,3.438293629567438,3.238352429022307,3.4283544014061325,3.1879953740253715,3.3145397976889197,3.3143981545249197,3.2761684720573476,3.3086420284481988,2.7822683935643044,3.061564311964008,3.275771000870131,3.3707368896195584,3.2379260692866385,3.0842518235737306,3.4700032981285087,3.428065834790083,3.3783171084851884,2.916473343769912,3.260008723579189,3.2044731917352065,3.4332327723361415,3.022841606606237,3.295769041336759,3.4078491734886263,3.225257838999639,2.5413819505760014,3.396974436615911,3.2482575553747877,3.2836739182885117,3.3727213751351783,3.364982187750525,3.319357960267811,3.2976270983131992,3.1316739982708697,3.351437090936822,3.373380585863671,3.3426979565259884,0,3.286732562351105,3.386958466485123,3.247756526545088
Ukrainian,3.0851069120059798,3.195699520677448,3.2963597636900515,3.2173952043493816,2.57513151538749,2.7930224295576225,3.194720484041231,2.643474156106981,2.722887279601998,3.150304067140287,3.3528470274515727,3.522734197486489,3.147906669181215,3.0905958052073714,3.4530122473281417,3.3041025505715607,3.336118803332209,3.3195039942297333,3.2345269112541764,3.138503867854624,3.2293456676664154,3.268186718532724,2.955284838452075,2.654639073884937,3.2252044443250014,3.209099188614137,3.153477602405983,3.146240275180963,3.2353384311540876,2.784618415744641,3.315035778906819,3.2122017712311437,2.4641252777317892,2.5504996355116276,3.050945496137733,2.6793042980776014,2.851383151199282,3.239988764520031,3.286732562351105,0,3.2834187774857835,3.342679559493824
Urdu,3.291155628338458,3.297217469238473,3.258289452009711,2.9418801883496104,3.2325208844040243,3.2449707860820043,3.301163346153942,3.2625443936093372,3.297565883187566,3.2779361663242295,3.3756306124397573,3.5046834893847776,3.3043891605932663,3.240144547111251,3.482036252397585,3.371697568483178,2.9269781831535293,2.443711009534371,3.4287468415564564,3.231630492883738,3.252702014050662,3.5045780287410486,3.1032433142077145,3.2531357594614203,2.9374088657612205,2.7352318482219578,3.3435409159737794,3.0892915893225963,3.1035249382172667,3.353538013721045,3.3871394262599126,3.3673161181729983,3.365425802728203,3.3210280918276687,3.025161068949045,3.3390787567460323,3.320078816165115,3.2853800114407483,3.386958466485123,3.2834187774857835,0,3.2393515745419266
Welsh,3.1252126996413727,3.2597155224546177,3.433997288382855,3.252123293149403,3.4988763153566054,3.143695525365516,3.1338413861843617,3.207913300351582,3.290134604792632,3.0226234754013874,3.2988060506543917,3.265475771259064,3.133647755548614,3.0135321562462614,3.2963684251600758,3.220021775564198,3.2696196791268344,3.3029024736771304,3.3491571830291917,2.8595920063820146,3.2677439019263774,3.6556665634159238,3.43202315878318,3.3562050484748744,3.144274658751333,3.2310097413075556,3.1624195315265577,3.0937082487381464,3.344785407025044,3.5671953880195466,3.282606000784158,3.261958641560269,3.4240247702665965,3.33974165551233,3.1451739010736164,3.2473641706377716,3.2496222316571908,3.193145754754629,3.247756526545088,3.342679559493824,3.2393515745419266,0
